# Generated by NeuTu (https://github.com/janelia-flyem/NeuTu)
1 0 4210 2422 6474 2 -1
2 0 4210 2426 6474 2 1
3 0 4214 2434 6474 2 2
4 0 4218 2434 6470 2 3
5 0 4230 2438 6506 12.4222 3
6 0 4238 2454 6490 10.6491 5
7 0 4246 2470 6454 14 6
8 0 4275.7 2484.42 6412.3 20.6249 7
9 0 4322 2486 6374 30.249 8
10 2 4306.9 2489.77 6324.94 33.7883 9
11 2 4304.19 2493.62 6289.39 37.207 10
12 2 4302.49 2497.03 6258.75 40.2204 11
13 2 4302 2498 6246 39.4349 12
14 2 4302 2498 6218 27.9096 13
15 0 4302 2518 6158 28.4631 14
16 2 4302 2538 6138 35.841 15
17 2 4302 2544 6132 38.0544 16
18 2 4292.08 2565.84 6112.64 28.5837 17
19 0 4254 2600 6098 28.5998 18
20 2 4235.6 2609.2 6098 34.3759 19
21 2 4231.8 2610 6098.24 33.5089 20
22 2 4212.49 2610 6100.39 21.4594 21
23 0 4186 2606 6106 9.31371 22
24 0 4158 2606 6106 10 23
25 0 4134 2602 6106 10.6491 24
26 0 4110 2602 6110 6.94427 25
27 0 4082 2602 6110 10 26
28 0 4058 2602 6110 10 27
29 0 4030 2590 6122 10 28
30 0 4018 2582 6126 14.4924 29
31 0 3986 2578 6126 10.6491 30
32 0 3958 2578 6130 6 31
33 0 3934 2578 6130 6.94427 32
34 0 3918 2574 6134 6 33
35 0 3902 2570 6138 6 34
36 0 3882 2566 6142 9.31371 35
37 0 3866 2554 6146 6.94427 36
38 0 3842 2542 6154 10 37
39 0 3826 2526 6166 6.94427 38
40 0 3806 2514 6170 6.94427 39
41 0 3790 2502 6182 6.94427 40
42 0 3774 2490 6198 9.31371 41
43 0 3758 2478 6214 9.31371 42
44 0 3754 2478 6226 9.31371 43
45 0 3746 2474 6234 6 44
46 0 3734 2462 6250 6 45
47 0 3734 2446 6266 6 46
48 0 3730 2434 6278 6.94427 47
49 0 3718 2418 6290 9.31371 48
50 0 3706 2410 6294 12.4222 49
51 0 3674 2402 6302 9.31371 50
52 0 4234 2622 6066 18 22
53 0 4234 2634 6050 9.31371 52
54 0 4230 2642 6042 9.31371 53
55 0 4222 2662 6034 18 54
56 0 4222 2678 6022 10 55
57 0 4222 2682 6010 9.31371 56
58 0 4230 2686 6002 6 57
59 0 4218 2642 6074 3.65685 21
60 0 4210 2650 6074 6.94427 59
61 0 4202 2662 6074 14 60
62 0 4194 2674 6062 12.4222 61
63 0 4242 2542 6102 12.4222 20
64 0 4254 2534 6102 9.31371 63
65 0 4262 2594 6130 18 19
66 0 4282 2594 6138 15.8885 65
67 0 4298 2602 6134 6.94427 66
68 0 4302 2610 6126 3.65685 67
69 0 4318 2530 6074 24.8328 18
70 0 4326 2502 6042 14.4924 69
71 0 4334 2498 5998 14.4924 70
72 0 4338 2490 5974 18 71
73 0 4354 2490 5954 14.9706 72
74 0 4382 2494 5914 23.2982 73
75 0 4410 2510 5870 54.1427 74
76 2 4412.72 2531.74 5834.67 41.0527 75
77 2 4416.9 2540.07 5814.14 34.7453 76
78 0 4438 2526 5786 33.7771 77
79 0 4450 2530 5750 6.94427 78
80 0 4454 2534 5742 9.31371 79
81 0 4454 2542 5722 9.31371 80
82 0 4458 2550 5690 10 81
83 0 4462 2562 5662 10 82
84 0 4462 2566 5650 6.94427 83
85 0 4410 2590 5822 15.8885 77
86 0 4410 2606 5830 9.31371 85
87 0 4462 2534 5826 32.176 76
88 0 4502 2546 5846 6.94427 87
89 0 4510 2554 5854 6 88
90 0 4442 2586 5858 14.9706 76
91 0 4458 2586 5854 14 90
92 0 4474 2590 5862 6 91
93 0 4470 2530 5874 18 75
94 0 4486 2558 5878 10.6491 93
95 0 4494 2574 5882 14.9706 94
96 0 4502 2590 5886 12.4222 95
97 0 4494 2602 5886 6 96
98 0 4494 2610 5886 6.94427 97
99 0 4486 2618 5882 6.94427 98
100 0 4254 2518 6126 12.4222 17
101 0 4242 2514 6122 3.65685 100
102 0 4238 2518 6118 3.65685 101
103 0 4234 2518 6118 2 102
104 0 4362 2538 6154 18 16
105 0 4378 2530 6162 14 104
106 0 4386 2518 6162 6 105
107 0 4390 2514 6166 2 106
108 0 4390 2510 6166 2 107
109 0 4322 2534 6206 14 15
110 0 4342 2550 6214 6 109
111 0 4254 2510 6226 3.65685 14
112 0 4250 2506 6218 6.94427 111
113 0 4246 2506 6210 3.65685 112
114 0 4246 2502 6206 2 113
115 0 4366 2526 6262 10 13
116 0 4366 2522 6274 6.94427 115
117 0 4358 2522 6278 6 116
118 0 4338 2474 6278 14.4924 12
119 0 4362 2482 6282 6.94427 118
120 0 4350 2502 6314 20.6274 11
121 0 4370 2506 6302 12.4222 120
122 0 4374 2502 6290 10 121
123 0 4362 2474 6310 10 10
124 0 4378 2470 6306 14 123
125 0 4386 2458 6298 3.65685 124
126 0 4382 2454 6298 2 125
127 0 4278 2470 6354 15.8885 10
128 0 4278 2458 6366 6.94427 127
129 0 4334 2470 6414 23.2982 9
130 0 4342 2462 6438 9.31371 129
131 0 4342 2462 6458 10 130
132 0 4338 2450 6478 6 131
133 0 4338 2442 6486 3.65685 132
134 0 4334 2442 6494 3.65685 133
135 0 4330 2438 6498 2 134
136 0 4258 2510 6406 10 8
137 0 4246 2518 6414 6.94427 136
138 0 4234 2526 6418 10 137
139 0 4222 2530 6418 6 138
140 0 4214 2538 6426 6 139
141 0 4226 2418 6538 14.4924 5
142 0 4226 2406 6558 12.4222 141
143 0 4218 2390 6570 18 142
144 0 4186 2370 6566 9.31371 143
145 0 4182 2358 6566 6 144
146 0 4210 2390 6598 12.4222 143
147 0 4198 2390 6606 9.31371 146
148 0 4218 2370 6578 15.8885 143
149 2 4202.77 2337.58 6628.89 40.3576 148
150 0 4189.27 2284.98 6580.98 29.4326 149
151 0 4170 2258 6554 14.4924 150
152 0 4134 2250 6526 14.9706 151
153 0 4114 2238 6502 10.6491 152
154 0 4114 2238 6482 6 153
155 0 4114 2238 6474 6 154
156 0 4210 2258 6574 12.4222 150
157 0 4210 2254 6550 9.31371 156
158 0 4170 2362 6722 9.31371 149
159 0 4170 2362 6754 10.6491 158
160 0 4162 2370 6790 14.4924 159
161 2 4158 2364.19 6830.34 20.9057 160
162 0 4178 2402 6842 6.94427 161
163 0 4186 2410 6842 6 162
164 0 4166 2362 6862 14.4924 161
165 0 4186 2378 6886 18 164
166 2 4201.93 2399.24 6864.76 13.1209 165
167 0 4210 2410 6854 10.6491 166
168 0 4226 2426 6842 14 167
169 2 4238.65 2438.65 6814.47 14.6994 168
170 0 4254 2446 6798 10 169
171 0 4282 2450 6786 10 170
172 0 4306 2442 6778 12.4222 171
173 0 4330 2430 6774 6 172
174 0 4214 2450 6806 14.4924 169
175 0 4194 2470 6798 6 174
176 0 4222 2418 6870 6.94427 166
177 0 4234 2430 6866 6.94427 176
178 0 4242 2430 6866 6 177
179 0 4190 2370 6930 18.3961 165
180 0 4214 2342 6950 9.31371 179
181 0 4218 2334 6954 6.94427 180
182 2 4185.36 2376.96 6957.82 29.8745 179
183 0 4134 2402 6946 15.8885 182
184 0 4098 2410 6942 10 183
185 0 4070 2422 6934 10.6491 184
186 0 4054 2434 6918 6.94427 185
187 0 4034 2446 6906 10 186
188 0 4030 2454 6898 6.94427 187
189 0 4018 2466 6878 12.4222 188
190 0 4010 2470 6854 9.31371 189
191 0 4006 2470 6842 9.31371 190
192 0 4006 2470 6830 6 191
193 0 4002 2474 6826 6 192
194 0 4002 2474 6818 3.65685 193
195 0 4006 2478 6814 2 194
196 2 4182.2 2381.69 6976.78 37.695 182
197 0 4210 2418 6998 12.4222 196
198 0 4222 2422 7014 6 197
199 0 4226 2418 7022 6 198
200 0 4182 2382 6978 38.1995 196
201 0 4158 2358 7014 18.3961 200
202 0 4142 2342 7014 10 201
203 0 4138 2322 7026 6.94427 202
204 0 4134 2306 7038 6.94427 203
205 0 4126 2294 7042 2 204
206 2 4196.79 2356.11 7011.29 25.8399 200
207 0 4222 2310 7006 12.4222 206
208 0 4226 2298 7006 6.94427 207
209 0 4238 2274 6998 14 208
210 0 4250 2258 6994 18 209
211 2 4200.88 2350.16 7018.8 24.5399 206
212 0 4214 2378 7042 24.8328 211
213 0 4206 2402 7034 6 212
214 0 4202 2406 7030 6 213
215 2 4206.88 2342.16 7028.8 23.9298 211
216 0 4254 2350 7022 14 215
217 0 4278 2354 7022 14 216
218 0 4294 2358 7018 6 217
219 0 4306 2350 7018 6.94427 218
220 0 4322 2330 7018 6.94427 219
221 0 4326 2318 7014 10 220
222 0 4326 2298 7002 6.94427 221
223 0 4322 2282 7002 6.94427 222
224 0 4318 2270 7002 2 223
225 0 4210 2338 7034 23.6125 215
226 0 4218 2290 7030 10 225
227 0 4226 2282 7026 6 226
228 0 4226 2266 7030 6 227
229 0 4170.63 2329.45 7132.74 37.555 225
230 0 4182 2366 7166 10.6491 229
231 0 4194 2378 7166 10.6491 230
232 0 4202 2382 7158 6 231
233 0 4206 2378 7154 2 232
234 0 4206 2378 7150 2 233
235 2 4130.81 2319.07 7188.13 37.0594 229
236 0 4114 2374 7210 9.31371 235
237 0 4102 2382 7210 14 236
238 2 4124.96 2316.96 7205.45 37.5527 235
239 0 4102 2346 7218 14.9706 238
240 0 4090 2358 7218 10.6491 239
241 0 4086 2370 7226 6 240
242 0 4122 2314 7238 38 238
243 0 4102 2354 7242 20.6274 242
244 0 4110 2374 7238 9.31371 243
245 2 4124.1 2301.39 7259.02 40.7617 242
246 0 4106 2342 7278 14.4924 245
247 0 4106 2358 7286 10 246
248 0 4118 2374 7298 6.94427 247
249 0 4126 2370 7306 3.65685 248
250 0 4130 2370 7310 2 249
251 2 4143.18 2294.91 7267.82 31.5534 245
252 2 4163.89 2290.32 7273.68 21.0526 251
253 0 4186 2294 7270 10 252
254 0 4194 2290 7262 6.94427 253
255 0 4194 2282 7254 6 254
256 0 4190 2278 7250 2 255
257 0 4186 2278 7250 2 256
258 0 4182 2266 7290 18 252
259 0 4194 2250 7290 6 258
260 2 4125.87 2290.79 7276.69 43.0822 251
261 0 4090 2310 7306 9.31371 260
262 0 4070 2314 7322 6.94427 261
263 0 4074 2330 7334 6 262
264 2 4148.8 2297.6 7316 21.7588 260
265 0 4142 2338 7334 9.31371 264
266 0 4122 2358 7342 14.9706 265
267 0 4114 2370 7334 14.4924 266
268 0 4110 2378 7322 9.31371 267
269 0 4158 2298 7338 18 264
270 0 4176.73 2287.24 7388.91 42.0197 269
271 2 4212.47 2372.92 7402.69 20.3265 270
272 0 4206 2402 7374 10.6491 271
273 0 4194 2422 7354 6.94427 272
274 0 4186 2426 7346 9.31371 273
275 0 4194 2446 7326 10.6491 274
276 0 4202 2450 7314 14 275
277 0 4210 2402 7426 14.4924 271
278 0 4198 2414 7426 12.4222 277
279 0 4182 2430 7426 18 278
280 0 4174 2446 7434 9.31371 279
281 2 4184.89 2274.18 7421.55 69.2815 270
282 2 4128.03 2362.84 7452.88 41.5113 281
283 2 4115.59 2384.22 7477.42 31.2572 282
284 2 4110 2394 7506 28.0464 283
285 2 4110 2394 7518 29.368 284
286 2 4095.16 2390.29 7566.81 26.5716 285
287 0 4086 2394 7622 12.4222 286
288 0 4074 2410 7634 12.4222 287
289 0 4082 2426 7646 9.31371 288
290 0 4077.03 2453.73 7670.7 21.8071 289
291 2 4066.86 2461.35 7688.49 29.5869 290
292 0 4062 2498 7706 23.2982 291
293 0 4026 2518 7730 9.31371 292
294 0 4006 2534 7742 6.94427 293
295 0 3986 2534 7754 6.94427 294
296 0 3974 2534 7758 9.31371 295
297 2 3951.71 2518.57 7772.86 13.9434 296
298 0 3950 2518 7774 14.4924 297
299 0 3926 2522 7798 6.94427 298
300 0 3922 2530 7814 6.94427 299
301 0 3918 2534 7846 9.31371 300
302 0 3922 2518 7858 6 301
303 0 3922 2510 7862 6 302
304 0 3914 2494 7850 6 303
305 0 3958 2534 7794 6.94427 298
306 0 3958 2534 7802 6 305
307 0 3946 2542 7814 6 306
308 0 3938 2546 7822 9.31371 307
309 0 3930 2554 7830 3.65685 308
310 0 3930 2558 7830 2 309
311 0 3938 2498 7766 6.94427 297
312 0 3934 2490 7762 3.65685 311
313 0 3930 2486 7758 6 312
314 0 3926 2478 7754 6 313
315 0 4090 2510 7706 6.94427 292
316 0 4098 2510 7706 6 315
317 0 4110 2514 7702 10 316
318 0 4134 2526 7710 12.4222 317
319 0 4175.33 2563.33 7722 17.6177 318
320 0 4186 2598 7730 9.31371 319
321 0 4198 2622 7746 10 320
322 0 4210 2630 7754 9.31371 321
323 0 4218 2630 7762 6 322
324 0 4202 2562 7730 6 319
325 0 4210 2570 7738 6.94427 324
326 0 4218 2574 7758 6 325
327 0 4222 2578 7766 6 326
328 0 4042 2434 7718 15.8885 291
329 0 4042 2430 7758 10.6491 328
330 0 4038 2446 7778 3.65685 329
331 0 4038 2450 7778 2 330
332 0 4042 2478 7674 14.4924 290
333 0 4018 2498 7678 18 332
334 0 4002 2506 7694 9.31371 333
335 0 4046 2410 7650 6.94427 288
336 0 4026 2422 7662 14.4924 335
337 0 4010 2410 7662 9.31371 336
338 0 4074 2354 7582 14.9706 286
339 0 4066 2330 7582 6 338
340 0 4170 2430 7514 10.6491 285
341 0 4182 2434 7502 10 340
342 0 4194 2442 7498 2 341
343 0 4198 2442 7498 2 342
344 0 4130 2450 7502 26 284
345 0 4158 2450 7494 15.8885 344
346 0 4166 2438 7454 10.6491 345
347 0 4118 2418 7454 14.4924 283
348 0 4106 2430 7454 10.6491 347
349 0 4102 2438 7462 6 348
350 2 4053.45 2359.67 7452.33 41.2431 282
351 2 4032.24 2353.88 7458.12 32.7947 350
352 0 3954 2326 7458 12.4222 351
353 0 3930 2310 7462 9.31371 352
354 0 3922 2302 7462 10.6491 353
355 0 3902 2302 7462 10 354
356 0 3886 2286 7446 9.31371 355
357 0 3882 2274 7446 6 356
358 0 3878 2262 7446 10 357
359 0 3890 2250 7462 2 358
360 0 3890 2250 7466 2 359
361 0 3890 2250 7470 2 360
362 0 4006 2358 7422 14 351
363 0 4010 2362 7406 9.31371 362
364 0 4018 2370 7398 9.31371 363
365 0 4026 2370 7390 6 364
366 0 4050 2390 7398 18 350
367 0 4066 2378 7370 6 366
368 0 4106 2402 7438 14.4924 282
369 0 4078 2422 7410 20.6274 368
370 0 4250 2250 7514 14.9706 281
371 0 4258.89 2276.44 7562.89 20.7778 370
372 0 4270 2282 7574 18 371
373 0 4302 2294 7582 23.6125 372
374 2 4303.78 2297.56 7585.56 22.3653 373
375 0 4310 2310 7598 18 374
376 2 4332.46 2343.43 7634.91 29.3958 375
377 2 4337.6 2371.2 7656 21.5896 376
378 2 4338 2402.8 7683.6 31.3255 377
379 0 4342 2442 7706 33.7771 378
380 0 4334 2462 7738 9.31371 379
381 0 4330 2466 7754 6 380
382 0 4330 2482 7774 6 381
383 0 4330 2494 7786 14.4924 382
384 0 4354 2486 7810 32.176 383
385 0 4326 2442 7830 6.94427 384
386 0 4318 2430 7830 10 385
387 0 4326 2406 7838 9.31371 386
388 0 4330 2386 7838 6.94427 387
389 0 4334 2374 7842 10 388
390 0 4334 2362 7842 6 389
391 0 4338 2346 7842 6 390
392 0 4338 2334 7842 9.31371 391
393 0 4334 2322 7842 9.31371 392
394 0 4330 2314 7838 6 393
395 2 4354.65 2493.81 7815.21 31.572 384
396 0 4358 2566 7842 26 395
397 0 4370 2614 7842 14.4924 396
398 0 4378 2642 7846 10 397
399 0 4382 2662 7846 6 398
400 0 4382 2670 7846 3.65685 399
401 0 4386 2674 7850 2 400
402 0 4386 2678 7850 2 401
403 0 4386 2682 7850 2 402
404 0 4386 2686 7854 2 403
405 0 4394 2482 7842 21.3238 395
406 0 4418 2454 7846 10.6491 405
407 0 4426 2430 7842 6.94427 406
408 0 4430 2422 7842 6.94427 407
409 0 4398 2458 7810 14 384
410 0 4410 2446 7802 6 409
411 0 4410 2430 7786 6 410
412 0 4410 2422 7778 6 411
413 0 4414 2418 7774 3.65685 412
414 0 4414 2414 7770 3.65685 413
415 0 4414 2410 7770 2 414
416 0 4326 2450 7670 30 378
417 0 4334 2498 7690 14.4924 416
418 0 4338 2370 7686 18 377
419 0 4334 2362 7702 9.31371 418
420 0 4338 2350 7714 14.9706 419
421 0 4334 2330 7730 10 420
422 0 4334 2318 7734 6.94427 421
423 0 4334 2310 7734 2 422
424 0 4334 2306 7734 2 423
425 0 4294 2358 7634 12.4222 376
426 0 4270 2374 7634 12.4222 425
427 0 4262 2382 7658 9.31371 426
428 0 4250 2386 7682 6.94427 427
429 0 4250 2382 7702 6.94427 428
430 0 4254 2378 7710 6 429
431 0 4250 2374 7718 2 430
432 0 4250 2374 7722 2 431
433 0 4330 2286 7614 6 375
434 0 4334 2278 7622 6.94427 433
435 0 4314 2278 7654 18 434
436 0 4302 2290 7670 21.3238 435
437 2 4269.82 2312.55 7698.18 11.1136 436
438 0 4262 2302 7714 12.4222 437
439 0 4214 2274 7722 20.6274 438
440 0 4198 2266 7706 14 439
441 0 4258 2342 7698 6.94427 437
442 0 4254 2342 7682 15.8885 441
443 0 4266 2338 7666 9.31371 442
444 0 4282 2266 7694 14 436
445 0 4282 2274 7710 12.4222 444
446 2 4328.31 2323.89 7572.93 20.0728 374
447 0 4358 2330 7558 24.8328 446
448 0 4386 2310 7570 12.4222 447
449 0 4378 2306 7586 18 448
450 0 4370 2318 7602 10 449
451 0 4338 2302 7558 12.4222 446
452 0 4318 2294 7530 19.5407 451
453 0 4310 2238 7566 14.4924 373
454 0 4310 2222 7562 6.94427 453
455 0 4314 2214 7554 6 454
456 0 4290 2310 7550 10 372
457 0 4298 2330 7538 9.31371 456
458 0 4270 2238 7594 10 371
459 0 4270 2226 7594 9.31371 458
460 0 4274 2218 7602 9.31371 459
461 0 4262 2198 7622 9.31371 460
462 0 4262 2190 7634 6.94427 461
463 0 4262 2186 7646 9.31371 462
464 0 4258 2182 7662 6.94427 463
465 0 4254 2170 7674 10.6491 464
466 2 4262.16 2170 7704.88 18 465
467 0 4278 2182 7722 10 466
468 0 4282 2190 7730 9.31371 467
469 0 4278 2202 7738 14 468
470 0 4282 2226 7770 12.4222 469
471 0 4286 2238 7778 6.94427 470
472 0 4298 2250 7790 6.94427 471
473 0 4306 2254 7798 9.31371 472
474 0 4310 2262 7806 6.94427 473
475 0 4314 2278 7814 9.31371 474
476 0 4318 2298 7838 10 475
477 0 4334 2298 7854 6 476
478 0 4230 2186 7706 10 466
479 0 4218 2182 7698 12.4222 478
480 0 4182 2186 7690 6 479
481 0 4162 2182 7690 6.94427 480
482 0 4142 2182 7694 6 481
483 0 4118 2186 7706 12.4222 482
484 0 4094 2182 7706 9.31371 483
485 0 4082 2182 7706 6 484
486 0 4074 2182 7706 6 485
487 0 4062 2182 7702 10 486
488 0 4050 2190 7694 6.94427 487
489 0 4042 2194 7694 3.65685 488
490 0 4038 2198 7690 2 489
491 0 4262 2142 7718 15.8885 466
492 0 4250 2130 7742 3.65685 491
493 0 4246 2130 7742 2 492
494 2 4187.83 2269.47 7433.33 79.1204 281
495 0 4270 2326 7462 34.8782 494
496 0 4306 2326 7466 14 495
497 0 4326 2318 7478 10.6491 496
498 0 4338 2306 7486 12.4222 497
499 0 4350 2298 7498 6 498
500 0 4274 2378 7462 10.6491 495
501 0 4286 2398 7474 6 500
502 2 4187.43 2258.92 7444.25 82.4744 494
503 0 4266 2206 7446 38 502
504 2 4278.9 2182.79 7443.42 25.3582 503
505 0 4310 2142 7446 18.3961 504
506 0 4338 2138 7458 21.3238 505
507 0 4302 2114 7434 12.4222 505
508 0 4302 2098 7430 6 507
509 0 4302 2090 7430 6 508
510 0 4306 2086 7426 3.65685 509
511 0 4306 2082 7426 2 510
512 0 4286 2198 7410 18 504
513 0 4290 2218 7394 22 512
514 0 4302 2194 7478 10.6491 503
515 0 4310 2186 7478 10.6491 514
516 0 4318 2174 7486 3.65685 515
517 0 4318 2170 7486 2 516
518 2 4184.91 2252 7446.46 78.667 502
519 0 4214 2170 7434 12.4222 518
520 0 4222 2162 7426 6 519
521 0 4222 2150 7414 6.94427 520
522 0 4210 2138 7398 6.94427 521
523 0 4198 2134 7378 10.6491 522
524 0 4186 2118 7362 18 523
525 0 4174 2110 7350 10.6491 524
526 0 4150 2090 7330 9.31371 525
527 0 4134 2086 7318 6 526
528 0 4130 2086 7310 3.65685 527
529 0 4126 2082 7306 2 528
530 2 4182.55 2245.51 7448.52 75.1025 518
531 0 4278 2218 7494 19.5407 530
532 0 4286 2210 7514 10 531
533 0 4270 2202 7526 6 532
534 2 4181.26 2241.97 7449.64 73.1583 530
535 0 4154 2174 7418 9.31371 534
536 0 4142 2174 7394 14.4924 535
537 0 4130 2166 7382 9.31371 536
538 0 4118 2158 7366 9.31371 537
539 0 4114 2154 7354 10 538
540 0 4110 2146 7346 3.65685 539
541 0 4110 2142 7346 2 540
542 0 4158 2178 7470 38 534
543 0 4114 2178 7466 18.3961 542
544 0 4102 2162 7466 9.31371 543
545 0 4090 2146 7470 10.6491 544
546 0 4082 2126 7486 10 545
547 0 4074 2126 7494 9.31371 546
548 2 4154 2117.93 7494.72 19.6892 542
549 0 4162 2098 7478 10 548
550 0 4170 2094 7470 3.65685 549
551 0 4182 2086 7466 9.31371 550
552 0 4190 2078 7474 6.94427 551
553 0 4198 2078 7482 10 552
554 0 4214 2082 7494 10 553
555 0 4238 2074 7498 6 554
556 0 4250 2074 7498 9.31371 555
557 0 4282 2094 7494 6.94427 556
558 0 4298 2098 7490 9.31371 557
559 0 4306 2102 7494 9.31371 558
560 0 4314 2110 7494 3.65685 559
561 0 4318 2114 7494 2 560
562 0 4322 2114 7494 2 561
563 0 4154 2090 7510 18 548
564 0 4174 2058 7514 12.4222 563
565 0 4182 2030 7506 12.4222 564
566 0 4190 2014 7486 18 565
567 0 4190 2002 7470 12.4222 566
568 0 4194 1990 7430 12.4222 567
569 0 4198 1990 7398 14 568
570 0 4206 1998 7362 18 569
571 0 4206 2014 7334 14.9706 570
572 0 4222 2018 7286 20.6274 571
573 0 4230 2026 7230 30 572
574 0 4242 2038 7158 30.9848 573
575 0 4242 2038 7098 19.5407 574
576 0 4246 2046 7046 18 575
577 0 4262 2050 7026 12.4222 576
578 0 4274 2050 6994 15.8885 577
579 0 4290 2050 6954 12.4222 578
580 0 4294 2062 6918 14.4924 579
581 0 4302 2070 6886 10.6491 580
582 0 4306 2070 6858 10 581
583 0 4314 2090 6826 14 582
584 0 4318 2106 6786 18 583
585 0 4326 2102 6742 14 584
586 0 4326 2102 6714 12.4222 585
587 0 4326 2102 6682 14.4924 586
588 0 4334 2110 6642 14 587
589 0 4338 2126 6618 12.4222 588
590 0 4338 2142 6590 14 589
591 0 4342 2154 6558 14 590
592 0 4342 2162 6530 14 591
593 0 4342 2166 6490 12.4222 592
594 0 4342 2170 6450 12.4222 593
595 0 4346 2194 6394 23.2982 594
596 0 4346 2218 6334 26.2843 595
597 0 4358 2242 6282 15.8885 596
598 0 4374 2258 6258 10 597
599 0 4382 2274 6230 12.4222 598
600 0 4390 2278 6202 12.4222 599
601 0 4410 2290 6178 14.4924 600
602 0 4422 2302 6150 14.4924 601
603 0 4434 2326 6122 12.4222 602
604 0 4446 2346 6090 15.8885 603
605 0 4458 2354 6058 14 604
606 0 4470 2350 6022 10.6491 605
607 0 4482 2338 6002 9.31371 606
