# Generated by NeuTu (https://github.com/janelia-flyem/NeuTu)
1 0 2493 3802 2852 2 -1
2 0 2497 3802 2852 2 1
3 0 2545 3794 2892 2 -1
4 0 2549 3790 2892 2 3
5 0 2537 3790 2944 2 -1
6 0 2541 3794 2944 2 5
7 0 2613 3846 2988 2 -1
8 0 2613 3850 2988 2 7
9 0 2613 3862 2972 2 8
10 0 2609 3866 2976 2 9
11 0 2601 3866 2968 2 10
12 0 2601 3870 2968 2 11
13 0 2601 3862 2968 2 11
14 0 2597 3858 2964 2 13
15 0 2593 3858 2964 2 14
16 0 2589 3858 2964 3.65685 15
17 0 2585 3854 2964 2 16
18 0 2581 3850 2964 2 17
19 0 2577 3850 2964 2 18
20 0 2573 3858 2952 2 19
21 0 2573 3862 2952 2 20
22 0 2565 3882 2960 3.65685 21
23 0 2569 3886 2964 2 22
24 0 2585 3894 2976 2 23
25 0 2589 3898 2976 2 24
26 0 2593 3902 2980 2 25
27 0 2589 3906 2980 2 26
28 0 2585 3910 2980 2 27
29 0 2593 3902 2988 2 26
30 0 2597 3902 2988 2 29
31 0 2605 3898 2988 2 30
32 0 2609 3902 2988 2 31
33 0 2613 3906 2988 2 32
34 0 2613 3918 2988 2 33
35 0 2609 3918 2988 2 34
36 0 2605 3918 2988 2 35
37 0 2601 3922 2988 3.65685 36
38 0 2601 3922 2980 2 37
39 0 2605 3926 2976 2 38
40 0 2609 3922 2956 2 39
41 0 2609 3918 2956 2 40
42 0 2609 3914 2936 2 41
43 0 2605 3914 2936 2 42
44 0 2597 3926 2988 2 37
45 0 2593 3926 2988 2 44
46 0 2561 3882 2956 3.65685 22
47 0 2557 3886 2956 2 46
48 0 2553 3886 2956 2 47
49 0 2549 3890 2956 2 48
50 0 2537 3894 2956 12.4222 49
51 2 2512.64 3920.22 2981.96 36.2878 50
52 2 2506.39 3888.93 3016.37 42.2793 51
53 0 2505 3882 3024 43.607 52
54 2 2537.94 3882 3066.82 31.7777 53
55 0 2557.53 3884.93 3109.33 26.2843 54
56 0 2561 3878 3144 26.2843 55
57 0 2541 3870 3164 21.3238 56
58 0 2513 3858 3192 14.4924 57
59 0 2497 3854 3208 18 58
60 2 2494.47 3843.47 3251.16 21.0672 59
61 2 2488.83 3843.39 3268.35 22.5443 60
62 2 2481.91 3845.7 3282.17 24.5658 61
63 0 2484.27 3859.46 3328.39 21.7425 62
64 0 2481 3866.58 3351.17 23.7004 63
65 2 2481 3870.1 3370.53 24.2373 64
66 0 2481 3874 3392 24.8328 65
67 2 2481.48 3872.06 3395.39 25.4591 66
68 2 2483.45 3864.18 3409.18 28.0036 67
69 0 2476.14 3829.39 3458.88 40.1073 68
70 0 2473 3798 3484 50 69
71 2 2474.78 3790.89 3485.78 46.0907 70
72 2 2481.67 3763.33 3492.67 30.9424 71
73 0 2509 3746 3512 12.4222 72
74 0 2521 3746 3536 26 73
75 2 2521 3725.84 3562.88 33.4577 74
76 0 2521 3722 3568 34.8782 75
77 2 2530.3 3709.6 3592.81 27.9951 76
78 0 2525 3690 3620 18.3961 77
79 0 2513 3670 3636 23.6125 78
80 0 2501 3662 3676 10.6491 79
81 0 2497 3654 3696 6 80
82 0 2493 3650 3704 9.31371 81
83 0 2485 3642 3712 9.31371 82
84 0 2473 3642 3712 6 83
85 0 2461 3634 3720 6.94427 84
86 0 2450.6 3620.8 3728 6 85
87 0 2445 3618 3728 6 86
88 0 2437 3618 3720 2 87
89 0 2429 3614 3712 6 88
90 2 2407.12 3599.41 3722.59 14.5209 89
91 2 2395.21 3588.21 3727.26 15.7194 90
92 0 2361 3546 3764 18 91
93 0 2333 3514 3792 14 92
94 0 2313 3502 3816 14.4924 93
95 0 2301 3494 3844 14.9706 94
96 0 2293 3490 3884 14.4924 95
97 0 2293 3494 3916 12.4222 96
98 0 2305 3506 3948 15.8885 97
99 0 2321 3530 3984 18 98
100 0 2329 3518 4044 37.3954 99
101 0 2329 3530 4084 18 100
102 0 2337 3550 4128 15.8885 101
103 0 2341 3554 4148 10 102
104 0 2341 3554 4164 14 103
105 0 2341 3562 4192 14 104
106 0 2345 3582 4236 18 105
107 0 2353 3594 4284 12.4222 106
108 0 2345 3594 4308 12.4222 107
109 0 2341 3586 4332 10 108
110 0 2337 3586 4356 9.31371 109
111 0 2345 3582 4384 9.31371 110
112 0 2345 3574 4404 10 111
113 0 2337 3574 4432 10.6491 112
114 0 2325 3570 4464 14.4924 113
115 0 2301 3578 4504 12.4222 114
116 0 2281 3590 4528 14 115
117 0 2269 3606 4548 10 116
118 0 2261 3618 4564 18 117
119 0 2245 3630 4592 10.6491 118
120 0 2233 3630 4624 12.4222 119
121 0 2229 3622 4656 12.4222 120
122 0 2217 3602 4684 14 121
123 0 2217 3582 4708 12.4222 122
124 0 2205 3562 4744 14 123
125 0 2209 3558 4776 12.4222 124
126 0 2197 3546 4796 14 125
127 0 2145 3530 4824 38 126
128 0 2109 3530 4860 18 127
129 0 2069 3534 4908 18 128
130 0 2069 3514 4936 15.8885 129
131 0 2065 3502 4948 14 130
132 2 2060.23 3466.6 4983.4 24.991 131
133 0 2081 3422 5008 23.2982 132
134 0 2085 3374 5028 22 133
135 0 2081 3334 5048 18 134
136 0 2085 3310 5092 18 135
137 0 2093 3290 5124 12.4222 136
138 0 2081 3278 5144 15.8885 137
139 0 2081 3278 5160 12.4222 138
140 0 2077 3290 5188 10 139
141 0 2077 3302 5224 22 140
142 0 2093 3318 5264 20.6274 141
143 0 2089 3318 5320 29.241 142
144 2 2089 3306.69 5333.57 25.1457 143
145 0 2089 3274 5368 18.3961 144
146 2 2093 3262 5402 13.3778 145
147 0 2073.44 3268.22 5427.56 20.5397 146
148 0 2045.89 3249.11 5460.44 30.485 147
149 0 2035.05 3235.46 5477.95 36.0415 148
150 2 2032.01 3231.52 5480.99 36.5168 149
151 2 1990.86 3181.39 5531.36 34.8185 150
152 2 1982.56 3175.17 5552.1 25.1218 151
153 0 1997 3178 5580 18 152
154 2 2015.94 3193.15 5598.94 27.9082 153
155 0 2021 3190 5628 18.3961 154
156 0 2021 3182 5648 14 155
157 0 2029 3178 5664 15.8885 156
158 0 2029 3166 5680 10 157
159 0 2029 3166 5696 12.4222 158
160 0 2021 3166 5712 14 159
161 0 2005 3166 5740 9.31371 160
162 0 1997 3170 5752 12.4222 161
163 0 1993 3170 5764 9.31371 162
164 0 1989 3178 5792 14 163
165 0 1997 3182 5820 14 164
166 0 2013 3190 5864 18 165
167 0 2021 3198 5908 12.4222 166
168 0 2029 3198 5928 14 167
169 0 2029 3198 5956 10 168
170 0 2025 3186 5984 12.4222 169
171 0 2025 3178 6012 10.6491 170
172 0 2013 3166 6040 10 171
173 0 2009 3162 6064 12.4222 172
174 0 2009 3150 6100 12.4222 173
175 0 2001 3130 6136 12.4222 174
176 0 1997 3106 6176 14 175
177 0 1997 3094 6204 14.4924 176
178 0 2001 3082 6240 14.4924 177
179 0 2005 3070 6280 10.6491 178
180 0 2017 3062 6292 10 179
181 0 2026.92 3061.83 6315.66 12.7404 180
182 0 2041 3074 6352 12.4222 181
183 0 2037 3094 6376 14 182
184 0 2029 3106 6408 10.6491 183
185 0 2021 3106 6436 12.4222 184
186 0 2021 3106 6452 10 185
187 0 2021 3110 6480 19.5407 186
188 0 2025 3122 6540 21.3238 187
189 0 2021 3126 6564 18 188
190 2 2020.59 3129.19 6607.25 24.2225 189
191 2 2018.39 3124.78 6624.87 29.2402 190
192 2 2024.64 3129.64 6658.91 35.967 191
193 2 2028.45 3133.45 6670.36 37.7459 192
194 0 2033 3146 6716 10.6491 193
195 0 2041 3150 6728 10.6491 194
196 0 2041 3150 6740 6 195
197 0 2037 3150 6756 6 196
198 0 2033 3154 6764 6 197
199 0 2017 3150 6788 21.2951 198
200 2 1978.91 3111.23 6847.88 52.9282 199
201 2 1958.71 3102.05 6860.73 47.4906 200
202 2 1921.34 3090.43 6879.15 36.3506 201
203 2 1907.3 3087.87 6884.26 31.8001 202
204 2 1873.11 3084.41 6888 31.0178 203
205 2 1849.21 3082.81 6888 33.5725 204
206 2 1840.85 3082.26 6888 34.4666 205
207 2 1805 3082 6888 35.3813 206
208 2 1797 3082 6888 35.5071 207
209 2 1777 3082 6888 35.8215 208
210 2 1762.89 3085.4 6888 33.7994 209
211 2 1755.75 3089.36 6888 31.2934 210
212 2 1739.28 3098.51 6888 25.5058 211
213 2 1709.78 3111.95 6871.41 16.3922 212
214 2 1696.9 3119.4 6846.39 24.6077 213
215 0 1693 3122 6836 29.241 214
216 0 1681 3142 6816 15.8885 215
217 0 1677 3170 6792 12.4222 216
218 0 1673 3182 6768 12.4222 217
219 0 1661 3190 6748 3.65685 218
220 0 1657 3190 6744 2 219
221 0 1717 3094 6820 9.31371 215
222 0 1729 3090 6820 12.4222 221
223 0 1745 3094 6816 10.6491 222
224 0 1757 3098 6836 6 223
225 0 1709 3090 6860 10.6491 214
226 0 1749 3054 6852 23.6125 225
227 0 1769 3066 6832 18 226
228 0 1765 3078 6816 9.31371 227
229 0 1669 3074 6848 6.94427 214
230 0 1661 3078 6860 2 229
231 0 1681 3066 6880 9.31371 213
232 0 1673 3050 6880 14.4924 231
233 0 1665 3038 6872 10.6491 232
234 0 1657 3042 6864 9.31371 233
235 0 1657 3050 6856 6.94427 234
236 0 1737 3086 6944 12.4222 212
237 0 1737 3082 6960 6.94427 236
238 0 1733 3026 6908 14.9706 211
239 0 1713 3010 6920 6 238
240 0 1705 3010 6920 6 239
241 0 1689 3010 6932 6 240
242 0 1681 3010 6936 6 241
243 0 1777 3070 6932 18.3961 210
244 0 1789 3066 6976 22 243
245 0 1809 3062 6988 18 244
246 0 1817 3046 6996 6.94427 245
247 0 1817 3038 6996 6 246
248 0 1805 3026 6996 12.4222 247
249 0 1793 3018 6996 9.31371 248
250 0 1805 3062 6924 23.6125 209
251 0 1797 3042 6944 15.8885 250
252 0 1805 3054 6864 18 208
253 0 1797 3058 6840 21.3238 252
254 0 1809 3066 6820 12.4222 253
255 0 1845 3074 6940 18 207
256 0 1861 3062 6948 6.94427 255
257 0 1869 3054 6944 9.31371 256
258 0 1877 3054 6936 10 257
259 0 1889 3050 6932 6 258
260 0 1861 3086 6928 18 206
261 0 1869 3098 6944 18 260
262 0 1873 3114 6952 6.94427 261
263 0 1885 3126 6960 6 262
264 0 1849 3078 6832 18.3961 205
265 0 1845 3058 6796 14 264
266 0 1845 3054 6780 9.31371 265
267 0 1889 3090 6916 19.5407 204
268 2 1910.09 3092.91 6944.12 20.8909 267
269 0 1925 3070 6964 9.31371 268
270 0 1925 3058 6964 10 269
271 0 1913 3046 6968 14 270
272 0 1901 3038 6960 6 271
273 0 1897 3038 6952 6 272
274 0 1953 3138 6956 18 268
275 0 1965 3154 6968 6.94427 274
276 0 1973 3154 6976 6.94427 275
277 0 1977 3162 6984 2 276
278 0 1981 3162 6988 2 277
279 0 1921 3110 6972 15.8885 268
280 0 1933 3118 6988 6.94427 279
281 0 1949 3130 6992 6 280
282 0 1953 3034 6896 15.8885 203
283 0 1969 3026 6900 14 282
284 0 1981 3022 6892 6 283
285 0 1977 3022 6884 6 284
286 0 1953 3130 6896 34.8782 202
287 0 1961 3166 6916 14.4924 286
288 0 1961 3190 6924 15.8885 287
289 0 1981 3218 6928 6.94427 288
290 0 1989 3226 6928 6.94427 289
291 0 1989 3238 6928 10 290
292 0 1985 3258 6924 2 291
293 0 1985 3262 6924 2 292
294 0 2029 3058 6884 34.2215 201
295 0 2029 3018 6892 14 294
296 0 2033 3002 6896 10.6491 295
297 0 2045 2994 6900 14.4924 296
298 0 2057 2990 6908 6.94427 297
299 2 2013.4 3118.11 6853.52 46.5295 200
300 2 2045.81 3124.57 6858.82 40.5161 299
301 2 2056.38 3129.01 6862.25 37.5052 300
302 0 2089 3158 6884 21.3238 301
303 2 2102.51 3180.26 6904.38 19.7727 302
304 0 2129 3222 6908 19.5407 303
305 0 2157 3246 6928 9.31371 304
306 0 2161 3262 6944 10 305
307 0 2165 3278 6960 10 306
308 0 2185 3298 6980 10 307
309 0 2193 3306 6988 10 308
310 0 2201 3314 6996 6 309
311 0 2125 3162 6928 12.4222 303
312 0 2137 3146 6944 6.94427 311
313 0 2137 3146 6952 6 312
314 2 2127.1 3106 6847.08 23.9575 301
315 2 2133 3106 6836 21.3238 314
316 2 2125.84 3106 6782.51 15.6358 315
317 0 2113 3094 6780 15.8885 316
318 0 2105 3078 6780 10.6491 317
319 0 2101 3066 6772 2 318
320 0 2101 3066 6768 2 319
321 0 2165 3118 6772 12.4222 316
322 0 2185 3122 6768 2 321
323 0 2189 3122 6768 2 322
324 0 2125 3078 6820 14.4924 315
325 0 2153 3122 6872 6 314
326 0 2157 3122 6884 9.31371 325
327 0 2165 3098 6888 14 326
328 0 2161 3082 6892 6 327
329 2 2067.86 3068.14 6867.61 31.391 300
330 2 2068.23 3063.44 6866.98 30.6658 329
331 0 2057 3026 6852 26 330
332 0 2085 3010 6848 26.2843 331
333 0 2097 2998 6872 14.4924 332
334 0 2113 2986 6876 18.3961 333
335 0 2129 2954 6876 6.94427 334
336 0 2133 2938 6876 3.65685 335
337 0 2133 2934 6876 2 336
338 0 2133 2930 6876 3.65685 337
339 0 2129 2926 6872 3.65685 338
340 0 2125 2922 6868 2 339
341 0 2101 2994 6824 18.3961 332
342 0 2109 2974 6812 6.94427 341
343 0 2105 2962 6812 2 342
344 0 2041 3030 6828 15.8885 331
345 0 2025 3030 6812 18 344
346 0 2005 3026 6808 14 345
347 0 2045 2982 6832 12.4222 331
348 0 2041 2970 6836 6 347
349 0 2073 3026 6892 14.9706 330
350 0 2089 3014 6900 3.65685 349
351 0 2089 3010 6900 3.65685 350
352 0 2089 3006 6904 2 351
353 0 2113 3054 6852 15.8885 329
354 0 2125 3050 6840 9.31371 353
355 0 2045 3070 6844 18 299
356 0 2045 3058 6816 10.6491 355
357 0 2065 3062 6800 24.8328 356
358 0 2101 3054 6812 6 357
359 0 2105 3050 6816 6 358
360 0 2041 3126 6788 12.4222 199
361 0 2053 3118 6788 10 360
362 0 2077 3106 6792 18 361
363 0 2085 3102 6776 3.65685 362
364 0 2081 3102 6772 2 363
365 0 2012.35 3060.38 6652.97 14.7639 193
366 0 1997 3026 6672 14 365
367 0 1985 3002 6676 3.65685 366
368 0 1985 2998 6680 2 367
369 0 2009 3042 6616 12.4222 365
370 0 2005 3038 6604 9.31371 369
371 0 1985 3174 6684 14.4924 193
372 0 1981 3186 6716 9.31371 371
373 0 1981 3186 6728 9.31371 372
374 0 1981 3182 6740 6 373
375 0 1993 3194 6608 12.4222 192
376 0 1985 3210 6588 10.6491 375
377 0 1985 3218 6568 18 376
378 0 1989 3214 6548 9.31371 377
379 2 2024.09 3145.54 6599.83 24.7742 191
380 0 2029 3166 6584 23.2982 379
381 0 2009 3186 6592 10 380
382 0 2037 3182 6616 18 379
383 0 2029 3198 6620 9.31371 382
384 0 2029 3206 6628 3.65685 383
385 0 2029 3206 6632 3.65685 384
386 0 2033 3210 6636 2 385
387 0 2037 3210 6640 2 386
388 0 2033 3110 6568 18 190
389 0 2069 3102 6544 14.9706 388
390 0 2081 3090 6540 14 389
391 0 2045 3074 6548 9.31371 388
392 0 2049 3062 6552 3.65685 391
393 0 2049 3058 6552 2 392
394 0 2057 3134 6536 15.8885 188
395 0 2065 3146 6544 6 394
396 0 2065 3154 6552 6.94427 395
397 0 2041 3114 6464 9.31371 187
398 0 2041 3118 6452 9.31371 397
399 0 2037 3134 6436 3.65685 398
400 0 2033 3134 6436 2 399
401 0 1997 3054 6344 10 181
402 0 1989 3058 6368 6.94427 401
403 0 1981 3062 6392 9.31371 402
404 0 1969 3054 6416 10 403
405 0 1965 3050 6436 10 404
406 0 1961 3046 6456 10 405
407 0 1953 3042 6468 12.4222 406
408 0 1957 3038 6492 10 407
409 0 1957 3038 6516 10 408
410 0 1949 3042 6548 9.31371 409
411 0 1941 3046 6572 9.31371 410
412 0 1933 3046 6584 6.94427 411
413 0 1929 3042 6608 9.31371 412
414 0 1921 3042 6632 9.31371 413
415 0 1917 3038 6660 9.31371 414
416 0 1913 3018 6680 10 415
417 2 1915.4 3006.8 6708 13.6844 416
418 0 1921 3002 6732 18 417
419 0 1933 2998 6748 14.4924 418
420 0 1937 2990 6768 18 419
421 0 1937 2982 6792 18.3961 420
422 0 1917 2962 6816 14 421
423 0 1885.73 2963.82 6847.27 16.5185 422
424 2 1822.99 2951.55 6896.23 41.8789 423
425 2 1818.34 2948.97 6899.85 43.2463 424
426 0 1813 2946 6904 44.8188 425
427 0 1769 2954 6900 26.8444 426
428 2 1729.61 2954 6903.28 24.192 427
429 2 1719.8 2953.6 6904 23.2263 428
430 0 1681 2950 6904 12.4222 429
431 0 1653 2946 6892 9.31371 430
432 0 1637 2926 6892 9.31371 431
433 0 1617 2902 6900 9.31371 432
434 0 1600.17 2885.45 6900 9.4063 433
435 0 1565 2866 6904 10 434
436 0 1553 2862 6904 12.4222 435
437 0 1541 2862 6900 9.31371 436
438 0 1609 2878 6924 6.94427 434
439 0 1609 2866 6944 6.94427 438
440 0 1609 2874 6960 6 439
441 0 1705 2982 6904 6.94427 429
442 0 1689 2990 6904 14.9706 441
443 0 1677 2994 6892 10 442
444 2 1737.2 2954 6873.71 19.119 428
445 0 1729 2966 6856 12.4222 444
446 0 1701 2986 6852 18 445
447 0 1693 2962 6880 14.4924 444
448 0 1669 2970 6860 10 447
449 0 1661 2962 6856 3.65685 448
450 0 1665 2958 6852 2 449
451 0 1825 2918 6944 10 426
452 0 1809 2910 6964 22 451
453 0 1801 2894 6920 12.4222 426
454 0 1797 2870 6920 6.94427 453
455 0 1797 2862 6920 3.65685 454
456 0 1801 2858 6924 2 455
457 0 1829 2978 6940 10 425
458 0 1829 2990 6944 10 457
459 0 1825 3002 6940 6 458
460 0 1825 3010 6932 3.65685 459
461 0 1829 3014 6932 2 460
462 0 1865 2942 6924 18 424
463 0 1857 2914 6956 10 462
464 0 1857 2902 6960 6 463
465 0 1909 2954 6872 14 423
466 0 1909 2946 6888 6 465
467 0 1965 2966 6808 10.6491 421
468 0 1965 2958 6820 10.6491 467
469 0 1953 2958 6836 6.94427 468
470 0 1945 2962 6848 6.94427 469
471 0 1945 2958 6856 6 470
472 0 1933 3006 6808 10 421
473 0 1917 3006 6812 6 472
474 0 1909 3006 6820 6 473
475 0 1909 3006 6776 14.4924 420
476 0 1885 3006 6784 10 475
477 0 1877 3010 6792 9.31371 476
478 0 1873 3006 6804 9.31371 477
479 0 1901 2978 6724 12.4222 417
480 0 1885 2966 6752 10.6491 479
481 0 1897 2966 6772 14.4924 480
482 0 1889 2946 6792 6 481
483 0 2061 3154 5696 14 159
484 0 2089 3154 5696 10 483
485 0 2113 3158 5688 10 484
486 0 2129 3162 5684 6.94427 485
487 0 2137 3170 5680 9.31371 486
488 0 2158.6 3172.8 5668 14.6753 487
489 0 2172.45 3179.38 5668 12.6942 488
490 0 2209 3186 5672 10.6491 489
491 0 2237 3190 5684 14 490
492 0 2261 3190 5684 14.4924 491
493 0 2297 3174 5684 9.31371 492
494 0 2317 3158 5684 9.31371 493
495 2 2346.04 3153.41 5676.59 13.8269 494
496 0 2365.7 3139.42 5649.18 28.3033 495
497 2 2378.47 3121.54 5641.52 33.791 496
498 2 2403.48 3102.26 5635.5 37.6229 497
499 2 2416.95 3092.84 5632.81 39.2665 498
500 2 2426.85 3084.99 5626.15 34.0486 499
501 0 2449 3066 5604 12.4222 500
502 0 2465 3066 5596 9.31371 501
503 0 2485 3070 5592 18 502
504 0 2521 3066 5596 14 503
505 0 2541 3078 5612 6 504
506 0 2477 3090 5632 9.31371 500
507 0 2489 3090 5624 6 506
508 0 2493 3094 5620 3.65685 507
509 0 2493 3098 5612 3.65685 508
510 0 2493 3102 5608 2 509
511 2 2460.31 3084.34 5670.48 15.8314 499
512 0 2473 3078 5680 6 511
513 0 2485 3074 5692 6 512
514 0 2497 3074 5700 14 513
515 0 2517 3066 5700 18 514
516 0 2481 3074 5660 6.94427 511
517 0 2489 3070 5660 6 516
518 0 2497 3074 5660 6 517
519 0 2505 3082 5652 6.94427 518
520 0 2517 3094 5644 9.31371 519
521 0 2529 3098 5640 2 520
522 0 2409 3138 5604 14.4924 498
523 0 2413 3154 5592 18.3961 522
524 0 2417 3174 5592 12.4222 523
525 0 2429 3186 5596 3.65685 524
526 0 2437 3194 5596 6.94427 525
527 0 2445 3206 5604 12.4222 526
528 0 2457 3210 5604 9.31371 527
529 0 2469 3202 5612 2 528
530 0 2469 3202 5616 2 529
531 0 2337 3094 5644 12.4222 497
532 0 2333 3078 5660 9.31371 531
533 0 2329 3066 5660 10 532
534 0 2321 3058 5652 6 533
535 0 2329 3094 5616 19.5407 496
536 0 2333 3074 5604 18.3961 535
537 0 2357 3042 5620 14.4924 536
538 0 2361 3030 5632 12.4222 537
539 0 2381 3006 5636 9.31371 538
540 0 2385 2994 5636 6 539
541 0 2389 2986 5636 6 540
542 0 2349 3154 5700 6.94427 495
543 0 2357 3150 5712 6.94427 542
544 0 2361 3146 5724 6 543
545 0 2369 3146 5740 6.94427 544
546 0 2369 3146 5752 6 545
547 0 2373 3134 5764 6 546
548 0 2383.15 3121.7 5774.15 8.04024 547
549 0 2385 3094 5792 18.3961 548
550 0 2425 3082 5788 15.8885 549
551 0 2425 3062 5780 12.4222 550
552 0 2421 3050 5776 6 551
553 0 2397 3078 5820 18.3961 549
554 0 2409 3070 5832 10.6491 553
555 0 2417 3062 5840 9.31371 554
556 0 2429 3058 5840 6.94427 555
557 0 2401 3122 5768 6 548
558 0 2409 3122 5760 6.94427 557
559 0 2413 3110 5752 6 558
560 0 2417 3102 5744 6.94427 559
561 0 2417 3090 5736 12.4222 560
562 0 2409 3078 5720 9.31371 561
563 0 2405 3074 5708 3.65685 562
564 0 2401 3078 5708 2 563
565 0 2185 3178 5684 9.31371 489
566 0 2181 3178 5700 6 565
567 0 2177 3178 5712 9.31371 566
568 0 2177 3190 5736 9.31371 567
569 0 2181 3194 5752 6 568
570 0 2185 3198 5780 10 569
571 0 2197 3194 5816 6.94427 570
572 0 2201 3194 5832 6 571
573 0 2201 3198 5848 6 572
574 0 2197 3198 5864 6 573
575 0 2193 3206 5880 6 574
576 0 2193 3202 5900 6 575
577 0 2189 3194 5908 6 576
578 0 2185 3178 5912 6.94427 577
579 0 2201 3166 5692 10.6491 565
580 0 2209 3154 5696 14 579
581 0 2233 3162 5696 12.4222 580
582 0 2245 3170 5704 9.31371 581
583 0 2181 3154 5664 9.31371 488
584 0 2193 3146 5652 10.6491 583
585 0 2213 3150 5640 6.94427 584
586 0 2221 3154 5628 9.31371 585
587 0 2221 3146 5620 9.31371 586
588 0 2217 3138 5616 6 587
589 0 2205 3122 5612 6.94427 588
590 0 2197 3114 5616 9.31371 589
591 0 2185 3110 5620 2 590
592 2 2047.63 3186.87 5621.73 19.5425 155
593 0 2089 3182 5612 21.3238 592
594 2 2045.49 3212.15 5597.59 22.5921 592
595 0 2033 3230 5576 6.94427 594
596 0 2025 3230 5568 10 595
597 0 2017 3234 5560 6.94427 596
598 0 2037 3178 5568 10 594
599 0 2037 3182 5552 14 598
600 0 2049 3178 5540 10.6491 599
601 0 2065 3178 5540 2 600
602 0 1993 3222 5588 15.8885 154
603 0 1993 3238 5576 10 602
604 0 1993 3246 5568 10 603
605 0 1993 3246 5552 9.31371 604
606 0 1989 3242 5544 6 605
607 2 1954.45 3158.73 5538.8 27.047 152
608 2 1940.09 3150.21 5534.25 27.0962 607
609 0 1909 3134 5540 12.4222 608
610 0 1885 3134 5548 10 609
611 0 1857 3134 5560 10.6491 610
612 0 1849 3142 5564 6.94427 611
613 0 1833 3154 5564 6.94427 612
614 0 1825 3162 5556 6.94427 613
615 0 1817 3166 5556 3.65685 614
616 0 1809 3170 5560 6 615
617 2 1799.62 3175.38 5564.46 7.57263 616
618 0 1781.92 3186 5563.28 12.4222 617
619 0 1769 3178 5552 10.6491 618
620 0 1753 3166 5548 18.3961 619
621 0 1733 3166 5548 10 620
622 0 1693 3170 5548 23.2982 621
623 2 1669.37 3182.64 5573.63 23.8321 622
624 2 1655.29 3166.23 5585.71 35.0243 623
625 2 1648.19 3169.85 5598.59 33.9851 624
626 0 1633 3182 5632 28.4631 625
627 0 1577 3190 5632 10 626
628 0 1543 3192 5624 11.9041 627
629 0 1533 3202 5624 9.31371 628
630 0 1529 3218 5644 9.31371 629
631 0 1509 3234 5664 9.31371 630
632 0 1501 3242 5668 9.31371 631
633 0 1485 3246 5668 14.4924 632
634 0 1521 3186 5604 14 628
635 0 1497 3186 5584 10 634
636 0 1485 3186 5576 9.31371 635
637 0 1473 3194 5576 3.65685 636
638 0 1469 3198 5576 2 637
639 0 1469 3202 5576 2 638
640 0 1577 3182 5592 14.4924 625
641 0 1549 3174 5592 6 640
642 0 1533 3174 5592 6 641
643 0 1517 3174 5592 6 642
644 0 1677 3106 5600 14.9706 624
645 0 1665 3218 5568 10.6491 623
646 0 1649 3230 5556 14 645
647 0 1761 3186 5572 10 618
648 0 1749 3186 5580 6 647
649 0 1727.67 3167.33 5592.67 12.7672 648
650 0 1705 3138 5596 19.5407 649
651 0 1701 3142 5576 3.65685 650
652 0 1705 3146 5572 2 651
653 0 1705 3190 5608 6.94427 649
654 0 1701 3198 5608 3.65685 653
655 0 1693 3206 5608 3.65685 654
656 0 1693 3210 5608 2 655
657 0 1805 3190 5588 9.31371 617
658 0 1805 3198 5596 6.94427 657
659 0 1809 3210 5604 10.6491 658
660 0 1809 3230 5608 10 659
661 0 1941 3106 5516 12.4222 608
662 0 1937 3094 5516 10.6491 661
663 0 1925 3070 5504 15.8885 662
664 0 1925 3042 5504 14 663
665 0 1917 3002 5500 20.6274 664
666 0 1913 3178 5540 14 607
667 0 1905 3190 5536 6.94427 666
668 0 1905 3198 5528 6.94427 667
669 0 1937 3210 5504 23.6125 151
670 0 1909 3246 5504 9.31371 669
671 2 1890.85 3267.54 5496.62 10.4437 670
672 0 1889 3298 5492 18 671
673 0 1869 3322 5492 19.5407 672
674 0 1829 3334 5488 10.6491 673
675 2 1786.76 3337.71 5476.59 22.6179 674
676 0 1765 3346 5456 28.4631 675
677 0 1749 3358 5432 18 676
678 0 1737 3354 5404 22 677
679 0 1749 3354 5384 18 678
680 0 1749 3342 5360 6 679
681 0 1753 3334 5352 10 680
682 0 1753 3326 5344 9.31371 681
683 0 1749 3310 5344 2 682
684 0 1769 3298 5496 12.4222 675
685 0 1769 3274 5496 9.31371 684
686 0 1769 3262 5496 3.65685 685
687 0 1773 3258 5496 2 686
688 0 1869 3250 5504 10 671
689 0 1857 3250 5512 6 688
690 0 1845 3250 5516 6.94427 689
691 0 1825 3238 5516 10 690
692 0 1809 3242 5512 6.94427 691
693 0 1801 3250 5504 9.31371 692
694 0 1797 3262 5500 6 693
695 0 2057 3262 5488 23.2982 150
696 2 2065 3292.77 5497.85 24.6722 695
697 0 2065 3314 5512 14.4924 696
698 0 2065 3330 5544 12.4222 697
699 2 2077.78 3357.02 5548 21.0785 698
700 2 2079.73 3374.59 5548 28.7746 699
701 0 2109 3418 5524 46.1664 700
702 0 2141 3450 5512 23.6125 701
703 2 2168.04 3482.55 5492.46 20.9884 702
704 2 2182.28 3503.92 5475.84 27.7791 703
705 2 2203.65 3539.63 5468 22.1413 704
706 0 2221 3562 5468 10.6491 705
707 0 2237 3590 5472 10.6491 706
708 0 2245 3610 5472 14.4924 707
709 0 2245 3626 5472 10 708
710 0 2245 3654 5456 9.31371 709
711 0 2261 3670 5448 9.31371 710
712 0 2281 3682 5456 6.94427 711
713 0 2297 3706 5476 12.4222 712
714 0 2293 3718 5484 6.94427 713
715 0 2289 3730 5500 9.31371 714
716 0 2293 3730 5512 10 715
717 0 2305 3718 5524 6.94427 716
718 0 2309 3718 5532 6 717
719 0 2197 3562 5448 14.4924 705
720 0 2193 3558 5432 10.6491 719
721 0 2208.7 3458.59 5464.59 15.8957 704
722 0 2221 3450 5444 6 721
723 0 2233 3446 5432 12.4222 722
724 0 2253 3462 5432 6.94427 723
725 0 2261 3462 5440 3.65685 724
726 0 2265 3462 5440 2 725
727 0 2237 3442 5476 12.4222 721
728 0 2245 3430 5472 10.6491 727
729 0 2237 3422 5464 9.31371 728
730 0 2237 3422 5452 6 729
731 0 2241 3418 5448 2 730
732 0 2245 3418 5444 2 731
733 0 2125 3534 5480 23.2982 703
734 0 2085 3578 5472 12.4222 733
735 0 2081 3590 5472 6.94427 734
736 0 2085 3374 5588 12.4222 700
737 0 2073 3370 5600 14 736
738 0 2061 3382 5604 9.31371 737
739 0 2037 3406 5588 9.31371 738
740 0 2045 3370 5568 6.94427 699
741 0 2041 3378 5572 3.65685 740
742 0 2037 3382 5576 3.65685 741
743 0 2033 3386 5584 6 742
744 0 2049 3330 5584 10.6491 698
745 0 2057 3346 5604 12.4222 744
746 0 2049 3342 5616 3.65685 745
747 0 2045 3342 5616 2 746
748 0 2041 3342 5616 2 747
749 0 2101 3302 5484 12.4222 696
750 0 2121 3294 5472 6.94427 749
751 0 2129 3286 5472 6.94427 750
752 0 2081 3214 5500 10 149
753 0 2089 3202 5516 12.4222 752
754 0 2085 3202 5528 6.94427 753
755 0 2085 3202 5536 6 754
756 0 2103.11 3246.6 5492 17.6981 148
757 0 2145 3266 5488 9.31371 756
758 0 2149 3270 5480 6 757
759 0 2113 3214 5484 18 756
760 0 2113 3206 5464 6 759
761 0 2105 3262 5440 15.8885 147
762 0 2121 3246 5440 18 761
763 0 2121 3222 5440 18 762
764 0 2133 3214 5452 10 763
765 0 2149 3226 5464 6 764
766 0 2125 3274 5456 10 761
767 0 2137 3266 5456 6.94427 766
768 0 2145 3262 5464 3.65685 767
769 0 2149 3258 5464 2 768
770 0 2105 3230 5388 10.6491 146
771 0 2097 3214 5372 9.31371 770
772 0 2093 3206 5364 9.31371 771
773 0 2089 3194 5352 14 772
774 0 2069 3162 5348 14.9706 773
775 0 2053 3134 5340 9.31371 774
776 0 2037 3118 5328 10 775
777 0 2037 3102 5312 6.94427 776
778 0 2033 3094 5304 3.65685 777
779 0 2029 3090 5300 2 778
780 0 2077 3358 5324 23.2982 144
781 0 2052.05 3389.81 5298.1 14.9524 780
782 0 2049 3415.84 5289.69 19.9164 781
783 0 2065 3442 5288 18 782
784 0 2073 3462 5268 18 783
785 0 2077 3478 5256 10.6491 784
786 0 2085 3510 5236 18 785
787 0 2093 3506 5216 10 786
788 0 2109 3522 5196 10 787
789 0 2121 3530 5184 9.31371 788
790 0 2129 3530 5172 6 789
791 0 2141 3530 5160 6.94427 790
792 0 2149 3538 5140 9.31371 791
793 0 2157 3546 5124 6 792
794 0 2161 3550 5116 6 793
795 0 2177 3570 5100 12.4222 794
796 0 2189 3578 5096 6.94427 795
797 0 2201 3586 5088 6 796
798 0 2205 3594 5080 6 797
799 0 2217 3598 5068 6 798
800 0 2221 3602 5064 6 799
801 0 2221 3602 5056 6 800
802 0 2237 3606 5040 9.31371 801
803 0 2245 3602 5032 6 802
804 0 2261 3598 5020 6 803
805 0 2277 3598 5008 6 804
806 0 2285 3598 5004 6 805
807 0 2297 3594 5004 9.31371 806
808 0 2305 3590 5000 6.94427 807
809 0 2061 3550 5232 10.6491 786
810 0 2045 3566 5216 6.94427 809
811 0 2037 3566 5204 6 810
812 0 2033 3570 5196 6 811
813 0 2029 3566 5188 2 812
814 0 2029 3566 5184 2 813
815 0 2049 3434 5256 21.3238 782
816 0 2041 3454 5248 6 815
817 0 2073 3398 5272 6.94427 781
818 0 2081 3406 5264 10 817
819 0 2093 3362 5284 9.31371 143
820 0 2093 3374 5276 6 819
821 0 2093 3386 5268 10.6491 820
822 0 2101 3394 5260 10.6491 821
823 0 2057 3302 5276 12.4222 143
824 0 2053 3286 5260 3.65685 823
825 0 2053 3282 5260 2 824
826 0 2073 3242 5160 14 139
827 0 2077 3198 5160 12.4222 826
828 0 2077 3182 5160 6.94427 827
829 0 2073 3170 5152 6.94427 828
830 0 2065 3158 5148 12.4222 829
831 0 2065 3134 5152 9.31371 830
832 0 2069 3122 5152 10 831
833 0 2069 3110 5148 6.94427 832
834 0 2065 3094 5140 9.31371 833
835 2 2047.12 3073.18 5126.12 13.9444 834
836 0 2045 3054 5108 10.6491 835
837 0 2049 3046 5100 6 836
838 2 2049.53 3024.4 5086.93 8.8709 837
839 0 2053 3014 5080 6 838
840 0 2057 3002 5068 10 839
841 0 2053 2994 5060 6.94427 840
842 0 2065 2986 5052 10 841
843 0 2089 2982 5044 6 842
844 0 2097 2982 5044 6 843
845 0 2105 2978 5040 9.31371 844
846 0 2125 2978 5028 10 845
847 0 2137 2982 5028 10.6491 846
848 0 2145 2990 5036 6.94427 847
849 0 2153 2994 5036 2 848
850 0 2153 2998 5036 2 849
851 0 2061 3010 5100 6 838
852 0 2077 2998 5104 6 851
853 0 2077 2990 5104 3.65685 852
854 0 2077 2986 5108 2 853
855 0 2049 3086 5108 6 835
856 0 2053 3094 5100 6 855
857 0 2057 3098 5096 3.65685 856
858 0 2065 3098 5092 6 857
859 0 2073 3090 5092 9.31371 858
860 0 2073 3078 5092 3.65685 859
861 0 2073 3074 5088 2 860
862 0 2025 3470 4980 9.31371 132
863 0 2009 3466 4980 9.31371 862
864 0 1993 3470 4968 3.65685 863
865 0 1989 3474 4968 3.65685 864
866 0 1973 3478 4964 9.31371 865
867 0 1969 3486 4960 6 866
868 0 1965 3494 4960 6 867
869 0 1961 3498 4956 3.65685 868
870 0 1961 3498 4952 2 869
871 0 2065 3570 4904 18 129
872 0 2073 3590 4904 10.6491 871
873 0 2077 3606 4908 14 872
874 0 2093 3630 4904 6 873
875 0 2101 3646 4908 6 874
876 0 2101 3654 4908 6 875
877 0 2097 3662 4916 6 876
878 0 2397 3606 3740 2 91
879 0 2401 3610 3744 3.65685 878
880 0 2401 3610 3752 6.94427 879
881 0 2401 3610 3768 9.31371 880
882 0 2401 3610 3780 6.94427 881
883 2 2387.22 3601.11 3801.78 16.0828 882
884 2 2381.44 3598.22 3807.56 19.2937 883
885 0 2365 3598 3828 21.3238 884
886 0 2361 3610 3864 12.4222 885
887 0 2349 3610 3896 14 886
888 0 2349 3610 3912 12.4222 887
889 0 2349 3606 3924 6.94427 888
890 0 2349 3610 3940 6 889
891 0 2349 3610 3948 6 890
892 0 2333 3614 3964 6 891
893 0 2329 3622 3976 6 892
894 0 2325 3630 3984 6 893
895 0 2329 3634 3988 6 894
896 0 2329 3638 4004 6 895
897 0 2329 3638 4012 6 896
898 0 2329 3650 4028 6 897
899 0 2325 3654 4036 6 898
900 0 2329 3654 4044 6 899
901 0 2337 3662 4052 6.94427 900
902 0 2357 3678 4064 12.4222 901
903 0 2365 3706 4064 6.94427 902
904 0 2369 3726 4068 9.31371 903
905 0 2377 3734 4076 6 904
906 0 2381 3742 4084 6.94427 905
907 0 2317 3650 3980 9.31371 895
908 0 2309 3658 3976 6.94427 907
909 0 2305 3666 3972 9.31371 908
910 0 2301 3682 3956 6.94427 909
911 0 2301 3698 3940 6 910
912 0 2301 3710 3924 6 911
913 0 2301 3706 3912 6 912
914 0 2301 3702 3900 9.31371 913
915 0 2305 3694 3892 6 914
916 0 2393 3578 3840 18 884
917 0 2409 3550 3844 14.4924 916
918 0 2417 3538 3860 14.9706 917
919 0 2421 3522 3880 9.31371 918
920 0 2437 3498 3900 12.4222 919
921 0 2433 3486 3908 12.4222 920
922 0 2413 3470 3908 6.94427 921
923 0 2397 3458 3908 6 922
924 0 2385 3454 3908 10 923
925 0 2377 3450 3900 6 924
926 0 2369 3446 3884 6 925
927 0 2369 3446 3876 3.65685 926
928 0 2365 3450 3868 6 927
929 0 2373 3462 3856 6 928
930 0 2385 3466 3840 6 929
931 0 2401 3466 3824 6 930
932 0 2409 3470 3820 3.65685 931
933 0 2413 3474 3816 3.65685 932
934 0 2417 3478 3812 6 933
935 0 2417 3486 3800 9.31371 934
936 0 2425 3494 3796 6 935
937 0 2369 3598 3780 10 883
938 0 2361 3614 3760 10 937
939 0 2353 3618 3752 6 938
940 0 2397 3618 3728 2 90
941 0 2389 3626 3728 9.31371 940
942 0 2393 3642 3696 10 941
943 0 2393 3654 3676 10 942
944 0 2393 3674 3660 10 943
945 0 2401 3694 3640 10 944
946 0 2405 3702 3628 6.94427 945
947 0 2409 3710 3616 6.94427 946
948 2 2409 3707.2 3602.4 6.28328 947
949 0 2405 3702 3596 3.65685 948
950 0 2401 3702 3592 3.65685 949
951 0 2397 3698 3584 6 950
952 0 2389 3702 3552 12.4222 951
953 2 2353.91 3690.3 3524.71 41.2552 952
954 2 2349.47 3692.35 3521.65 41.2374 953
955 0 2317 3714 3500 34.2215 954
956 0 2313 3734 3472 12.4222 955
957 0 2301 3750 3456 6 956
958 0 2293 3754 3444 6 957
959 0 2297 3682 3460 12.4222 955
960 0 2313 3630 3536 12.4222 954
961 0 2377 3706 3488 14 953
962 0 2397 3722 3468 14.9706 961
963 0 2393 3722 3452 10.6491 962
964 0 2409 3730 3584 9.31371 948
965 0 2409 3746 3564 9.31371 964
966 0 2417 3762 3552 9.31371 965
967 0 2429 3610 3688 15.8885 89
968 0 2449 3614 3652 14.4924 967
969 0 2457 3614 3616 14 968
970 0 2469 3614 3588 12.4222 969
971 0 2477 3622 3560 14 970
972 0 2497 3626 3536 14 971
973 0 2545 3634 3512 22 972
974 0 2589 3634 3496 18.3961 973
975 0 2617 3638 3456 18 974
976 0 2633 3646 3412 14 975
977 0 2637 3646 3364 14.4924 976
978 0 2641 3642 3328 15.8885 977
979 0 2633 3650 3292 14 978
980 0 2629 3666 3260 18 979
981 0 2621 3682 3220 10 980
982 0 2621 3694 3196 12.4222 981
983 0 2617 3706 3164 15.8885 982
984 0 2597 3722 3120 14 983
985 0 2593 3734 3096 10.6491 984
986 0 2581 3734 3072 10.6491 985
987 0 2585 3722 3040 14.4924 986
988 0 2593 3726 3004 14 987
989 0 2605 3742 2976 15.8885 988
990 0 2617 3766 2932 15.8885 989
991 0 2621 3770 2888 18 990
992 2 2624.68 3766.32 2865.89 12.8626 991
993 0 2641 3774 2836 12.4222 992
994 0 2645 3786 2828 6 993
995 0 2605 3742 2860 6.94427 992
996 0 2597 3734 2860 9.31371 995
997 0 2445 3610 3748 10.6491 86
998 0 2445 3590 3744 6 997
999 0 2441 3582 3744 6.94427 998
1000 0 2433 3578 3740 6 999
1001 0 2509 3630 3732 10 83
1002 0 2517 3622 3740 6 1001
1003 0 2517 3614 3748 6 1002
1004 0 2517 3606 3756 3.65685 1003
1005 0 2513 3602 3760 6 1004
1006 0 2509 3594 3772 6 1005
1007 0 2505 3578 3792 6.94427 1006
1008 0 2501 3578 3800 6 1007
1009 0 2497 3574 3804 3.65685 1008
1010 0 2493 3574 3812 6 1009
1011 0 2485 3574 3816 3.65685 1010
1012 0 2477 3570 3824 6.94427 1011
1013 0 2469 3566 3828 9.31371 1012
1014 0 2465 3554 3840 6.94427 1013
1015 0 2461 3538 3852 9.31371 1014
1016 0 2465 3526 3860 6 1015
1017 0 2473 3518 3868 6.94427 1016
1018 0 2485 3522 3880 6 1017
1019 0 2541 3618 3720 6.94427 1002
1020 2 2552.08 3625.38 3720 6.94427 1019
1021 0 2561 3634 3724 6 1020
1022 0 2569 3642 3724 6 1021
1023 0 2581 3646 3728 6 1022
1024 0 2589 3646 3732 6 1023
1025 0 2593 3642 3740 6 1024
1026 0 2597 3638 3744 3.65685 1025
1027 0 2597 3634 3756 6 1026
1028 0 2601 3622 3768 6 1027
1029 0 2605 3618 3772 6 1028
1030 0 2605 3618 3780 6 1029
1031 0 2605 3618 3788 3.65685 1030
1032 0 2605 3618 3792 3.65685 1031
1033 0 2601 3614 3796 2 1032
1034 0 2601 3614 3800 2 1033
1035 0 2601 3614 3804 2 1034
1036 0 2601 3614 3808 2 1035
1037 0 2561 3610 3696 10.6491 1020
1038 0 2557 3606 3684 10 1037
1039 0 2537 3634 3640 10.6491 79
1040 0 2553 3610 3656 6.94427 1039
1041 0 2557 3606 3664 6 1040
1042 0 2549 3758 3588 29.241 77
1043 0 2561 3786 3588 12.4222 1042
1044 0 2529 3666 3552 9.31371 76
1045 0 2525 3654 3552 6 1044
1046 0 2525 3646 3552 2 1045
1047 0 2525 3642 3552 2 1046
1048 0 2481 3738 3548 15.8885 75
1049 0 2469 3726 3544 6 1048
1050 0 2461 3718 3544 6 1049
1051 0 2433 3770 3524 18 72
1052 0 2409 3746 3532 3.65685 1051
1053 0 2409 3742 3532 2 1052
1054 0 2389 3806 3500 18.3961 71
1055 2 2357 3806 3504 19.3137 1054
1056 2 2347 3806 3504 20.4085 1055
1057 0 2305 3838 3508 18 1056
1058 0 2276.31 3899.38 3508.17 33.3379 1057
1059 2 2263.67 3924.67 3511.33 25.3066 1058
1060 0 2237 3958 3512 26.2843 1059
1061 0 2233 4035.23 3514.15 29.4845 1060
1062 2 2233 4047.54 3535.69 24.3293 1061
1063 0 2221 4054 3572 22 1062
1064 2 2201.98 4080.63 3610.05 31.4555 1063
1065 2 2199.62 4081.65 3614.77 31.5007 1064
1066 0 2173 4078 3692 26 1065
1067 2 2141.99 4081.88 3707.51 22.1235 1066
1068 2 2095.46 4074 3725.54 7.43089 1067
1069 0 2085 4074 3736 6 1068
1070 0 2073 4070 3744 10.6491 1069
1071 0 2061 4074 3760 10 1070
1072 0 2053 4066 3776 6.94427 1071
1073 0 2037 4050 3784 6 1072
1074 0 2029 4042 3784 6 1073
1075 0 2021 4042 3776 6 1074
1076 0 2021 4050 3760 6 1075
1077 0 2021 4050 3752 6 1076
1078 0 2017 4066 3736 6.94427 1077
1079 0 2013 4074 3728 9.31371 1078
1080 0 2005 4078 3720 6.94427 1079
1081 0 1993 4086 3720 6 1080
1082 0 1981 4090 3720 10 1081
1083 2 1973.16 4088.04 3725.88 9.66352 1082
1084 0 1957 4082 3740 10.6491 1083
1085 0 1937 4066 3748 6.94427 1084
1086 0 1929 4050 3744 6 1085
1087 0 1929 4042 3744 6 1086
1088 0 1929 4034 3744 2 1087
1089 0 1929 4030 3744 2 1088
1090 0 1961 4094 3712 9.31371 1083
1091 0 1949 4094 3712 10 1090
1092 0 1941 4086 3716 3.65685 1091
1093 0 1941 4082 3716 2 1092
1094 0 1941 4078 3716 2 1093
1095 0 1941 4070 3716 6 1094
1096 0 1941 4062 3716 6 1095
1097 0 2025 4026 3792 6 1074
1098 0 2037 4018 3804 6 1097
1099 0 2049 4014 3808 9.31371 1098
1100 0 2061 4010 3824 6.94427 1099
1101 0 2057 4010 3840 6.94427 1100
1102 0 2057 4022 3852 6.94427 1101
1103 0 2061 4026 3864 6 1102
1104 0 2101 4046 3728 6 1068
1105 0 2101 4038 3728 6 1104
1106 0 2101 4030 3720 6.94427 1105
1107 0 2109 4030 3712 6 1106
1108 0 2109 4030 3704 6.94427 1107
1109 0 2133 4058 3748 9.31371 1067
1110 0 2141 4050 3760 10 1109
1111 0 2137 4030 3768 6.94427 1110
1112 0 2129 4022 3768 6 1111
1113 0 2237 4106 3656 10 1065
1114 0 2237 4110 3668 6 1113
1115 0 2237 4110 3684 6 1114
1116 0 2149 4046 3612 9.31371 1064
1117 2 2233 4082.07 3539.17 23.7804 1062
1118 0 2281 4106 3556 6 1117
1119 0 2289 4106 3556 6 1118
1120 0 2297 4110 3564 2 1119
1121 0 2297 4110 3568 2 1120
1122 0 2269 4102 3520 12.4222 1117
1123 0 2293 4102 3524 6 1122
1124 2 2254.41 4084.12 3482.59 29.1682 1061
1125 0 2269 4106 3468 18 1124
1126 0 2277 4138 3468 14 1125
1127 0 2245 4098 3452 10.6491 1124
1128 0 2245 4094 3428 9.31371 1127
1129 0 2249 4090 3412 6 1128
1130 0 2241 3934 3480 6.94427 1059
1131 0 2229 3942 3480 6.94427 1130
1132 0 2225 3958 3480 10 1131
1133 0 2225 3966 3472 10.6491 1132
1134 0 2213 3982 3468 9.31371 1133
1135 0 2201 3990 3460 12.4222 1134
1136 0 2189 3994 3460 6.94427 1135
1137 0 2157 3994 3476 12.4222 1136
1138 0 2145 3998 3480 10.6491 1137
1139 0 2121 4002 3480 14.9706 1138
1140 0 2105 3994 3480 6 1139
1141 0 2265 3914 3460 18 1058
1142 0 2250.86 3898 3419.43 9.71643 1141
1143 0 2245 3902 3388 10.6491 1142
1144 0 2237 3906 3344 43.607 1143
1145 0 2193 3950 3332 10 1144
1146 0 2193 3978 3336 14 1145
1147 0 2197 4022 3348 19.5407 1146
1148 0 2201.89 4058.89 3356.44 14.2222 1147
1149 0 2215.54 4079.84 3366.92 15.0794 1148
1150 0 2209 4102 3376 6.94427 1149
1151 0 2201 4110 3384 10 1150
1152 0 2193 4110 3392 6 1151
1153 0 2185 4110 3400 6 1152
1154 0 2185 4110 3412 6 1153
1155 0 2185 4114 3420 6 1154
1156 0 2237 4070 3380 6.94427 1149
1157 0 2253 4066 3388 6.94427 1156
1158 0 2261 4066 3396 3.65685 1157
1159 0 2265 4066 3396 2 1158
1160 0 2181 4078 3356 9.31371 1148
1161 0 2173 4086 3352 9.31371 1160
1162 0 2173 4098 3352 6 1161
1163 0 2173 4122 3348 9.31371 1162
1164 0 2185 4138 3336 6 1163
1165 0 2177 4138 3328 2 1164
1166 0 2173 4134 3324 2 1165
1167 0 2273 3946 3352 18 1144
1168 0 2273 3974 3372 15.8885 1167
1169 0 2289 4010 3396 10.6491 1168
1170 0 2293 4034 3408 14.9706 1169
1171 0 2297 4062 3416 10 1170
1172 0 2297 4070 3424 6 1171
1173 0 2297 4082 3424 2 1172
1174 2 2210.35 3879.35 3308.47 36.4959 1144
1175 2 2192.11 3878.89 3291.56 29.9835 1174
1176 0 2169 3902 3280 19.5407 1175
1177 0 2177 3918 3268 10.6491 1176
1178 0 2189 3922 3264 2 1177
1179 0 2193 3922 3264 2 1178
1180 0 2165 3858 3268 3.65685 1175
1181 0 2165 3854 3264 2 1180
1182 0 2165 3858 3256 6 1181
1183 0 2161 3866 3248 6 1182
1184 2 2218.65 3855.01 3322.13 32.1248 1174
1185 2 2218.38 3846.17 3322.44 30.3239 1184
1186 0 2217 3802 3324 21.3238 1185
1187 0 2197 3794 3332 6.94427 1186
1188 0 2189 3786 3340 6 1187
1189 0 2173 3838 3312 14.9706 1185
1190 0 2157 3822 3300 6 1189
1191 0 2301 3842 3320 23.6125 1184
1192 0 2333 3862 3328 6 1191
1193 0 2257 3966 3308 18 1144
1194 0 2257 3986 3296 9.31371 1193
1195 0 2245 4002 3292 14.4924 1194
1196 0 2221 3982 3276 10.6491 1195
1197 0 2221 3974 3268 10 1196
1198 0 2233 3890 3412 9.31371 1142
1199 0 2213 3878 3412 6.94427 1198
1200 0 2193 3870 3412 10 1199
1201 0 2181 3858 3420 14.4924 1200
1202 0 2161 3834 3428 9.31371 1201
1203 0 2141 3802 3428 14.9706 1202
1204 2 2125.94 3790.71 3439.29 15.8345 1203
1205 0 2105 3782 3464 6 1204
1206 0 2101 3778 3472 9.31371 1205
1207 0 2093 3762 3484 6 1206
1208 0 2085 3754 3496 6 1207
1209 0 2133 3762 3424 6 1204
1210 0 2137 3754 3412 6.94427 1209
1211 0 2137 3754 3404 3.65685 1210
1212 0 2141 3750 3400 2 1211
1213 2 2159.73 3865.09 3412.91 12.6575 1201
1214 0 2141 3878 3412 6.94427 1213
1215 0 2133 3894 3400 6 1214
1216 0 2137 3898 3396 2 1215
1217 0 2137 3902 3396 2 1216
1218 0 2157 3890 3428 10.6491 1213
1219 0 2149 3894 3440 9.31371 1218
1220 0 2353 3830 3520 6 1056
1221 0 2357 3846 3516 6 1220
1222 0 2369 3870 3520 10.6491 1221
1223 0 2373 3882 3516 9.31371 1222
1224 0 2377 3890 3512 3.65685 1223
1225 0 2381 3894 3508 2 1224
1226 0 2353 3786 3520 10 1055
1227 0 2349 3786 3540 12.4222 1226
1228 0 2349 3770 3564 9.31371 1227
1229 0 2341 3758 3580 10.6491 1228
1230 0 2337 3730 3604 10 1229
1231 0 2341 3722 3612 6.94427 1230
1232 0 2337 3702 3636 9.31371 1231
1233 0 2337 3694 3648 6.94427 1232
1234 0 2337 3686 3660 9.31371 1233
1235 0 2337 3678 3668 6.94427 1234
1236 0 2337 3666 3680 9.31371 1235
1237 0 2341 3650 3684 6 1236
1238 0 2341 3638 3696 6 1237
1239 0 2345 3622 3708 6.94427 1238
1240 0 2361 3618 3724 3.65685 1239
1241 0 2365 3614 3724 2 1240
1242 0 2369 3614 3724 2 1241
1243 0 2485 3806 3540 6 70
1244 0 2481 3802 3556 6.94427 1243
1245 0 2477 3802 3572 10 1244
1246 0 2477 3802 3584 6.94427 1245
1247 2 2466.33 3808.67 3602.67 10 1246
1248 0 2453 3810 3616 6.94427 1247
1249 0 2441 3814 3628 6.94427 1248
1250 0 2433 3822 3636 6 1249
1251 0 2433 3842 3644 6 1250
1252 0 2433 3850 3648 3.65685 1251
1253 0 2437 3858 3648 6 1252
1254 0 2441 3870 3656 6.94427 1253
1255 0 2453 3886 3676 6 1254
1256 0 2453 3890 3684 6.94427 1255
1257 0 2461 3890 3692 6 1256
1258 0 2465 3898 3700 2 1257
1259 0 2457 3794 3620 9.31371 1247
1260 0 2429 3774 3644 10 1259
1261 0 2429 3762 3644 10 1260
1262 0 2421 3746 3656 6 1261
1263 0 2417 3742 3660 6 1262
1264 0 2417 3738 3668 3.65685 1263
1265 0 2417 3734 3676 6 1264
1266 0 2425 3738 3688 6 1265
1267 0 2429 3742 3692 6 1266
1268 0 2505 3806 3428 19.5407 69
1269 0 2501 3790 3412 9.31371 1268
1270 0 2489 3786 3396 6 1269
1271 0 2449 3882 3400 9.31371 68
1272 0 2437 3898 3412 9.31371 1271
1273 0 2429 3910 3420 15.8885 1272
1274 2 2418.2 3910 3434.4 9.97119 1273
1275 0 2417 3910 3448 6 1274
1276 0 2417 3930 3464 12.4222 1275
1277 0 2425 3938 3476 6 1276
1278 0 2437 3946 3488 6.94427 1277
1279 0 2457 3962 3488 10.6491 1278
1280 0 2477 3974 3484 10 1279
1281 0 2489 3978 3480 3.65685 1280
1282 0 2493 3978 3476 2 1281
1283 0 2409 3926 3436 10 1274
1284 0 2405 3934 3456 9.31371 1283
1285 0 2397 3938 3464 6 1284
1286 0 2393 3938 3472 6 1285
1287 0 2393 3938 3480 3.65685 1286
1288 0 2393 3930 3488 6 1287
1289 0 2389 3930 3496 6 1288
1290 0 2437 3934 3428 10 1273
1291 0 2457 3926 3428 14.4924 1290
1292 0 2473 3926 3428 9.31371 1291
1293 0 2505 3910 3404 18 67
1294 0 2529 3930 3420 9.31371 1293
1295 0 2541 3930 3428 3.65685 1294
1296 0 2541 3930 3432 2 1295
1297 0 2509 3926 3388 14.9706 66
1298 0 2541 3950 3392 18 1297
1299 2 2562.82 3984.38 3394.28 32.4682 1298
1300 2 2575.65 4029.27 3410.31 49.8373 1299
1301 0 2577 4034 3412 51.6656 1300
1302 2 2581.62 4031.67 3443.94 30.9814 1301
1303 2 2630.96 4030.15 3481.37 39.2616 1302
1304 2 2619.34 4021.81 3511.31 24.5945 1303
1305 0 2606.56 4011.56 3553.78 14.1915 1304
1306 0 2605 4006 3576 10 1305
1307 0 2605 4002 3588 12.4222 1306
1308 0 2581 4010 3616 12.4222 1307
1309 0 2569 4018 3624 14.4924 1308
1310 0 2565 4034 3644 3.65685 1309
1311 0 2561 4038 3652 6 1310
1312 0 2553 4038 3660 9.31371 1311
1313 0 2537 4046 3676 6 1312
1314 0 2522.51 4047.86 3696.35 14.915 1313
1315 0 2509 4058 3720 28.4631 1314
1316 0 2493 4054 3748 28.4631 1315
1317 0 2473 4066 3768 20.6274 1316
1318 0 2477 4078 3788 15.8885 1317
1319 0 2485 4090 3800 10.6491 1318
1320 0 2513 4090 3832 16 1319
1321 0 2521 4102 3880 14 1320
1322 0 2521 4102 3912 14 1321
1323 0 2501 4102 3936 14 1322
1324 0 2473 4102 3944 14 1323
1325 0 2461 4102 3952 14 1324
1326 0 2445 4106 3952 6.94427 1325
1327 0 2529 4074 3816 6 1320
1328 0 2525 4058 3812 6 1327
1329 0 2521 4042 3808 6.94427 1328
1330 0 2521 4030 3804 2 1329
1331 0 2461 4078 3816 9.31371 1318
1332 0 2461 4062 3836 6.94427 1331
1333 0 2453 4058 3852 6.94427 1332
1334 0 2453 4058 3860 6 1333
1335 0 2445 4058 3868 6 1334
1336 0 2445 4058 3884 6 1335
1337 0 2445 4058 3892 3.65685 1336
1338 0 2441 4058 3900 6 1337
1339 0 2437 4050 3912 6 1338
1340 0 2441 4054 3916 2 1339
1341 0 2441 4058 3920 2 1340
1342 0 2473 4058 3868 9.31371 1334
1343 0 2481 4054 3876 6 1342
1344 0 2489 4054 3876 2 1343
1345 0 2493 4054 3876 2 1344
1346 0 2457 4062 3748 15.8885 1316
1347 0 2441 4058 3744 6 1346
1348 0 2429 4054 3728 6 1347
1349 0 2425 4046 3720 6 1348
1350 0 2421 4042 3712 6 1349
1351 0 2541 4070 3700 10.6491 1314
1352 0 2553 4070 3700 6 1351
1353 0 2565 4070 3704 10 1352
1354 0 2577 4062 3704 3.65685 1353
1355 0 2581 4062 3700 2 1354
1356 0 2621 4006 3576 10.6491 1305
1357 0 2633 3994 3604 6.94427 1356
1358 0 2637 3998 3616 9.31371 1357
1359 0 2641 4002 3624 6.94427 1358
1360 2 2648.46 4009.46 3631.46 9.15499 1359
1361 0 2661 4022 3640 9.31371 1360
1362 0 2681 4054 3652 18 1361
1363 0 2694.33 4070.67 3687.33 12.6852 1362
1364 0 2709 4082 3748 10 1363
1365 0 2713 4082 3780 12.4222 1364
1366 0 2717 4094 3804 14 1365
1367 2 2720.51 4094 3825.08 18.8668 1366
1368 0 2721 4086 3852 18 1367
1369 0 2705 4062 3880 9.31371 1368
1370 0 2701 4050 3888 6 1369
1371 0 2709 4046 3896 6.94427 1370
1372 0 2717 4042 3896 6.94427 1371
1373 0 2733 4026 3880 6.94427 1372
1374 0 2745 4022 3872 6.94427 1373
1375 0 2753 4018 3864 6 1374
1376 0 2757 4002 3860 6 1375
1377 0 2757 3994 3860 6 1376
1378 0 2697 4090 3828 6 1367
1379 0 2689 4090 3828 6 1378
1380 0 2685 4094 3832 3.65685 1379
1381 0 2681 4102 3840 10 1380
1382 0 2677 4098 3852 6 1381
1383 0 2677 4090 3872 6.94427 1382
1384 0 2673 4074 3884 6.94427 1383
1385 0 2673 4062 3888 9.31371 1384
1386 0 2669 4050 3892 6 1385
1387 0 2709 4050 3704 12.4222 1363
1388 0 2721 4046 3712 6.94427 1387
1389 0 2725 4050 3720 3.65685 1388
1390 0 2729 4050 3724 3.65685 1389
1391 0 2729 4050 3728 2 1390
1392 0 2733 4054 3732 2 1391
1393 0 2653 3998 3652 9.31371 1360
1394 0 2653 3998 3668 9.31371 1393
1395 0 2669 3982 3680 9.31371 1394
1396 0 2681 3970 3688 6.94427 1395
1397 0 2681 3954 3692 6 1396
1398 0 2689 3946 3704 6 1397
1399 0 2697 3938 3716 6 1398
1400 0 2701 3934 3724 9.31371 1399
1401 0 2705 3930 3732 6 1400
1402 0 2709 3930 3748 6.94427 1401
1403 0 2713 3922 3756 9.31371 1402
1404 0 2725 3918 3768 6.94427 1403
1405 0 2729 3910 3780 6 1404
1406 0 2737 3902 3796 6 1405
1407 0 2741 3902 3804 2 1406
1408 0 2741 3898 3812 6 1407
1409 0 2745 3894 3816 6 1408
1410 0 2745 3894 3824 6 1409
1411 0 2745 3878 3840 6 1410
1412 0 2749 3862 3860 6 1411
1413 0 2753 3854 3868 6.94427 1412
1414 0 2745 3842 3872 2 1413
1415 0 2701 3978 3696 6 1396
1416 0 2713 3990 3700 10 1415
1417 0 2729 3990 3700 2 1416
1418 0 2733 3990 3700 2 1417
1419 0 2737 3990 3700 3.65685 1418
1420 0 2741 3994 3700 2 1419
1421 0 2745 3994 3700 2 1420
1422 0 2637 3994 3504 14 1304
1423 0 2629 3970 3492 6.94427 1422
1424 0 2617 3962 3488 2 1423
1425 2 2654.33 4057.79 3470.25 33.6842 1303
1426 2 2670.38 4075.16 3464.88 29.8652 1425
1427 2 2684.48 4098.09 3458.26 21.4609 1426
1428 0 2697 4134 3452 26 1427
1429 0 2717 4154 3444 21.3238 1428
1430 0 2749 4186 3424 34.8782 1429
1431 0 2785 4226 3436 9.31371 1430
1432 0 2685 4110 3484 10 1427
1433 0 2677 4118 3488 6.94427 1432
1434 0 2677 4130 3496 6.94427 1433
1435 0 2669 4134 3496 6 1434
1436 0 2705 4098 3424 20.6274 1426
1437 0 2701 4114 3408 15.8885 1436
1438 0 2689 4114 3396 9.31371 1437
1439 0 2689 4110 3368 12.4222 1438
1440 0 2697 4106 3356 10 1439
1441 0 2745 4090 3404 9.31371 1436
1442 0 2697 4026 3456 18 1425
1443 0 2705 4002 3440 6 1442
1444 0 2565 4026 3476 6.94427 1302
1445 0 2549 4002 3488 14.9706 1444
1446 0 2549 3986 3488 14.4924 1445
1447 0 2553 3970 3484 6.94427 1446
1448 0 2557 3962 3484 6 1447
1449 0 2561 3954 3488 2 1448
1450 0 2561 3950 3488 2 1449
1451 2 2571.55 4052.67 3405.78 46.8383 1301
1452 2 2565.46 4073.57 3398.81 41.4345 1451
1453 2 2559.24 4094.89 3391.7 35.9227 1452
1454 0 2553 4158 3380 12.4222 1453
1455 0 2553 4174 3392 6.94427 1454
1456 0 2541 4182 3404 6.94427 1455
1457 0 2529 4186 3408 9.31371 1456
1458 0 2521 4202 3412 3.65685 1457
1459 0 2517 4202 3412 2 1458
1460 0 2513 4206 3412 2 1459
1461 0 2485 4106 3400 9.31371 1453
1462 0 2469 4102 3416 6.94427 1461
1463 0 2461 4086 3432 6.94427 1462
1464 0 2457 4078 3440 9.31371 1463
1465 0 2449 4074 3436 2 1464
1466 0 2445 4074 3436 2 1465
1467 0 2593 4106 3348 26.2843 1452
1468 0 2617 4150 3336 12.4222 1467
1469 0 2625 4178 3328 6 1468
1470 0 2621 4186 3320 2 1469
1471 0 2621 4186 3316 2 1470
1472 2 2614.92 4099.44 3404 17.3307 1451
1473 0 2641 4118 3404 9.31371 1472
1474 0 2649 4126 3404 6 1473
1475 0 2665 4134 3404 6.94427 1474
1476 0 2681 4146 3408 9.31371 1475
1477 0 2697 4162 3404 6.94427 1476
1478 0 2701 4170 3400 9.31371 1477
1479 0 2609 4114 3424 6.94427 1472
1480 0 2601 4118 3432 6 1479
1481 0 2597 4130 3444 6.94427 1480
1482 0 2597 4138 3452 9.31371 1481
1483 0 2501 4034 3416 18 1300
1484 0 2485 4018 3436 6 1483
1485 0 2485 4014 3444 6.94427 1484
1486 0 2489 4018 3456 10 1485
1487 0 2501 4002 3472 6 1486
1488 0 2593 4002 3380 10.6491 1299
1489 0 2609 3994 3380 6.94427 1488
1490 0 2625 3982 3376 18 1489
1491 2 2640.2 3970.6 3376 9.74802 1490
1492 0 2645 3954 3380 6.94427 1491
1493 0 2653 3946 3388 6.94427 1492
1494 0 2653 3930 3388 9.31371 1493
1495 0 2645 3922 3392 9.31371 1494
1496 0 2637 3914 3396 2 1495
1497 0 2637 3910 3396 2 1496
1498 0 2661 3986 3376 10.6491 1491
1499 0 2673 3990 3380 10.6491 1498
1500 0 2681 3994 3388 6 1499
1501 0 2517 3938 3364 12.4222 1297
1502 0 2517 3954 3348 12.4222 1501
1503 0 2509 3954 3336 6 1502
1504 0 2497 3970 3324 10 1503
1505 0 2501 3994 3320 12.4222 1504
1506 0 2501 4006 3316 6.94427 1505
1507 0 2509 4014 3312 2 1506
1508 0 2513 4014 3312 2 1507
1509 0 2447.84 3843.11 3350.26 19.3177 65
1510 0 2441 3826 3340 18 1509
1511 0 2425 3806 3336 6 1510
1512 0 2421 3794 3332 9.31371 1511
1513 0 2433 3782 3324 10 1512
1514 0 2441 3774 3320 6.94427 1513
1515 0 2449 3778 3312 9.31371 1514
1516 0 2445 3782 3300 6 1515
1517 0 2437 3782 3292 6 1516
1518 0 2429 3778 3284 9.31371 1517
1519 0 2417 3766 3272 6.94427 1518
1520 0 2409 3766 3264 3.65685 1519
1521 0 2405 3770 3264 2 1520
1522 2 2419.51 3789.54 3339.43 9.31371 1512
1523 0 2417 3782 3352 9.31371 1522
1524 0 2413 3774 3360 6 1523
1525 0 2405 3758 3372 12.4222 1524
1526 0 2421 3738 3392 6 1525
1527 0 2417 3734 3400 2 1526
1528 0 2417 3734 3404 2 1527
1529 0 2417 3734 3408 2 1528
1530 0 2389 3790 3328 9.31371 1522
1531 0 2377 3790 3324 6 1530
1532 0 2373 3790 3316 3.65685 1531
1533 0 2369 3794 3312 2 1532
1534 0 2369 3794 3308 2 1533
1535 0 2413 3846 3348 9.31371 1509
1536 0 2401 3838 3348 12.4222 1535
1537 0 2385 3830 3348 2 1536
1538 0 2485 3822 3332 12.4222 64
1539 0 2485 3782 3348 9.31371 1538
1540 0 2485 3758 3364 6.94427 1539
1541 0 2485 3750 3376 9.31371 1540
1542 0 2493 3746 3388 10 1541
1543 0 2505 3758 3400 6.94427 1542
1544 0 2513 3758 3408 3.65685 1543
1545 0 2517 3762 3408 2 1544
1546 0 2449 3890 3328 10.6491 63
1547 0 2457 3902 3328 6 1546
1548 0 2457 3838 3256 9.31371 62
1549 0 2441 3834 3248 9.31371 1548
1550 0 2433 3830 3240 6 1549
1551 0 2489 3814 3268 6.94427 61
1552 0 2473 3802 3264 6 1551
1553 0 2465 3802 3264 6 1552
1554 0 2473 3822 3236 12.4222 60
1555 0 2469 3810 3236 6.94427 1554
1556 0 2461 3794 3240 10 1555
1557 0 2461 3782 3232 12.4222 1556
1558 0 2437 3770 3232 14 1557
1559 0 2425 3766 3240 9.31371 1558
1560 0 2533 3866 3132 20.6274 57
1561 0 2525 3850 3116 6.94427 1560
1562 0 2509 3846 3112 9.31371 1561
1563 0 2505 3838 3108 6 1562
1564 2 2577.45 3901.04 3124.25 26.7451 56
1565 0 2577 3934 3096 14.4924 1564
1566 0 2573 3954 3080 10 1565
1567 0 2569 3966 3080 6.94427 1566
1568 0 2565 3974 3068 2 1567
1569 0 2609 3926 3148 6.94427 1564
1570 0 2617 3926 3152 6 1569
1571 0 2629 3922 3152 3.65685 1570
1572 0 2633 3922 3148 2 1571
1573 0 2637 3922 3144 2 1572
1574 0 2609 3846 3148 22.3311 56
1575 0 2569 3910 3084 22.3311 55
1576 0 2565 3926 3064 12.4222 1575
1577 0 2557 3834 3036 18 54
1578 0 2577 3830 3032 10 1577
1579 0 2609 3826 3032 12.4222 1578
1580 0 2621 3818 3028 6 1579
1581 0 2533 3834 2992 2 53
1582 0 2537 3834 2992 2 1581
1583 0 2541 3834 2984 2 1582
1584 0 2545 3834 2980 2 1583
1585 0 2429 3866 3000 23.6125 52
1586 0 2389 3862 3008 20.6274 1585
1587 0 2377 3874 3020 10 1586
1588 0 2377 3886 3032 9.31371 1587
1589 0 2369 3902 3044 2 1588
1590 0 2369 3906 3048 2 1589
1591 2 2525.91 3941.36 2960.64 37.1157 51
1592 0 2557 3974.54 2924.76 45.7336 1591
1593 2 2564.42 3993.87 2922.17 46.0478 1592
1594 2 2583.71 4042.74 2923.89 47.9903 1593
1595 2 2587.93 4048.05 2924.29 46.5186 1594
1596 2 2609.4 4063.08 2926.44 34.8001 1595
1597 2 2630.03 4078.31 2929.44 28.2818 1596
1598 0 2653 4098 2936 37.3954 1597
1599 2 2657.57 4101.8 2945.13 33.7809 1598
1600 2 2691.58 4126.75 2998.58 15.8995 1599
1601 0 2728.2 4163.34 3032.81 34.6535 1600
1602 0 2737 4178 3068 27.1204 1601
1603 0 2753 4166 3092 22.3311 1602
1604 0 2773 4158 3112 29.241 1603
1605 0 2758.75 4138 3150.18 22.0721 1604
1606 0 2697 4154 3168 9.31371 1605
1607 0 2689 4146 3172 6 1606
1608 0 2685 4134 3184 6 1607
1609 0 2673 4126 3192 6.94427 1608
1610 0 2657 4102 3216 14 1609
1611 0 2657 4090 3228 9.31371 1610
1612 0 2649 4082 3236 12.4222 1611
1613 0 2633 4058 3236 6 1612
1614 0 2629 4046 3232 10 1613
1615 0 2637 4026 3224 10 1614
1616 0 2665 4026 3220 14 1615
1617 0 2689 4042 3212 6 1616
1618 0 2765 4102 3176 12.4222 1605
1619 0 2773 4070 3184 9.31371 1618
1620 0 2765 4062 3184 6.94427 1619
1621 0 2753 4050 3184 9.31371 1620
1622 0 2745 4042 3176 6 1621
1623 0 2813 4162 3136 21.3238 1604
1624 0 2821 4162 3188 12.4222 1623
1625 0 2825 4158 3212 6.94427 1624
1626 0 2829 4158 3228 6 1625
1627 0 2825 4162 3244 6.94427 1626
1628 0 2825 4166 3260 6 1627
1629 0 2817 4170 3268 6 1628
1630 0 2821 4174 3284 6.94427 1629
1631 0 2821 4178 3296 6.94427 1630
1632 0 2825 4186 3304 6 1631
1633 0 2829 4202 3144 10 1623
1634 0 2821 4210 3148 6 1633
1635 0 2737 4214 3036 15.8885 1601
1636 0 2765 4230 3032 6 1635
1637 0 2705 4162 2996 15.8885 1600
1638 0 2697 4178 3000 18 1637
1639 0 2681 4182 2992 6.94427 1638
1640 0 2673 4178 2980 6 1639
1641 0 2665 4178 2980 6 1640
1642 0 2693 4058 2964 18 1599
1643 0 2693 4074 2988 14 1598
1644 0 2701 4062 2996 10 1643
1645 0 2701 4050 2996 3.65685 1644
1646 0 2705 4046 2996 2 1645
1647 0 2649 4110 2924 32.4093 1597
1648 0 2649 4142 2912 12.4222 1647
1649 0 2657 4150 2904 9.31371 1648
1650 0 2657 4162 2900 6 1649
1651 0 2657 4178 2892 6 1650
1652 0 2657 4194 2876 6 1651
1653 0 2661 4198 2872 3.65685 1652
1654 0 2661 4198 2864 6 1653
1655 0 2673 4198 2848 6 1654
1656 0 2673 4198 2832 6 1655
1657 0 2669 4206 2816 6 1656
1658 0 2669 4210 2800 6 1657
1659 0 2665 4218 2784 9.31371 1658
1660 0 2665 4230 2764 3.65685 1659
1661 0 2665 4230 2760 3.65685 1660
1662 0 2661 4234 2756 2 1661
1663 0 2545 4102 2904 22.3311 1596
1664 0 2509 4134 2896 15.8885 1663
1665 0 2481 4134 2884 6 1664
1666 0 2501 4114 2928 9.31371 1663
1667 0 2489 4110 2936 14 1666
1668 0 2481 4110 2948 3.65685 1667
1669 0 2481 4106 2952 2 1668
1670 0 2481 4106 2956 2 1669
1671 0 2521 4094 2944 10 1595
1672 0 2509 4098 2948 6 1671
1673 0 2501 4094 2956 6 1672
1674 0 2493 4090 2968 6 1673
1675 0 2489 4082 2980 6.94427 1674
1676 0 2489 4078 2988 6.94427 1675
1677 0 2481 4074 2996 2 1676
1678 0 2477 4070 3000 6 1677
1679 0 2469 4062 3004 6 1678
1680 0 2461 4054 3004 10.6491 1679
1681 0 2453 4042 3004 2 1680
1682 0 2453 4038 3004 2 1681
1683 2 2570.26 4078.02 2880.47 31.8975 1594
1684 0 2525 4146 2856 18 1683
1685 0 2509 4158 2832 10 1684
1686 0 2497 4162 2812 6.94427 1685
1687 0 2493 4166 2796 6.94427 1686
1688 0 2489 4174 2784 6.94427 1687
1689 0 2481 4178 2768 6 1688
1690 0 2481 4178 2760 6 1689
1691 0 2477 4182 2752 2 1690
1692 0 2477 4182 2748 2 1691
1693 0 2477 4186 2744 2 1692
1694 0 2569 4070 2840 22 1683
1695 0 2557 4074 2820 10 1694
1696 0 2609 3994 2972 12.4222 1593
1697 0 2609 3974 2996 9.31371 1696
1698 2 2557 3977.57 2906.59 43.31 1592
1699 0 2569 4030 2832 23.2982 1698
1700 0 2561 4046 2816 14 1699
1701 2 2557 3980 2892 41.3625 1698
1702 0 2605 4038 2880 37.598 1701
1703 0 2657 4058 2872 23.6125 1702
1704 0 2717 4074 2872 30.249 1703
1705 2 2773.33 4080.16 2865.22 17.6077 1704
1706 0 2789 4094 2852 9.31371 1705
1707 0 2793 4106 2836 6.94427 1706
1708 0 2805 4122 2820 6.94427 1707
1709 0 2813 4142 2812 10 1708
1710 0 2813 4150 2804 6.94427 1709
1711 0 2813 4162 2792 6.94427 1710
1712 0 2817 4182 2772 6.94427 1711
1713 0 2817 4182 2764 6.94427 1712
1714 0 2825 4190 2756 6 1713
1715 0 2825 4190 2748 6 1714
1716 0 2833 4206 2736 6.94427 1715
1717 0 2837 4222 2724 6 1716
1718 0 2845 4226 2720 9.31371 1717
1719 0 2853 4234 2712 6.94427 1718
1720 0 2793 4066 2884 9.31371 1705
1721 0 2801 4062 2888 3.65685 1720
1722 0 2805 4058 2892 6 1721
1723 0 2821 4058 2896 6 1722
1724 0 2825 4062 2900 6 1723
1725 0 2833 4066 2904 9.31371 1724
1726 0 2853 4070 2904 10 1725
1727 0 2881 4070 2896 9.31371 1726
1728 0 2897 4078 2880 9.31371 1727
1729 0 2897 4082 2868 6 1728
1730 0 2893 4086 2856 6 1729
1731 0 2889 4090 2840 6.94427 1730
1732 0 2889 4102 2824 6 1731
1733 0 2889 4102 2808 6 1732
1734 0 2893 4106 2800 3.65685 1733
1735 0 2897 4106 2800 2 1734
1736 0 2517 3938 2808 20.6274 1701
1737 0 2485 3906 2796 9.31371 1736
1738 2 2515.74 3925.68 2757.05 35.4765 1736
1739 0 2505 3882 2764 30 1738
1740 0 2485 3854 2792 6.94427 1739
1741 0 2509 3858 2792 2 1739
1742 0 2509 3858 2796 2 1741
1743 0 2521 3902 2736 46 1738
1744 2 2552.49 3933.49 2713.96 38.0871 1743
1745 0 2561 3942 2708 35.9473 1744
1746 2 2591.57 3958.19 2690.43 32.5334 1745
1747 2 2624.4 3981.8 2696 24.2076 1746
1748 0 2657 3986 2696 10 1747
1749 0 2681 3986 2696 12.4222 1748
1750 0 2693 3994 2696 10.6491 1749
1751 0 2713 4002 2692 14 1750
1752 0 2729 3990 2688 6.94427 1751
1753 0 2745 3978 2680 9.31371 1752
1754 0 2761 3970 2680 14 1753
1755 0 2779 3956 2672 12.5708 1754
1756 2 2804 3942.4 2675.8 10.8413 1755
1757 0 2825 3930 2680 14.9706 1756
1758 0 2865 3934 2664 12.4222 1757
1759 0 2893 3946 2640 12.4222 1758
1760 0 2917 3954 2620 12.4222 1759
1761 0 2949 3946 2588 10 1760
1762 0 2953 3950 2568 9.31371 1761
1763 0 2969 3954 2540 9.31371 1762
1764 0 2985 3950 2524 12.4222 1763
1765 2 2997 3960.8 2498.4 14.8988 1764
1766 0 2985 3974 2468 10.6491 1765
1767 0 2977 3966 2440 10 1766
1768 0 2961 3974 2420 6.94427 1767
1769 0 2945 3982 2400 9.31371 1768
1770 0 2941 3990 2384 6.94427 1769
1771 0 2941 3994 2368 6.94427 1770
1772 0 2945 3994 2352 10.6491 1771
1773 0 2941 3998 2324 9.31371 1772
1774 0 2945 4006 2308 9.31371 1773
1775 0 2949 4006 2296 6 1774
1776 0 2953 4014 2288 9.31371 1775
1777 0 2953 4014 2268 10 1776
1778 2 2943.52 4025.69 2243.57 21.1879 1777
1779 2 2938.23 4038.92 2227.69 27.0904 1778
1780 0 2937 4042 2224 28.4631 1779
1781 0 2901 4010 2168 14.9706 1780
1782 0 2889 4014 2156 6.94427 1781
1783 0 2877 4026 2156 10 1782
1784 0 2869 4026 2148 10.6491 1783
1785 0 2857 4022 2144 6.94427 1784
1786 0 2849 4014 2136 6 1785
1787 0 2845 4010 2132 3.65685 1786
1788 0 2841 4010 2128 3.65685 1787
1789 0 2833 4014 2128 3.65685 1788
1790 0 2825 4022 2124 6.94427 1789
1791 0 2821 4038 2124 6.94427 1790
1792 0 2817 4046 2132 9.31371 1791
1793 0 2817 4054 2140 6 1792
1794 0 2809 4062 2148 6.94427 1793
1795 0 2805 4066 2156 9.31371 1794
1796 0 2801 4074 2164 6.94427 1795
1797 0 2801 4074 2176 6 1796
1798 0 2957 4066 2192 26.8444 1780
1799 0 2949 4090 2156 9.31371 1798
1800 0 2941 4082 2140 6 1799
1801 0 2889 4014 2212 18 1779
1802 0 2857 4022 2216 10 1801
1803 0 2833 4026 2220 6 1802
1804 0 2825 4026 2220 6 1803
1805 0 2817 4026 2224 3.65685 1804
1806 0 2813 4030 2228 2 1805
1807 0 2977 4022 2212 20.6274 1778
1808 0 2997 4026 2196 10 1807
1809 0 2985 3994 2452 6 1766
1810 0 2989 4002 2436 6.94427 1809
1811 0 3013 3978 2508 6.94427 1765
1812 0 3029 3994 2512 6 1811
1813 0 3037 4006 2520 6 1812
1814 0 3037 4010 2528 3.65685 1813
1815 0 3041 4010 2532 2 1814
1816 0 2805 3934 2692 6.94427 1756
1817 0 2805 3918 2708 6.94427 1816
1818 0 2805 3902 2712 6 1817
1819 0 2805 3886 2720 6 1818
1820 0 2797 3870 2720 6 1819
1821 0 2789 3862 2720 2 1820
1822 0 2789 3858 2720 2 1821
1823 0 2777 3934 2648 6 1755
1824 0 2781 3934 2632 6 1823
1825 0 2785 3930 2616 6 1824
1826 0 2793 3922 2604 6 1825
1827 0 2805 3918 2588 6 1826
1828 0 2813 3918 2580 6 1827
1829 0 2813 3914 2568 6 1828
1830 0 2825 3914 2552 6 1829
1831 0 2829 3914 2536 6 1830
1832 0 2833 3910 2520 6 1831
1833 0 2841 3918 2508 6 1832
1834 0 2841 3922 2500 6 1833
1835 0 2733 4038 2684 12.4222 1751
1836 0 2753 4062 2680 6.94427 1835
1837 0 2761 4070 2672 9.31371 1836
1838 0 2781 4082 2672 10 1837
1839 0 2805 4098 2664 9.31371 1838
1840 0 2825 4110 2656 14 1839
1841 0 2849 4122 2648 10.6491 1840
1842 0 2861 4130 2644 14 1841
1843 0 2877 4130 2644 9.31371 1842
1844 0 2905 4142 2644 9.31371 1843
1845 0 2917 4150 2644 9.31371 1844
1846 0 2925 4162 2636 6.94427 1845
1847 0 2929 4178 2636 6 1846
1848 0 2933 4194 2624 10 1847
1849 0 2933 4210 2616 6.94427 1848
1850 0 2929 4226 2600 10 1849
1851 0 2913 4230 2580 9.31371 1850
1852 0 2869 4150 2636 9.31371 1842
1853 0 2873 4158 2628 10 1852
1854 0 2873 4174 2628 12.4222 1853
1855 0 2873 4186 2616 6.94427 1854
1856 0 2873 4198 2592 6.94427 1855
1857 0 2641 3962 2716 9.31371 1747
1858 0 2653 3954 2736 14 1857
1859 0 2657 3950 2764 6 1858
1860 0 2597 3946 2644 15.8885 1746
1861 0 2597 3942 2604 14 1860
1862 0 2607.81 3952.81 2560.49 19.4035 1861
1863 0 2625 3974 2536 23.8469 1862
1864 0 2649 4006 2508 14 1863
1865 0 2665 4006 2508 9.31371 1864
1866 0 2673 4014 2496 6.94427 1865
1867 0 2689 4014 2476 10.6491 1866
1868 0 2705 4030 2456 10.6491 1867
1869 0 2721.67 4047.33 2433.33 10.9446 1868
1870 2 2724.43 4052.86 2422.29 12.1689 1869
1871 0 2737 4070 2404 10.6491 1870
1872 2 2740.7 4084.79 2389.21 17.4431 1871
1873 0 2737.95 4112.67 2366.28 26.5272 1872
1874 2 2740.72 4132.05 2349.67 31.4452 1873
1875 2 2751 4154 2348 30.8836 1874
1876 0 2757 4206 2336 26.8444 1875
1877 2 2732.72 4228.21 2315.86 19.6046 1876
1878 0 2725 4234 2312 18 1877
1879 0 2705 4234 2312 18 1878
1880 0 2669 4242 2292 6.94427 1879
1881 0 2661 4250 2284 10 1880
1882 0 2645 4254 2288 6.94427 1881
1883 0 2629 4266 2288 6 1882
1884 0 2625 4270 2284 2 1883
1885 0 2621 4270 2284 2 1884
1886 0 2717 4242 2284 9.31371 1878
1887 0 2721 4238 2276 6 1886
1888 0 2721 4234 2268 6 1887
1889 0 2713 4238 2260 9.31371 1888
1890 0 2709 4246 2256 6.94427 1889
1891 0 2741 4246 2292 6.94427 1877
1892 0 2749 4246 2284 6.94427 1891
1893 0 2749 4250 2268 3.65685 1892
1894 0 2749 4254 2264 2 1893
1895 0 2765 4162 2320 26.2843 1875
1896 0 2785 4174 2304 14 1895
1897 0 2801 4182 2272 10 1896
1898 0 2793 4206 2248 10 1897
1899 0 2789 4218 2248 6.94427 1898
1900 0 2781 4230 2248 9.31371 1899
1901 0 2773 4238 2256 6 1900
1902 0 2729 4122 2304 30.249 1874
1903 0 2725 4134 2276 18 1902
1904 0 2725 4142 2252 18 1903
1905 0 2753 4158 2224 14 1904
1906 0 2765 4166 2216 10 1905
1907 0 2773 4174 2216 3.65685 1906
1908 0 2773 4178 2212 2 1907
1909 0 2701 4174 2244 12.4222 1904
1910 0 2701 4186 2240 3.65685 1909
1911 0 2701 4190 2240 2 1910
1912 0 2757 4150 2380 26.2843 1873
1913 0 2781 4154 2400 9.31371 1912
1914 0 2789 4162 2400 2 1913
1915 0 2793 4166 2400 2 1914
1916 0 2765 4086 2392 10 1872
1917 0 2789 4086 2404 9.31371 1916
1918 0 2801 4086 2404 6 1917
1919 0 2729 4030 2412 6.94427 1870
1920 0 2737 4018 2404 9.31371 1919
1921 0 2745 4010 2400 10 1920
1922 0 2753 4002 2404 6.94427 1921
1923 0 2761 3990 2404 9.31371 1922
1924 0 2769 3982 2412 6 1923
1925 0 2777 3978 2420 6 1924
1926 0 2793 3970 2436 6 1925
1927 0 2801 3966 2444 10 1926
1928 0 2825 3962 2448 6.94427 1927
1929 0 2837 3962 2460 6.94427 1928
1930 0 2845 3966 2464 2 1929
1931 0 2849 3966 2464 2 1930
1932 0 2853 3966 2464 2 1931
1933 0 2733 4074 2444 9.31371 1869
1934 0 2745 4078 2444 6.94427 1933
1935 0 2753 4086 2444 2 1934
1936 0 2753 4090 2444 2 1935
1937 0 2574.17 3999.81 2489.81 32.9911 1863
1938 0 2537 3986 2448 12.4222 1937
1939 0 2533 3990 2420 9.31371 1938
1940 0 2525 4002 2404 6.94427 1939
1941 0 2521 4014 2388 6 1940
1942 0 2521 4022 2380 3.65685 1941
1943 0 2517 4026 2376 2 1942
1944 0 2517 4026 2372 2 1943
1945 0 2517 4026 2368 2 1944
1946 0 2517 4026 2364 2 1945
1947 0 2517 4030 2360 2 1946
1948 0 2565 4038 2524 18 1937
1949 0 2577 4046 2540 9.31371 1948
1950 0 2589 3954 2528 14.4924 1862
1951 0 2577 3946 2516 10 1950
1952 0 2553 3946 2516 6 1951
1953 0 2537 3946 2516 6 1952
1954 0 2525 3950 2516 9.31371 1953
1955 0 2505 3942 2516 6 1954
1956 0 2489 3946 2508 6 1955
1957 0 2545 3982 2712 15.8885 1745
1958 0 2529 3986 2716 10.6491 1957
1959 0 2517 3982 2712 2 1958
1960 0 2513 3982 2712 2 1959
1961 0 2565 3930 2672 18 1744
1962 0 2565 3930 2652 15.8885 1961
1963 0 2573 3918 2640 12.4222 1962
1964 0 2529 3850 2712 51.6656 1743
1965 0 2525 3794 2760 2 1964
1966 0 2529 3790 2756 2 1965
1967 0 2533 3786 2752 2 1966
1968 0 2553 3774 2756 2 1967
1969 0 2557 3778 2760 2 1968
1970 0 2553 3770 2756 2 1968
1971 2 2548.69 3832.5 2698.87 41.0056 1964
1972 0 2497 3802 2672 22 1971
1973 0 2497 3778 2676 9.31371 1972
1974 0 2521 3774 2728 2 1971
1975 0 2521 3770 2728 2 1974
1976 2 2567.86 3814.57 2685.71 30.371 1971
1977 0 2533 3766 2672 14 1976
1978 0 2521 3766 2684 10 1977
1979 2 2580.71 3799.14 2675.43 22.2482 1976
1980 0 2589 3786 2652 10.6491 1979
1981 0 2609 3782 2620 14 1980
1982 0 2649 3758 2576 30.249 1981
1983 2 2645 3750 2530 12.7407 1982
1984 0 2661 3770 2516 6.94427 1983
1985 0 2669 3782 2512 6 1984
1986 0 2681 3794 2508 6.94427 1985
1987 0 2693 3802 2512 6.94427 1986
1988 0 2701 3802 2512 6 1987
1989 0 2709 3798 2516 2 1988
1990 0 2709 3798 2520 2 1989
1991 0 2645 3750 2512 9.31371 1983
1992 0 2645 3742 2492 9.31371 1991
1993 0 2641 3738 2480 6 1992
1994 0 2641 3738 2464 6 1993
1995 0 2641 3726 2452 9.31371 1994
1996 0 2641 3726 2432 12.4222 1995
1997 0 2657 3710 2428 9.31371 1996
1998 0 2669 3702 2424 12.4222 1997
1999 0 2673 3690 2436 6 1998
2000 0 2673 3674 2448 6.94427 1999
2001 0 2673 3658 2468 12.4222 2000
2002 0 2677 3646 2484 10 2001
2003 0 2685 3638 2492 6.94427 2002
2004 0 2693 3642 2496 2 2003
2005 0 2697 3642 2496 2 2004
2006 0 2665 3638 2504 2 2002
2007 0 2661 3638 2504 2 2006
2008 0 2633 3726 2420 6 1996
2009 0 2641 3726 2404 12.4222 2008
2010 0 2641 3718 2376 9.31371 2009
2011 0 2636.21 3702.26 2333.63 21.567 2010
2012 0 2601 3722 2336 23.2982 2011
2013 0 2613 3722 2364 2 2012
2014 0 2617 3726 2368 2 2013
2015 0 2581 3734 2352 2 2012
2016 0 2581 3730 2356 2 2015
2017 0 2581 3726 2356 2 2016
2018 0 2589 3742 2356 2 2012
2019 0 2589 3746 2356 2 2018
2020 0 2601 3730 2364 2 2012
2021 0 2597 3726 2364 2 2020
2022 0 2593 3730 2364 2 2021
2023 0 2589 3734 2364 2 2022
2024 0 2601 3718 2372 2 2021
2025 0 2601 3714 2372 2 2024
2026 2 2628.43 3704.86 2310.29 30.8065 2011
2027 0 2589 3678 2336 14.4924 2026
2028 0 2569 3686 2352 6 2027
2029 0 2553 3686 2368 6 2028
2030 0 2537 3670 2380 9.31371 2029
2031 0 2525 3662 2400 10 2030
2032 0 2521 3646 2416 3.65685 2031
2033 0 2517 3642 2416 2 2032
2034 2 2631.17 3715.26 2272.23 29.9304 2026
2035 0 2665 3754 2268 12.4222 2034
2036 0 2669 3766 2260 6 2035
2037 0 2657 3750 2212 22 2034
2038 0 2681 3762 2180 10 2037
2039 0 2697 3774 2160 12.4222 2038
2040 0 2705 3778 2136 12.4222 2039
2041 0 2717 3778 2104 10.6491 2040
2042 0 2721 3782 2080 10.6491 2041
2043 0 2725 3798 2060 10 2042
2044 0 2721 3806 2036 10 2043
2045 0 2713 3822 2020 9.31371 2044
2046 0 2709 3822 2008 9.31371 2045
2047 0 2701 3822 2000 6 2046
2048 0 2693 3826 1992 9.31371 2047
2049 0 2677 3822 1976 9.31371 2048
2050 0 2673 3826 1952 10.6491 2049
2051 0 2673 3818 1932 10 2050
2052 2 2673 3814.4 1909.2 9.31371 2051
2053 0 2653 3810 1912 6 2052
2054 0 2633 3810 1920 6.94427 2053
2055 0 2673 3814 1896 6.94427 2052
2056 0 2661 3818 1880 9.31371 2055
2057 0 2661 3822 1852 10.6491 2056
2058 0 2657 3830 1824 14 2057
2059 2 2662.19 3839.19 1785.82 21.7822 2058
2060 0 2633 3834 1780 12.4222 2059
2061 0 2621 3834 1776 3.65685 2060
2062 0 2617 3830 1772 6 2061
2063 0 2613 3826 1768 3.65685 2062
2064 0 2605 3822 1768 6 2063
2065 0 2673 3850 1740 22 2059
2066 0 2713 3862 1720 10 2065
2067 0 2733 3862 1700 12.4222 2066
2068 0 2761 3874 1672 19.5407 2067
2069 0 2741 3878 1656 10 2068
2070 0 2729 3878 1656 6 2069
2071 0 2713 3886 1644 6 2070
2072 0 2705 3886 1640 6 2071
2073 0 2689 3882 1628 12.4222 2072
2074 0 2673 3882 1628 3.65685 2073
2075 0 2669 3878 1628 2 2074
2076 2 2776.74 3880.3 1656.26 25.5062 2068
2077 0 2789 3906 1672 12.4222 2076
2078 0 2809 3914 1680 3.65685 2077
2079 0 2813 3918 1684 6 2078
2080 0 2821 3926 1688 6 2079
2081 0 2833 3934 1696 6.94427 2080
2082 0 2797 3902 1600 19.5407 2076
2083 0 2801 3902 1576 10.6491 2082
2084 0 2809 3890 1564 18 2083
2085 0 2809 3898 1528 14.9706 2084
2086 0 2805 3898 1512 14 2085
2087 0 2685 3734 2588 23.2982 1982
2088 0 2721 3726 2588 6.94427 2087
2089 0 2737 3726 2592 6 2088
2090 0 2741 3730 2596 6 2089
2091 0 2757 3730 2596 6 2090
2092 0 2773 3730 2600 6 2091
2093 0 2789 3734 2604 6.94427 2092
2094 0 2797 3734 2616 9.31371 2093
2095 0 2793 3746 2632 6 2094
2096 0 2789 3750 2636 3.65685 2095
2097 0 2789 3750 2644 3.65685 2096
2098 0 2789 3750 2648 3.65685 2097
2099 0 2789 3750 2656 6 2098
2100 0 2793 3758 2672 6.94427 2099
2101 0 2801 3762 2680 9.31371 2100
2102 0 2817 3774 2692 6.94427 2101
2103 0 2829 3782 2692 6.94427 2102
2104 0 2845 3790 2704 9.31371 2103
2105 0 2853 3794 2708 6 2104
2106 0 2869 3798 2724 6 2105
2107 0 2869 3798 2732 3.65685 2106
2108 0 2869 3794 2736 2 2107
2109 0 2809 3718 2624 6.94427 2094
2110 0 2813 3702 2628 6 2109
2111 0 2813 3690 2640 6.94427 2110
2112 0 2817 3690 2648 6 2111
2113 0 2657 3742 2644 2 2087
2114 0 2653 3742 2648 2 2113
2115 0 2653 3746 2656 2 2114
2116 0 2657 3746 2656 2 2115
2117 0 2649 3750 2656 2 2115
2118 0 2645 3746 2668 2 2117
2119 0 2641 3746 2668 2 2118
2120 0 2613 3786 2716 21.3238 1979
2121 2 2626.27 3780.73 2746.18 18 2120
2122 0 2633 3774 2788 15.8885 2121
2123 0 2653 3786 2808 9.31371 2122
2124 0 2661 3794 2804 2 2123
2125 0 2661 3798 2804 2 2124
2126 0 2653 3770 2756 6.94427 2121
2127 0 2669 3766 2772 6 2126
2128 0 2633 3818 2724 2 2120
2129 0 2629 3822 2724 2 2128
2130 0 2621 3822 2748 2 2129
2131 0 2621 3826 2748 2 2130
2132 0 2621 3830 2748 2 2131
2133 0 2625 3858 2752 2 2132
2134 0 2629 3862 2756 2 2133
2135 0 2629 3862 2760 2 2134
2136 0 2641 3858 2772 2 2135
2137 0 2637 3862 2776 2 2136
2138 0 2633 3866 2780 2 2137
2139 0 2633 3866 2784 2 2138
2140 0 2565 3874 2764 2 1743
2141 0 2565 3870 2768 2 2140
2142 0 2565 3886 2788 2 2141
2143 0 2569 3886 2788 2 2142
2144 0 2565 3910 2896 2 1592
2145 0 2569 3910 2896 2 2144
2146 0 2505 3946 2920 29.241 1591
2147 0 2485 3918 2880 6 2146
2148 0 2489 3914 2864 2 2147
2149 0 2493 3910 2864 2 2148
2150 0 2493 3906 2884 2 2147
2151 0 2489 3902 2884 2 2150
2152 0 2485 3886 2908 2 2151
2153 0 2485 3882 2908 2 2152
2154 0 2605 3838 2988 2 7
2155 0 2605 3834 2988 2 2154
2156 0 2605 3830 2988 2 2155
2157 0 2601 3826 2988 2 2156
2158 0 2597 3822 2988 2 2157
