# Generated by NeuTu (https://github.com/janelia-flyem/NeuTu)
1 0 3355 3288 3050 2 -1
2 0 3355 3284 3050 3.65685 1
3 0 3351 3280 3046 3.65685 2
4 0 3351 3280 3042 3.65685 3
5 0 3351 3280 3034 6 4
6 0 3347 3268 3018 6 5
7 0 3343 3264 3014 3.65685 6
8 2 3335.39 3245.18 2999.18 9.69894 7
9 2 3335.4 3242.8 2998 9.69443 8
10 0 3343 3224 2998 6 9
11 0 3355 3208 2998 6 10
12 0 3359 3200 2998 6 11
13 0 3367 3196 3006 6.94427 12
14 0 3367 3188 3014 6 13
15 0 3351 3188 3022 6 14
16 0 3335 3196 3026 6.94427 15
17 0 3327 3200 3026 3.65685 16
18 0 3323 3204 3026 3.65685 17
19 0 3303 3204 3030 9.31371 18
20 0 3291 3208 3030 3.65685 19
21 0 3287 3208 3026 2 20
22 0 3315 3236 2978 6 9
23 0 3311 3236 2970 3.65685 22
24 0 3311 3240 2966 2 23
25 0 3311 3240 2962 2 24
26 0 3311 3240 2958 2 25
27 0 3311 3240 2954 2 26
28 0 3311 3240 2950 2 27
29 0 3311 3240 2946 2 28
30 0 3319 3244 3010 6.94427 8
31 0 3307 3244 3018 6 30
32 0 3299 3240 3022 9.31371 31
33 0 3291 3236 3030 6 32
