# Generated by NeuTu (https://github.com/janelia-flyem/NeuTu)
1 0 3372 3849 2651 2 -1
2 0 3368 3849 2651 3.65685 1
3 0 3360 3853 2659 10 2
4 0 3352 3853 2679 6 3
5 0 3344 3853 2699 6.94427 4
6 0 3352 3845 2707 6 5
7 0 3360 3833 2711 6 6
8 0 3368 3817 2711 6.94427 7
9 0 3368 3797 2711 6.94427 8
10 0 3372 3789 2707 9.31371 9
11 0 3372 3777 2707 3.65685 10
12 0 3372 3773 2703 3.65685 11
13 0 3376 3765 2703 6.94427 12
14 0 3380 3745 2699 6.94427 13
15 0 3384 3729 2699 6 14
16 0 3388 3721 2695 6.94427 15
17 0 3388 3713 2695 3.65685 16
18 0 3392 3709 2695 2 17
19 0 3392 3705 2695 2 18
20 0 3392 3697 2695 6 19
21 0 3392 3681 2691 6 20
22 0 3392 3665 2691 6 21
23 0 3388 3649 2695 6 22
24 0 3384 3633 2699 6 23
25 0 3384 3617 2699 6 24
26 0 3384 3597 2699 6.94427 25
27 0 3376 3577 2707 6.94427 26
28 0 3368 3557 2707 9.31371 27
