# Generated by NeuTu (https://github.com/janelia-flyem/NeuTu)
1 0 3289 3315 2734 2 -1
2 0 3289 3319 2734 3.65685 1
3 0 3293 3323 2730 6 2
4 0 3297 3335 2734 6.94427 3
5 0 3305 3343 2734 6.94427 4
6 0 3317 3359 2734 14.4924 5
7 0 3341 3375 2734 9.31371 6
8 0 3357 3391 2730 6.94427 7
9 0 3377 3399 2722 6.94427 8
10 0 3389 3407 2714 6 9
11 0 3405 3423 2710 6.94427 10
12 0 3417 3439 2702 6 11
13 0 3421 3451 2694 6.94427 12
14 0 3429 3467 2690 6 13
15 0 3437 3487 2686 6.94427 14
16 0 3441 3503 2690 6 15
17 0 3437 3511 2694 6 16
