# Generated by NeuTu (https://github.com/janelia-flyem/NeuTu)
1 0 3294 3379 2659 2 -1
2 0 3294 3383 2663 3.65685 1
3 0 3298 3387 2671 6 2
4 0 3306 3379 2687 6 3
5 0 3310 3379 2699 6 4
6 0 3314 3371 2707 6.94427 5
7 0 3306 3347 2719 10.6491 6
8 0 3306 3331 2719 6.94427 7
9 0 3294 3315 2715 6 8
10 0 3294 3303 2707 6.94427 9
11 0 3286 3287 2703 3.65685 10
12 0 3282 3279 2703 6.94427 11
13 0 3266 3271 2695 6.94427 12
14 0 3258 3263 2695 3.65685 13
15 0 3254 3259 2695 3.65685 14
16 0 3250 3259 2691 2 15
