# Generated by NeuTu (https://github.com/janelia-flyem/NeuTu)
1 0 3201 3719 2877 6 -1
2 0 3209 3703 2861 6 1
3 0 3209 3695 2853 3.65685 2
4 0 3213 3695 2845 6 3
5 0 3225 3695 2833 6 4
6 0 3241 3691 2817 6 5
7 0 3249 3699 2809 6 6
8 0 3265 3699 2801 6 7
9 0 3269 3695 2797 3.65685 8
10 2 3279.12 3688.88 2797 6.17227 9
11 0 3297 3675 2801 6.94427 10
12 0 3305 3671 2801 3.65685 11
13 0 3325 3667 2805 10.6491 12
14 0 3333 3675 2805 6.94427 13
15 0 3341 3675 2801 6 14
16 0 3357 3679 2813 6 15
17 0 3361 3671 2829 6 16
18 0 3365 3667 2845 6 17
19 0 3365 3667 2853 6 18
20 0 3353 3671 2869 6 19
21 0 3345 3675 2881 6.94427 20
22 0 3337 3667 2893 3.65685 21
23 0 3333 3667 2897 3.65685 22
24 0 3333 3663 2905 3.65685 23
25 0 3329 3651 2917 9.31371 24
26 0 3333 3647 2929 12.4222 25
27 0 3325 3643 2809 6.94427 13
28 0 3325 3619 2809 12.4222 27
29 0 3333 3611 2817 6.94427 28
30 0 3349 3599 2817 6 29
31 0 3357 3599 2817 6 30
32 0 3365 3607 2817 6.94427 31
33 0 3373 3607 2817 6 32
34 0 3381 3599 2813 6 33
35 0 3393 3579 2797 6.94427 34
36 0 3269 3695 2781 6.94427 10
37 0 3261 3691 2773 6 36
38 0 3261 3687 2765 6 37
39 0 3249 3671 2761 6.94427 38
40 0 3237 3667 2769 6.94427 39
41 0 3225 3659 2777 6 40
42 0 3217 3655 2777 3.65685 41
43 0 3213 3651 2781 2 42
