# Generated by NeuTu (https://github.com/janelia-flyem/NeuTu)
1 0 3547 3025 1691 2 -1
2 0 3543 3029 1695 3.65685 1
3 0 3543 3037 1695 6.94427 2
4 0 3531 3053 1699 6.94427 3
5 0 3527 3061 1699 6.94427 4
6 0 3519 3069 1695 10.6491 5
7 0 3499 3077 1691 6 6
8 0 3491 3077 1687 6 7
9 0 3483 3077 1679 3.65685 8
10 0 3479 3081 1675 2 9
11 0 3475 3081 1663 6 10
12 0 3467 3093 1647 6 11
13 0 3455 3093 1639 6 12
14 0 3451 3097 1635 3.65685 13
15 0 3447 3101 1631 3.65685 14
16 0 3439 3109 1627 6 15
17 0 3439 3117 1619 6 16
