# Generated by NeuTu (https://github.com/janelia-flyem/NeuTu)
1 0 3108 1990 2113 2 -1
2 0 3104 1994 2113 3.65685 1
3 0 3100 2026 2105 18.3961 2
4 0 3088 2066 2109 39.1825 3
5 2 3088.56 2120.77 2111.87 44.3699 4
6 2 3091.34 2154.11 2106.32 34.6986 5
7 0 3096 2210 2093 24.8328 6
8 0 3032 2242 2085 35.9473 7
9 2 2984 2242 2101 27.646 8
10 2 2972 2242 2101 26.829 9
11 2 2960.89 2242.89 2101.44 25.7331 10
12 0 2920 2258 2121 14 11
13 2 2915.57 2284.28 2143.71 11.0102 12
14 0 2928 2322 2169 9.31371 13
15 0 2944 2354 2177 10 14
16 0 2976 2362 2193 14 15
17 0 3020 2362 2189 15.8885 16
18 0 3056 2354 2165 14 17
19 0 3064 2370 2117 26 18
20 0 3044.16 2368.58 2048.51 31.4784 19
21 2 3052 2430.14 2031.34 41.9987 20
22 2 3052 2456.34 2020.86 37.4221 21
23 2 3054.79 2478.54 2014.21 33.2027 22
24 2 3058.92 2497.15 2010.08 29.4437 23
25 0 3048 2534 1989 14.9706 24
26 0 3036 2562 1973 12.4222 25
27 0 3036 2582 1973 18 26
28 0 3036 2610 1957 14 27
29 0 3040 2626 1925 6.94427 28
30 0 3044 2634 1909 6.94427 29
31 0 3056 2642 1885 10 30
32 0 3076 2654 1865 9.31371 31
33 0 3084 2666 1853 9.31371 32
34 0 3088 2670 1845 6.94427 33
35 0 3100 2682 1821 12.4222 34
36 0 3104 2694 1813 12.4222 35
37 0 3132 2722 1821 15.8885 36
38 2 3155.08 2736.31 1821.77 12.4222 37
39 0 3176 2754 1833 12.4222 38
40 0 3184 2766 1845 6.94427 39
41 0 3196 2786 1865 10 40
42 0 3216 2798 1889 14 41
43 0 3240 2798 1893 10 42
44 0 3252 2802 1893 6.94427 43
45 0 3260 2810 1901 6 44
46 0 3280 2814 1901 9.31371 45
47 0 3300 2830 1909 12.4222 46
48 0 3324 2854 1913 14.4924 47
49 0 3356 2886 1917 15.8885 48
50 0 3379.79 2940.74 1908.79 21.7895 49
51 0 3356 2982 1897 9.31371 50
52 0 3340 2998 1885 6.94427 51
53 0 3332 3010 1877 6.94427 52
54 0 3324 3022 1865 9.31371 53
55 0 3316 3038 1849 10.6491 54
56 0 3316 3050 1829 10 55
57 0 3316 3062 1809 10 56
58 0 3328 3082 1789 9.31371 57
59 0 3332 3098 1777 10 58
60 0 3332 3114 1761 10 59
61 0 3332 3130 1745 9.31371 60
62 0 3332 3142 1737 10.6491 61
63 0 3324 3162 1721 6 62
64 0 3324 3178 1713 6 63
65 0 3328 3186 1705 9.31371 64
66 0 3328 3194 1681 6 65
67 0 3332 3194 1657 10.6491 66
68 0 3340 3190 1629 10 67
69 0 3348 3202 1609 6.94427 68
70 0 3360 3202 1569 12.4222 69
71 0 3328 3178 1529 35.7359 70
72 0 3272 3174 1505 18 71
73 0 3252 3174 1505 10.6491 72
74 0 3216 3178 1517 14.4924 73
75 0 3184 3182 1525 18 74
76 0 3160 3186 1529 10.6491 75
77 0 3128 3206 1533 14.4924 76
78 0 3092 3234 1537 12.4222 77
79 0 3056 3262 1541 18 78
80 0 3020 3306 1545 22.3311 79
81 2 2988 3330.8 1566.6 20.7667 80
82 0 2940 3342 1593 10 81
83 0 2916 3342 1593 10 82
84 0 2892 3338 1601 12.4222 83
85 0 2868 3334 1605 12.4222 84
86 0 2848 3330 1605 19.5407 85
87 0 2804 3326 1617 14 86
88 0 2772 3318 1625 9.31371 87
89 0 2748 3306 1633 10.6491 88
90 0 2720 3290 1637 9.31371 89
91 0 2700 3274 1637 10.6491 90
92 0 2688 3270 1625 12.4222 91
93 0 2668 3258 1625 10 92
94 0 2652 3242 1613 10.6491 93
95 2 2639.06 3221.06 1589.59 13.0255 94
96 0 2628 3218 1573 9.31371 95
97 0 2612 3210 1553 9.31371 96
98 0 2604 3194 1537 10.6491 97
99 0 2588 3174 1521 10.6491 98
100 0 2568 3154 1513 12.4222 99
101 0 2544 3142 1497 10 100
102 0 2520 3138 1493 10 101
103 0 2492 3134 1501 6.94427 102
104 0 2422.59 3133.94 1525.06 38.7328 103
105 0 2384.89 3102.89 1549.44 19.7332 104
106 0 2364 3082 1565 10.6491 105
107 0 2368 3050 1585 12.4222 106
108 0 2376 3030 1589 14 107
109 0 2392 3018 1593 10.6491 108
110 0 2412 3006 1593 12.4222 109
111 0 2436 2986 1589 9.31371 110
112 0 2460 2966 1585 12.4222 111
113 0 2480 2950 1581 12.4222 112
114 0 2492 2942 1581 9.31371 113
115 0 2516 2926 1585 12.4222 114
116 0 2548 2894 1601 18 115
117 0 2556 2874 1617 18 116
118 2 2549.67 2833.33 1629.67 14.8333 117
119 0 2540 2814 1673 9.31371 118
120 0 2544 2810 1705 9.31371 119
121 0 2544 2810 1717 10 120
122 0 2548 2810 1729 10 121
123 0 2552 2798 1745 6 122
124 0 2556 2794 1753 6 123
125 0 2556 2790 1765 10 124
126 0 2572 2790 1789 10 125
127 0 2572 2782 1813 9.31371 126
128 0 2572 2790 1841 6 127
129 0 2576 2794 1849 9.31371 128
130 0 2576 2794 1873 12.4222 129
131 0 2568 2778 1897 9.31371 130
132 0 2564 2778 1917 10 131
133 0 2556 2778 1937 6 132
134 0 2556 2778 1945 6 133
135 0 2560 2774 1957 9.31371 134
136 2 2552.4 2770 1975.8 10.5156 135
137 0 2544 2794 1985 10.6491 136
138 0 2540 2826 2001 14.4924 137
139 0 2491.35 2838.37 2017 32.0335 138
140 2 2471.97 2849.45 2017 27.7578 139
141 2 2450.53 2871.31 2015.08 22.1527 140
142 2 2433.58 2892.42 2012.39 16.8862 141
143 0 2412 2914 2013 9.31371 142
144 0 2404 2930 2045 14 143
145 0 2420 2946 2085 14 144
146 0 2448 2962 2109 14.9706 145
147 0 2468 2986 2133 20.6274 146
148 0 2535.19 3040.79 2138.53 44.4417 147
149 0 2567.06 3093.77 2098.64 43.5327 148
150 0 2564 3106 2065 46.1664 149
151 0 2548 3090 2021 14.9706 150
152 0 2544 3094 2005 9.31371 151
153 0 2536 3086 1993 6.94427 152
154 0 2528 3078 1985 12.4222 153
155 0 2520 3070 1977 12.4222 154
156 0 2500 3078 1961 6 155
157 0 2564 3046 2065 18 150
158 0 2580 3034 2061 10 157
159 0 2604 3034 2061 10 158
160 0 2616 3030 2069 12.4222 159
161 0 2628 3026 2081 9.31371 160
162 0 2588 3158 2081 23.2982 150
163 0 2596 3182 2081 6 162
164 0 2520 3066 2085 21.3238 149
165 0 2476 3030 2097 18 164
166 0 2464 3018 2089 6 165
167 0 2564 3054 2201 6 148
168 0 2416 2918 1989 12.4222 143
169 0 2420 2910 1965 9.31371 168
170 0 2428 2882 2041 15.8885 142
171 0 2436 2858 2061 32.176 170
172 0 2468 2806 2113 26.2843 171
173 0 2488 2822 2121 6.94427 172
174 0 2492 2830 2125 2 173
175 0 2492 2834 2125 2 174
176 0 2472 2882 1985 15.8885 141
177 0 2468 2902 1965 6.94427 176
178 0 2472 2910 1957 9.31371 177
179 0 2480 2918 1953 6.94427 178
180 2 2499.65 2803.04 2075.09 36.7461 140
181 2 2526.96 2783.04 2123.67 34.4497 180
182 0 2532 2766 2165 21.3238 181
183 0 2560 2750 2189 9.31371 182
184 0 2572 2734 2201 9.31371 183
185 0 2584 2722 2213 14 184
186 0 2588 2710 2221 10 185
187 0 2596 2698 2233 14.4924 186
188 0 2628 2682 2241 9.31371 187
189 0 2640 2666 2229 10.6491 188
190 0 2644 2654 2229 9.31371 189
191 0 2572 2802 2141 3.65685 181
192 0 2576 2802 2145 3.65685 191
193 0 2580 2810 2153 6 192
194 0 2584 2818 2161 6.94427 193
195 0 2536 2802 2065 21.3238 180
196 0 2552 2814 2049 9.31371 195
197 0 2488 2798 2005 30 139
198 0 2564 2750 1985 10 136
199 0 2552 2734 1997 9.31371 198
200 0 2536 2718 2001 9.31371 199
201 0 2520 2706 1989 10 200
202 0 2504 2694 1985 9.31371 201
203 0 2500 2686 1977 9.31371 202
204 0 2504 2682 1969 6 203
205 0 2548 2862 1709 2 121
206 0 2552 2866 1709 3.65685 205
207 0 2552 2870 1709 2 206
208 0 2552 2874 1709 2 207
209 0 2572 2810 1609 14.4924 118
210 0 2592 2790 1613 9.31371 209
211 0 2604 2774 1625 9.31371 210
212 0 2624 2758 1633 9.31371 211
213 0 2640 2742 1641 6.94427 212
214 0 2656 2734 1649 9.31371 213
215 0 2676 2718 1661 9.31371 214
216 0 2692 2710 1669 6.94427 215
217 0 2708 2698 1681 9.31371 216
218 0 2724 2690 1689 9.31371 217
219 0 2740 2674 1697 9.31371 218
220 0 2756 2650 1697 9.31371 219
221 0 2772 2630 1693 9.31371 220
222 0 2792 2618 1685 10 221
223 0 2808 2618 1681 12.4222 222
224 0 2832 2610 1681 6.94427 223
225 0 2856 2606 1697 12.4222 224
226 0 2868 2594 1725 12.4222 225
227 0 2876 2578 1745 6.94427 226
228 0 2876 2558 1765 6 227
229 0 2868 2542 1785 10 228
230 0 2864 2522 1809 6.94427 229
231 0 2864 2510 1825 3.65685 230
232 0 2864 2510 1833 3.65685 231
233 0 2864 2506 1837 3.65685 232
234 0 2856 2494 1853 10 233
235 0 2852 2486 1869 14.4924 234
236 0 2844 2462 1893 9.31371 235
237 0 2832 2450 1913 12.4222 236
238 0 2812 2434 1953 14.9706 237
239 0 2796 2418 1993 9.31371 238
240 0 2784 2414 1997 6 239
241 0 2608 2818 1649 2 210
242 0 2604 2822 1649 2 241
243 0 2604 2826 1649 2 242
244 0 2368 3054 1605 6.94427 107
245 0 2356 3062 1613 6 244
246 0 2348 3062 1613 6 245
247 0 2340 3066 1621 6.94427 246
248 0 2328 3074 1625 14.4924 247
249 0 2292 3086 1641 14.4924 248
250 0 2260 3086 1645 10 249
251 0 2244 3098 1653 10.6491 250
252 0 2236 3122 1649 6 251
253 0 2236 3130 1645 6 252
254 0 2384 3130 1565 22 105
255 0 2352 3146 1577 10.6491 254
256 0 2332 3158 1581 9.31371 255
257 0 2316 3174 1589 10.6491 256
258 0 2300 3186 1601 12.4222 257
259 0 2276 3182 1613 6.94427 258
260 0 2256 3174 1625 10.6491 259
261 0 2240 3178 1625 14.9706 260
262 0 2236 3206 1625 14 261
263 0 2236 3234 1625 6.94427 262
264 0 2248 3258 1625 14 263
265 0 2280 3258 1625 14 264
266 0 2324 3250 1629 19.5407 265
267 0 2400 3230 1629 42 266
268 0 2468 3234 1629 12.4222 267
269 0 2480 3238 1629 6 268
270 0 2368 3198 1517 12.4222 104
271 0 2324 3226 1493 28.4631 270
272 0 2296 3246 1481 32.4093 271
273 0 2276 3266 1453 14.4924 272
274 0 2256 3242 1449 6 273
275 0 2256 3226 1449 6 274
276 0 2256 3218 1449 6 275
277 0 2660 3202 1605 12.4222 95
278 0 2676 3178 1609 10 277
279 0 2676 3154 1613 9.31371 278
280 0 2688 3130 1613 10.6491 279
281 0 2692 3106 1613 10 280
282 0 2692 3078 1613 14 281
283 0 2692 3050 1617 10 282
284 0 2688 3026 1621 10 283
285 0 2688 3002 1621 10 284
286 0 2684 2986 1625 14 285
287 0 2688 2966 1633 10 286
288 0 2692 2950 1645 12.4222 287
289 0 2720 2922 1657 12.4222 288
290 0 2736 2906 1673 6.94427 289
291 0 2744 2902 1689 6.94427 290
292 0 2752 2894 1705 6.94427 291
293 0 2760 2886 1717 9.31371 292
294 0 2764 2874 1745 14 293
295 0 2744 2854 1777 9.31371 294
296 0 2728 2838 1797 6.94427 295
297 0 2724 2818 1817 9.31371 296
298 0 2712 2794 1841 15.8885 297
299 0 2712 2786 1877 14 298
300 0 2720 2758 1909 12.4222 299
301 0 2712 2746 1941 10 300
302 0 2712 2734 1961 12.4222 301
303 0 2715.4 2734 1999.2 18.2349 302
304 0 2726 2734 2025 27.6407 303
305 0 2736 2734 2045 34.8782 304
306 2 2753.84 2728.9 2062.84 33.0065 305
307 2 2773.31 2716.69 2104.02 37.5563 306
308 2 2757.04 2714 2138.28 25.6083 307
309 0 2728 2718 2177 6.94427 308
310 0 2720 2718 2185 6 309
311 0 2704 2718 2197 10 310
312 0 2672 2710 2213 14.4924 311
313 0 2656 2710 2221 6 312
314 0 2648 2710 2221 6 313
315 0 2748 2674 2157 18 308
316 0 2728 2670 2177 6.94427 315
317 0 2804 2762 2129 14 307
318 0 2820 2778 2141 18 317
319 0 2824 2806 2149 3.65685 318
320 0 2828 2810 2153 2 319
321 0 2800 2738 2045 34 306
322 0 2824 2718 2029 12.4222 321
323 0 2828 2718 2017 6 322
324 0 2836 2714 2005 6 323
325 0 2840 2718 2001 3.65685 324
326 0 2844 2718 2001 2 325
327 0 2740 2774 2045 15.8885 305
328 0 2748 2794 2053 14.4924 327
329 0 2724 2702 2065 23.2982 304
330 0 2724 2678 2065 15.8885 329
331 0 2736 2658 2085 2 330
332 0 2740 2658 2085 2 331
333 0 2760 2754 2005 18 303
334 0 2772 2750 1985 10 333
335 0 2668 2942 1645 9.31371 288
336 0 2656 2938 1637 10 335
337 0 2636 2930 1641 3.65685 336
338 0 2632 2926 1641 2 337
339 0 3008 3350 1549 10 81
340 0 3012 3366 1545 2 339
341 0 3012 3370 1545 2 340
342 0 3012 3374 1545 3.65685 341
343 0 3016 3378 1541 2 342
344 0 3248 3146 1501 2 73
345 0 3252 3142 1501 2 344
346 0 3316 3186 1737 10 64
347 2 3304.8 3186 1763.4 10.5156 346
348 0 3300 3186 1777 6 347
349 0 3296 3190 1785 9.31371 348
350 0 3284 3186 1817 10 349
351 0 3280 3186 1829 12.4222 350
352 0 3268 3182 1861 9.31371 351
353 0 3256 3174 1885 6.94427 352
354 0 3244 3166 1905 9.31371 353
355 0 3228 3162 1921 9.31371 354
356 0 3208 3154 1945 10.6491 355
357 0 3178.67 3156.67 1971.67 20.6274 356
358 0 3166.81 3171.48 1989.45 23.1066 357
359 2 3150.58 3176.12 2003.36 30.856 358
360 0 3128 3178 2041 24.8328 359
361 0 3108 3194 2049 10.6491 360
362 0 3076 3218 2041 30.249 361
363 2 3066.62 3218 2040.15 29.3435 362
364 2 3033.8 3218 2037.16 26.1741 363
365 0 3008 3238 2045 18 364
366 0 2992 3254 2045 20.6274 365
367 0 2956 3262 2057 14 366
368 2 2938.15 3261.26 2074.85 18.6327 367
369 0 2921.94 3242.35 2098.83 19.8125 368
370 0 2920 3202 2113 15.8885 369
371 0 2904 3190 2133 18 370
372 0 2896 3202 2145 15.8885 371
373 0 2904 3210 2157 10 372
374 0 2920 3210 2161 2 373
375 0 2936 3226 2153 10 369
376 0 2944 3222 2165 3.65685 375
377 0 2948 3226 2169 2 376
378 2 2912.96 3264.09 2078.53 27.9498 368
379 2 2897.48 3265.83 2080.78 33.6758 378
380 0 2868 3266 2109 18 379
381 0 2848 3282 2125 6.94427 380
382 0 2832 3290 2125 6 381
383 0 2824 3290 2125 6 382
384 0 2908 3298 2045 14 379
385 0 2928 3310 2033 3.65685 384
386 0 2932 3314 2033 3.65685 385
387 0 2936 3314 2033 2 386
388 0 2924 3286 2121 9.31371 378
389 0 2932 3302 2129 6.94427 388
390 0 3020 3182 2029 24.8328 364
391 0 3040 3242 2009 18 363
392 0 3020 3266 2005 30 391
393 0 3016 3294 1993 12.4222 392
394 0 3008 3306 1993 10 393
395 0 3012 3318 1985 6 394
396 0 3084 3262 1989 35.7359 362
397 0 3044 3278 1949 12.4222 396
398 0 3044 3278 1933 9.31371 397
399 0 3044 3278 1921 10.6491 398
400 0 3040 3294 1905 9.31371 399
401 0 3040 3302 1897 6.94427 400
402 0 3040 3310 1873 12.4222 401
403 0 3044 3310 1861 9.31371 402
404 0 3040 3270 1901 10.6491 399
405 0 3036 3250 1877 12.4222 404
406 0 3032 3238 1865 12.4222 405
407 0 3156 3170 2073 10.6491 360
408 0 3160 3166 2097 6 407
409 0 3160 3166 2105 6 408
410 0 3148 3230 1977 10.6491 359
411 0 3192 3182 2009 9.31371 358
412 0 3188 3198 2009 6 411
413 0 3188 3206 2009 6 412
414 0 3192 3210 2005 6 413
415 0 3196 3218 2005 3.65685 414
416 0 3196 3222 2009 2 415
417 0 3196 3226 2009 2 416
418 2 3163.15 3149.75 1964.75 19.872 357
419 0 3128 3126 1941 18 418
420 0 3120 3110 1933 14.9706 419
421 0 3112 3094 1933 6.94427 420
422 0 3152 3210 1949 18 418
423 0 3156 3238 1937 3.65685 422
424 0 3156 3242 1937 2 423
425 0 3308 3210 1765 6.94427 347
426 0 3320 3210 1781 6 425
427 0 3324 3214 1789 6.94427 426
428 0 3320 3210 1797 3.65685 427
429 0 3320 3210 1801 3.65685 428
430 0 3316 3214 1805 3.65685 429
431 0 3316 3214 1809 2 430
432 0 3416 2938 1957 14.9706 50
433 0 3448 2926 1989 22 432
434 0 3484 2914 2013 10 433
435 0 3512 2910 2013 12.4222 434
436 0 3536 2906 2013 10 435
437 0 3548 2902 2013 6 436
438 0 3564 2898 2013 6.94427 437
439 0 3584 2886 1993 9.31371 438
440 0 3600 2882 1977 10 439
441 0 3632 2866 1961 14 440
442 0 3656 2842 1957 10.6491 441
443 0 3668 2830 1957 14.4924 442
444 0 3684 2830 1953 10 443
445 0 3708 2814 1949 12.4222 444
446 0 3740 2802 1953 10.6491 445
447 0 3776 2790 1945 14 446
448 0 3792 2786 1941 14.4924 447
449 0 3816 2762 1941 9.31371 448
450 0 3832 2738 1941 12.4222 449
451 0 3840 2694 1949 14 450
452 0 3840 2658 1961 14.4924 451
453 0 3840 2634 1977 18.3961 452
454 0 3848 2606 2005 12.4222 453
455 0 3828 2594 2025 10 454
456 0 3816 2586 2037 10 455
457 0 3796 2590 2041 19.5407 456
458 0 3756 2634 2113 52.4059 457
459 2 3749.23 2634 2146.85 45.273 458
460 0 3744 2634 2173 39.7612 459
461 0 3724 2662 2193 24.8328 460
462 0 3704 2682 2193 26.8444 461
463 0 3672 2714 2209 6 462
464 0 3652 2722 2229 14 463
465 0 3628 2730 2245 18 464
466 0 3604 2714 2253 3.65685 465
467 0 3600 2710 2253 2 466
468 0 3780 2646 2197 6.94427 460
469 0 3800 2662 2221 14 468
470 0 3812 2658 2245 6.94427 469
471 0 3804 2654 2269 10 470
472 0 3804 2662 2285 12.4222 471
473 0 3804 2678 2305 9.31371 472
474 0 3748 2678 2169 14.4924 459
475 0 3744 2694 2173 12.4222 474
476 0 3732 2702 2165 9.31371 475
477 0 3744 2710 2125 14.4924 458
478 0 3724 2730 2113 9.31371 477
479 0 3716 2734 2109 6 478
480 0 3712 2730 2105 2 479
481 0 3708 2726 2105 2 480
482 0 3724 2682 2065 2 458
483 0 3728 2686 2065 2 482
484 0 3728 2690 2069 2 483
485 0 3724 2694 2073 6 484
486 0 3720 2694 2085 6 485
487 0 3780 2566 2049 12.4222 457
488 0 3768 2546 2049 12.4222 487
489 0 3756 2542 2037 10 488
490 0 3744 2534 2037 2 489
491 0 3740 2534 2037 2 490
492 0 3436 2910 2021 9.31371 433
493 0 3424 2898 2041 6.94427 492
494 0 3408 2902 2057 9.31371 493
495 0 3404 2910 2065 6.94427 494
496 0 3412 2934 2089 14 495
497 0 3440 2970 2085 14 496
498 0 3448 3002 2089 32.176 497
499 0 3400 3014 2089 10.6491 498
500 0 3376 3018 2089 6.94427 499
501 0 3352 3034 2089 10 500
502 0 3340 3042 2081 9.31371 501
503 0 3332 3050 2085 6 502
504 0 3328 3062 2085 6.94427 503
505 0 3316 3078 2073 9.31371 504
506 0 3316 3094 2069 6.94427 505
507 0 3312 3102 2061 6 506
508 0 3312 3118 2061 6 507
509 0 3312 3138 2049 10.6491 508
510 0 3328 3166 2041 14.9706 509
511 0 3328 3182 2041 6.94427 510
512 0 3340 3206 2045 9.31371 511
513 0 3356.84 3231.17 2046.51 13.4695 512
514 2 3363.35 3240.3 2058.24 21.6059 513
515 0 3376 3258 2081 37.3954 514
516 2 3376 3240.18 2110.71 42.9084 515
517 2 3376.51 3233.75 2123.79 43.6951 516
518 2 3381.4 3231.3 2150.68 32.8794 517
519 2 3383.56 3230.22 2162.56 28.1037 518
520 0 3404 3250 2201 22 519
521 0 3388 3258 2245 14 520
522 0 3376 3262 2257 6.94427 521
523 0 3372 3266 2269 6 522
524 0 3368 3266 2281 3.65685 523
525 0 3368 3266 2289 6 524
526 0 3368 3266 2301 6 525
527 0 3364 3262 2313 9.31371 526
528 0 3356 3254 2321 6 527
529 0 3356 3250 2329 3.65685 528
530 0 3352 3246 2329 3.65685 529
531 0 3352 3242 2329 2 530
532 0 3352 3194 2193 9.31371 519
533 0 3340 3182 2205 6 532
534 0 3332 3182 2209 6 533
535 0 3324 3178 2213 3.65685 534
536 0 3320 3178 2209 2 535
537 0 3332 3226 2177 14 518
538 0 3320 3230 2189 14 537
539 0 3308 3238 2189 9.31371 538
540 0 3296 3246 2189 12.4222 539
541 0 3292 3258 2189 6.94427 540
542 2 3417.59 3188.65 2132.49 27.251 517
543 0 3448 3146 2153 9.31371 542
544 0 3444 3134 2169 6 543
545 0 3440 3118 2185 9.31371 544
546 0 3444 3098 2205 10.6491 545
547 0 3448 3094 2217 6 546
548 0 3452 3218 2137 15.8885 542
549 0 3480 3234 2141 12.4222 548
550 0 3492 3242 2133 9.31371 549
551 0 3504 3242 2133 6 550
552 0 3448 3214 2105 26 516
553 0 3484 3230 2105 3.65685 552
554 0 3488 3230 2105 3.65685 553
555 0 3492 3234 2105 2 554
556 0 3384 3198 2085 22.3311 515
557 0 3372 3182 2069 14.9706 556
558 0 3356 3182 2061 3.65685 557
559 0 3352 3178 2061 2 558
560 0 3376 3278 2041 18 514
561 0 3384 3306 2021 10 560
562 0 3380 3318 2013 6.94427 561
563 0 3372 3326 2005 9.31371 562
564 0 3368 3338 2001 2 563
565 0 3364 3246 2025 10 513
566 0 3364 3250 2013 10 565
567 0 3364 3250 1985 24.8328 566
568 0 3368 3254 1957 9.31371 567
569 2 3464.7 2999.77 2071.19 32.176 498
570 2 3518.1 3004.1 1998.07 29.7063 569
571 2 3514.25 3026.13 1964.24 29.241 570
572 0 3504 3042 1925 14.4924 571
573 0 3492 3046 1913 14.4924 572
574 0 3496 3042 1897 9.31371 573
575 0 3504 3046 1881 14 574
576 0 3500 3066 1865 6 575
577 0 3500 3074 1857 6 576
578 0 3524 3074 1981 6.94427 571
579 0 3528 3082 1981 2 578
580 0 3532 3086 1981 2 579
581 0 3556 2966 1973 12.4222 570
582 0 3564 2954 1953 3.65685 581
583 0 3564 2950 1953 2 582
584 0 3516 2978 2061 30 569
585 0 3556 2946 2057 9.31371 584
586 0 3568 2946 2061 6 585
587 0 3580 2946 2061 9.31371 586
588 0 3600 2946 2069 9.31371 587
589 0 3608 2954 2073 6 588
590 0 3200 2790 1909 14 42
591 0 3188 2782 1929 9.31371 590
592 0 3180 2774 1945 9.31371 591
593 0 3180 2766 1961 6 592
594 0 3180 2758 1969 9.31371 593
595 0 3176 2750 1989 6.94427 594
596 0 3168 2742 2005 6.94427 595
597 0 3160 2730 2021 10 596
598 0 3152 2714 2041 10.6491 597
599 0 3144 2702 2065 10.6491 598
600 0 3144 2694 2073 10 599
601 0 3136 2686 2101 15.8885 600
602 2 3121.82 2684.55 2130.82 27.6466 601
603 2 3118.55 2682.36 2139.55 29.6901 602
604 2 3114.57 2679.71 2150.14 32.1715 603
605 0 3092 2626 2205 36.1421 604
606 0 3032 2586 2229 28.4631 605
607 0 3012 2582 2257 10 606
608 0 3012 2582 2273 10.6491 607
609 0 3020 2594 2289 10 608
610 0 3028 2606 2309 6 609
611 0 3092 2586 2233 18 605
612 0 3084 2566 2233 10.6491 611
613 2 3142.61 2678.92 2162.07 25.2559 604
614 0 3176 2658 2169 26.2843 613
615 0 3224 2646 2181 10 614
616 0 3244 2642 2181 6 615
617 0 3160 2666 2201 26.2843 613
618 0 3176 2674 2225 10 617
619 0 3156 2746 2153 23.6125 603
620 0 3168 2766 2161 14 619
621 0 3085.56 2617.81 2132.31 18.2749 603
622 0 3084 2594 2137 3.65685 621
623 0 3084 2590 2137 2 622
624 0 3100 2590 2149 18.3961 621
625 0 3112 2574 2137 2 624
626 0 3112 2570 2133 2 625
627 0 3084 2670 2097 10.6491 602
628 0 3092 2666 2077 12.4222 627
629 0 3096 2670 2053 6 628
630 0 3100 2678 2045 6 629
631 0 3136 2702 2033 6 598
632 0 3124 2686 2029 9.31371 631
633 0 3116 2682 2021 10 632
634 0 3108 2670 2017 2 633
635 0 3108 2666 2017 2 634
636 0 3140 2734 1797 10 38
637 0 3124 2730 1789 10 636
638 0 3112 2730 1797 6 637
639 0 3092 2690 1785 10.6491 36
640 0 3064 2698 1761 12.4222 639
641 0 3032 2718 1753 12.4222 640
642 0 3008 2734 1753 9.31371 641
643 0 2996 2746 1765 10 642
644 0 2984 2762 1789 10.6491 643
645 0 2964 2766 1813 12.4222 644
646 0 2944 2774 1833 10 645
647 0 2932 2774 1845 9.31371 646
648 0 2932 2774 1857 9.31371 647
649 0 2920 2766 1877 6.94427 648
650 0 2908 2750 1893 9.31371 649
651 0 2900 2742 1909 6.94427 650
652 0 2892 2730 1929 9.31371 651
653 0 2880 2718 1953 14 652
654 0 2884 2710 1985 6.94427 653
655 0 2884 2706 2005 6.94427 654
656 0 2888 2698 2029 9.31371 655
657 0 2920 2686 2057 21.3238 656
658 0 2940 2694 2065 15.8885 657
659 2 2970.15 2716.62 2057.46 21.0102 658
660 0 2996 2742 2061 18 659
661 2 2999.45 2773.04 2074.8 30.2232 660
662 2 2992.49 2810.54 2079.5 43.3285 661
663 2 2989.34 2824.19 2080.55 48.0085 662
664 0 2988 2830 2081 50 663
665 0 2988 2914 2073 21.3238 664
666 0 2988 2938 2077 14.9706 665
667 0 2972 2954 2073 12.4222 666
668 0 2960 2958 2073 6 667
669 0 3000 2882 2121 12.4222 664
670 0 2992 2898 2113 12.4222 669
671 0 3000 2874 2005 14 663
672 0 2980 2878 1981 10 671
673 0 2972 2890 1969 3.65685 672
674 0 2972 2894 1965 2 673
675 0 2972 2898 1965 2 674
676 0 2964 2810 2149 35.7359 662
677 0 2940 2782 2161 19.5407 676
678 2 2932.51 2803.47 2097.29 25.6795 662
679 0 2884 2806 2089 23.6125 678
680 0 2868 2814 2073 18 679
681 0 2924 2782 2065 20.6274 678
682 0 2904 2774 2061 3.65685 681
683 0 2900 2774 2061 2 682
684 0 3028 2782 2033 14 661
685 0 2952 2726 2037 6 659
686 0 2944 2730 2013 10.6491 685
687 0 2948 2734 1997 9.31371 686
688 0 2956 2730 1989 6 687
689 0 2964 2730 1985 6 688
690 0 2972 2734 1977 3.65685 689
691 0 2972 2734 1973 2 690
692 0 3088 2470 2049 43.607 24
693 0 3152 2486 2077 10.6491 692
694 0 3156 2498 2077 3.65685 693
695 0 3160 2502 2077 2 694
696 0 3032 2506 1965 14 23
697 0 3044 2530 1953 9.31371 696
698 0 3056 2534 1953 6.94427 697
699 0 3064 2530 1953 6 698
700 0 3040 2410 1985 23.6125 22
701 0 3068 2406 2081 9.31371 21
702 0 3076 2394 2085 14.4924 701
703 0 3084 2346 2049 14 20
704 0 3096 2346 2081 10.6491 703
705 0 3096 2354 2093 10 704
706 0 2900 2266 2165 10 13
707 0 2892 2258 2181 6 706
708 0 2892 2258 2189 6 707
709 0 2892 2250 2197 6.94427 708
710 0 2884 2242 2221 9.31371 709
711 0 2880 2234 2241 9.31371 710
712 0 2880 2230 2257 9.31371 711
713 0 2880 2226 2269 6 712
714 0 2880 2222 2289 6 713
715 0 2884 2214 2305 6 714
716 0 2892 2206 2313 6.94427 715
717 0 2892 2190 2325 6 716
718 0 3016 2242 2049 37.3954 11
719 0 3052 2254 2029 38 718
720 0 3084 2234 2021 15.8885 719
721 0 3092 2222 2009 14 720
722 0 3084 2206 2005 9.31371 721
723 0 3076 2198 2009 3.65685 722
724 0 3072 2202 2013 2 723
725 0 2976 2210 2129 6.94427 10
726 0 2968 2198 2137 6 725
727 0 3012 2242 2153 9.31371 9
728 0 3020 2246 2181 14.9706 727
729 0 3024 2246 2217 14.4924 728
730 2 3024 2246.46 2239.31 17.5953 729
731 0 3024 2250 2257 14.4924 730
732 0 3040 2258 2277 10 731
733 0 3056 2266 2293 9.31371 732
734 0 3012 2250 2285 15.8885 731
735 0 3024 2254 2297 10 734
736 0 3036 2226 2253 6 730
737 0 3032 2210 2265 6 736
738 0 3028 2206 2269 6 737
739 0 3020 2198 2261 6 738
740 0 3016 2194 2257 2 739
741 0 3016 2190 2257 2 740
742 0 3156 2154 2101 12.4222 6
743 0 3168 2158 2101 6.94427 742
744 0 3108 2094 2157 22 5
745 0 3112 2074 2189 14.4924 744
746 0 3100 2066 2201 12.4222 745
