# Generated by NeuTu (https://github.com/janelia-flyem/NeuTu)
1 0 3304 3451 2920 6 -1
2 0 3308 3463 2920 9.31371 1
3 0 3320 3487 2916 9.31371 2
4 0 3336 3503 2920 9.31371 3
5 0 3356 3511 2920 3.65685 4
6 0 3364 3511 2924 6 5
7 0 3380 3515 2924 6 6
8 0 3392 3515 2928 9.31371 7
9 0 3404 3503 2932 6.94427 8
10 0 3408 3495 2936 3.65685 9
11 0 3412 3487 2936 6.94427 10
12 0 3408 3479 2936 6.94427 11
13 0 3404 3463 2924 3.65685 12
14 0 3404 3459 2924 2 13
15 0 3404 3451 2924 6 14
16 0 3404 3431 2916 6 15
17 0 3392 3411 2912 9.31371 16
18 0 3388 3399 2912 3.65685 17
19 0 3388 3395 2908 2 18
20 0 3388 3391 2908 2 19
21 0 3388 3387 2908 2 20
