# Generated by NeuTu (https://github.com/janelia-flyem/NeuTu)
1 0 3282 4131 2953 6.94427 -1
2 0 3290 4119 2957 6 1
3 0 3294 4099 2969 6.94427 2
4 0 3302 4099 2977 3.65685 3
5 0 3302 4099 2981 3.65685 4
6 0 3302 4095 2993 9.31371 5
7 0 3294 4095 3013 6.94427 6
8 0 3282 4111 3021 10.6491 7
9 0 3286 4135 3033 6 8
10 0 3286 4143 3041 6 9
11 0 3278 4151 3049 6 10
12 0 3266 4159 3053 6 11
13 0 3258 4175 3053 6 12
14 0 3250 4187 3049 9.31371 13
15 0 3242 4195 3045 3.65685 14
16 0 3238 4199 3045 3.65685 15
17 0 3234 4203 3041 6 16
18 0 3226 4207 3033 6 17
19 0 3222 4211 3029 3.65685 18
20 0 3206 4223 3021 9.31371 19
21 0 3198 4231 3017 6 20
22 0 3190 4231 3017 3.65685 21
23 0 3186 4235 3017 2 22
24 0 3182 4235 3017 2 23
