# Generated by NeuTu (https://github.com/janelia-flyem/NeuTu)
1 0 3305 4108 2595 6.94427 -1
2 0 3297 4120 2591 6.94427 1
3 0 3297 4128 2591 3.65685 2
4 0 3293 4132 2591 3.65685 3
5 0 3293 4140 2591 6 4
6 0 3293 4148 2591 6 5
7 0 3297 4156 2599 6 6
8 0 3301 4172 2615 6.94427 7
9 0 3301 4176 2623 6 8
10 0 3309 4176 2635 6.94427 9
11 0 3321.89 4172.44 2647.89 8.94552 10
12 0 3329 4176 2655 6 11
13 0 3345 4176 2659 6 12
14 0 3353 4184 2667 6 13
15 0 3361 4192 2675 6 14
16 0 3361 4204 2687 6 15
17 0 3365 4216 2703 9.31371 16
18 0 3369 4232 2723 6 17
19 0 3365 4236 2731 6 18
20 0 3369 4236 2739 6 19
21 0 3377 4236 2747 2 20
22 0 3385 4236 2755 6 21
23 0 3393 4228 2763 6.94427 22
24 0 3397 4216 2771 10 23
25 0 3393 4196 2779 6 24
26 0 3393 4188 2779 3.65685 25
27 0 3389 4184 2779 2 26
28 0 3389 4180 2779 2 27
29 0 3389 4172 2779 6 28
30 0 3389 4164 2779 3.65685 29
31 0 3389 4156 2775 3.65685 30
32 0 3397 4136 2763 9.31371 31
33 0 3393 4124 2755 6.94427 32
34 0 3385 4108 2743 9.31371 33
35 0 3377 4096 2743 6.94427 34
36 0 3369 4088 2735 6 35
37 0 3361 4076 2731 6 36
38 0 3341 4064 2731 6.94427 37
39 0 3333 4056 2731 3.65685 38
40 0 3329 4048 2731 6 39
41 0 3329 4032 2731 6 40
42 2 3321.4 4016.8 2731 9.14802 41
43 0 3313 4008 2727 6 42
44 0 3301 4000 2715 6 43
45 0 3289 4000 2699 6 44
46 0 3285 4004 2691 6.94427 45
47 0 3273 4004 2679 6 46
48 0 3257 4020 2659 9.31371 47
49 0 3241 4028 2643 9.31371 48
50 0 3225 4044 2639 6 49
51 0 3225 4052 2639 6 50
52 0 3341 4008 2735 6 42
53 0 3349 4008 2731 2 52
54 0 3357 4008 2731 6 53
55 0 3365 4004 2723 6.94427 54
56 0 3333 4156 2651 6 11
57 0 3337 4148 2651 6.94427 56
58 0 3345 4140 2643 6.94427 57
59 0 3357 4132 2643 2 58
