# Generated by NeuTu (https://github.com/janelia-flyem/NeuTu)
1 0 3345 4054 2738 2 -1
2 0 3345 4058 2738 2 1
3 0 3349 4066 2738 6 2
4 0 3349 4086 2738 10 3
5 0 3341.77 4131.81 2734.52 15.4929 4
6 0 3364.07 4162.75 2743.58 25.2542 5
7 0 3401 4170 2750 6.94427 6
8 0 3417 4170 2750 6 7
9 2 3428.69 4170 2747.54 6.29055 8
10 0 3445 4174 2738 9.31371 9
11 0 3453 4178 2734 6.94427 10
12 0 3461 4182 2730 2 11
13 0 3465 4186 2730 2 12
14 0 3417 4158 2738 6.94427 9
15 0 3405 4142 2734 6.94427 14
16 0 3397 4134 2726 3.65685 15
17 0 3393 4130 2722 2 16
18 0 3333 4194 2766 14.4924 6
19 0 3309 4214 2782 9.31371 18
20 0 3293 4234 2790 6.94427 19
21 0 3281 4242 2794 2 20
22 0 3321 4138 2714 6 5
23 0 3305 4130 2710 6.94427 22
24 0 3297 4130 2714 3.65685 23
25 0 3293 4126 2714 2 24
