# Generated by NeuTu (https://github.com/janelia-flyem/NeuTu)
1 0 3218 4015 2798 6.94427 -1
2 0 3210 4019 2810 9.31371 1
3 0 3210 4027 2822 6 2
4 0 3206 4043 2830 6.94427 3
5 0 3206 4055 2838 12.4222 4
6 0 3230 4063 2866 10 5
7 0 3242 4059 2878 6 6
8 0 3250 4063 2890 6 7
9 0 3254 4059 2898 6 8
10 0 3258 4063 2906 3.65685 9
11 0 3262 4067 2910 3.65685 10
12 0 3262 4071 2910 3.65685 11
13 0 3266 4075 2914 6 12
14 0 3274 4083 2922 6 13
15 0 3282 4095 2926 6 14
16 0 3286 4099 2930 3.65685 15
17 0 3294 4107 2934 6.94427 16
18 0 3302 4123 2942 6.94427 17
19 0 3302 4135 2958 6 18
20 0 3298 4139 2962 3.65685 19
21 0 3298 4139 2966 3.65685 20
22 0 3298 4147 2974 6 21
23 0 3298 4155 2982 10 22
24 0 3294 4167 2990 6.94427 23
25 0 3286 4175 2998 6.94427 24
