# Generated by NeuTu (https://github.com/janelia-flyem/NeuTu)
1 0 3657 2601 2843 6 -1
2 0 3649 2593 2847 9.31371 1
3 0 3649 2581 2847 10.6491 2
4 0 3657 2569 2839 9.31371 3
5 0 3657 2565 2827 6.94427 4
6 0 3665 2565 2815 6.94427 5
7 0 3669 2565 2795 6 6
8 0 3673 2569 2787 3.65685 7
9 0 3677 2569 2779 3.65685 8
10 0 3681 2569 2775 3.65685 9
11 0 3685 2565 2771 6 10
12 0 3689 2565 2763 6 11
13 0 3689 2565 2755 3.65685 12
14 0 3693 2565 2751 2 13
15 0 3697 2561 2743 6.94427 14
16 0 3697 2545 2739 6.94427 15
17 0 3693 2533 2743 9.31371 16
18 0 3685 2513 2743 6 17
19 0 3681 2497 2743 6 18
20 0 3681 2489 2747 6 19
21 0 3689 2477 2747 2 20
22 0 3689 2469 2743 6 21
23 0 3693 2457 2731 6 22
24 0 3693 2449 2731 6 23
25 0 3689 2437 2731 9.31371 24
26 0 3673 2425 2735 6.94427 25
27 0 3657 2413 2747 6.94427 26
28 0 3645 2397 2763 9.31371 27
29 0 3641 2385 2783 6.94427 28
30 0 3637 2373 2799 6.94427 29
31 0 3633 2361 2819 6.94427 30
32 0 3637 2353 2839 6 31
33 0 3637 2353 2855 6 32
34 0 3637 2341 2871 6 33
35 0 3641 2333 2883 6.94427 34
36 0 3645 2337 2899 6 35
37 0 3645 2341 2911 6 36
38 0 3645 2349 2927 9.31371 37
39 0 3645 2365 2939 3.65685 38
40 0 3645 2369 2943 3.65685 39
41 0 3649 2373 2947 2 40
42 0 3701 2577 2723 6 15
43 0 3701 2585 2715 6 42
44 0 3701 2593 2715 6.94427 43
