# Generated by NeuTu (https://github.com/janelia-flyem/NeuTu)
1 0 3531 2628 2783 6 -1
2 0 3531 2624 2795 6 1
3 0 3539 2616 2803 6.94427 2
4 0 3539 2608 2811 6 3
5 0 3535 2596 2815 6 4
6 0 3531 2576 2835 6.94427 5
7 0 3515 2560 2851 9.31371 6
8 0 3507 2552 2871 3.65685 7
9 0 3503 2548 2875 6 8
10 0 3491 2540 2887 6.94427 9
11 0 3487 2532 2891 3.65685 10
12 0 3483 2524 2895 6 11
13 0 3483 2508 2911 6 12
14 0 3483 2500 2915 3.65685 13
15 0 3479 2496 2919 2 14
16 0 3479 2492 2923 2 15
17 0 3479 2488 2927 2 16
18 0 3479 2484 2931 2 17
19 0 3479 2480 2931 2 18
20 0 3479 2476 2931 2 19
21 0 3479 2472 2931 2 20
22 0 3519 2544 2839 6 7
23 0 3523 2536 2831 9.31371 22
24 0 3523 2524 2827 6 23
