# Generated by NeuTu (https://github.com/janelia-flyem/NeuTu)
1 0 3909 2699 2864 2 -1
2 0 3909 2711 2868 6.94427 1
3 0 3909 2727 2880 6 2
4 0 3909 2743 2892 6 3
5 0 3901 2763 2892 6 4
6 0 3892.55 2775.89 2892 6.57673 5
7 0 3889 2783 2892 3.65685 6
8 0 3885 2787 2892 3.65685 7
9 0 3881 2795 2892 6 8
10 0 3873 2803 2900 6 9
11 0 3861 2811 2908 6 10
12 0 3857 2815 2924 6 11
13 0 3853 2819 2928 3.65685 12
14 0 3853 2819 2932 3.65685 13
15 0 3849 2823 2936 3.65685 14
16 0 3845 2827 2940 6 15
17 0 3837 2823 2956 6.94427 16
18 0 3837 2823 2964 3.65685 17
19 0 3837 2823 2968 3.65685 18
20 0 3833 2819 2972 2 19
21 0 3893 2779 2908 3.65685 6
22 0 3893 2779 2912 2 21
23 0 3893 2783 2920 6 22
24 0 3897 2783 2928 6 23
25 0 3897 2791 2940 6 24
26 0 3897 2795 2948 3.65685 25
27 0 3897 2799 2952 3.65685 26
28 0 3897 2799 2956 2 27
