1 0 3342 3367 1946 6 -1
2 0 3338 3351 1958 10.6491 1
3 0 3346 3331 1966 10 2
4 2 3342.4 3320.2 1966 10 3
5 0 3322 3295 1966 3.65685 4
6 0 3318 3287 1962 6.94427 5
7 0 3302 3275 1958 6 6
8 0 3298 3271 1954 3.65685 7
9 0 3294 3267 1954 3.65685 8
10 0 3284.67 3263.67 1944.67 6.55228 9
11 0 3278 3267 1938 9.31371 10
12 0 3266 3267 1934 6 11
13 0 3246 3267 1918 6 12
14 0 3242 3271 1914 3.65685 13
15 0 3234 3279 1906 3.65685 14
16 0 3226 3287 1902 6.94427 15
17 0 3214 3287 1890 6 16
18 0 3210 3283 1886 6 17
19 0 3202 3275 1886 3.65685 18
20 0 3198 3271 1886 3.65685 19
21 0 3198 3251 1886 9.31371 20
22 2 3185.88 3233.59 1895.41 11.2228 21
23 0 3170 3219 1914 9.31371 22
24 0 3162 3223 1922 6 23
25 0 3146 3223 1938 6 24
26 0 3138 3227 1954 6 25
27 0 3134 3231 1970 6 26
28 0 3130 3231 1990 3.65685 27
29 0 3126 3231 1998 3.65685 28
30 0 3126 3227 2006 3.65685 29
31 0 3126 3219 2014 3.65685 30
32 0 3126 3219 2022 6 31
33 0 3126 3215 2038 6 32
34 0 3126 3215 2046 6.94427 33
35 0 3118 3207 2054 6 34
36 0 3110 3207 2058 6 35
37 0 3102 3203 2066 9.31371 36
38 0 3090 3203 2070 6 37
39 0 3074 3203 2078 6 38
40 0 3062 3211 2078 6 39
41 0 3050 3219 2078 6.94427 40
42 0 3034 3235 2078 6.94427 41
43 0 3026 3243 2074 3.65685 42
44 0 3022 3251 2074 3.65685 43
45 0 3018 3255 2070 6 44
46 0 3014 3263 2070 3.65685 45
47 0 3006 3271 2070 9.31371 46
48 0 2998 3279 2066 9.31371 47
49 0 2982 3283 2066 6 48
50 0 2974 3287 2066 6.94427 49
51 0 2966 3295 2066 3.65685 50
52 0 2958 3303 2066 3.65685 51
53 0 2946 3311 2058 9.31371 52
54 0 2930 3311 2066 6.94427 53
55 0 2918 3307 2078 6 54
56 0 2910 3307 2082 6 55
57 0 2902 3315 2078 3.65685 56
58 0 2898 3315 2074 3.65685 57
59 0 2894 3315 2070 2 58
60 0 2886 3315 2062 6.94427 59
61 0 2866 3307 2050 9.31371 60
62 0 2854 3303 2034 3.65685 61
63 0 2850 3299 2030 3.65685 62
64 0 2846 3299 2030 2 63
65 0 2838 3299 2022 6 64
66 0 2834 3295 2018 3.65685 65
67 0 2830 3295 2018 3.65685 66
68 0 2826 3295 2018 2 67
69 0 3198 3219 1886 6.94427 22
70 0 3202 3207 1886 6 69
71 0 3210 3195 1886 10 70
72 0 3218 3175 1886 6.94427 71
73 0 3222 3159 1882 6.94427 72
74 0 3222 3147 1874 6 73
75 0 3238 3139 1858 6.94427 74
76 0 3246 3147 1850 3.65685 75
77 0 3250 3151 1846 6 76
78 0 3250 3159 1846 6 77
79 0 3254 3163 1842 6 78
80 0 3254 3171 1842 6 79
81 0 3242 3119 1842 6 75
82 0 3242 3111 1834 6 81
83 0 3238 3107 1830 2 82
84 0 3238 3103 1830 2 83
85 0 3266 3251 1950 6.94427 10
86 0 3258 3251 1954 6 85
87 0 3250 3251 1954 2 86
88 0 3242 3255 1958 6 87
89 0 3358 3311 1974 6.94427 4
90 0 3362 3295 1990 6.94427 89
91 0 3358 3291 1998 3.65685 90
92 0 3354 3287 1998 2 91
