# Generated by NeuTu (https://github.com/janelia-flyem/NeuTu)
1 0 3686 3046 2998 2 -1
2 0 3686 3050 2998 2 1
3 0 3690 3054 2994 6 2
4 0 3694 3058 2978 6.94427 3
5 0 3698 3066 2962 6 4
6 0 3698 3066 2954 6 5
7 0 3710 3066 2942 6 6
8 0 3710 3066 2918 9.31371 7
9 0 3710 3070 2902 6.94427 8
10 0 3714 3078 2890 6.94427 9
11 0 3718 3082 2882 9.31371 10
12 0 3718 3082 2870 6.94427 11
13 0 3726 3082 2862 3.65685 12
14 0 3730 3082 2854 3.65685 13
15 0 3730 3082 2850 3.65685 14
16 0 3734 3086 2846 6 15
17 0 3750 3086 2830 6.94427 16
18 0 3766 3090 2814 6 17
19 0 3778 3098 2798 6 18
20 0 3786 3106 2786 6 19
21 0 3786 3106 2778 6 20
22 0 3794 3110 2770 6 21
23 0 3802 3114 2762 6 22
