1 0 3481 3335 1883 6 -1
2 0 3489 3335 1891 6.94427 1
3 0 3489 3327 1899 6 2
4 0 3493 3315 1911 12.4222 3
5 0 3497 3303 1911 10 4
6 0 3485 3283 1903 3.65685 5
7 0 3481 3279 1903 2 6
8 0 3481 3275 1903 3.65685 7
9 0 3477 3267 1903 3.65685 8
10 2 3473.73 3249.18 1899.73 6.77259 9
11 0 3465 3239 1895 6 10
12 0 3461 3235 1891 3.65685 11
13 0 3457 3231 1891 3.65685 12
14 0 3453 3227 1891 2 13
15 0 3453 3223 1891 3.65685 14
16 0 3445 3215 1891 3.65685 15
17 0 3441 3211 1891 3.65685 16
18 0 3433 3203 1899 3.65685 17
19 0 3433 3199 1903 3.65685 18
20 0 3433 3195 1907 2 19
21 0 3437 3187 1915 6.94427 20
22 0 3441 3167 1935 10 21
23 2 3433.44 3157.22 1946.56 6.5246 22
24 0 3425 3149 1957 6 23
25 0 3425 3143 1963 6 24
26 0 3429 3131 1971 10 25
27 0 3425 3115 1971 6 26
28 0 3421 3107 1975 6.94427 27
29 0 3421 3087 1975 6 28
30 0 3453 3135 1971 6.94427 26
31 0 3473 3147 1967 10 30
32 0 3473 3163 1959 6.94427 31
33 0 3465 3175 1955 6 32
34 0 3461 3179 1959 2 33
35 0 3461 3179 1963 2 34
36 0 3413 3147 1959 6 24
37 0 3405 3147 1959 6 36
38 0 3401 3151 1955 6 37
39 0 3385 3151 1955 6 38
40 0 3381 3151 1943 6 39
41 0 3381 3155 1931 3.65685 40
42 0 3381 3155 1923 3.65685 41
43 0 3381 3155 1919 3.65685 42
44 0 3381 3155 1915 2 43
45 0 3377 3151 1907 6.94427 44
46 0 3425 3167 1931 6 23
47 0 3421 3179 1915 6.94427 46
48 0 3417 3183 1899 9.31371 47
49 0 3429 3195 1883 3.65685 48
50 0 3433 3199 1883 3.65685 49
51 0 3441 3207 1875 3.65685 50
52 0 3445 3207 1871 3.65685 51
53 0 3449 3211 1867 3.65685 52
54 0 3453 3211 1863 2 53
55 0 3453 3211 1859 2 54
56 0 3481 3247 1919 6.94427 10
57 0 3485 3239 1939 6 56
58 0 3489 3227 1951 6 57
59 0 3489 3219 1959 6.94427 58
60 0 3493 3219 1967 2 59
61 0 3493 3219 1971 2 60
