# Generated by NeuTu (https://github.com/janelia-flyem/NeuTu)
1 0 3866 2944 2973 2 -1
2 0 3866 2944 2977 3.65685 1
3 0 3866 2944 2981 3.65685 2
4 0 3866 2948 2989 6.94427 3
5 0 3874 2960 2997 6.94427 4
6 0 3890 2984 2997 9.31371 5
7 0 3898 2996 3001 10 6
8 0 3906 3004 3005 6.94427 7
9 0 3914 3012 3009 6.94427 8
10 0 3922 3028 3005 6.94427 9
11 0 3934 3048 3005 6 10
12 0 3946 3060 2997 6.94427 11
13 0 3954 3076 2993 6.94427 12
14 0 3966 3096 2973 6.94427 13
15 0 3978 3104 2961 6 14
16 0 3986 3104 2945 6 15
17 0 3990 3104 2937 6.94427 16
