# Generated by NeuTu (https://github.com/janelia-flyem/NeuTu)
1 0 3545 2813 2970 2 -1
2 0 3545 2813 2974 3.65685 1
3 0 3553 2805 2982 3.65685 2
4 0 3553 2805 2986 3.65685 3
5 0 3557 2797 2994 6 4
6 0 3549 2789 3002 6 5
7 0 3545 2785 3006 6 6
8 0 3541 2781 3010 3.65685 7
9 0 3537 2781 3010 3.65685 8
10 0 3525 2769 3018 9.31371 9
11 0 3513 2753 3022 6.94427 10
12 0 3497 2737 3026 6 11
13 0 3493 2729 3038 6 12
14 0 3489 2725 3042 6 13
15 0 3489 2721 3050 3.65685 14
16 0 3489 2713 3058 6 15
17 0 3481 2697 3070 6 16
18 0 3473 2681 3070 6 17
19 0 3465 2661 3070 9.31371 18
20 0 3453 2653 3066 6 19
21 0 3449 2637 3062 6 20
22 0 3445 2621 3062 6.94427 21
23 0 3429 2609 3066 6 22
24 0 3417 2597 3066 6 23
25 0 3409 2581 3066 6.94427 24
26 0 3401 2569 3066 6.94427 25
27 0 3393 2561 3070 6 26
28 0 3389 2557 3066 3.65685 27
29 0 3381 2549 3066 6.94427 28
30 0 3377 2541 3058 6 29
31 0 3369 2525 3054 6 30
32 0 3361 2505 3046 6 31
33 0 3361 2485 3042 6.94427 32
34 0 3353 2473 3042 6.94427 33
35 0 3349 2461 3042 6.94427 34
36 0 3345 2453 3050 6 35
37 0 3345 2445 3050 6 36
38 0 3341 2441 3054 6 37
39 0 3341 2433 3054 6 38
40 0 3337 2425 3062 6 39
41 0 3333 2417 3066 6 40
42 0 3373 2561 3082 6 29
43 0 3369 2565 3098 6 42
44 0 3365 2569 3102 6 43
45 0 3361 2569 3114 6 44
46 0 3353 2569 3122 6 45
47 0 3345 2569 3130 3.65685 46
48 0 3341 2569 3138 6 47
49 0 3333 2565 3146 6 48
50 0 3325 2561 3154 6.94427 49
51 0 3325 2561 3162 3.65685 50
52 0 3325 2557 3170 3.65685 51
53 0 3317 2549 3178 9.31371 52
54 0 3309 2541 3182 6 53
