# Generated by NeuTu (https://github.com/janelia-flyem/NeuTu)
1 0 3604 3415 2763 6 -1
2 0 3608 3399 2771 6 1
3 0 3604 3387 2775 10 2
4 0 3612 3379 2775 3.65685 3
5 0 3620 3371 2783 3.65685 4
6 0 3624 3367 2787 3.65685 5
7 0 3624 3367 2795 3.65685 6
8 0 3628 3363 2799 6 7
9 0 3636 3359 2807 6 8
10 0 3640 3359 2819 6 9
11 0 3648 3355 2835 6 10
12 0 3656 3351 2847 6 11
13 0 3668 3347 2863 6 12
14 0 3676 3339 2871 6 13
15 0 3680 3335 2875 3.65685 14
16 0 3688 3335 2879 3.65685 15
17 0 3692 3335 2879 2 16
