# Generated by NeuTu (https://github.com/janelia-flyem/NeuTu)
1 0 3643 3814 2740 14.9706 -1
2 0 3659 3822 2728 18 1
3 0 3687 3810 2736 6 2
4 0 3695 3802 2740 6 3
5 0 3707 3782 2744 6 4
6 0 3711 3766 2748 6 5
7 0 3711 3750 2748 6 6
8 0 3707 3734 2756 9.31371 7
9 0 3703 3726 2764 6 8
10 0 3695 3710 2776 6 9
11 0 3695 3702 2792 6 10
12 0 3695 3698 2800 6 11
13 0 3691 3694 2808 3.65685 12
14 0 3687 3698 2828 9.31371 13
15 0 3687 3702 2856 9.31371 14
16 0 3683 3698 2872 6 15
17 0 3683 3698 2880 6 16
18 0 3683 3690 2888 3.65685 17
19 0 3683 3690 2892 3.65685 18
20 0 3679 3686 2896 3.65685 19
21 0 3679 3678 2900 6 20
