# Generated by NeuTu (https://github.com/janelia-flyem/NeuTu)
1 0 2550 4580 1504 34 -1
2 0 2618 4663.72 1539.51 99.5189 1
3 2 2618 4678.92 1602.82 89.3888 2
4 2 2618 4685.2 1663.72 84.7963 3
5 2 2618 4687.82 1750.19 82.1761 4
6 2 2618 4690.97 1765.91 79.0275 5
7 2 2618 4694.06 1776.18 75.945 6
8 0 2618 4712 1836 58 7
9 2 2618 4722.94 1879.76 47.0588 8
10 2 2618 4730 1902 39.75 9
11 0 2618 4760 1932 6 10
12 0 2638 4716 1960 54 11
13 0 2812 4712 1964 57.8928 12
14 0 2878.09 4712.24 1964.24 54.5344 13
15 0 2938.32 4719.49 1977.41 50.5066 14
16 2 2980.36 4735.18 1990.38 34.821 15
17 0 2990 4740 1996 30 16
18 0 3002 4756 1924 14 16
19 0 2738 4716 1984 54 15
20 0 2626 4716 1984 54 19
21 0 2570 4712 1996 54 20
22 0 2534 4668 1996 18 21
23 0 2526 4636 1992 6.94427 22
24 0 2522 4620 1992 6 23
25 0 2862 4760 1936 10 14
26 2 2862 4723.95 1885.45 46.0543 25
27 2 2862 4722.58 1881.63 47.4174 26
28 2 2862 4712.63 1853.77 57.3665 27
29 2 2862 4692.07 1785.58 77.9266 28
30 2 2862 4689.54 1777.14 80.4587 29
31 2 2862 4688.28 1772.92 81.7248 30
32 2 2862 4685.07 1663.54 84.9314 31
33 2 2862 4684.43 1640.04 85.5664 32
34 2 2886.19 4673 1571.21 96.9972 33
35 2 2920.07 4684.03 1532.94 85.9705 34
36 0 2982 4592 1504 38 35
37 0 3010 4564 1504 10 36
38 0 3006 4756 1500 14 35
39 0 2990 4588 1580 30 34
40 0 3010 4564 1580 6.94427 39
41 0 2970 4720 1592 50 33
42 0 3006 4756 1588 14 41
43 0 2810 4572 1664 10 32
44 0 2798 4568 1664 3.65685 43
45 0 2794 4564 1664 2 44
46 0 2790 4564 1664 2 45
47 0 2994 4596 1780 26 31
48 0 3014 4576 1780 6 47
49 0 2966 4716 1672 54 30
50 0 3002 4752 1648 18 49
51 0 2926 4676 1664 94 30
52 0 2990 4600 1660 30 51
53 0 2986 4568 1660 6 52
54 0 2806 4716 1716 46 29
55 0 2746 4660 1524 106 54
56 2 2780.08 4681.68 1750.34 87.8031 28
57 0 2722 4672 1660 95.3242 56
58 0 2694 4572 1784 9.31371 56
59 0 2978 4732 1880 38 27
60 0 3006 4756 1860 14 59
61 2 2946.7 4704.75 1860.96 65.2515 26
62 0 3002 4656 1860 18 61
63 0 2986 4736 1796 34 61
64 0 2794 4756 1928 14 13
65 0 2762 4716 1888 54 64
66 0 2570 4720 1956 50 12
67 0 2550 4736 1904 34 66
68 0 2530 4756 1880 14 67
69 0 2570 4724 1864 46 10
70 0 2538 4748 1836 22 69
71 0 2534 4648 1864 18 9
72 0 2546 4740 1800 30 8
73 0 2546 4592 1780 30 7
74 0 2526 4568 1780 10 73
75 0 2550 4736 1720 34 6
76 0 2598 4688 1620 82 5
77 0 2542 4744 1584 26 76
78 0 2546 4604 1660 30 4
79 0 2522 4580 1660 6 78
80 0 2550 4584 1584 34 3
81 0 2526 4760 1500 10 2
