# Generated by NeuTu (https://github.com/janelia-flyem/NeuTu)
1 0 3902 3638 2851 6 -1
2 0 3906 3634 2871 6 1
3 0 3910 3638 2879 6 2
4 0 3914 3638 2891 9.31371 3
5 0 3914 3634 2919 9.31371 4
6 0 3910 3634 2931 6.94427 5
7 0 3910 3626 2935 2 6
8 0 3910 3622 2939 2 7
9 0 3902 3618 2947 6 8
10 0 3890 3618 2951 6 9
11 0 3874 3622 2951 6 10
12 0 3862 3630 2947 6 11
13 0 3854 3638 2943 6 12
14 0 3846 3646 2939 6 13
15 0 3842 3650 2935 3.65685 14
16 0 3842 3654 2935 3.65685 15
17 0 3838 3658 2931 3.65685 16
18 0 3830 3666 2931 3.65685 17
19 0 3826 3670 2931 3.65685 18
20 0 3818 3678 2927 9.31371 19
21 0 3806 3670 2927 3.65685 20
22 0 3794 3666 2927 6 21
23 0 3786 3662 2927 6 22
