# Generated by NeuTu (https://github.com/janelia-flyem/NeuTu)
1 0 3566 3798 2721 2 -1
2 0 3566 3802 2721 2 1
3 0 3570 3810 2725 6 2
4 0 3566 3818 2721 6 3
5 0 3570 3830 2705 6 4
6 0 3574 3834 2697 9.31371 5
7 0 3590 3850 2697 10.6491 6
8 0 3602 3850 2697 9.31371 7
9 0 3610 3842 2693 6 8
10 0 3614 3838 2689 6 9
11 0 3626 3834 2681 10 10
12 0 3638 3846 2669 3.65685 11
13 0 3642 3854 2669 3.65685 12
14 0 3646 3862 2669 3.65685 13
15 0 3650 3866 2665 6 14
16 0 3654 3874 2665 2 15
17 0 3654 3878 2665 3.65685 16
18 0 3654 3886 2657 6 17
19 0 3654 3902 2653 6 18
20 0 3650 3918 2649 6 19
21 0 3638 3938 2649 6.94427 20
22 0 3634 3958 2633 6.94427 21
23 0 3626 3974 2625 6 22
24 0 3618 3986 2617 9.31371 23
25 0 3618 3998 2621 6 24
26 0 3614 4010 2621 6 25
27 0 3610 4018 2621 6 26
28 0 3606 4026 2621 3.65685 27
29 0 3602 4030 2617 2 28
30 0 3602 4042 2617 6 29
31 0 3602 4050 2613 6 30
32 0 3598 4058 2609 9.31371 31
33 0 3594 4066 2601 6 32
34 0 3582 3854 2721 6 7
35 0 3586 3850 2725 6 34
36 0 3574 3842 2741 6 35
37 0 3566 3842 2741 6 36
38 0 3558 3842 2745 3.65685 37
39 0 3554 3846 2745 2 38
