# Generated by NeuTu (https://github.com/janelia-flyem/NeuTu)
1 0 3857 4005 2733 2 -1
2 0 3857 4009 2737 3.65685 1
3 0 3865 4017 2741 10.6491 2
4 0 3873 4037 2741 3.65685 3
5 0 3881 4045 2741 6 4
6 0 3897 4061 2745 6.94427 5
7 0 3913 4077 2741 9.31371 6
8 0 3925 4089 2741 9.31371 7
9 0 3937 4101 2753 3.65685 8
10 0 3941 4113 2753 6 9
11 0 3941 4121 2749 3.65685 10
12 0 3945 4125 2745 6 11
13 0 3941 4133 2741 6 12
14 0 3945 4141 2741 3.65685 13
15 0 3953 4149 2741 3.65685 14
16 0 3953 4157 2745 6 15
17 0 3957 4169 2757 6 16
18 0 3957 4177 2765 3.65685 17
19 0 3961 4181 2769 2 18
20 0 3961 4185 2769 2 19
