# Generated by NeuTu (https://github.com/janelia-flyem/NeuTu)
1 0 3712 3917 2817 6.94427 -1
2 0 3704 3917 2813 6.94427 1
3 0 3696 3925 2809 3.65685 2
4 0 3688 3933 2809 3.65685 3
5 0 3680 3941 2809 3.65685 4
6 0 3664 3949 2797 10 5
7 0 3652 3953 2789 12.4222 6
8 0 3644 3961 2781 9.31371 7
9 0 3636 3973 2773 12.4222 8
10 0 3636 3989 2769 6 9
11 0 3632 4005 2765 6.94427 10
12 0 3628 4021 2761 9.31371 11
13 0 3632 4029 2757 6 12
14 0 3632 4045 2757 6 13
15 0 3628 4049 2753 6 14
16 0 3628 4065 2753 6 15
17 0 3628 4073 2749 3.65685 16
18 0 3624 4081 2749 3.65685 17
19 0 3620 4085 2749 3.65685 18
20 0 3620 4093 2749 6 19
21 0 3616 4109 2749 6.94427 20
22 0 3608 4121 2745 9.31371 21
23 0 3604 4129 2737 6 22
24 0 3616 3961 2789 6 9
25 0 3612 3941 2793 6.94427 24
26 0 3604 3933 2797 6 25
27 0 3600 3929 2793 3.65685 26
28 0 3596 3925 2797 2 27
