# Generated by NeuTu (https://github.com/janelia-flyem/NeuTu)
1 0 3994 3920 2811 6 -1
2 0 3982 3932 2795 6.94427 1
3 0 3986 3944 2787 6 2
4 0 3990 3948 2783 3.65685 3
5 0 4002 3964 2767 9.31371 4
6 0 4006 3976 2763 6 5
7 0 4022 3992 2771 12.4222 6
8 0 4026 4008 2787 6.94427 7
9 0 4030 4024 2799 6 8
10 0 4030 4040 2811 6 9
11 0 4030 4048 2815 6.94427 10
12 0 4030 4052 2831 6 11
13 0 4026 4068 2843 9.31371 12
14 0 4038 4084 2843 6 13
15 0 4054 4084 2855 6 14
16 0 4058 4088 2859 6 15
17 0 4062 4088 2867 3.65685 16
18 0 4062 4096 2875 6 17
19 0 4066 4104 2875 2 18
20 0 4066 4108 2875 3.65685 19
21 0 4070 4112 2879 3.65685 20
22 0 4074 4116 2883 6 21
23 0 4078 4120 2887 3.65685 22
24 0 4082 4120 2887 3.65685 23
25 0 4086 4124 2891 3.65685 24
26 0 4086 4128 2903 6 25
27 0 4090 4128 2911 6 26
28 0 4098 4136 2919 2 27
