# Generated by NeuTu (https://github.com/janelia-flyem/NeuTu)
1 0 3033 2996 2163 6 -1
2 0 3033 3012 2155 6 1
3 0 3033 3016 2147 3.65685 2
4 0 3033 3020 2139 3.65685 3
5 0 3033 3020 2135 3.65685 4
6 0 3029 3024 2131 3.65685 5
7 0 3029 3024 2123 3.65685 6
8 0 3025 3028 2119 6 7
9 0 3025.24 3036.24 2098.65 9.88235 8
10 0 3033 3044 2087 6 9
11 0 3045 3048 2075 6 10
12 0 3045 3048 2067 3.65685 11
13 0 3045 3052 2059 6 12
14 0 3053 3060 2047 9.31371 13
15 0 3065 3068 2031 6 14
16 0 3077 3072 2019 6 15
17 0 3077 3072 2011 6 16
18 0 3081 3084 1995 6 17
19 0 3009 3044 2095 6 9
20 0 2993 3044 2091 6 19
21 0 2985 3040 2091 6 20
22 0 2981 3036 2087 3.65685 21
23 0 2973 3032 2079 6 22
24 0 2965 3024 2071 6 23
