# Generated by NeuTu (https://github.com/janelia-flyem/NeuTu)
1 0 3988 4042 2919 2 -1
2 0 3984 4038 2919 3.65685 1
3 0 3980 4034 2923 3.65685 2
4 0 3976 4030 2923 3.65685 3
5 0 3968 4022 2931 6.94427 4
6 0 3964 4014 2939 9.31371 5
7 0 3956 3994 2947 6 6
8 0 3956 3986 2955 6 7
9 0 3956 3986 2963 6 8
10 0 3952 3978 2971 2 9
11 0 3948 3978 2975 3.65685 10
12 0 3940 3974 2979 6 11
13 0 3932 3978 2975 3.65685 12
14 0 3924 3982 2975 6.94427 13
15 0 3916 3990 2979 3.65685 14
16 0 3908 3994 2979 6.94427 15
17 2 3894.67 4000.67 2992.33 8.5239 16
18 0 3884 4010 2999 6 17
19 0 3908 3986 2999 6 17
20 0 3924 3978 2999 6 19
