# Generated by NeuTu (https://github.com/janelia-flyem/NeuTu)
1 0 4276 2414 2504 6 -1
2 0 4268 2410 2516 6 1
3 0 4260 2410 2524 3.65685 2
4 0 4256 2406 2536 9.31371 3
5 0 4252 2410 2556 9.31371 4
6 0 4244 2410 2564 6 5
7 0 4236 2410 2572 6 6
8 0 4236 2418 2588 6.94427 7
9 0 4232 2418 2604 6.94427 8
10 0 4232 2414 2612 6 9
11 0 4228 2414 2620 3.65685 10
12 0 4228 2410 2624 3.65685 11
13 0 4224 2410 2632 6 12
14 0 4220 2410 2644 6 13
15 0 4220 2410 2652 6 14
16 0 4216 2410 2664 9.31371 15
17 0 4216 2390 2688 6 16
18 0 4216 2390 2700 6 17
19 0 4216 2390 2712 6.94427 18
20 0 4200 2394 2728 6 19
21 0 4200 2398 2740 3.65685 20
22 0 4196 2398 2744 2 21
23 0 4196 2398 2748 3.65685 22
24 0 4196 2398 2756 3.65685 23
25 0 4196 2398 2760 3.65685 24
26 0 4196 2398 2764 2 25
27 0 4196 2398 2768 2 26
28 0 4196 2398 2776 6 27
29 0 4188 2398 2792 6 28
30 0 4180 2398 2808 6 29
31 0 4172 2406 2816 6 30
32 0 4172 2418 2832 6 31
33 0 4172 2422 2840 6 32
34 0 4172 2426 2852 9.31371 33
35 0 4172 2426 2868 9.31371 34
36 0 4164 2434 2884 6 35
37 0 4160 2434 2900 6.94427 36
38 0 4160 2442 2920 6 37
39 0 4160 2442 2928 6.94427 38
40 0 4152 2446 2936 6.94427 39
41 0 4148 2458 2940 6 40
42 0 4156 2478 2944 6 41
43 0 4160 2498 2948 9.31371 42
44 0 4168 2514 2952 6.94427 43
45 0 4172 2530 2952 10 44
46 0 4164 2538 2956 6 45
