# Generated by NeuTu (https://github.com/janelia-flyem/NeuTu)
1 0 4297 2366 2736 6 -1
2 0 4297 2358 2728 9.31371 1
3 0 4301 2362 2720 6 2
4 0 4297 2362 2704 6 3
5 0 4293 2370 2696 6 4
6 0 4285 2374 2688 9.31371 5
7 0 4273 2386 2672 6.94427 6
8 0 4265 2390 2664 10 7
9 0 4253 2394 2660 6.94427 8
10 0 4245 2398 2648 6.94427 9
11 0 4233 2402 2632 6 10
12 0 4225 2402 2616 6.94427 11
13 0 4217 2402 2604 2 12
14 0 4213 2402 2600 2 13
15 0 4205 2406 2596 6 14
16 0 4193 2402 2584 6 15
17 0 4173 2406 2564 6.94427 16
18 0 4169 2414 2556 9.31371 17
19 0 4153 2422 2536 6 18
20 0 4145 2418 2524 6 19
21 0 4141 2414 2512 9.31371 20
22 0 4133 2418 2504 6.94427 21
