# Generated by NeuTu (https://github.com/janelia-flyem/NeuTu)
1 0 4338 2322 2634 6 -1
2 0 4350 2326 2634 9.31371 1
3 0 4374 2330 2634 10.6491 2
4 0 4402 2338 2638 14 3
5 0 4418 2334 2638 6 4
6 0 4426 2330 2638 6.94427 5
7 0 4438 2330 2646 12.4222 6
8 0 4454 2346 2662 6 7
9 0 4466 2342 2666 10 8
10 0 4470 2318 2670 6 9
11 0 4462 2310 2678 6.94427 10
12 0 4454 2298 2682 10.6491 11
13 0 4462 2270 2702 6.94427 12
14 0 4466 2250 2706 6.94427 13
15 0 4474 2246 2714 3.65685 14
16 0 4478 2242 2718 2 15
17 0 4478 2242 2722 2 16
