# Generated by NeuTu (https://github.com/janelia-flyem/NeuTu)
1 0 4350 2545 2813 2 -1
2 0 4354 2545 2813 3.65685 1
3 0 4362 2549 2817 6 2
4 0 4370 2549 2825 6 3
5 0 4394 2549 2825 9.31371 4
6 0 4402 2545 2821 6.94427 5
7 0 4414 2537 2813 10.6491 6
8 0 4434 2541 2805 6 7
9 0 4442 2541 2797 6.94427 8
10 0 4454 2545 2793 6 9
11 0 4470 2545 2793 6 10
12 0 4486 2545 2789 6 11
13 0 4498 2549 2785 6.94427 12
14 0 4514 2553 2769 9.31371 13
15 0 4522 2557 2761 6 14
16 0 4538 2561 2749 6 15
17 0 4550 2561 2733 6 16
18 0 4554 2561 2721 3.65685 17
19 0 4558 2565 2717 6 18
20 0 4566 2573 2709 6 19
21 0 4566 2573 2701 6 20
22 0 4570 2581 2689 6 21
23 0 4574 2589 2677 6 22
24 0 4578 2597 2665 6 23
25 0 4586 2605 2653 6 24
26 0 4586 2605 2641 9.31371 25
27 0 4594 2605 2633 6 26
28 0 4602 2605 2625 6 27
29 0 4618 2605 2617 9.31371 28
30 0 4630 2605 2617 6 29
31 0 4642 2609 2617 6 30
32 0 4658 2613 2621 6.94427 31
33 0 4674 2621 2625 6 32
34 0 4682 2625 2629 6 33
35 0 4686 2629 2633 3.65685 34
36 0 4694 2633 2633 6 35
37 0 4710 2633 2641 6 36
