# Generated by NeuTu (https://github.com/janelia-flyem/NeuTu)
1 0 4221 2728 2540 2 -1
2 0 4221 2732 2544 3.65685 1
3 0 4217 2736 2548 6 2
4 0 4209 2736 2552 2 3
5 0 4205 2736 2556 3.65685 4
6 0 4201 2736 2556 3.65685 5
7 0 4197 2736 2556 2 6
8 0 4193 2736 2556 2 7
9 0 4189 2736 2556 2 8
10 0 4185 2736 2556 2 9
11 0 4181 2736 2556 2 10
12 0 4177 2736 2556 2 11
13 0 4173 2736 2556 2 12
14 0 4169 2736 2556 2 13
15 0 4165 2736 2556 2 14
16 0 4161 2736 2556 2 15
17 0 4153 2736 2556 6 16
18 0 4145 2740 2564 2 17
19 0 4141 2740 2568 2 18
