# Generated by NeuTu (https://github.com/janelia-flyem/NeuTu)
1 0 3988 2980 2791 6 -1
2 0 3996 2980 2799 6 1
3 0 4000 2976 2795 6 2
4 0 4016 2976 2799 6 3
5 0 4032 2976 2799 6 4
6 0 4040 2976 2803 6.94427 5
7 0 4044 2992 2807 6 6
8 0 4044 3008 2807 6 7
9 0 4044 3016 2807 6 8
10 0 4048 3020 2803 6 9
11 0 4048 3028 2803 6 10
12 0 4056 3036 2803 6.94427 11
13 0 4060 3044 2803 3.65685 12
14 0 4064 3048 2803 3.65685 13
15 0 4072 3056 2799 6.94427 14
16 0 4080 3064 2795 3.65685 15
17 0 4080 3068 2795 3.65685 16
18 0 4088 3076 2795 6 17
19 0 4092 3084 2795 6 18
20 0 4096 3092 2795 3.65685 19
21 0 4096 3100 2795 6 20
