# Generated by NeuTu (https://github.com/janelia-flyem/NeuTu)
1 0 4366 3188 2998 2 -1
2 0 4362 3188 2998 2 1
3 0 4354 3184 2998 6 2
4 0 4342 3188 2986 6 3
5 0 4326 3184 2974 9.31371 4
6 0 4314 3176 2962 10.6491 5
7 0 4314 3160 2946 6 6
8 0 4314 3152 2946 6 7
9 0 4314 3144 2946 3.65685 8
10 0 4318 3136 2942 6 9
11 0 4330 3120 2938 6.94427 10
12 0 4338 3112 2938 6 11
13 0 4338 3092 2938 6 12
14 0 4338 3084 2946 3.65685 13
15 0 4338 3084 2954 3.65685 14
16 0 4342 3080 2958 3.65685 15
17 0 4342 3072 2962 6 16
