# Generated by NeuTu (https://github.com/janelia-flyem/NeuTu)
1 0 4371 2749 2944 6 -1
2 0 4371 2761 2944 10 1
3 0 4371 2785 2940 10 2
4 0 4367 2817 2940 10 3
5 0 4367 2829 2944 9.31371 4
6 0 4367 2841 2948 2 5
7 0 4367 2845 2948 2 6
8 0 4367 2857 2948 6 7
9 0 4367 2869 2948 6 8
10 0 4367 2885 2948 6 9
11 0 4363 2901 2944 6 10
12 0 4355 2917 2944 9.31371 11
13 0 4347 2933 2944 6.94427 12
14 0 4339 2945 2944 10.6491 13
15 0 4339 2961 2940 6 14
16 0 4331 2969 2932 6.94427 15
17 0 4327 2977 2932 6.94427 16
