# Generated by NeuTu (https://github.com/janelia-flyem/NeuTu)
1 0 4366 2892 2842 2 -1
2 0 4362 2896 2842 3.65685 1
3 0 4354 2896 2838 6.94427 2
4 0 4346 2888 2842 3.65685 3
5 0 4342 2880 2842 3.65685 4
6 0 4338 2872 2846 6 5
7 0 4334 2864 2858 6 6
8 0 4330 2860 2866 3.65685 7
9 0 4326 2856 2870 3.65685 8
10 0 4326 2848 2878 3.65685 9
11 0 4326 2844 2886 3.65685 10
12 0 4318 2836 2890 6 11
13 2 4311.33 2829.33 2896.67 6 12
14 0 4290 2828 2906 6 13
15 0 4274 2828 2918 6 14
16 2 4270.33 2820.67 2925.33 6.86558 15
17 0 4258 2816 2938 6 16
18 0 4250 2812 2946 6 17
19 0 4238 2812 2962 6 18
20 0 4286 2812 2922 6.94427 16
21 0 4294 2804 2922 6 20
22 0 4294 2800 2930 3.65685 21
23 0 4290 2796 2934 3.65685 22
24 0 4290 2796 2938 3.65685 23
25 0 4286 2792 2942 2 24
26 0 4322 2828 2906 6 13
27 0 4318 2824 2910 3.65685 26
28 0 4318 2820 2918 3.65685 27
29 0 4318 2816 2922 3.65685 28
30 0 4314 2812 2926 6 29
