# Generated by NeuTu (https://github.com/janelia-flyem/NeuTu)
1 0 4064 2975 2845 2 -1
2 0 4068 2975 2841 3.65685 1
3 0 4072 2971 2833 6.94427 2
4 0 4084 2975 2813 9.31371 3
5 0 4092 2983 2801 3.65685 4
6 0 4096 2987 2797 3.65685 5
7 0 4100 2991 2797 3.65685 6
8 0 4104 2995 2793 6 7
9 0 4120 2999 2777 6 8
10 0 4128 3003 2765 6 9
11 0 4132 3007 2761 3.65685 10
12 0 4136 3011 2757 3.65685 11
13 0 4136 3019 2753 6 12
14 0 4140 3023 2749 3.65685 13
15 0 4144 3027 2749 3.65685 14
16 0 4152 3027 2745 6 15
17 0 4164 3027 2729 6 16
18 0 4172 3027 2721 3.65685 17
19 0 4176 3031 2717 2 18
