# Generated by NeuTu (https://github.com/janelia-flyem/NeuTu)
1 0 4246 3601 2665 6 -1
2 0 4262 3613 2665 6.94427 1
3 0 4270 3621 2665 6.94427 2
4 0 4278 3629 2661 3.65685 3
5 0 4282 3633 2661 3.65685 4
6 0 4290 3641 2657 9.31371 5
7 0 4298 3661 2653 6.94427 6
8 0 4306 3677 2653 6 7
9 0 4310 3681 2657 3.65685 8
10 0 4314 3685 2657 3.65685 9
11 0 4322 3693 2657 6 10
12 0 4330 3709 2669 6 11
13 0 4330 3713 2677 6 12
14 0 4338 3717 2685 6 13
15 0 4354 3717 2705 6 14
16 0 4358 3717 2713 3.65685 15
17 0 4362 3721 2717 3.65685 16
18 0 4362 3721 2721 3.65685 17
19 0 4370 3729 2729 3.65685 18
20 0 4370 3733 2737 3.65685 19
21 0 4374 3737 2741 6 20
22 0 4374 3741 2749 6 21
23 0 4378 3761 2761 6.94427 22
24 0 4378 3769 2769 9.31371 23
25 0 4370 3773 2777 9.31371 24
26 0 4366 3781 2785 6 25
27 0 4366 3785 2797 6 26
28 0 4366 3793 2805 6 27
29 0 4366 3813 2805 6 28
30 0 4366 3829 2801 6 29
31 0 4370 3833 2797 6 30
32 0 4370 3849 2793 6 31
33 0 4374 3861 2781 6 32
34 0 4374 3869 2777 6 33
35 0 4374 3877 2769 3.65685 34
36 0 4374 3881 2765 3.65685 35
37 0 4374 3889 2757 6 36
38 0 4374 3897 2749 6 37
39 0 4358 3777 2821 6 28
40 0 4358 3765 2833 6 39
41 0 4358 3757 2837 6 40
42 0 4354 3753 2841 3.65685 41
43 0 4350 3749 2845 3.65685 42
44 0 4346 3749 2849 2 43
