# Generated by NeuTu (https://github.com/janelia-flyem/NeuTu)
1 0 4123 3552 2638 6 -1
2 0 4131 3544 2646 6 1
3 0 4143 3536 2654 6.94427 2
4 0 4155 3524 2658 9.31371 3
5 0 4167 3504 2662 6.94427 4
6 0 4171 3488 2658 6 5
7 0 4175 3476 2662 6 6
8 0 4179 3468 2670 6 7
9 0 4183 3460 2678 6 8
10 0 4183 3452 2686 6 9
11 0 4183 3444 2694 3.65685 10
12 0 4179 3436 2694 6 11
13 0 4175 3424 2702 6 12
14 0 4171 3416 2706 9.31371 13
15 0 4163 3404 2710 9.31371 14
16 0 4163 3384 2726 6.94427 15
17 0 4163 3376 2738 6 16
18 0 4167 3364 2750 6 17
19 0 4167 3360 2758 6 18
20 0 4171 3352 2758 6 19
21 0 4163 3312 2766 2 20
22 0 4175 3312 2770 6 21
23 0 4179 3312 2778 2 22
24 0 4183 3308 2782 2 23
25 0 4187 3304 2786 6 24
26 0 4195 3296 2794 6.94427 25
27 0 4207 3280 2794 6.94427 26
28 0 4219 3268 2802 6 27
29 0 4239 3264 2814 6.94427 28
