# Generated by NeuTu (https://github.com/janelia-flyem/NeuTu)
1 0 4063 3676 2722 6 -1
2 0 4059 3668 2714 9.31371 1
3 0 4055 3656 2706 6 2
4 0 4055 3660 2694 6.94427 3
5 0 4055 3676 2694 6 4
6 0 4059 3688 2694 6 5
7 0 4063 3696 2702 6 6
8 0 4071 3704 2710 6 7
9 0 4075 3708 2714 3.65685 8
10 0 4083 3712 2722 6 9
11 0 4095 3716 2714 6 10
12 0 4107 3716 2698 6 11
13 0 4123 3716 2694 6.94427 12
14 0 4131 3720 2694 2 13
15 0 4135 3720 2694 3.65685 14
16 0 4139 3724 2698 3.65685 15
17 0 4143 3724 2698 3.65685 16
18 0 4151 3732 2698 6.94427 17
19 0 4159 3740 2698 2 18
20 0 4163 3740 2698 2 19
