# Generated by NeuTu (https://github.com/janelia-flyem/NeuTu)
1 0 4301 3629 2698 6.94427 -1
2 0 4305 3629 2710 10.6491 1
3 0 4313 3637 2722 6 2
4 0 4317 3641 2726 6 3
5 0 4321 3645 2730 3.65685 4
6 0 4325 3657 2730 6 5
7 0 4329 3669 2730 3.65685 6
8 0 4333 3673 2730 3.65685 7
9 0 4333 3681 2730 6.94427 8
10 0 4333 3689 2722 10.6491 9
11 0 4325 3693 2710 6 10
12 0 4317 3689 2690 6 11
13 0 4313 3685 2682 6 12
14 0 4313 3677 2678 6 13
15 0 4309 3673 2670 6.94427 14
16 0 4309 3673 2658 6.94427 15
17 0 4309 3673 2650 3.65685 16
18 0 4309 3669 2642 6 17
19 0 4349 3705 2734 3.65685 10
20 0 4353 3709 2738 6 19
21 0 4361 3721 2754 6 20
22 0 4365 3725 2758 3.65685 21
23 0 4365 3729 2762 3.65685 22
24 0 4369 3737 2766 6 23
25 0 4373 3749 2770 6 24
