# Generated by NeuTu (https://github.com/janelia-flyem/NeuTu)
1 0 4113 3246 2793 6 -1
2 0 4121 3254 2789 9.31371 1
3 0 4125 3270 2789 6.94427 2
4 0 4121 3298 2789 9.31371 3
5 0 4125 3318 2789 9.31371 4
6 0 4129 3326 2793 6 5
7 0 4129 3342 2793 6 6
8 0 4129 3354 2797 6 7
9 0 4129 3370 2797 6 8
10 0 4133 3390 2797 6 9
11 0 4141 3402 2801 6 10
12 0 4149 3414 2801 6 11
13 0 4157 3426 2801 6.94427 12
14 0 4165 3434 2793 9.31371 13
15 0 4165 3446 2793 6 14
16 0 4165 3462 2793 6 15
17 0 4161 3478 2793 6 16
18 0 4153 3490 2793 6.94427 17
19 0 4145 3494 2785 6 18
20 0 4137 3494 2781 2 19
21 0 4133 3494 2781 2 20
22 0 4125 3494 2781 6 21
23 0 4105 3494 2777 6 22
24 0 4097 3494 2773 3.65685 23
25 0 4093 3490 2773 2 24
