1 0 4050 4112 3784 2 -1
2 0 4054 4112 3784 2 1
3 0 4058 4116 3780 3.65685 2
4 0 4066 4116 3772 6 3
5 0 4078 4120 3756 10 4
6 0 4102 4140 3724 19.5407 5
7 0 4106 4136 3684 15.8885 6
8 0 4110 4128 3640 12.4222 7
9 0 4122 4124 3604 18 8
10 0 4126 4120 3564 18 9
11 0 4130 4108 3520 14.4924 10
12 0 4138 4120 3468 18 11
13 0 4154 4124 3432 18 12
14 0 4178 4128 3392 23.6125 13
15 0 4178 4104 3332 29.241 14
16 0 4190 4108 3276 19.5407 15
17 0 4198 4108 3236 14.9706 16
18 0 4206 4116 3208 14.4924 17
19 0 4222 4132 3160 18 18
20 2 4235.68 4133.68 3113.89 21.8843 19
21 2 4237.47 4135.47 3103.16 23.2197 20
22 0 4238 4156 3076 22 21
23 2 4241.01 4194.08 3037.92 32.2356 22
24 0 4290 4228 2944 14 23
25 0 4318 4220 2924 18 24
26 0 4338 4216 2924 18.3961 25
27 0 4366 4196 2908 34.2215 26
28 0 4382 4168 2864 14.4924 27
29 0 4386 4160 2828 10.6491 28
30 0 4386 4160 2816 10.6491 29
31 0 4390 4160 2804 6.94427 30
32 0 4394 4156 2788 9.31371 31
33 0 4406 4148 2756 14.9706 32
34 0 4418 4148 2740 18 33
35 0 4442 4144 2704 10 34
36 2 4453.11 4125.78 2673.78 12.2252 35
37 0 4458 4120 2660 10 36
38 0 4462 4120 2644 14 37
39 0 4474 4112 2628 9.31371 38
40 0 4478 4112 2612 10.6491 39
41 0 4498 4108 2592 9.31371 40
42 0 4510 4108 2568 10 41
43 0 4522 4108 2544 10 42
44 0 4526 4112 2524 10.6491 43
45 0 4530 4120 2500 10 44
46 0 4530 4120 2476 10.6491 45
47 0 4530 4120 2452 12.4222 46
48 0 4530 4120 2424 9.31371 47
49 0 4534 4116 2400 10 48
50 0 4542 4108 2376 9.31371 49
51 0 4554 4112 2352 10.6491 50
52 0 4578 4116 2320 18 51
53 0 4578 4120 2296 12.4222 52
54 0 4578 4116 2256 12.4222 53
55 0 4578 4128 2224 9.31371 54
56 0 4578 4140 2200 9.31371 55
57 0 4578 4140 2176 10 56
58 0 4574 4140 2156 19.5407 57
59 2 4581.72 4151.59 2140.55 14.1911 58
60 0 4594 4164 2140 6 59
61 0 4602 4172 2140 3.65685 60
62 0 4606 4180 2140 6 61
63 0 4606 4200 2152 6 62
64 0 4610 4212 2156 6 63
65 0 4614 4220 2164 6 64
66 0 4618 4224 2168 6 65
67 0 4618 4236 2176 12.4222 66
68 0 4598 4240 2188 6 67
69 0 4586 4240 2196 9.31371 68
70 0 4570 4240 2200 6 69
71 0 4554 4244 2208 6 70
72 0 4546 4244 2208 3.65685 71
73 0 4542 4240 2212 3.65685 72
74 0 4538 4236 2216 2 73
75 0 4642 4240 2176 3.65685 67
76 0 4650 4236 2184 6 75
77 0 4658 4240 2188 2 76
78 0 4662 4240 2188 2 77
79 0 4666 4240 2188 2 78
80 0 4670 4244 2188 2 79
81 0 4554 4136 2100 33.7771 59
82 0 4554 4164 2048 15.8885 81
83 0 4558 4172 2016 9.31371 82
84 0 4562 4180 2008 6 83
85 0 4454 4152 2668 6.94427 36
86 0 4462 4156 2664 6 85
87 0 4470 4160 2668 6 86
88 2 4414.25 4229.14 2971.59 42.6642 27
89 0 4430 4332 2976 6.94427 88
90 0 4398 4168 2996 22 88
91 0 4238 4204 3080 10.6491 23
92 0 4234 4204 3104 10 91
93 0 4234 4208 3116 6 92
94 0 4230 4212 3120 6 93
95 0 4230 4216 3152 15.8885 94
96 0 4230 4224 3184 9.31371 95
97 0 4230 4228 3196 3.65685 96
98 0 4226 4232 3200 2 97
99 0 4222 4232 3204 2 98
100 0 4214 4120 3116 18 21
101 0 4198 4108 3120 6.94427 100
102 0 4182 4092 3116 6 101
103 0 4250 4104 3112 3.65685 20
104 0 4254 4100 3112 3.65685 103
105 0 4258 4096 3116 6 104
106 0 4266 4092 3116 6 105
