# Generated by NeuTu (https://github.com/janelia-flyem/NeuTu)
1 0 4054 4016 2803 6 -1
2 0 4058 4008 2807 6 1
3 0 4062 4000 2815 9.31371 2
4 0 4066 3980 2831 9.31371 3
5 0 4050 3964 2847 9.31371 4
6 0 4042 3948 2847 6 5
7 0 4042 3932 2843 6 6
8 0 4046 3920 2839 6.94427 7
9 2 4060.62 3908.46 2816.85 10.495 8
10 0 4062 3920 2795 6 9
11 0 4062 3924 2779 6 10
12 0 4066 3932 2763 6 11
13 0 4066 3932 2743 6 12
14 0 4062 3936 2735 6 13
15 0 4054 3936 2727 3.65685 14
16 0 4050 3936 2723 3.65685 15
17 0 4046 3936 2715 6 16
18 0 4034 3936 2703 6 17
19 0 4030 3940 2695 6.94427 18
20 0 4014 3956 2691 6 19
21 0 4010 3964 2699 6 20
22 0 4010 3976 2711 6 21
23 0 4014 3980 2715 6 22
24 0 4010 3984 2719 6 23
25 0 4062 3892 2831 6 9
26 0 4066 3888 2839 6 25
27 0 4082 3880 2847 14 26
28 0 4090 3876 2859 10.6491 27
