# Generated by NeuTu (https://github.com/janelia-flyem/NeuTu)
1 0 4466 3786 2999 6 -1
2 0 4446 3778 2991 10 1
3 0 4438 3778 2983 10.6491 2
4 0 4422 3778 2967 2 3
5 0 4418 3778 2963 3.65685 4
6 0 4410 3778 2955 9.31371 5
7 0 4394 3790 2951 14 6
8 0 4382 3798 2939 6.94427 7
9 0 4378 3814 2939 6 8
10 0 4378 3822 2939 6 9
11 0 4378 3830 2939 3.65685 10
12 0 4374 3838 2939 6 11
13 0 4370 3854 2931 6.94427 12
14 0 4366 3870 2931 6 13
15 0 4366 3886 2931 6 14
16 0 4366 3902 2935 6 15
17 0 4366 3918 2935 6 16
18 0 4366 3926 2935 6 17
19 0 4362 3934 2943 6 18
20 0 4366 3942 2951 10.6491 19
21 0 4374 3934 2959 9.31371 20
