# Generated by NeuTu (https://github.com/janelia-flyem/NeuTu)
1 0 3549 3466 1816 2 -1
2 0 3549 3466 1812 2 1
3 0 3549 3466 1808 2 2
4 0 3549 3462 1796 6.94427 3
5 0 3553 3462 1788 3.65685 4
6 0 3553 3462 1784 3.65685 5
7 0 3553 3462 1780 2 6
8 0 3549 3458 1772 9.31371 7
9 0 3541 3454 1764 9.31371 8
10 0 3529 3450 1764 6.94427 9
11 0 3517 3450 1772 6 10
12 0 3509 3446 1780 6 11
13 0 3493 3446 1788 6 12
14 0 3473 3446 1796 9.31371 13
15 0 3461 3442 1800 10 14
16 0 3449 3446 1808 6 15
17 0 3441 3446 1808 6 16
18 0 3429 3442 1820 6 17
19 0 3425 3442 1836 6 18
20 0 3417 3438 1840 6.94427 19
21 0 3405 3430 1836 6.94427 20
22 0 3397 3418 1848 6 21
23 0 3385 3414 1856 6.94427 22
24 0 3369 3414 1856 6 23
25 0 3361 3414 1852 6 24
26 0 3353 3414 1852 2 25
27 0 3345 3414 1852 6 26
28 0 3333 3406 1860 6.94427 27
29 0 3321 3390 1876 6 28
30 0 3317 3382 1884 3.65685 29
31 0 3313 3378 1888 6 30
32 0 3305 3370 1896 6 31
33 0 3301 3366 1912 6.94427 32
34 0 3297 3358 1932 6.94427 33
35 0 3297 3354 1940 6.94427 34
36 0 3305 3346 1948 6.94427 35
37 0 3305 3338 1952 6 36
38 0 3305 3330 1948 3.65685 37
39 0 3305 3330 1944 3.65685 38
40 0 3301 3326 1940 2 39
