# Generated by NeuTu (https://github.com/janelia-flyem/NeuTu)
1 0 4770 2237 3038 6 -1
2 0 4762 2245 3038 6.94427 1
3 0 4754 2273 3050 14 2
4 0 4742 2325 3062 22.3311 3
5 0 4762 2381 3070 20.6274 4
6 0 4778 2397 3070 20.6274 5
7 0 4790 2409 3058 12.4222 6
8 0 4798 2433 3038 14.4924 7
9 0 4818 2457 3014 14.4924 8
10 2 4838 2469 2994 10.3499 9
11 0 4850 2469 2978 9.31371 10
12 0 4870 2469 2958 9.31371 11
13 0 4874 2465 2950 9.31371 12
14 0 4874 2473 2938 6 13
15 0 4874 2481 2918 9.31371 14
16 0 4878 2497 2894 10.6491 15
17 2 4882 2509 2886 10.4327 16
18 0 4882 2517 2886 10 17
19 0 4886 2529 2894 6 18
20 0 4890 2537 2898 6 19
21 0 4890 2549 2906 9.31371 20
22 0 4898 2553 2910 6 21
23 0 4914 2553 2922 6 22
24 0 4930 2553 2926 6 23
25 0 4950 2561 2930 6 24
26 0 4954 2565 2934 3.65685 25
27 0 4962 2565 2942 6 26
28 0 4970 2565 2942 6 27
29 0 4974 2561 2946 6 28
30 0 4974 2553 2946 2 29
31 0 4974 2549 2946 3.65685 30
32 0 4974 2545 2946 3.65685 31
33 0 4978 2541 2950 2 32
34 0 4882 2533 2858 14.4924 18
35 0 4886 2553 2838 9.31371 34
36 0 4898 2565 2822 9.31371 35
37 0 4914 2573 2806 9.31371 36
38 0 4930 2581 2794 6.94427 37
39 0 4938 2581 2790 6 38
40 0 4894 2497 2874 6 17
41 0 4906 2489 2866 6.94427 40
42 0 4922 2477 2854 9.31371 41
43 0 4930 2469 2854 9.31371 42
44 0 4934 2461 2858 6 43
45 0 4938 2445 2862 6 44
46 0 4942 2437 2870 6 45
47 0 4946 2433 2874 3.65685 46
48 0 4950 2429 2874 3.65685 47
49 0 4950 2425 2874 2 48
50 0 4842 2489 3014 10.6491 10
51 0 4858 2513 3022 10 50
52 0 4854 2533 3034 9.31371 51
53 0 4846 2541 3042 6.94427 52
54 0 4846 2561 3050 6 53
