# Generated by NeuTu (https://github.com/janelia-flyem/NeuTu)
1 0 3364 3618 1867 2 -1
2 0 3368 3618 1867 2 1
3 0 3372 3622 1867 3.65685 2
4 0 3380 3630 1867 6 3
5 0 3384 3638 1879 6 4
6 0 3388 3642 1883 6 5
7 0 3392 3646 1887 3.65685 6
8 0 3396 3650 1891 3.65685 7
9 0 3400 3650 1891 3.65685 8
10 0 3404 3654 1895 3.65685 9
11 0 3408 3658 1899 6 10
12 0 3412 3662 1903 3.65685 11
13 2 3415.34 3662 1913.68 5.61434 12
14 0 3424 3662 1923 3.65685 13
15 0 3424 3662 1927 3.65685 14
16 0 3428 3658 1931 3.65685 15
17 0 3428 3658 1935 3.65685 16
18 0 3440 3646 1947 9.31371 17
19 0 3448 3638 1951 6 18
20 0 3448 3630 1959 3.65685 19
21 0 3444 3626 1963 2 20
22 0 3416 3658 1931 2 15
23 0 3412 3658 1931 2 22
24 0 3408 3658 1931 2 23
25 0 3400 3658 1931 6 24
26 0 3392 3658 1931 2 25
27 0 3388 3654 1931 3.65685 26
28 0 3384 3654 1931 3.65685 27
29 0 3380 3650 1931 2 28
30 0 3432 3662 1923 2 14
31 0 3436 3662 1919 2 30
32 0 3444 3658 1911 6 31
33 0 3452 3654 1911 6 32
34 0 3460 3650 1907 2 33
35 0 3464 3650 1907 2 34
36 0 3404 3662 1915 2 13
37 0 3400 3658 1915 3.65685 36
38 0 3396 3654 1915 3.65685 37
39 0 3384 3650 1915 6 38
40 0 3376 3646 1915 6 39
41 0 3368 3638 1919 2 40
42 0 3364 3634 1919 2 41
43 0 3360 3630 1919 2 42
44 0 3396 3654 1907 3.65685 38
45 0 3392 3650 1903 3.65685 44
46 0 3388 3650 1903 3.65685 45
47 0 3384 3646 1899 6 46
48 0 3372 3634 1899 6 47
49 0 3372 3626 1891 6 48
