# Generated by NeuTu (https://github.com/janelia-flyem/NeuTu)
1 0 4491 2829 2901 2 -1
2 0 4487 2829 2901 3.65685 1
3 0 4483 2821 2893 6 2
4 0 4487 2813 2877 6.94427 3
5 0 4499 2813 2869 6.94427 4
6 0 4511 2821 2861 6.94427 5
7 0 4519 2825 2853 6.94427 6
8 0 4527 2841 2829 14.9706 7
9 0 4551 2857 2833 6.94427 8
10 0 4567 2869 2837 6.94427 9
11 0 4583 2881 2837 6.94427 10
12 0 4599 2893 2853 10 11
13 0 4619 2897 2853 6 12
14 0 4627 2901 2849 3.65685 13
15 0 4635 2905 2849 6 14
16 0 4651 2905 2845 6.94427 15
17 0 4667 2909 2845 6 16
18 0 4683 2917 2833 6.94427 17
19 0 4691 2925 2825 9.31371 18
20 0 4703 2937 2821 6.94427 19
21 0 4715 2937 2821 9.31371 20
22 0 4723 2941 2809 9.31371 21
23 0 4719 2929 2789 6.94427 22
24 0 4711 2921 2781 6 23
25 0 4703 2917 2769 6.94427 24
26 0 4699 2909 2757 6 25
