# Generated by NeuTu (https://github.com/janelia-flyem/NeuTu)
1 0 4701 2898 2900 6 -1
2 0 4713 2894 2892 10.6491 1
3 0 4737 2870 2896 14 2
4 0 4729 2846 2916 10 3
5 0 4709 2842 2944 10 4
6 0 4701 2826 2960 3.65685 5
7 0 4697 2822 2964 2 6
8 0 4697 2818 2964 3.65685 7
9 0 4697 2814 2964 3.65685 8
10 0 4697 2810 2964 2 9
11 0 4697 2806 2964 2 10
12 0 4697 2802 2964 2 11
13 0 4697 2794 2964 6 12
14 0 4701 2774 2964 6 13
15 0 4709 2754 2964 6.94427 14
16 0 4709 2746 2972 6 15
17 0 4713 2742 2976 2 16
18 0 4717 2742 2976 2 17
