# Generated by NeuTu (https://github.com/janelia-flyem/NeuTu)
1 0 4882 3212 2959 2 -1
2 0 4878 3208 2959 3.65685 1
3 0 4874 3200 2967 6.94427 2
4 0 4870 3192 2971 6.94427 3
5 0 4862 3184 2979 3.65685 4
6 0 4858 3176 2979 3.65685 5
7 0 4850 3168 2979 6.94427 6
8 0 4830 3156 2999 6 7
9 0 4818 3152 3007 6 8
10 0 4806 3152 3019 6 9
11 0 4802 3152 3027 6 10
12 2 4793.27 3146.91 3040.09 9.93761 11
13 0 4782 3128 3055 9.31371 12
14 0 4774 3120 3063 9.31371 13
15 0 4766 3116 3071 6 14
16 0 4746 3112 3087 6.94427 15
17 0 4730 3116 3103 6 16
18 0 4722 3120 3103 2 17
19 0 4718 3120 3103 2 18
20 0 4714 3120 3103 2 19
21 0 4706 3120 3103 6 20
22 0 4694 3136 3099 6.94427 21
23 0 4686 3148 3095 6 22
24 0 4686 3160 3095 9.31371 23
25 0 4678 3168 3103 6 24
26 0 4666 3168 3107 6 25
27 0 4662 3164 3111 6 26
28 0 4654 3156 3115 2 27
29 0 4742 3116 3119 9.31371 17
30 0 4746 3120 3135 9.31371 29
31 0 4746 3116 3147 6 30
32 0 4742 3108 3159 9.31371 31
33 0 4734 3112 3167 2 32
34 0 4734 3112 3171 2 33
35 0 4782 3168 3051 6.94427 12
36 0 4778 3176 3063 6 35
