# Generated by NeuTu (https://github.com/janelia-flyem/NeuTu)
1 0 4950 3434 2664 2 -1
2 0 4954 3430 2660 3.65685 1
3 0 4958 3426 2656 6 2
4 0 4962 3422 2648 6 3
5 0 4966 3418 2636 10 4
6 0 4962 3418 2616 3.65685 5
7 0 4962 3418 2608 6 6
8 0 4962 3410 2592 6.94427 7
9 0 4962 3402 2576 6 8
10 0 4962 3402 2568 6 9
11 0 4962 3402 2560 3.65685 10
12 0 4966 3402 2548 6 11
13 0 4970 3394 2532 6.94427 12
14 0 4970 3378 2516 6 13
15 0 4970 3362 2512 6 14
16 0 4970 3354 2512 6 15
17 0 4954 3338 2508 6 16
