# Generated by NeuTu (https://github.com/janelia-flyem/NeuTu)
1 0 4832 3606 2953 2 -1
2 0 4832 3610 2949 3.65685 1
3 0 4828 3614 2945 3.65685 2
4 0 4828 3614 2937 3.65685 3
5 0 4828 3618 2929 6 4
6 0 4828 3618 2921 3.65685 5
7 0 4832 3626 2905 6.94427 6
8 0 4836 3630 2897 9.31371 7
9 0 4840 3638 2885 6 8
10 0 4840 3642 2873 6 9
11 0 4844 3650 2865 6 10
12 0 4844 3654 2849 6 11
13 0 4848 3650 2833 6 12
14 0 4844 3646 2825 6.94427 13
15 0 4852 3654 2809 6.94427 14
16 0 4860 3654 2801 6 15
17 0 4860 3658 2785 6 16
18 0 4864 3662 2769 6 17
19 0 4864 3662 2761 6 18
20 0 4876 3670 2749 6 19
21 0 4888 3674 2737 6 20
22 0 4904 3674 2721 6 21
23 0 4912 3666 2721 3.65685 22
24 0 4920 3658 2725 6.94427 23
25 0 4928 3654 2737 6 24
26 0 4936 3654 2745 6 25
27 0 4824 3634 2829 9.31371 14
28 2 4805.6 3634 2836.2 6.18885 27
29 0 4796 3634 2837 6 28
30 0 4788 3638 2845 6 29
31 0 4788 3650 2857 9.31371 30
32 0 4776 3666 2865 6 31
33 0 4784 3674 2865 3.65685 32
34 0 4788 3678 2865 2 33
35 0 4800 3614 2829 10 28
36 0 4808 3602 2833 10.6491 35
37 0 4804 3590 2833 6.94427 36
