# Generated by NeuTu (https://github.com/janelia-flyem/NeuTu)
1 0 4600 3446 2950 2 -1
2 0 4604 3446 2950 2 1
3 0 4612 3450 2942 6.94427 2
4 0 4620 3458 2934 6.94427 3
5 0 4620 3462 2914 6 4
6 0 4628 3466 2906 9.31371 5
7 0 4640 3470 2894 6.94427 6
8 0 4652 3486 2878 6 7
9 0 4656 3494 2874 2 8
10 0 4656 3498 2874 2 9
11 0 4656 3502 2874 2 10
12 0 4656 3506 2874 2 11
13 0 4656 3510 2874 2 12
14 0 4656 3514 2870 3.65685 13
15 0 4660 3526 2866 6 14
16 0 4660 3538 2866 9.31371 15
17 0 4668 3546 2862 6 16
18 0 4676 3554 2862 6 17
19 2 4699.92 3570.94 2859.02 15.7863 18
20 2 4706.46 3586.31 2858 13.0769 19
21 0 4704 3610 2862 6 20
22 0 4704 3618 2862 6 21
23 0 4700 3622 2866 6 22
24 0 4700 3634 2866 9.31371 23
25 0 4692 3654 2862 9.31371 24
26 0 4684 3670 2854 6.94427 25
27 0 4680 3686 2846 9.31371 26
28 0 4676 3698 2834 6.94427 27
29 0 4672 3706 2826 10.6491 28
30 0 4664 3706 2818 6 29
31 0 4652 3698 2810 6.94427 30
32 0 4636 3690 2814 9.31371 31
33 0 4620 3674 2822 6.94427 32
34 0 4612 3662 2822 9.31371 33
35 0 4592 3650 2822 6 34
36 0 4576 3650 2822 6 35
37 0 4684 3726 2838 10.6491 29
38 0 4688 3738 2842 6 37
39 0 4696 3742 2842 2 38
40 0 4700 3742 2842 2 39
41 0 4720 3574 2838 9.31371 20
42 0 4732 3574 2834 6 41
43 0 4740 3574 2834 6 42
44 0 4752 3566 2826 6.94427 43
45 0 4760 3546 2822 6.94427 44
46 0 4768 3538 2818 6 45
47 0 4696 3546 2850 6 19
48 0 4692 3538 2850 3.65685 47
49 0 4688 3534 2850 3.65685 48
50 0 4684 3530 2846 3.65685 49
51 0 4680 3530 2838 3.65685 50
52 0 4672 3526 2830 6 51
53 0 4664 3526 2822 6 52
54 0 4656 3526 2810 9.31371 53
55 0 4660 3530 2794 12.4222 54
56 0 4676 3550 2778 6 55
57 0 4644 3542 2858 3.65685 16
58 0 4640 3542 2858 2 57
59 0 4636 3542 2858 3.65685 58
60 0 4632 3542 2858 2 59
61 0 4628 3538 2858 3.65685 60
62 0 4624 3538 2858 3.65685 61
63 0 4616 3530 2862 6 62
64 0 4604 3518 2874 9.31371 63
