# Generated by NeuTu (https://github.com/janelia-flyem/NeuTu)
1 0 4957 3286 2808 2 -1
2 0 4953 3286 2808 2 1
3 0 4949 3286 2808 3.65685 2
4 0 4941 3294 2816 6.94427 3
5 0 4937 3302 2824 6 4
6 0 4941 3306 2828 3.65685 5
7 0 4941 3310 2828 3.65685 6
8 0 4941 3318 2836 6 7
9 0 4941 3330 2844 6 8
10 0 4937 3338 2852 6.94427 9
11 0 4921 3322 2868 6 10
12 0 4913 3314 2876 6.94427 11
13 0 4905 3306 2884 3.65685 12
14 0 4901 3306 2884 3.65685 13
15 0 4897 3302 2888 6 14
16 0 4889 3302 2896 6 15
17 0 4881 3302 2896 6 16
18 0 4865 3302 2912 6 17
19 0 4857 3302 2916 6 18
20 0 4849 3302 2924 9.31371 19
21 0 4837 3302 2932 6 20
22 0 4825 3302 2948 6.94427 21
23 0 4817 3302 2956 6.94427 22
24 0 4817 3298 2964 6.94427 23
25 0 4813 3290 2972 2 24
26 0 4809 3290 2976 2 25
27 0 4953 3350 2860 6.94427 10
28 0 4961 3358 2860 6.94427 27
29 0 4969 3366 2856 3.65685 28
30 0 4973 3370 2852 2 29
31 0 4977 3374 2848 2 30
