# Generated by NeuTu (https://github.com/janelia-flyem/NeuTu)
1 0 2609 3110 3527 2 -1
2 0 2613 3110 3527 2 1
3 0 2617 3106 3531 6 2
4 0 2621 3106 3547 6 3
5 0 2629 3110 3555 6 4
6 0 2633 3110 3563 6 5
7 0 2641 3114 3571 3.65685 6
8 0 2641 3114 3579 6 7
9 0 2645 3118 3587 6 8
10 0 2653 3118 3595 3.65685 9
11 0 2653 3118 3603 3.65685 10
12 0 2653 3118 3607 2 11
13 0 2653 3118 3611 3.65685 12
14 0 2657 3122 3615 6 13
15 0 2665 3122 3623 6 14
16 0 2673 3110 3647 14.4924 15
17 0 2681 3110 3663 14 16
18 0 2689 3110 3675 6.94427 17
19 0 2701 3114 3691 6 18
20 0 2705 3110 3695 3.65685 19
21 0 2709 3110 3699 3.65685 20
22 0 2713 3110 3703 2 21
23 0 2713 3110 3707 2 22
24 0 2713 3110 3711 2 23
25 0 2717 3110 3715 3.65685 24
26 0 2717 3110 3719 3.65685 25
27 0 2721 3102 3723 6 26
28 0 2729 3086 3735 6 27
29 0 2725 3066 3735 6.94427 28
30 0 2721 3058 3739 6 29
31 0 2725 3050 3743 3.65685 30
32 0 2729 3050 3743 2 31
33 0 2621 3110 3519 2 3
34 0 2617 3110 3519 3.65685 33
35 0 2609 3110 3511 6 34
36 0 2601 3110 3503 6.94427 35
37 0 2593 3102 3495 3.65685 36
38 0 2593 3102 3491 3.65685 37
39 0 2593 3094 3483 9.31371 38
40 0 2605 3082 3467 9.31371 39
41 0 2617 3070 3451 6.94427 40
42 0 2621 3058 3435 6.94427 41
43 0 2621 3042 3423 6 42
44 0 2625 3038 3419 6 43
45 0 2621 3022 3411 6 44
46 0 2625 3014 3407 3.65685 45
47 0 2629 3010 3403 6 46
48 0 2641 2998 3387 6.94427 47
49 0 2649 2982 3379 6.94427 48
50 0 2649 2962 3375 6 49
51 0 2665 2954 3363 6.94427 50
52 0 2673 2950 3355 6 51
53 0 2669 2954 3339 6.94427 52
54 0 2669 2966 3331 6 53
55 0 2665 2982 3327 6 54
