# Generated by NeuTu (https://github.com/janelia-flyem/NeuTu)
1 0 2368 3111 3365 2 -1
2 0 2368 3111 3369 2 1
3 0 2376 3103 3373 6 2
4 0 2380 3095 3381 9.31371 3
5 0 2384 3083 3381 10.6491 4
6 0 2388 3063 3385 6 5
7 0 2388 3051 3385 9.31371 6
8 2 2396 3037.59 3390.41 8.72792 7
9 0 2396 3031 3397 6 8
10 0 2396 3015 3401 6 9
11 0 2400 3011 3405 3.65685 10
12 0 2400 3007 3409 3.65685 11
13 0 2408 2999 3417 6.94427 12
14 0 2408 2995 3425 6 13
15 0 2408 2987 3433 9.31371 14
16 0 2412 2971 3441 6 15
17 0 2412 2959 3449 9.31371 16
18 0 2416 2947 3453 9.31371 17
19 0 2420 2939 3457 6 18
20 0 2420 2927 3469 9.31371 19
21 0 2424 2915 3481 6.94427 20
22 0 2428 2903 3497 6.94427 21
23 0 2420 2895 3505 6.94427 22
24 0 2412 2887 3505 6.94427 23
25 0 2408 2879 3509 3.65685 24
26 0 2408 2875 3509 2 25
27 0 2404 3027 3373 6 8
28 0 2400 3023 3369 6 27
29 0 2404 3023 3361 6 28
30 0 2404 3019 3353 3.65685 29
31 0 2408 3015 3349 2 30
