# Generated by NeuTu (https://github.com/janelia-flyem/NeuTu)
1 0 3332 3984 1904 2 -1
2 0 3336 3984 1904 2 1
3 0 3336 3976 1900 2 2
4 0 3340 3972 1900 2 3
5 0 3344 3972 1900 2 4
6 0 3060 3916 1988 2 -1
7 0 3060 3912 1988 2 6
8 0 3060 3904 1988 6.94427 7
9 0 3064 3896 1988 2 8
10 0 3068 3896 1988 2 9
11 0 3140 4132 2020 2 -1
12 0 3140 4132 2024 2 11
13 0 3136 4136 2032 6 12
14 0 3136 4136 2044 9.31371 13
15 0 3140 4144 2056 6 14
16 0 3144 4144 2068 6 15
17 0 3152 4144 2072 6 16
18 0 3156 4148 2076 2 17
19 0 3160 4148 2076 2 18
20 0 2848 3876 2840 2 -1
21 0 2848 3880 2840 2 20
22 0 2856 3872 2836 2 20
23 0 2860 3876 2836 2 22
24 0 2864 3884 2836 2 23
25 0 2864 3888 2832 2 24
26 0 2860 3892 2828 2 25
27 0 2860 3896 2828 2 26
28 0 2860 3900 2828 2 27
29 0 2856 3904 2828 2 28
30 0 2860 3908 2828 2 29
31 0 2860 3912 2828 2 30
32 0 2856 3916 2828 2 31
33 0 2836 3916 2828 10 32
34 0 2832 3908 2844 2 33
35 0 2828 3904 2840 2 34
36 0 2828 3928 2844 2 33
37 0 2832 3928 2844 2 36
38 0 2836 3932 2848 2 37
39 0 2836 3908 2820 3.65685 33
40 0 2836 3904 2816 3.65685 39
41 0 2832 3888 2816 6.94427 40
42 0 2828 3876 2820 12.4222 41
43 0 2824 3864 2820 6.94427 42
44 0 2820 3856 2812 9.31371 43
45 2 2828 3836.74 2810.42 9.84157 44
46 0 2840 3832 2784 9.31371 45
47 0 2836 3824 2776 3.65685 46
48 0 2832 3824 2776 2 47
49 0 2828 3820 2772 3.65685 48
50 0 2824 3820 2768 2 49
51 0 2820 3816 2764 3.65685 50
52 0 2816 3812 2760 6 51
53 0 2800 3808 2748 6.94427 52
54 0 2788 3804 2748 6 53
55 0 2844 3836 2764 6 46
56 0 2844 3840 2752 2 55
57 0 2848 3836 2748 6 56
58 0 2848 3832 2740 3.65685 57
59 0 2852 3832 2732 6 58
60 0 2824 3820 2828 6.94427 45
61 0 2816 3816 2840 9.31371 60
62 0 2804 3820 2844 2 61
63 0 2800 3824 2848 2 62
64 2 2792 3828.4 2844.8 6 63
65 0 2788 3824 2836 6.94427 64
66 0 2774 3825 2818 6.23607 65
67 0 2768 3828 2812 6.94427 66
68 0 2760 3832 2812 3.65685 67
69 0 2752 3836 2812 6 68
70 0 2740 3840 2812 6 69
71 0 2720 3832 2796 6.94427 70
72 0 2716 3816 2776 10 71
73 0 2712 3812 2764 10 72
74 0 2724 3812 2748 6 73
75 0 2732 3816 2736 6 74
76 0 2740 3816 2732 2 75
77 0 2744 3816 2732 2 76
78 0 2752 3836 2804 2 69
79 0 2748 3840 2800 3.65685 78
80 0 2744 3840 2792 3.65685 79
81 0 2748 3840 2784 3.65685 80
82 0 2752 3840 2780 2 81
83 0 2752 3840 2776 2 82
84 0 2752 3840 2772 2 83
85 0 2752 3840 2768 2 84
86 0 2752 3840 2764 2 85
87 0 2784 3824 2804 6.94427 66
88 0 2800 3824 2792 6 87
89 0 2808 3824 2792 6 88
90 0 2816 3820 2800 6.94427 89
91 0 2792 3836 2864 6 64
92 0 2808 3856 2884 12.4222 91
93 2 2859.53 3876.49 2912.17 28.5453 92
94 0 2868 3828 2912 10.6491 93
95 0 2876 3812 2900 10 94
96 0 2888 3816 2896 6.94427 95
97 2 2905.45 3817.82 2886.18 10.7267 96
98 0 2912 3820 2884 12.4222 97
99 0 2940 3828 2884 6.94427 98
100 0 2952 3828 2888 10 99
101 0 2972 3824 2896 3.65685 100
102 0 2976 3820 2896 2 101
103 0 2924 3796 2888 9.31371 98
104 0 2936 3792 2884 9.31371 103
105 0 2948 3792 2880 6 104
106 0 2900 3824 2872 2 97
107 0 2900 3828 2864 6 106
108 0 2888 3840 2852 6.94427 107
109 0 2888 3840 2840 6 108
110 0 2884 3844 2832 6 109
111 0 2880 3840 2828 2 110
112 0 2880 3840 2824 2 111
113 2 2868.8 3877.33 2918.14 31.3892 93
114 2 2866.73 3876.63 2922.85 31.1537 113
115 2 2854.59 3855.48 2941.75 27.056 114
116 0 2848 3844 2952 24.8328 115
117 0 2860 3828 2968 9.31371 116
118 0 2860 3824 2980 3.65685 117
119 0 2864 3824 2988 6.94427 118
120 0 2876 3816 2992 9.31371 119
121 0 2892 3812 2988 14 120
122 0 2904 3824 2980 6.94427 121
123 0 2912 3828 2968 6 122
124 0 2924 3840 2964 6 123
125 0 2932 3840 2968 3.65685 124
126 0 2936 3844 2972 6 125
127 0 2944 3844 2972 6 126
128 0 2952 3836 2968 2 127
129 0 2920 3852 2952 6 124
130 0 2928 3848 2944 6 129
131 0 2936 3856 2936 6.94427 130
132 0 2944 3864 2916 6 131
133 0 2952 3864 2908 6 132
134 0 2956 3864 2896 2 133
135 0 2860 3808 3016 6.94427 120
136 0 2852 3796 3024 9.31371 135
137 0 2840 3784 3028 6 136
138 0 2824 3792 3032 6 137
139 2 2829.82 3842.18 2957.45 16.7017 116
140 0 2808 3840 2964 6.94427 139
141 0 2792 3828 2976 10 140
142 0 2780 3820 2976 10.6491 141
143 0 2780 3800 2972 3.65685 142
144 0 2780 3796 2976 2 143
145 0 2812 3816 2948 6 139
146 0 2804 3804 2952 6.94427 145
147 0 2796 3796 2952 6.94427 146
148 0 2788 3788 2952 3.65685 147
149 0 2784 3788 2948 2 148
150 0 2816 3824 2924 10.6491 115
151 0 2808 3800 2932 6 150
152 2 2863.88 3878.06 2929.27 29.382 114
153 0 2892 3888 2948 3.65685 152
154 0 2896 3888 2952 3.65685 153
155 0 2904 3892 2956 9.31371 154
156 0 2916 3904 2952 6.94427 155
157 0 2924 3908 2956 3.65685 156
158 0 2928 3908 2952 2 157
159 0 2932 3908 2952 2 158
160 2 2862.77 3878.61 2931.76 28.693 152
161 2 2853.27 3883.37 2953.15 22.7874 160
162 0 2880 3884 2968 6 161
163 0 2888 3884 2972 6.94427 162
164 0 2900 3896 2972 9.31371 163
165 0 2904 3908 2980 6 164
166 0 2912 3920 2968 6 165
167 0 2916 3924 2964 3.65685 166
168 0 2916 3924 2960 3.65685 167
169 0 2916 3928 2956 2 168
170 2 2845.57 3884 2970.47 21.4481 161
171 2 2824.58 3907.35 2968.07 18.0934 170
172 0 2808 3916 2984 22.3311 171
173 0 2780 3936 2984 15.8885 172
174 0 2764 3956 2980 18 173
175 0 2764 3972 2964 12.4222 174
176 0 2776 3980 2956 6 175
177 0 2812 3920 2948 9.31371 171
178 0 2792 3920 2944 9.31371 177
179 0 2780 3900 2944 3.65685 178
180 0 2776 3896 2944 3.65685 179
181 0 2772 3892 2948 3.65685 180
182 0 2768 3888 2952 2 181
183 0 2764 3888 2952 2 182
184 0 2824 3876 3020 26 170
185 0 2848 3880 3040 10.6491 184
186 0 2848 3884 3052 6 185
187 0 2856 3884 3064 6 186
188 0 2852 3880 3072 2 187
189 0 2852 3880 3076 2 188
190 2 2800.63 3882.46 3056.29 19.282 184
191 0 2788 3840 3044 3.65685 190
192 0 2784 3828 3048 6 191
193 0 2788 3812 3048 6.94427 192
194 0 2792 3800 3040 6.94427 193
195 0 2796 3784 3036 6.94427 194
196 0 2788 3768 3028 6.94427 195
197 0 2780 3752 3020 6 196
198 0 2776 3744 3016 6 197
199 0 2772 3740 3012 3.65685 198
200 0 2772 3736 3012 2 199
201 2 2785.71 3880.57 3081.14 14.5714 190
202 0 2760 3900 3076 10 201
203 0 2752 3908 3072 6.94427 202
204 0 2740 3916 3060 10 203
205 0 2752 3932 3048 6 204
206 0 2780 3872 3100 9.31371 201
207 0 2772 3864 3112 15.8885 206
208 2 2771.78 3855.56 3129.56 15.811 207
209 0 2804 3852 3136 10.6491 208
210 0 2812 3860 3136 6.94427 209
211 0 2816 3868 3144 3.65685 210
212 0 2816 3872 3152 3.65685 211
213 0 2820 3872 3156 2 212
214 0 2820 3872 3160 2 213
215 0 2820 3872 3164 2 214
216 0 2768 3848 3156 14.4924 208
217 0 2740 3852 3152 14.9706 216
218 0 2736 3868 3160 10.6491 217
219 0 2740 3880 3160 6.94427 218
220 0 2748 3888 3160 9.31371 219
221 0 2752 3904 3160 6 220
222 0 2756 3916 3160 3.65685 221
223 0 2764 3924 3160 3.65685 222
224 0 2768 3928 3164 2 223
225 0 2712 3832 3152 10.6491 217
226 0 2704 3816 3160 6 225
227 2 2759.79 3845.26 3164.21 13.076 216
228 0 2776 3844 3180 6.94427 227
229 0 2780 3848 3196 6 228
230 0 2784 3848 3208 3.65685 229
231 0 2788 3848 3216 3.65685 230
232 0 2792 3848 3220 3.65685 231
233 0 2792 3848 3224 2 232
234 0 2792 3844 3228 3.65685 233
235 0 2792 3844 3232 3.65685 234
236 0 2796 3840 3236 2 235
237 2 2744.64 3836.43 3179.36 17.7027 227
238 0 2712 3844 3180 10 237
239 0 2708 3852 3188 6.94427 238
240 0 2712 3864 3204 9.31371 239
241 0 2712 3872 3216 6 240
242 2 2741.57 3832.76 3186.47 18.6722 237
243 0 2724 3804 3172 10.6491 242
244 0 2728 3784 3172 6 243
245 0 2732 3776 3176 3.65685 244
246 0 2732 3768 3184 6 245
247 0 2728 3760 3180 6 246
248 0 2720 3748 3180 9.31371 247
249 0 2716 3736 3196 6 248
250 2 2732.4 3820.54 3210.92 21.2118 242
251 0 2712 3808 3200 6.94427 250
252 0 2700 3796 3192 6 251
253 0 2700 3788 3184 3.65685 252
254 0 2696 3780 3180 6 253
255 0 2692 3764 3180 6 254
256 0 2692 3748 3180 12.4222 255
257 0 2692 3744 3192 6.94427 256
258 0 2692 3740 3216 6.94427 257
259 0 2700 3744 3228 6 258
260 0 2700 3744 3240 6 259
261 0 2708 3744 3252 2 260
262 0 2708 3744 3256 2 261
263 2 2732 3812 3228 21.9953 250
264 0 2692 3832 3232 15.8885 263
265 0 2676 3828 3232 12.4222 264
266 0 2638 3812 3246 15.1905 265
267 0 2632 3816 3268 6.94427 266
268 0 2632 3816 3276 6 267
269 0 2640 3812 3284 6 268
270 0 2636 3808 3292 6 269
271 0 2640 3804 3300 6 270
272 0 2612 3836 3224 14 266
273 0 2616 3848 3216 10.6491 272
274 0 2732 3808 3236 22.3311 263
275 0 2696 3824 3252 15.8885 274
276 0 2684 3828 3264 12.4222 275
277 0 2684 3824 3292 9.31371 276
278 0 2688 3828 3300 3.65685 277
279 0 2692 3832 3304 2 278
280 2 2724.73 3788.73 3281.82 18.3636 274
281 0 2744 3788 3304 14.9706 280
282 0 2744 3788 3320 10.6491 281
283 0 2752 3792 3328 6.94427 282
284 0 2768 3808 3344 6.94427 283
285 0 2772 3808 3356 6.94427 284
286 0 2780 3804 3368 10.6491 285
287 0 2788 3804 3380 6 286
288 0 2784 3820 3348 9.31371 284
289 0 2804 3832 3352 3.65685 288
290 0 2808 3836 3352 2 289
291 0 2768 3804 3316 10 281
292 0 2776 3816 3328 6 291
293 0 2776 3824 3328 6 292
294 0 2780 3836 3316 6 293
295 0 2776 3844 3308 2 294
296 0 2776 3848 3304 2 295
297 0 2715.57 3784 3302.59 17.6725 280
298 0 2692 3800 3308 14.4924 297
299 0 2676 3800 3312 6.94427 298
300 0 2668 3800 3308 3.65685 299
301 0 2660 3804 3308 3.65685 300
302 0 2656 3808 3312 2 301
303 2 2712 3773.76 3341.06 11.2846 297
304 0 2696 3764 3336 2 303
305 0 2696 3760 3336 2 304
306 0 2692 3756 3336 2 305
307 0 2692 3748 3332 6 306
308 0 2700 3744 3320 6 307
309 0 2704 3744 3304 6 308
310 0 2704 3744 3284 6 309
311 0 2704 3744 3276 6 310
312 0 2700 3748 3268 3.65685 311
313 0 2696 3748 3264 2 312
314 0 2712 3768 3356 12.4222 303
315 2 2708.15 3756.44 3379.12 25.4995 314
316 0 2756 3776 3388 14 315
317 0 2764 3792 3388 6 316
318 0 2772 3808 3400 6.94427 317
319 0 2772 3816 3400 6 318
320 2 2690.46 3752.49 3415.08 22.4921 315
321 0 2660 3752 3404 14 320
322 0 2624 3744 3424 14 321
323 0 2596 3740 3432 6.94427 322
324 0 2657.83 3741.49 3458.86 21.0055 320
325 0 2624 3732 3452 10.6491 324
326 0 2592 3732 3452 10 325
327 0 2580 3736 3452 6 326
328 0 2568 3728 3456 10 327
329 0 2556 3732 3468 3.65685 328
330 0 2552 3736 3472 2 329
331 0 2548 3736 3472 2 330
332 0 2544 3736 3472 2 331
333 2 2647.56 3719.11 3484.89 25.5023 324
334 0 2616 3716 3480 10.6491 333
335 0 2604 3712 3480 10 334
336 0 2592 3716 3480 6 335
337 0 2576 3716 3488 6 336
338 0 2572 3720 3484 6 337
339 0 2564 3724 3484 3.65685 338
340 2 2644 3712 3492 27.2617 333
341 0 2668 3724 3516 18 340
342 0 2684 3732 3528 6 341
343 0 2692 3740 3540 6 342
344 0 2640 3704 3500 29.241 340
345 0 2628 3704 3560 12.4222 344
346 0 2624 3692 3588 9.31371 345
347 0 2612 3692 3508 19.5407 344
348 0 2580 3692 3512 18 347
349 0 2572 3696 3532 14.4924 348
350 0 2572 3696 3548 6.94427 349
351 0 2572 3700 3564 6.94427 350
352 0 2568 3700 3572 6 351
353 0 2568 3708 3580 6 352
354 0 2572 3716 3588 2 353
355 0 2572 3720 3588 2 354
356 0 2852 3904 2948 14.9706 160
357 0 2840.41 3936.55 2947.72 18.1289 356
358 0 2852 3960 2956 9.31371 357
359 0 2872 3960 2968 3.65685 358
360 0 2876 3960 2972 2 359
361 0 2880 3960 2972 2 360
362 0 2888 3964 2976 6.94427 361
363 0 2896 3968 2976 6 362
364 0 2912 3972 2964 6 363
365 0 2920 3976 2956 6 364
366 0 2808 3972 2956 12.4222 357
367 0 2816 4000 2956 6 366
368 0 2860 3956 2932 6.94427 357
369 0 2862.06 3969.94 2910.19 10.8185 368
370 0 2884 3976 2900 9.31371 369
371 2 2895.62 3985.21 2901.21 9.24735 370
372 0 2904 3988 2904 6 371
373 0 2916 3992 2916 9.31371 372
374 0 2920 3984 2932 3.65685 373
375 0 2920 3980 2936 3.65685 374
376 0 2916 3976 2940 2 375
377 0 2884 4012 2892 12.4222 371
378 0 2876 4020 2900 6.94427 377
379 0 2848 3980 2904 10.6491 369
380 0 2840 3992 2908 6 379
381 0 2840 4008 2912 6 380
382 0 2836 4020 2912 9.31371 381
383 0 2832 4032 2916 6 382
384 0 2828 4040 2916 6.94427 383
385 0 2840 4056 2936 9.31371 384
386 0 2848 4072 2940 3.65685 385
387 0 2852 4080 2940 6 386
388 0 2856 4084 2936 6 387
389 0 2856 4092 2936 2 388
390 0 2856 4096 2936 2 389
391 0 2828 4052 2900 2 384
392 0 2832 4052 2900 2 391
393 0 2836 4052 2900 2 392
394 0 2840 4052 2896 2 393
395 0 2844 4052 2896 2 394
396 0 2848 4056 2896 3.65685 395
397 0 2852 4060 2900 2 396
398 0 2812 4040 2916 6 384
399 2 2802.4 4040 2915.2 6.75542 398
400 0 2792 4032 2924 6.94427 399
401 2 2780.57 4028.19 2927.81 6.04507 400
402 0 2768 4024 2932 12.4222 401
403 0 2756 4016 2932 6 402
404 0 2748 4008 2928 9.31371 403
405 0 2732 3992 2928 6.94427 404
406 0 2716 3988 2928 6 405
407 0 2764 4036 2920 6.94427 401
408 0 2744 4020 2904 12.4222 407
409 0 2744 4008 2900 6 408
410 0 2744 4000 2900 6 409
411 0 2736 3988 2900 2 410
412 0 2732 3988 2900 2 411
413 0 2796 4040 2912 6 399
414 0 2792 4044 2908 2 413
415 0 2788 4044 2904 2 414
416 0 2788 4044 2900 2 415
417 0 2784 4048 2892 6 416
418 0 2792 4056 2880 3.65685 417
419 0 2792 4064 2860 10 418
420 0 2796 4076 2848 3.65685 419
421 0 2796 4080 2840 3.65685 420
422 0 2796 4080 2832 3.65685 421
423 0 2800 4084 2828 2 422
424 0 2800 4084 2824 2 423
425 0 2776 4056 2896 3.65685 417
426 0 2776 4060 2896 2 425
427 0 2776 4068 2896 6 426
428 0 2776 4076 2892 6.94427 427
429 0 2780 4084 2892 6 428
430 0 2760 4084 2892 2 428
431 0 2760 4088 2892 2 430
432 0 2764 4092 2892 3.65685 431
433 0 2768 4096 2892 2 432
434 0 2760 4088 2884 10 430
435 0 2756 4076 2892 2 434
436 0 2752 4076 2892 2 435
437 0 2768 4092 2876 3.65685 434
438 0 2772 4096 2872 2 437
439 0 2776 4096 2868 3.65685 438
440 0 2772 4108 2860 10 439
441 2 2761.36 4097.36 2839.09 14.3277 440
442 0 2780 4112 2828 6.94427 441
443 0 2788 4112 2832 6.94427 442
444 0 2808 4116 2836 12.4222 443
445 2 2835.14 4119.71 2820.57 10.8885 444
446 0 2840 4096 2824 6 445
447 0 2832 4084 2828 6 446
448 0 2828 4080 2832 3.65685 447
449 0 2828 4076 2832 3.65685 448
450 0 2824 4072 2836 6 449
451 0 2816 4064 2840 2 450
452 0 2816 4060 2840 2 451
453 0 2848 4128 2816 6.94427 445
454 0 2860 4136 2820 6.94427 453
455 0 2868 4152 2832 6 454
456 0 2872 4164 2840 6.94427 455
457 0 2864 4176 2836 2 456
458 0 2736 4092 2844 18 441
459 2 2732.57 4089.94 2843.31 18 458
460 0 2691.36 4075.52 2840 15.5308 459
461 0 2676 4064 2840 6.94427 460
462 0 2668 4056 2844 6 461
463 0 2656 4052 2848 12.4222 462
464 0 2648 4028 2852 10 463
465 0 2640 4016 2844 6 464
466 0 2636 4000 2840 6 465
467 0 2628 3992 2828 6.94427 466
468 2 2624 4003.06 2807.76 11.8523 467
469 0 2624 4008 2788 9.31371 468
470 0 2632 4016 2772 3.65685 469
471 0 2636 4020 2764 6.94427 470
472 0 2648 4028 2772 6 471
473 0 2600 4000 2820 10 468
474 0 2580 3984 2820 6.94427 473
475 0 2572 3984 2820 3.65685 474
476 0 2568 3984 2816 2 475
477 0 2616 3976 2832 6 467
478 0 2604 3972 2836 6 477
479 0 2684 4096 2848 6.94427 460
480 0 2696 4112 2856 6.94427 479
481 0 2704 4120 2860 6.94427 480
482 0 2704 4132 2868 2 481
483 0 2732 4108 2856 9.31371 459
484 0 2736 4120 2860 12.4222 483
485 0 2732 4132 2868 6 484
486 0 2736 4140 2880 6 485
487 0 2728 4144 2888 2 486
488 0 2724 4144 2892 2 487
489 0 2748 4068 2836 10 458
490 0 2756 4060 2828 10.6491 489
491 0 2760 4048 2816 2 490
492 0 2764 4040 2812 6 491
493 0 2760 4024 2812 6 492
494 0 2760 4012 2812 6 493
495 0 2752 4008 2812 2 494
496 0 2748 4008 2812 3.65685 495
497 0 2744 4008 2812 3.65685 496
498 0 2740 4004 2812 2 497
499 0 2748 4008 2820 6 498
500 0 2756 4012 2820 6.94427 499
501 0 2756 4020 2820 3.65685 500
502 0 2760 4024 2820 2 501
503 0 2760 4028 2820 2 502
504 0 2764 4032 2820 2 503
505 0 2768 4036 2824 2 504
506 0 2764 4032 2828 2 505
507 0 2744 4004 2824 2 499
508 0 2744 4004 2828 2 507
509 0 2744 4004 2832 2 508
510 2 2883.47 3898.32 2886.21 24.573 113
511 0 2848 3904 2876 14 510
512 0 2836 3916 2864 2 511
513 0 2836 3920 2864 2 512
514 0 2836 3924 2860 2 513
515 0 2840 3928 2864 2 514
516 0 2844 3928 2864 2 515
517 0 2848 3928 2864 2 516
518 0 2852 3928 2864 2 517
519 0 2872 3880 2856 2 510
520 0 2868 3876 2852 2 519
521 0 2904 3912 2852 30.249 510
522 0 2952 3908 2864 6 521
523 0 2960 3900 2872 6 522
524 0 2964 3896 2880 9.31371 523
525 0 2968 3892 2888 9.31371 524
526 0 2972 3896 2896 3.65685 525
527 0 2976 3892 2900 2 526
528 2 2905.55 3914.06 2845.3 30.249 521
529 0 2904 3952 2856 6 528
530 0 2904 3960 2856 3.65685 529
531 0 2912 3968 2856 3.65685 530
532 0 2912 3976 2864 3.65685 531
533 0 2912 3980 2872 3.65685 532
534 0 2912 3984 2880 3.65685 533
535 0 2916 3988 2884 3.65685 534
536 0 2920 3992 2888 2 535
537 2 2919.87 3930.58 2790.97 29.6729 528
538 0 2916 3968 2824 6.94427 537
539 0 2916 3972 2832 6 538
540 0 2920 3980 2840 2 539
541 0 2920 3984 2844 2 540
542 0 2924 3988 2848 3.65685 541
543 0 2924 3988 2852 3.65685 542
544 0 2920 3992 2856 2 543
545 2 2924.52 3933.68 2780.13 28.9816 537
546 0 2964 3924 2816 10 545
547 0 2976 3920 2824 6.94427 546
548 0 2984 3912 2820 3.65685 547
549 0 2988 3908 2816 2 548
550 2 2928 3937.06 2768.3 27.9836 545
551 0 2960 3928 2776 15.8885 550
552 0 2988 3932 2780 14 551
553 0 3008 3936 2780 18 552
554 0 3032 3964 2748 14.4924 553
555 2 3057.78 3976.44 2744.44 14.1078 554
556 0 3077.54 3983.33 2755.76 19.2044 555
557 2 3091.04 3991.42 2774.65 29.5127 556
558 2 3095.35 3971.87 2792.77 19.9757 557
559 0 3096 3968 2796 18 558
560 0 3092 3952 2804 9.31371 559
561 0 3088 3932 2820 10.6491 560
562 0 3080 3924 2832 9.31371 561
563 0 3064 3916 2844 6 562
564 0 3056 3912 2852 9.31371 563
565 0 3044 3916 2872 6 564
566 0 3088 3924 2868 2 562
567 0 3092 3928 2868 3.65685 566
568 0 3096 3932 2868 2 567
569 0 3096 3936 2868 2 568
570 0 3116 3960 2808 3.65685 559
571 0 3116 3956 2812 3.65685 570
572 0 3120 3952 2812 3.65685 571
573 0 3124 3944 2820 9.31371 572
574 0 3128 3948 2832 6.94427 573
575 0 3080 3968 2816 6 558
576 0 3076 3968 2824 2 575
577 0 3072 3972 2832 6 576
578 0 3076 3976 2836 3.65685 577
579 0 3076 3980 2844 3.65685 578
580 0 3076 3984 2852 3.65685 579
581 0 3076 3984 2856 3.65685 580
582 0 3084 3980 2864 6.94427 581
583 0 3084 3980 2880 6 582
584 0 3092 3984 2888 2 583
585 0 3096 3984 2888 2 584
586 0 3048 3996 2808 6 557
587 0 3040 4004 2812 6 586
588 0 3028 4012 2812 6 587
589 0 3024 4008 2816 6 588
590 0 3028 4000 2824 2 589
591 0 3028 3996 2824 2 590
592 0 3064 4016 2760 9.31371 556
593 0 3052 4028 2768 9.31371 592
594 0 3052 4032 2784 10.6491 593
595 0 3056 3988 2716 10 555
596 0 3048 4008 2712 6 595
597 0 3052 4024 2712 6 596
598 0 3056 4036 2712 3.65685 597
599 0 3060 4040 2712 2 598
600 0 3040 3968 2712 10 554
601 0 3036 3964 2696 9.31371 600
602 0 3028 3956 2680 3.65685 601
603 0 3024 3956 2680 2 602
604 2 2928 3942.04 2750.87 25.7233 550
605 0 2904 3912 2748 18 604
606 2 2898.67 3894.67 2730.67 9.92375 605
607 0 2880 3876 2716 10.6491 606
608 0 2872 3860 2700 9.31371 607
609 0 2876 3856 2688 6 608
610 0 2888 3852 2680 6 609
611 0 2888 3852 2672 6.94427 610
612 0 2896 3852 2664 6 611
613 0 2896 3852 2656 6 612
614 0 2912.44 3887.56 2716.22 6.76164 606
615 0 2920 3880 2720 3.65685 614
616 0 2924 3872 2724 6.94427 615
617 0 2940 3864 2728 6 616
618 0 2948 3860 2728 3.65685 617
619 0 2956 3860 2732 6 618
620 0 2956 3860 2740 2 619
621 0 2956 3860 2744 3.65685 620
622 0 2956 3860 2748 3.65685 621
623 0 2956 3856 2752 2 622
624 0 2956 3856 2756 2 623
625 0 2956 3856 2760 2 624
626 0 2916 3876 2696 10 614
627 0 2908 3864 2692 2 626
628 0 2904 3860 2688 2 627
629 0 2904 3856 2688 2 628
630 0 2928 3944 2744 24.8328 604
631 0 2960 3936 2748 12.4222 630
632 0 2976 3924 2736 2 631
633 0 2976 3924 2732 2 632
634 0 2976 3924 2728 2 633
635 0 2980 3928 2724 6 634
636 0 2988 3924 2724 3.65685 635
637 0 2988 3920 2728 2 636
638 0 2928 3955.6 2712.8 19.0073 630
639 2 2928 3967.71 2721 22.0622 638
640 2 2908.39 3997.36 2726.72 12.208 639
641 2 2905.65 4001.5 2727.52 10.8303 640
642 0 2908 4012 2740 9.31371 641
643 0 2912 4012 2752 6 642
644 0 2912 4008 2772 6.94427 643
645 0 2916 4012 2780 6 644
646 0 2916 4020 2708 6.94427 641
647 0 2924 4024 2700 3.65685 646
648 0 2924 4024 2696 3.65685 647
649 0 2928 4028 2692 3.65685 648
650 0 2932 4032 2692 3.65685 649
651 0 2936 4036 2688 3.65685 650
652 0 2936 4036 2684 3.65685 651
653 0 2880 4000 2708 12.4222 640
654 0 2864 4000 2704 12.4222 653
655 0 2852 4000 2696 3.65685 654
656 0 2848 3996 2696 2 655
657 2 2928 3973.55 2731.56 22.0184 639
658 0 2952 4004 2716 9.31371 657
659 0 2964 4020 2700 10 658
660 0 2968 4032 2696 6 659
661 0 2956 4052 2684 10 660
662 0 2956 4064 2684 6.94427 661
663 0 2964 4080 2680 10.6491 662
664 0 2968 4104 2684 6.94427 663
665 0 2976 4116 2680 2 664
666 0 2976 4120 2680 2 665
667 2 2934.22 3988.44 2751.56 12.1329 657
668 0 2928 3980 2776 10 667
669 0 2928 3988 2788 6.94427 668
670 0 2936 3992 2796 3.65685 669
671 0 2940 3992 2800 2 670
672 2 2940.67 3996.67 2760.67 11.127 667
673 0 2956 4012 2748 14 672
674 0 2952 4028 2748 6.94427 673
675 0 2944 4036 2748 9.31371 674
676 0 2956 4012 2780 18 672
677 2 2959.74 4023.22 2802.43 16.0262 676
678 0 2960 4008 2824 12.4222 677
679 0 2952 4000 2832 6.94427 678
680 0 2944 3996 2840 6 679
681 0 2940 3996 2852 6 680
682 0 2940 4000 2872 6 681
683 0 2940 4000 2888 6.94427 682
684 0 2944 4000 2904 6.94427 683
685 0 2944 4000 2916 9.31371 684
686 0 2956 4008 2928 3.65685 685
687 0 2960 4008 2928 3.65685 686
688 0 2964 4008 2928 2 687
689 0 2960 4024 2804 15.8885 677
690 0 2940 4032 2804 10 689
691 0 2920 4028 2820 12.4222 690
692 0 2912 4008 2844 6 691
693 0 2908 4004 2852 2 692
694 0 2900 4000 2856 6 693
695 0 2892 4000 2856 3.65685 694
696 0 2888 3996 2852 2 695
697 2 2960.8 4024 2805.6 15.7489 689
698 0 2976 4040 2800 3.65685 697
699 0 2992 4052 2792 9.31371 698
700 0 3000 4060 2792 10 699
701 0 3020 4060 2784 10 700
702 0 3036 4052 2768 10 701
703 0 3040 4056 2752 9.31371 702
704 0 3036 4060 2744 3.65685 703
705 0 3040 4072 2736 9.31371 704
706 0 3040 4092 2720 6 705
707 0 3036 4092 2712 6 706
708 0 3008 4072 2768 6 701
709 0 3004 4072 2760 6 708
710 0 2996 4064 2756 6 709
711 0 2980 4064 2760 6 710
712 0 3000 4072 2804 2 700
713 0 2996 4072 2804 2 712
714 0 2992 4072 2804 2 713
715 0 2988 4076 2804 2 714
716 0 2984 4076 2804 2 715
717 0 2981.94 4029.94 2845.81 11.2496 697
718 0 3004 4032 2840 6 717
719 0 3012 4032 2844 3.65685 718
720 0 3020 4032 2852 6.94427 719
721 0 3028 4020 2848 6 720
722 0 3028 4004 2844 6.94427 721
723 0 3036 3992 2848 6.94427 722
724 0 3032 3984 2856 3.65685 723
725 0 3036 3980 2860 2 724
726 0 2988 4036 2868 12.4222 717
727 2 3017.14 4033.43 2903.71 14.5155 726
728 0 3040 4044 2892 6.94427 727
729 0 3048 4048 2892 6 728
730 0 3052 4052 2888 3.65685 729
731 0 3056 4056 2888 3.65685 730
732 0 3060 4060 2884 2 731
733 0 3028 4052 2932 30.249 727
734 2 3026.78 4064.16 2930.78 27.5365 733
735 0 3032 4116 2932 14 734
736 2 3035.89 4131.56 2935.89 9.44388 735
737 0 3062.77 4157.85 2940 7.64944 736
738 0 3076 4180 2948 18 737
739 0 3080 4200 2960 6 738
740 0 3088 4208 2968 10.6491 739
741 0 3108 4208 2968 14.4924 740
742 0 3120 4200 2964 6 741
743 0 3124 4196 2960 6 742
744 0 3140 4196 2960 6 743
745 0 3160 4208 2956 9.31371 744
746 0 3164 4220 2956 9.31371 745
747 0 3172 4228 2964 6.94427 746
748 0 3184 4228 2976 6.94427 747
749 0 3196 4228 2976 6 748
750 0 3212 4224 2984 6.94427 749
751 0 3236 4220 2992 10 750
752 0 3244 4212 2992 3.65685 751
753 0 3252 4204 2992 6 752
754 0 3268 4204 2996 10 753
755 0 3276 4196 2996 3.65685 754
756 0 3280 4196 2996 3.65685 755
757 0 3284 4192 2996 2 756
758 0 3204 4228 2960 2 749
759 0 3208 4228 2956 3.65685 758
760 0 3220 4228 2960 9.31371 759
761 0 3232 4212 2964 6 760
762 0 3228 4208 2960 3.65685 761
763 0 3224 4204 2960 3.65685 762
764 0 3220 4200 2964 3.65685 763
765 0 3216 4196 2964 2 764
766 0 3124 4228 2964 9.31371 741
767 0 3140 4236 2956 3.65685 766
768 0 3144 4240 2956 2 767
769 0 3148 4240 2956 2 768
770 0 3152 4240 2956 2 769
771 0 3096 4192 2932 6.94427 738
772 0 3104 4196 2920 6 771
773 2 3110.22 4199.11 2905.78 6 772
774 2 3114.67 4201.33 2902.67 6 773
775 0 3128 4204 2900 6 774
776 0 3140 4204 2892 6.94427 775
777 0 3152 4196 2884 10.6491 776
778 0 3172 4192 2880 3.65685 777
779 0 3176 4196 2884 2 778
780 0 3108 4216 2888 9.31371 774
781 0 3100 4228 2888 9.31371 780
782 0 3096 4236 2896 6 781
783 0 3116 4200 2916 3.65685 773
784 0 3120 4200 2916 2 783
785 0 3124 4204 2920 3.65685 784
786 0 3128 4204 2924 2 785
787 0 3140 4204 2928 10 786
788 0 3084 4172 2968 6 738
789 0 3084 4172 2976 6.94427 788
790 0 3084 4164 2984 6 789
791 0 3080 4152 2988 12.4222 790
792 0 3076 4140 2992 6.94427 791
793 0 3076 4132 2996 6 792
794 0 3080 4156 2920 6 737
795 0 3092 4148 2908 6.94427 794
796 0 3100 4152 2900 10 795
797 0 3100 4168 2888 6 796
798 0 3096 4180 2872 6 797
799 2 3094.37 4185.63 2860.73 7.56802 798
800 0 3088 4192 2848 10 799
801 0 3088 4192 2832 6 800
802 0 3088 4196 2816 6 801
803 2 3091.33 4199.33 2809.33 6 802
804 2 3092 4210.16 2801.23 8.80568 803
805 0 3096 4224 2796 10.6491 804
806 0 3108 4236 2780 6 805
807 0 3116 4240 2776 2 806
808 0 3120 4240 2772 2 807
809 0 3096 4196 2780 6.94427 804
810 0 3104 4200 2772 6 809
811 0 3080 4188 2796 6 803
812 0 3080 4180 2792 3.65685 811
813 0 3080 4172 2788 6 812
814 0 3072 4164 2792 2 813
815 0 3084 4204 2868 6.94427 799
816 0 3076 4212 2868 9.31371 815
817 0 3064 4212 2872 6 816
818 0 3056 4212 2876 6 817
819 0 3052 4208 2872 3.65685 818
820 0 3048 4204 2868 3.65685 819
821 0 3048 4200 2864 2 820
822 0 3048 4140 2920 6 736
823 0 3044 4144 2916 6 822
824 0 3056 4140 2904 6 823
825 0 3068 4140 2896 6 824
826 0 3084 4128 2880 6 825
827 0 3028 4104 2972 12.4222 734
828 0 3036 4116 2972 6 827
829 2 3014.96 4033.37 2950.63 26.4061 733
830 0 2996 3988 2980 15.8885 829
831 0 2984 3964 2996 6 830
832 0 2980 3960 2992 2 831
833 0 2976 3956 2992 2 832
834 0 2972 4016 2944 10 829
835 0 2964 4008 2948 6 834
836 0 2956 4000 2956 6 835
837 0 2952 3992 2948 3.65685 836
838 0 2948 3988 2944 2 837
839 2 3076 4056 2932 17.7003 733
840 0 3096 4040 2948 10 839
841 0 3100 4028 2956 3.65685 840
842 0 3100 4024 2964 3.65685 841
843 0 3104 4020 2968 6 842
844 0 3100 4012 2980 6 843
845 0 3100 4004 2988 2 844
846 0 3100 4000 2988 2 845
847 2 3082 4056 2932 16.3415 839
848 2 3097.63 4066.82 2909.18 7.64533 847
849 0 3112 4080 2904 6 848
850 0 3120 4088 2900 10 849
851 0 3128 4100 2892 10.6491 850
852 0 3124 4112 2884 12.4222 851
853 0 3116 4120 2876 10 852
854 0 3116 4132 2872 6.94427 853
855 0 3112 4144 2856 9.31371 854
856 0 3116 4144 2844 6 855
857 0 3120 4140 2832 6.94427 856
858 0 3120 4132 2816 9.31371 857
859 0 3128 4136 2808 6.94427 858
860 0 3136 4132 2800 6 859
861 0 3148 4128 2800 10.6491 860
862 0 3172 4132 2784 9.31371 861
863 0 3096 4072 2892 6.94427 848
864 0 3096 4076 2880 6 863
865 0 3096 4084 2868 10 864
866 0 3108 4088 2852 6 865
867 0 3108 4088 2844 3.65685 866
868 0 3108 4092 2836 6 867
869 0 3096 4092 2824 6 868
870 0 3080 4084 2816 6 869
871 0 3064 4084 2812 6 870
872 0 3056 4088 2808 3.65685 871
873 0 3052 4092 2804 2 872
874 2 3094 4066 2932 11.5223 847
875 0 3108 4084 2936 3.65685 874
876 0 3116 4092 2936 6.94427 875
877 0 3128 4108 2940 6 876
878 2 3155.23 4122.15 2944 20.5714 877
879 0 3188 4140 2944 20.6274 878
880 0 3220 4176 2936 12.4222 879
881 0 3232 4180 2928 6.94427 880
882 0 3274.14 4181.95 2919.91 9.90794 881
883 0 3284 4176 2912 6 882
884 0 3292 4172 2904 10.6491 883
885 0 3304 4176 2888 3.65685 884
886 0 3308 4180 2884 6 885
887 0 3312 4188 2876 2 886
888 0 3312 4188 2864 9.31371 887
889 2 3322.74 4177.26 2860.42 7.19369 888
890 0 3332 4176 2864 6 889
891 0 3348 4172 2868 14.4924 890
892 0 3368 4180 2864 3.65685 891
893 0 3380 4184 2864 9.31371 892
894 0 3384 4196 2868 6 893
895 0 3384 4204 2872 6 894
896 0 3388 4212 2872 3.65685 895
897 0 3388 4228 2876 6.94427 896
898 0 3396 4236 2880 6 897
899 0 3404 4236 2888 2 898
900 0 3408 4236 2892 3.65685 899
901 0 3412 4236 2900 6 900
902 0 3416 4236 2912 2 901
903 0 3416 4236 2916 2 902
904 0 3416 4236 2920 2 903
905 0 3412 4236 2928 6 904
906 0 3416 4240 2936 2 905
907 0 3420 4240 2940 2 906
908 0 3356 4152 2872 12.4222 891
909 0 3372 4140 2884 6 908
910 0 3380 4136 2888 6 909
911 0 3392 4140 2884 6 910
912 0 3400 4140 2884 6 911
913 0 3329.33 4184.67 2842.67 6.94427 889
914 0 3348 4184 2820 9.31371 913
915 0 3356 4188 2808 6 914
916 0 3320 4204 2828 6 913
917 0 3316 4208 2820 6 916
918 0 3324 4212 2812 3.65685 917
919 0 3328 4212 2808 2 918
920 0 3296 4208 2856 9.31371 888
921 0 3300 4220 2844 12.4222 920
922 0 3304 4232 2832 9.31371 921
923 0 3312 4232 2824 3.65685 922
924 0 3316 4236 2820 3.65685 923
925 0 3320 4240 2816 2 924
926 0 3300 4188 2916 9.31371 882
927 0 3308 4196 2900 3.65685 926
928 0 3308 4200 2896 3.65685 927
929 0 3312 4208 2892 6 928
930 0 3316 4212 2888 2 929
931 0 3316 4212 2876 9.31371 930
932 0 3308 4212 2868 6 931
933 0 3304 4220 2860 6 932
934 0 3152 4104 2980 22.3311 878
935 0 3136 4092 2996 10.6491 934
936 0 3124 4084 2996 2 935
937 0 3124 4080 2996 2 936
938 0 3124 4124 2924 9.31371 877
939 0 3112 4136 2920 10 938
940 0 3120 4144 2916 2 939
941 0 3124 4144 2916 2 940
942 0 3116 4056 2936 6.94427 874
943 0 3124 4056 2932 6 942
944 0 3140 4056 2924 14 943
945 0 3168 4064 2932 11.6451 944
946 0 3180 4064 2932 9.31371 945
947 0 3200 4060 2940 12.4222 946
948 0 3228 4072 2928 10.6491 947
949 0 3236 4072 2920 6.94427 948
950 0 3248 4076 2904 6 949
951 0 3252 4076 2888 6.94427 950
952 0 3176 4068 2948 6 945
953 0 3180 4072 2952 3.65685 952
954 0 3184 4076 2964 6 953
955 0 3192 4084 2972 6.94427 954
956 0 3200 4092 2976 6 955
957 2 3136.93 4040.67 2930.13 13.3952 944
958 0 3164 4040 2944 6.94427 957
959 0 3180 4036 2952 9.31371 958
960 0 3192 4040 2964 6 959
961 0 3192 4040 2976 9.31371 960
962 0 3184 4040 2984 6 961
963 0 3184 4036 2992 2 962
964 0 3184 4036 2996 2 963
965 0 3132 4016 2940 12.4222 957
966 0 3124 4004 2952 6.94427 965
967 0 3116 3984 2964 6.94427 966
968 0 3108 3980 2972 6 967
969 0 3108 3976 2984 3.65685 968
970 0 3112 3976 2988 2 969
971 0 3128 3964 2996 6 970
972 0 3136 3972 2996 9.31371 971
973 0 2928 3964 2696 26.2843 638
974 0 2952 3992 2692 6.94427 973
975 0 2960 4000 2684 6.94427 974
976 0 2968 4008 2684 6.94427 975
977 0 2972 4012 2676 6 976
978 0 2972 4012 2668 3.65685 977
979 0 2976 4012 2664 2 978
980 0 2976 4012 2660 2 979
981 2 2933.4 3958.6 2677.09 26.2843 973
982 2 2896.48 3970.75 2691.33 17.0889 981
983 0 2864 3960 2692 6.94427 982
984 0 2852 3956 2692 12.4222 983
985 0 2832 3944 2676 6 984
986 0 2824 3940 2660 6 985
987 0 2812 3940 2656 6 986
988 0 2808 3944 2652 6 987
989 0 2904 4004 2684 14 982
990 0 2892 4012 2676 6 989
991 0 2880 4016 2672 6 990
992 0 2868 4016 2680 6 991
993 0 2848 4008 2680 6 992
994 0 2840 4004 2680 6.94427 993
995 0 2832 4008 2676 9.31371 994
996 0 2820 4008 2676 3.65685 995
997 0 2816 4004 2680 2 996
998 2 2937.78 3955.11 2665.78 25.9874 981
999 0 2891.14 3954.86 2660 11.8315 998
1000 0 2872 3952 2660 6 999
1001 0 2868 3948 2664 6 1000
1002 0 2856 3944 2656 6 1001
1003 0 2840 3944 2640 6 1002
1004 0 2832 3944 2632 6 1003
1005 0 2828 3944 2612 6.94427 1004
1006 0 2820 3940 2604 9.31371 1005
1007 0 2792 3932 2604 10 1006
1008 0 2769.71 3922.86 2583.43 10.7101 1007
1009 0 2756 3916 2580 14.9706 1008
1010 0 2732 3928 2568 6.94427 1009
1011 0 2740 3944 2556 12.4222 1010
1012 0 2760 3972 2560 14.4924 1011
1013 0 2772 4000 2556 12.4222 1012
1014 0 2780 4012 2552 3.65685 1013
1015 0 2784 4016 2552 2 1014
1016 0 2780 3908 2568 6.94427 1008
1017 0 2780 3888 2548 6 1016
1018 0 2780 3880 2540 6 1017
1019 0 2768 3876 2532 6 1018
1020 0 2756 3860 2544 6.94427 1019
1021 0 2748 3856 2552 2 1020
1022 0 2744 3856 2552 2 1021
1023 0 2820 3932 2588 9.31371 1006
1024 2 2810 3922 2578 7.33918 1023
1025 0 2799.58 3914.74 2546.74 6.94427 1024
1026 0 2796 3904 2536 6.94427 1025
1027 0 2796 3900 2524 9.31371 1026
1028 0 2784 3888 2512 3.65685 1027
1029 0 2780 3884 2508 6 1028
1030 0 2776 3876 2504 6 1029
1031 0 2776 3868 2500 3.65685 1030
1032 0 2780 3864 2500 2 1031
1033 0 2812 3916 2532 3.65685 1025
1034 0 2812 3920 2528 2 1033
1035 0 2816 3924 2524 2 1034
1036 0 2820 3928 2520 3.65685 1035
1037 0 2828 3936 2512 3.65685 1036
1038 0 2832 3936 2508 2 1037
1039 0 2812 3940 2564 2 1024
1040 0 2808 3944 2560 3.65685 1039
1041 0 2804 3964 2560 9.31371 1040
1042 0 2804 3976 2564 10 1041
1043 0 2804 3992 2564 6.94427 1042
1044 0 2800 4000 2556 6 1043
1045 0 2876 3952 2644 6 999
1046 0 2872 3956 2640 2 1045
1047 0 2868 3956 2636 2 1046
1048 0 2864 3956 2632 2 1047
1049 0 2856 3952 2632 6 1048
1050 2 2950.93 3948.53 2649.33 23.7906 998
1051 0 2940 3924 2668 9.31371 1050
1052 0 2932 3904 2672 6 1051
1053 0 2932 3888 2672 6 1052
1054 0 2928 3868 2672 6.94427 1053
1055 0 2920 3860 2664 2 1054
1056 0 2916 3856 2660 2 1055
1057 0 2916 3856 2656 2 1056
1058 0 2916 3852 2652 2 1057
1059 2 2956.31 3948 2641.54 23.2675 1050
1060 0 2980 3928 2652 10 1059
1061 0 2988 3920 2660 9.31371 1060
1062 0 2992 3916 2680 6 1061
1063 0 3000 3928 2700 6.94427 1062
1064 0 3004 3936 2704 6 1063
1065 0 3004 3944 2704 3.65685 1064
1066 0 3008 3948 2700 3.65685 1065
1067 0 3012 3952 2700 2 1066
1068 0 2968 3948 2624 22.3311 1059
1069 0 2932 3936 2616 12.4222 1068
1070 0 2912 3924 2620 6.94427 1069
1071 0 2904 3924 2628 6.94427 1070
1072 0 2896 3916 2628 3.65685 1071
1073 0 2892 3912 2628 3.65685 1072
1074 0 2888 3908 2628 2 1073
1075 0 2888 3904 2628 2 1074
1076 0 2884 3900 2628 3.65685 1075
1077 0 2884 3896 2628 3.65685 1076
1078 0 2884 3892 2628 2 1077
1079 0 2956 3904 2628 6 1068
1080 0 2956 3896 2628 2 1079
1081 0 2956 3888 2628 6 1080
1082 0 2952 3880 2636 6.94427 1081
1083 0 2944 3880 2652 6.94427 1082
1084 2 2974.17 3945.94 2613.71 21.4549 1068
1085 0 2992 3940 2636 6 1084
1086 0 3004 3940 2644 6 1085
1087 0 3016 3948 2652 6 1086
1088 0 3024 3956 2660 2 1087
1089 0 3028 3960 2664 2 1088
1090 0 3032 3964 2668 2 1089
1091 0 3036 3968 2672 2 1090
1092 2 2978.8 3944.4 2606 20.7978 1084
1093 0 2952 3924 2604 14.4924 1092
1094 2 2955.86 3904.71 2588.57 12.4961 1093
1095 0 2960 3892 2588 6.94427 1094
1096 2 2963.37 3881.89 2598.11 6.1491 1095
1097 0 2964 3872 2608 3.65685 1096
1098 0 2964 3864 2616 6 1097
1099 0 2964 3856 2624 10.6491 1098
1100 2 2952 3831.15 2630.95 7.91801 1099
1101 0 2956 3816 2636 6 1100
1102 0 2952 3796 2636 6.94427 1101
1103 0 2944 3788 2636 6 1102
1104 0 2944 3780 2636 6 1103
1105 0 2940 3768 2632 10 1104
1106 0 2936 3760 2624 6 1105
1107 0 2932 3756 2620 6 1106
1108 0 2928 3752 2616 3.65685 1107
1109 0 2920 3748 2612 6 1108
1110 0 2916 3748 2604 3.65685 1109
1111 0 2916 3752 2600 2 1110
1112 0 2924 3816 2632 6.94427 1100
1113 0 2912 3800 2632 6.94427 1112
1114 0 2904 3788 2636 2 1113
1115 0 2964 3868 2588 6 1096
1116 0 2960 3860 2584 9.31371 1115
1117 0 2952 3844 2584 6.94427 1116
1118 0 2944 3836 2580 3.65685 1117
1119 0 2944 3832 2580 3.65685 1118
1120 0 2936 3824 2576 6 1119
1121 0 2928 3812 2572 6.94427 1120
1122 0 2924 3804 2572 6 1121
1123 0 2936 3892 2576 6.94427 1094
1124 0 2944 3880 2564 9.31371 1123
1125 0 2944 3872 2556 6 1124
1126 0 2936 3864 2548 6 1125
1127 0 2936 3856 2540 2 1126
1128 0 2936 3852 2540 2 1127
1129 0 2936 3844 2536 6 1128
1130 0 2944 3832 2528 10.6491 1129
1131 0 2936 3820 2520 6 1130
1132 0 2932 3820 2512 6 1131
1133 0 2928 3824 2508 2 1132
1134 0 2924 3824 2504 2 1133
1135 0 3020 3928 2544 18 1092
1136 0 3064 3928 2544 18.3961 1135
1137 0 3060 3904 2552 6.94427 1136
1138 0 3056 3892 2544 6 1137
1139 0 3052 3876 2532 6 1138
1140 0 3052 3864 2532 6.94427 1139
1141 0 3056 3856 2540 3.65685 1140
1142 0 3060 3856 2544 3.65685 1141
1143 0 3064 3860 2548 2 1142
1144 0 3096.91 3935.27 2519.09 15.6364 1136
1145 0 3088 3960 2544 9.31371 1144
1146 0 3104 3976 2548 6.94427 1145
1147 0 3108 3984 2552 6 1146
1148 2 3122.47 3951.08 2493.53 21.0703 1144
1149 0 3120 3972 2512 6 1148
1150 0 3120 3984 2524 6.94427 1149
1151 0 3124 3992 2532 6.94427 1150
1152 0 3132 4000 2540 10.6491 1151
1153 0 3156 4004 2536 9.31371 1152
1154 0 3172 4012 2544 6 1153
1155 0 3176 4012 2556 6.94427 1154
1156 0 3172 4012 2564 6 1155
1157 0 3176 4016 2572 2 1156
1158 0 3180 4020 2576 2 1157
1159 0 3136 4008 2556 3.65685 1152
1160 0 3136 4008 2560 2 1159
1161 0 3136 4008 2564 2 1160
1162 0 3136 4008 2568 2 1161
1163 0 3136 4008 2572 2 1162
1164 0 3136 4008 2580 6 1163
1165 0 3128 4004 2588 10 1164
1166 0 3120 4020 2608 6 1165
1167 2 3132.21 3957.47 2478.32 22.8898 1148
1168 0 3124 3980 2500 10 1167
1169 0 3132 3992 2508 3.65685 1168
1170 0 3136 3996 2508 3.65685 1169
1171 0 3140 4000 2512 3.65685 1170
1172 0 3144 4004 2512 2 1171
1173 0 3148 4004 2512 2 1172
1174 0 3152 4008 2512 3.65685 1173
1175 0 3156 4012 2512 3.65685 1174
1176 0 3160 4016 2508 2 1175
1177 2 3137.93 3960.96 2465.26 23.9063 1167
1178 0 3140 3996 2488 6 1177
1179 0 3144 4000 2492 3.65685 1178
1180 0 3148 4008 2492 3.65685 1179
1181 0 3152 4012 2492 2 1180
1182 0 3152 4016 2492 2 1181
1183 2 3142.37 3963.19 2449.7 24.5842 1177
1184 0 3092 3940 2464 15.8885 1183
1185 0 3068 3928 2484 18 1184
1186 0 3040 3928 2484 22.3311 1185
1187 2 3031.88 3917.18 2492.12 13.9895 1186
1188 0 3028 3900 2504 10 1187
1189 0 3036 3888 2504 3.65685 1188
1190 0 3044 3880 2504 6 1189
1191 0 3060 3868 2508 6.94427 1190
1192 0 3068 3860 2512 6.94427 1191
1193 0 3024 3940 2512 15.8885 1187
1194 0 3016 3956 2520 10 1193
1195 0 3020 3976 2516 6 1194
1196 0 3024 3980 2520 2 1195
1197 0 3028 3984 2520 2 1196
1198 2 3028.77 3955.08 2465.69 14 1186
1199 0 3032 3968 2456 14 1198
1200 0 3040 3968 2444 10 1199
1201 0 3036 3968 2432 6 1200
1202 0 3032 3968 2424 6 1201
1203 0 3020 3968 2420 2 1202
1204 0 3024 3976 2480 9.31371 1198
1205 0 3028 3988 2488 6 1204
1206 0 3032 3992 2492 2 1205
1207 0 3036 3992 2496 3.65685 1206
1208 0 3040 3996 2496 2 1207
1209 2 3144 3968.8 2434.4 20.6967 1183
1210 0 3188 3964 2460 9.31371 1209
1211 0 3200 3968 2460 3.65685 1210
1212 0 3204 3972 2464 2 1211
1213 2 3144 3974.8 2422.4 15.5265 1209
1214 0 3180 3972 2428 14.9706 1213
1215 0 3196 3972 2428 9.31371 1214
1216 0 3220 3968 2428 10 1215
1217 2 3147.05 3963.81 2404.76 21.4411 1213
1218 0 3164 3996 2408 14 1217
1219 0 3172 4024 2408 6 1218
1220 0 3172 4040 2412 6 1219
1221 0 3172 4048 2420 6 1220
1222 0 3176 4052 2428 3.65685 1221
1223 0 3176 4052 2436 3.65685 1222
1224 0 3176 4052 2440 2 1223
1225 0 3156 3956 2348 18 1217
1226 0 3112 3944 2364 18.3961 1225
1227 2 3073.03 3940.41 2376 15.2069 1226
1228 0 3060 3908 2392 6 1227
1229 0 3056 3900 2400 3.65685 1228
1230 0 3056 3896 2400 3.65685 1229
1231 0 3052 3892 2404 3.65685 1230
1232 0 3052 3888 2404 3.65685 1231
1233 0 3048 3884 2408 3.65685 1232
1234 0 3044 3880 2412 6 1233
1235 0 3036 3876 2412 3.65685 1234
1236 0 3032 3872 2416 3.65685 1235
1237 0 3028 3872 2416 2 1236
1238 0 3024 3868 2416 3.65685 1237
1239 0 3020 3864 2416 3.65685 1238
1240 0 3012 3864 2412 3.65685 1239
1241 0 3008 3864 2408 3.65685 1240
1242 0 3004 3860 2404 3.65685 1241
1243 0 3004 3856 2404 2 1242
1244 0 3000 3852 2404 3.65685 1243
1245 0 2992 3844 2404 3.65685 1244
1246 0 2984 3840 2404 3.65685 1245
1247 0 2972 3836 2404 6 1246
1248 0 2968 3832 2400 3.65685 1247
1249 0 2968 3832 2396 3.65685 1248
1250 0 2968 3828 2392 2 1249
1251 0 3020 3864 2424 3.65685 1239
1252 0 3012 3860 2432 6 1251
1253 0 3004 3856 2432 3.65685 1252
1254 0 2996 3852 2432 3.65685 1253
1255 0 2992 3848 2432 3.65685 1254
1256 0 2988 3844 2428 3.65685 1255
1257 0 2984 3844 2428 2 1256
1258 0 2980 3840 2428 3.65685 1257
1259 0 2976 3836 2428 3.65685 1258
1260 0 2972 3832 2424 2 1259
1261 0 2968 3832 2424 2 1260
1262 0 3048 3876 2428 6 1234
1263 0 3040 3872 2436 3.65685 1262
1264 0 3036 3868 2440 2 1263
1265 0 3032 3868 2440 2 1264
1266 0 3028 3868 2444 2 1265
1267 0 3024 3868 2448 2 1266
1268 0 3020 3864 2452 2 1267
1269 0 3016 3868 2456 2 1268
1270 0 3040 3956 2364 12.4222 1227
1271 0 3032 3944 2360 6.94427 1270
1272 0 3028 3936 2352 6 1271
1273 0 3024 3920 2348 6 1272
1274 0 3020 3912 2340 6 1273
1275 0 3020 3896 2340 6 1274
1276 0 3020 3888 2332 6 1275
1277 0 3020 3880 2324 2 1276
1278 0 3016 3876 2320 2 1277
1279 0 3016 3872 2320 2 1278
1280 0 3112 3936 2400 12.4222 1226
1281 0 3112 3924 2412 6 1280
1282 2 3156 3945.34 2323.14 15.3101 1225
1283 0 3188 3976 2344 18 1282
1284 2 3206.03 3991.42 2361.16 18.3674 1283
1285 2 3226.72 3985.51 2372.99 18.0746 1284
1286 2 3234.48 3974.1 2380.95 12.6228 1285
1287 0 3236 3964 2400 6 1286
1288 0 3240 3972 2416 6.94427 1287
1289 0 3256 3972 2416 9.31371 1288
1290 0 3268 3964 2424 2 1289
1291 0 3272 3964 2424 2 1290
1292 0 3252 3980 2388 6 1286
1293 0 3252 3972 2392 2 1292
1294 0 3260 3964 2396 6 1293
1295 0 3264 3960 2392 3.65685 1294
1296 0 3268 3956 2388 6 1295
1297 0 3236 3972 2360 6.94427 1285
1298 0 3248 3964 2356 6 1297
1299 0 3264 3964 2348 6 1298
1300 0 3284 3964 2340 6 1299
1301 0 3288 3960 2336 2 1300
1302 0 3288 3960 2332 2 1301
1303 0 3224 4024 2364 10 1284
1304 0 3240 4036 2352 3.65685 1303
1305 0 3244 4036 2348 2 1304
1306 0 3156 3936 2304 12.4222 1282
1307 0 3164 3940 2276 12.4222 1306
1308 2 3164 3948.71 2261.18 12.7006 1307
1309 0 3188 3952 2272 6.94427 1308
1310 0 3188 3960 2280 10 1309
1311 0 3196 3960 2288 6.94427 1310
1312 0 3208 3972 2300 10 1311
1313 2 3164 3951.88 2248.47 13.9536 1308
1314 0 3188 3948 2248 9.31371 1313
1315 0 3208 3956 2248 10 1314
1316 0 3232 3972 2268 18 1315
1317 0 3248 3964 2272 9.31371 1316
1318 0 3268 3964 2280 12.4222 1317
1319 0 3280 3952 2288 6 1318
1320 0 3296 3952 2284 6 1319
1321 0 3308 3948 2264 6 1320
1322 0 3312 3944 2256 6 1321
1323 0 3288 3988 2276 6 1318
1324 0 3304 3988 2268 6 1323
1325 0 3308 3992 2264 3.65685 1324
1326 0 3312 3996 2260 3.65685 1325
1327 0 3316 4000 2256 2 1326
1328 0 3164 3964 2240 6.94427 1313
1329 2 3161.33 3973.33 2217.33 12.4222 1328
1330 0 3144 3968 2232 6.94427 1329
1331 0 3140 3952 2256 14.9706 1330
1332 2 3127.24 3948.38 2269.52 14.7279 1331
1333 0 3108 3956 2296 10 1332
1334 0 3088 3972 2308 18 1333
1335 0 3104 4004 2296 6.94427 1334
1336 0 3112 4008 2288 6 1335
1337 2 3112 4024.92 2284.62 13.5905 1336
1338 2 3113.26 4031.16 2285.89 13.7033 1337
1339 2 3119.23 4046.07 2294.84 7.71969 1338
1340 0 3132 4064 2308 6 1339
1341 0 3132 4064 2316 2 1340
1342 0 3132 4068 2320 2 1341
1343 0 3132 4072 2320 2 1342
1344 0 3128 4080 2324 6 1343
1345 0 3132 4088 2332 6.94427 1344
1346 0 3136 4080 2344 9.31371 1345
1347 0 3152 4084 2356 6 1346
1348 0 3164 4088 2360 6.94427 1347
1349 0 3172 4088 2364 3.65685 1348
1350 0 3176 4092 2364 2 1349
1351 0 3136 4060 2284 6 1339
1352 0 3144 4068 2292 6.94427 1351
1353 0 3156 4080 2292 6.94427 1352
1354 0 3160 4088 2284 2 1353
1355 0 3160 4088 2280 2 1354
1356 0 3124 4044 2268 6.94427 1338
1357 0 3140 4060 2272 6 1356
1358 0 3156 4064 2276 6.94427 1357
1359 0 3164 4072 2272 3.65685 1358
1360 0 3168 4076 2272 3.65685 1359
1361 0 3172 4080 2272 2 1360
1362 0 3128 4020 2268 6.94427 1337
1363 0 3132 4020 2260 3.65685 1362
1364 0 3132 4020 2256 3.65685 1363
1365 0 3136 4016 2252 6 1364
1366 0 3140 4012 2244 3.65685 1365
1367 0 3140 4008 2240 2 1366
1368 2 3084.57 3977.14 2318.29 14.2773 1334
1369 2 3080 3991.9 2334.63 9.76537 1368
1370 0 3084 4008 2332 6.94427 1369
1371 0 3096 4020 2336 6 1370
1372 0 3104 4024 2344 2 1371
1373 0 3108 4024 2348 2 1372
1374 0 3116 4028 2352 6 1373
1375 0 3120 4032 2356 6 1374
1376 0 3120 4040 2364 3.65685 1375
1377 0 3132 4056 2368 9.31371 1376
1378 0 3132 4068 2372 10 1377
1379 0 3128 4080 2372 2 1378
1380 0 3128 4084 2372 2 1379
1381 0 3128 4088 2376 2 1380
1382 0 3132 4092 2380 2 1381
1383 0 3064 3980 2356 18.3961 1369
1384 0 3060 3992 2372 10.6491 1383
1385 0 3068 4000 2380 6 1384
1386 0 3076 4008 2380 3.65685 1385
1387 0 3080 4012 2380 3.65685 1386
1388 0 3088 4016 2384 6 1387
1389 0 3092 4020 2388 3.65685 1388
1390 0 3096 4024 2388 3.65685 1389
1391 0 3100 4028 2392 3.65685 1390
1392 0 3100 4028 2400 3.65685 1391
1393 0 3100 4028 2404 3.65685 1392
1394 0 3096 4028 2408 2 1393
1395 0 3072 4008 2360 6.94427 1383
1396 0 3080 4012 2360 3.65685 1395
1397 0 3084 4012 2364 3.65685 1396
1398 0 3088 4016 2364 2 1397
1399 0 3092 4016 2364 2 1398
1400 0 3100 4020 2368 6 1399
1401 0 3056 3968 2320 6.94427 1368
1402 0 3048 3964 2320 6.94427 1401
1403 0 3040 3956 2328 3.65685 1402
1404 0 3036 3952 2332 2 1403
1405 0 3036 3952 2336 2 1404
1406 0 3104 3944 2260 6 1332
1407 0 3096 3936 2256 10 1406
1408 0 3072 3924 2260 9.31371 1407
1409 0 3056 3916 2268 9.31371 1408
1410 2 3047.62 3907.24 2272.19 9.80952 1409
1411 2 3042.76 3897.53 2274.62 7.38139 1410
1412 2 3040.51 3893.02 2275.75 6.25426 1411
1413 0 3032 3884 2276 3.65685 1412
1414 0 3032 3880 2276 3.65685 1413
1415 0 3036 3872 2268 6 1414
1416 0 3032 3868 2264 2 1415
1417 0 3032 3864 2260 2 1416
1418 0 3032 3860 2256 2 1417
1419 0 3032 3856 2256 2 1418
1420 0 3028 3852 2260 3.65685 1419
1421 0 3024 3848 2264 6 1420
1422 0 3020 3832 2268 6 1421
1423 0 3012 3820 2280 6.94427 1422
1424 0 3008 3804 2296 9.31371 1423
1425 0 3008 3792 2296 6 1424
1426 0 3008 3784 2296 6.94427 1425
1427 0 3004 3776 2304 6.94427 1426
1428 0 3004 3768 2312 2 1427
1429 0 3004 3768 2316 2 1428
1430 0 3032 3848 2244 6 1419
1431 0 3028 3836 2248 9.31371 1430
1432 0 3036 3824 2248 3.65685 1431
1433 0 3040 3820 2248 2 1432
1434 0 3036 3892 2288 6 1412
1435 0 3032 3884 2288 3.65685 1434
1436 0 3024 3876 2296 3.65685 1435
1437 0 3020 3872 2300 3.65685 1436
1438 0 3016 3868 2304 2 1437
1439 0 3016 3864 2308 2 1438
1440 0 3048 3892 2264 2 1411
1441 0 3048 3888 2260 2 1440
1442 0 3044 3884 2256 3.65685 1441
1443 0 3040 3880 2252 3.65685 1442
1444 0 3040 3876 2248 2 1443
1445 0 3040 3872 2244 2 1444
1446 0 3040 3868 2240 2 1445
1447 0 3040 3864 2236 2 1446
1448 0 3036 3860 2228 6 1447
1449 0 3028 3908 2292 6.94427 1410
1450 0 3024 3916 2304 6 1449
1451 0 3024 3924 2304 6 1450
1452 0 3028 3928 2308 6 1451
1453 2 3157.48 3978.52 2199.41 16.9042 1329
1454 0 3184 3972 2216 6 1453
1455 0 3196 3972 2220 6.94427 1454
1456 0 3212 3976 2216 14.9706 1455
1457 0 3236 3960 2220 6 1456
1458 0 3252 3960 2220 6 1457
1459 0 3260 3956 2216 6 1458
1460 0 3276.8 3956.4 2220 5.76569 1459
1461 0 3288 3960 2220 2 1460
1462 0 3292 3964 2220 2 1461
1463 0 3300 3964 2216 6 1462
1464 0 3320 3964 2212 6 1463
1465 0 3328 3968 2212 6.94427 1464
1466 0 3336 3976 2204 6 1465
1467 0 3348 3980 2192 6.94427 1466
1468 0 3280 3952 2228 3.65685 1460
1469 0 3280 3952 2232 3.65685 1468
1470 0 3288 3956 2240 6 1469
1471 0 3308 3956 2244 6 1470
1472 2 3158.37 3981.19 2183.7 21.7047 1453
1473 2 3134.41 3958.31 2180.34 13.2718 1472
1474 0 3112 3940 2164 6 1473
1475 0 3104 3936 2156 6.94427 1474
1476 0 3084 3936 2152 6 1475
1477 0 3084 3932 2144 2 1476
1478 0 3080 3932 2132 6.94427 1477
1479 0 3080 3928 2116 6 1478
1480 0 3080 3928 2104 6 1479
1481 0 3076 3928 2096 6 1480
1482 0 3080 3936 2084 6 1481
1483 0 3084 3940 2068 6 1482
1484 0 3084 3940 2060 6 1483
1485 0 3088 3944 2056 6 1484
1486 0 3092 3940 2048 6 1485
1487 0 3092 3936 2040 3.65685 1486
1488 0 3096 3932 2036 2 1487
1489 2 3120.15 3953.72 2189.74 11.341 1473
1490 0 3103.11 3941.56 2185.56 9.31371 1489
1491 0 3080 3932 2172 3.65685 1490
1492 0 3072 3932 2168 6 1491
1493 0 3060 3928 2168 6.94427 1492
1494 0 3056 3920 2160 10.6491 1493
1495 0 3060 3904 2144 9.31371 1494
1496 0 3064 3896 2136 6 1495
1497 0 3076 3896 2120 10 1496
1498 0 3084 3888 2116 6 1497
1499 0 3084 3936 2196 6.94427 1490
1500 0 3072 3932 2192 6 1499
1501 2 3056.89 3916.89 2188.44 6.83935 1500
1502 0 3044 3916 2184 9.31371 1501
1503 0 3036 3904 2176 6.94427 1502
1504 0 3028 3896 2168 10 1503
1505 0 3024 3896 2156 6.94427 1504
1506 0 3048 3908 2204 6.94427 1501
1507 0 3032 3892 2212 10.6491 1506
1508 0 3028 3880 2216 9.31371 1507
1509 0 3028 3872 2208 2 1508
1510 0 3028 3872 2204 2 1509
1511 0 3132 3940 2204 3.65685 1489
1512 0 3136 3940 2212 3.65685 1511
1513 0 3136 3936 2216 3.65685 1512
1514 0 3132 3932 2220 3.65685 1513
1515 0 3132 3932 2224 2 1514
1516 0 3132 3932 2228 3.65685 1515
1517 0 3128 3936 2232 2 1516
1518 2 3162.96 3983.48 2167.63 25.8976 1472
1519 0 3176 3960 2184 9.31371 1518
1520 0 3176 3948 2196 6 1519
1521 0 3180 3936 2228 9.31371 1520
1522 2 3165.98 3984 2153.09 26.3455 1518
1523 0 3144 3952 2152 9.31371 1522
1524 0 3132 3940 2140 6 1523
1525 2 3127.2 3936 2130.4 6 1524
1526 0 3116 3936 2116 6 1525
1527 0 3112 3928 2108 3.65685 1526
1528 0 3108 3920 2100 6 1527
1529 2 3099.76 3911.76 2096 6.33385 1528
1530 0 3088 3890.21 2091.11 6.73313 1529
1531 0 3088 3884 2088 6 1530
1532 0 3084 3880 2068 6.94427 1531
1533 0 3068 3876 2052 6 1532
1534 0 3064 3872 2056 6 1533
1535 0 3060 3868 2052 3.65685 1534
1536 0 3056 3864 2048 3.65685 1535
1537 0 3052 3860 2044 2 1536
1538 2 3084.44 3880.92 2102.49 6.89807 1530
1539 0 3092 3872 2104 6.94427 1538
1540 0 3100 3856 2104 3.65685 1539
1541 0 3112 3840 2108 6.94427 1540
1542 0 3120 3836 2112 6 1541
1543 0 3068 3876 2092 6 1538
1544 0 3060 3876 2092 2 1543
1545 0 3052 3872 2092 6 1544
1546 0 3048 3872 2084 3.65685 1545
1547 0 3040 3864 2076 3.65685 1546
1548 0 3036 3860 2072 3.65685 1547
1549 0 3032 3856 2072 2 1548
1550 0 3104 3908 2084 6 1529
1551 0 3092 3904 2068 6 1550
1552 0 3092 3908 2060 6.94427 1551
1553 0 3088 3916 2056 6 1552
1554 0 3116 3932 2136 6.94427 1525
1555 0 3108 3924 2136 6 1554
1556 0 3100 3920 2128 3.65685 1555
1557 0 3096 3916 2124 3.65685 1556
1558 0 3096 3912 2120 2 1557
1559 0 3096 3908 2120 2 1558
1560 2 3167.01 3984 2147.46 26.0881 1522
1561 0 3208 3984 2164 10 1560
1562 0 3220 3992 2172 3.65685 1561
1563 0 3220 3992 2176 2 1562
1564 0 3220 3992 2180 2 1563
1565 0 3224 3992 2184 3.65685 1564
1566 0 3228 3992 2188 3.65685 1565
1567 0 3232 3988 2188 2 1566
1568 2 3170.46 3984 2128.45 25.219 1560
1569 0 3164 4012 2144 14 1568
1570 0 3172 4024 2148 6 1569
1571 0 3172 4032 2148 3.65685 1570
1572 0 3176 4040 2156 6 1571
1573 2 3176 4047.69 2167.54 6 1572
1574 0 3176.63 4052.21 2176.63 6 1573
1575 0 3188 4056 2188 6 1574
1576 0 3200 4056 2196 6 1575
1577 0 3208 4056 2204 6 1576
1578 2 3215 4056 2211 6.82624 1577
1579 0 3228 4064 2220 6.94427 1578
1580 0 3244 4060 2228 9.31371 1579
1581 2 3272.15 4063.23 2232 10.5243 1580
1582 0 3276 4064 2232 10.6491 1581
1583 2 3291.33 4056.33 2247.33 6.27614 1582
1584 0 3288 4068 2252 10.6491 1583
1585 0 3296 4076 2264 10 1584
1586 2 3302.89 4069.11 2270.89 6.55662 1585
1587 0 3312 4068 2280 3.65685 1586
1588 2 3326.83 4061.17 2280 8.96671 1587
1589 0 3340 4040 2272 12.4222 1588
1590 0 3352 4036 2272 6.94427 1589
1591 0 3368 4036 2272 6 1590
1592 0 3380 4036 2272 2 1591
1593 0 3384 4040 2272 2 1592
1594 0 3397.8 4044 2268.6 10 1593
1595 0 3409.81 4043.4 2272.6 9.53933 1594
1596 0 3420 4040 2276 6.94427 1595
1597 2 3442.62 4040 2264.92 12.2176 1596
1598 0 3468 4040 2260 10.6491 1597
1599 0 3484 4024 2240 6.94427 1598
1600 0 3484 4012 2224 3.65685 1599
1601 0 3488 4004 2216 9.31371 1600
1602 0 3488 3992 2212 6 1601
1603 0 3504 3968 2216 12.4222 1602
1604 0 3504 3944 2216 6 1603
1605 0 3452 4064 2260 6 1597
1606 0 3460 4068 2260 6.94427 1605
1607 0 3468 4068 2252 3.65685 1606
1608 0 3472 4068 2248 2 1607
1609 0 3412 4036 2288 6 1595
1610 0 3416 4032 2292 2 1609
1611 0 3416 4028 2296 3.65685 1610
1612 0 3420 4024 2300 3.65685 1611
1613 0 3424 4020 2304 6 1612
1614 0 3432 4016 2312 3.65685 1613
1615 0 3436 4012 2316 2 1614
1616 0 3392 4032 2292 6 1594
1617 0 3396 4028 2308 6.94427 1616
1618 0 3408 4024 2320 6 1617
1619 0 3416 4016 2328 6.94427 1618
1620 0 3416 4016 2340 2 1619
1621 0 3416 4012 2344 2 1620
1622 2 3336.4 4072.81 2283.26 8.90276 1588
1623 0 3352 4088 2288 9.31371 1622
1624 0 3364 4096 2288 9.31371 1623
1625 0 3372 4104 2280 6 1624
1626 0 3376 4112 2272 6.94427 1625
1627 0 3396 4128 2276 6.94427 1626
1628 2 3407.33 4124.67 2264.67 6 1627
1629 0 3412 4120 2260 3.65685 1628
1630 0 3424 4112 2252 10 1629
1631 0 3448 4112 2244 10 1630
1632 0 3456 4100 2240 6.94427 1631
1633 0 3468 4092 2240 10.6491 1632
1634 0 3484 4104 2240 9.31371 1633
1635 0 3492 4112 2248 3.65685 1634
1636 0 3496 4116 2252 6 1635
1637 0 3492 4116 2260 3.65685 1636
1638 0 3488 4112 2264 2 1637
1639 0 3416 4128 2272 3.65685 1628
1640 0 3420 4128 2272 2 1639
1641 0 3424 4128 2272 2 1640
1642 0 3432 4128 2272 6 1641
1643 0 3440 4128 2272 6 1642
1644 0 3448 4132 2272 3.65685 1643
1645 0 3452 4132 2268 2 1644
1646 0 3456 4132 2268 2 1645
1647 0 3332 4064 2308 9.31371 1622
1648 0 3332 4056 2316 6 1647
1649 0 3332 4056 2324 6.94427 1648
1650 0 3328 4052 2332 3.65685 1649
1651 0 3324 4048 2340 6 1650
1652 0 3316 4036 2356 6.94427 1651
1653 0 3312 4028 2364 6 1652
1654 0 3300 4076 2288 6 1586
1655 0 3304 4080 2304 6.94427 1654
1656 0 3300 4072 2320 6 1655
1657 0 3284 4068 2324 6 1656
1658 0 3268 4072 2324 6.94427 1657
1659 0 3256 4076 2320 10 1658
1660 0 3248 4084 2316 6 1659
1661 0 3304 4044 2240 6 1583
1662 0 3312 4040 2244 6.94427 1661
1663 0 3324 4032 2240 6.94427 1662
1664 0 3336 4020 2224 6 1663
1665 0 3332 4024 2216 3.65685 1664
1666 0 3332 4024 2212 2 1665
1667 0 3332 4024 2208 2 1666
1668 0 3288 4080 2232 6 1582
1669 0 3292 4092 2232 3.65685 1668
1670 0 3300 4100 2232 3.65685 1669
1671 0 3308 4104 2232 3.65685 1670
1672 0 3316 4112 2232 3.65685 1671
1673 0 3320 4116 2232 3.65685 1672
1674 0 3324 4120 2228 6 1673
1675 0 3328 4124 2232 3.65685 1674
1676 0 3332 4128 2232 3.65685 1675
1677 0 3340 4132 2240 6 1676
1678 0 3356 4136 2252 6.94427 1677
1679 0 3272 4068 2244 3.65685 1581
1680 0 3264 4076 2248 6 1679
1681 0 3256 4076 2248 6 1680
1682 0 3248 4076 2248 3.65685 1681
1683 0 3244 4080 2252 6 1682
1684 0 3236 4080 2252 6 1683
1685 0 3228 4088 2260 6 1684
1686 0 3220 4096 2280 6 1685
1687 0 3212 4096 2288 6.94427 1686
1688 0 3204 4088 2288 3.65685 1687
1689 0 3204 4084 2292 3.65685 1688
1690 0 3200 4080 2292 2 1689
1691 0 3264 4084 2264 6 1680
1692 0 3256 4084 2268 6 1691
1693 0 3248 4084 2276 2 1692
1694 0 3244 4088 2280 3.65685 1693
1695 0 3240 4088 2288 3.65685 1694
1696 0 3232 4092 2296 6 1695
1697 0 3232 4088 2304 6 1696
1698 0 3204 4044 2224 6 1578
1699 0 3200 4040 2236 6 1698
1700 0 3200 4040 2244 3.65685 1699
1701 0 3200 4036 2248 3.65685 1700
1702 0 3196 4032 2252 2 1701
1703 0 3224 4060 2200 6.94427 1577
1704 0 3240 4076 2196 6.94427 1703
1705 0 3256 4076 2180 3.65685 1704
1706 0 3260 4080 2176 2 1705
1707 0 3264 4080 2176 2 1706
1708 0 3172 4068 2204 6.94427 1575
1709 0 3163.6 4064 2220.8 6 1708
1710 0 3160 4064 2228 6 1709
1711 0 3152 4052 2240 6 1710
1712 0 3152 4044 2248 6 1711
1713 0 3152 4044 2256 3.65685 1712
1714 0 3156 4044 2260 2 1713
1715 0 3176 4068 2228 6 1709
1716 0 3176 4072 2248 6 1715
1717 0 3168 4072 2256 2 1716
1718 0 3164 4072 2256 2 1717
1719 0 3168 4064 2184 6 1574
1720 0 3160 4072 2192 6.94427 1719
1721 0 3148 4072 2196 12.4222 1720
1722 0 3128.38 4081.46 2193.46 8.94457 1721
1723 0 3108 4076 2188 6 1722
1724 0 3100 4072 2184 3.65685 1723
1725 0 3096 4068 2184 3.65685 1724
1726 0 3092 4060 2176 6 1725
1727 0 3084 4052 2168 6 1726
1728 2 3076.54 4044.54 2160.54 6.88102 1727
1729 0 3064 4028 2156 6.94427 1728
1730 0 3052 4024 2152 6 1729
1731 0 3044 4020 2152 6 1730
1732 0 3040 4016 2156 3.65685 1731
1733 0 3036 4012 2156 3.65685 1732
1734 0 3032 4004 2156 6 1733
1735 0 3024 3992 2148 6 1734
1736 0 3024 3988 2132 6 1735
1737 0 3020 3992 2128 6 1736
1738 0 3096 4040 2144 6.94427 1728
1739 0 3096 4032 2136 3.65685 1738
1740 0 3096 4028 2128 3.65685 1739
1741 0 3092 4024 2124 3.65685 1740
1742 0 3088 4020 2120 2 1741
1743 0 3084 4016 2116 2 1742
1744 0 3112 4080 2204 6 1722
1745 0 3096 4076 2204 6 1744
1746 0 3088 4076 2204 2 1745
1747 0 3084 4072 2204 3.65685 1746
1748 0 3076 4068 2204 3.65685 1747
1749 0 3072 4064 2200 6 1748
1750 0 3188 4052 2164 2 1573
1751 0 3192 4052 2164 2 1750
1752 0 3196 4052 2168 2 1751
1753 0 3200 4056 2172 3.65685 1752
1754 0 3204 4060 2172 3.65685 1753
1755 0 3208 4060 2172 2 1754
1756 0 3212 4060 2172 2 1755
1757 0 3220 4060 2172 6 1756
1758 0 3236 4068 2168 6.94427 1757
1759 0 3244 4072 2160 3.65685 1758
1760 0 3248 4072 2156 3.65685 1759
1761 0 3248 4068 2152 2 1760
1762 2 3171.49 3984 2122.82 24.9616 1568
1763 0 3200 3984 2144 10.6491 1762
1764 0 3228 3988 2148 6.94427 1763
1765 0 3240 3996 2148 10.6491 1764
1766 0 3256 4008 2164 9.31371 1765
1767 0 3264 4004 2172 9.31371 1766
1768 0 3268 4016 2184 3.65685 1767
1769 0 3268 4020 2192 3.65685 1768
1770 0 3268 4024 2196 2 1769
1771 2 3172 3995.1 2090.41 22.2134 1762
1772 0 3200 3984 2104 18 1771
1773 0 3220 3980 2108 9.31371 1772
1774 0 3232 3984 2112 6.94427 1773
1775 0 3248 3988 2112 9.31371 1774
1776 0 3264 3992 2108 15.8885 1775
1777 2 3279.43 3995.09 2117.26 13.2145 1776
1778 2 3290.9 3993.7 2122.3 8.72701 1777
1779 0 3304 3992 2136 6 1778
1780 0 3312 3996 2144 6 1779
1781 0 3316 3996 2156 10 1780
1782 0 3328 4012 2168 9.31371 1781
1783 0 3344 4020 2172 6.94427 1782
1784 0 3360 4028 2172 14.4924 1783
1785 0 3384 4028 2184 6.94427 1784
1786 0 3392 4024 2184 3.65685 1785
1787 0 3396 4024 2180 2 1786
1788 0 3308 4004 2112 2 1778
1789 0 3312 4008 2112 2 1788
1790 0 3320 4008 2116 6 1789
1791 0 3324 4012 2120 6 1790
1792 0 3292 3988 2100 6 1777
1793 0 3296 3976 2096 6 1792
1794 0 3292 3968 2088 6.94427 1793
1795 0 3288 3968 2072 6 1794
1796 0 3284 3972 2060 6 1795
1797 0 3276 4020 2092 10.6491 1776
1798 0 3280 4028 2084 6.94427 1797
1799 0 3288 4036 2076 6 1798
1800 0 3292 4040 2072 6 1799
1801 0 3300 4048 2072 3.65685 1800
1802 0 3304 4052 2072 2 1801
1803 2 3177.58 4004.37 2074.05 21.0428 1771
1804 0 3176 4032 2108 6 1803
1805 0 3180 4044 2120 6.94427 1804
1806 0 3180 4044 2128 6.94427 1805
1807 0 3188 4048 2136 6 1806
1808 0 3188 4048 2144 3.65685 1807
1809 0 3192 4052 2148 6 1808
1810 2 3191.45 4012.58 2047.38 21.0263 1803
1811 0 3176 4040 2064 21.3238 1810
1812 0 3152 4056 2068 6 1811
1813 0 3140 4060 2068 9.31371 1812
1814 0 3120 4048 2052 6.94427 1813
1815 0 3112 4044 2044 6 1814
1816 0 3096 4036 2040 6 1815
1817 0 3088 4032 2040 6 1816
1818 0 3076 4020 2032 6.94427 1817
1819 0 3056 4012 2020 6.94427 1818
1820 0 3040 4008 2012 6 1819
1821 0 3032 4012 2004 6 1820
1822 0 3024 4012 2000 6 1821
1823 0 3128 4044 2080 6 1813
1824 0 3128 4044 2088 6 1823
1825 0 3128 4044 2096 3.65685 1824
1826 0 3132 4048 2100 2 1825
1827 0 3132 4048 2104 2 1826
1828 0 3132 4048 2108 2 1827
1829 0 3136 4052 2112 2 1828
1830 0 3172 4044 2092 10 1811
1831 0 3164 4052 2100 6 1830
1832 0 3156 4052 2112 2 1831
1833 0 3156 4052 2116 2 1832
1834 0 3152 4052 2120 2 1833
1835 0 3200 4016 2032 21.3238 1810
1836 0 3232 4012 2044 6.94427 1835
1837 0 3240 4008 2052 6 1836
1838 0 3244 4000 2068 6 1837
1839 0 3248 4000 2076 3.65685 1838
1840 0 3252 4004 2080 6 1839
1841 0 3192 4044 2044 14 1835
1842 0 3204 4056 2044 3.65685 1841
1843 0 3212 4064 2044 3.65685 1842
1844 0 3216 4064 2048 3.65685 1843
1845 0 3220 4064 2048 2 1844
1846 0 3204 4024 2008 23.2982 1835
1847 0 3240 4016 2028 6.94427 1846
1848 0 3248 4016 2036 6 1847
1849 0 3256 4024 2040 6 1848
1850 0 3272 4032 2048 6 1849
1851 0 3280 4036 2048 3.65685 1850
1852 0 3288 4040 2048 3.65685 1851
1853 0 3292 4044 2048 3.65685 1852
1854 2 3204 4027.19 1988.86 20.3023 1846
1855 0 3212 4028 1964 15.8885 1854
1856 0 3216 4024 1944 19.5407 1855
1857 0 3228 4020 1924 14.4924 1856
1858 2 3240 4008 1894 15.7279 1857
1859 0 3232 4008 1864 14.4924 1858
1860 0 3220 4016 1840 10.6491 1859
1861 2 3208 4034.4 1787.2 21.6 1860
1862 2 3211.7 4043.41 1758.07 19.7228 1861
1863 2 3208.46 4054.63 1738.29 18.1761 1862
1864 2 3205.56 4072.88 1669.37 22.7916 1863
1865 2 3204.86 4081.16 1650.53 23.9408 1864
1866 2 3207.42 4096.51 1622.41 25.8496 1865
1867 2 3222.63 4131.32 1567.9 17.4156 1866
1868 2 3216.98 4128.49 1550.93 23.7421 1867
1869 2 3190.41 4117.03 1548 16.6596 1868
1870 0 3172 4104 1548 10.6491 1869
1871 0 3156 4100 1552 10.6491 1870
1872 0 3144 4100 1544 2 1871
1873 0 3140 4100 1540 2 1872
1874 0 3192 4116 1576 14 1869
1875 0 3188 4096 1592 18 1874
1876 0 3172 4084 1588 9.31371 1875
1877 0 3164 4084 1580 6 1876
1878 0 3156 4084 1580 6 1877
1879 0 3148 4080 1580 2 1878
1880 0 3144 4080 1580 2 1879
1881 2 3243.24 4145.23 1533.49 22.2596 1868
1882 0 3260 4156 1520 22 1881
1883 0 3284 4156 1520 10.6491 1882
1884 0 3256 4176 1564 6.94427 1881
1885 0 3264 4184 1568 6 1884
1886 0 3268 4192 1564 3.65685 1885
1887 0 3272 4196 1564 3.65685 1886
1888 0 3276 4200 1560 2 1887
1889 0 3240 4156 1584 10.6491 1867
1890 0 3244 4164 1592 6.94427 1889
1891 0 3244 4164 1600 3.65685 1890
1892 0 3244 4164 1608 6 1891
1893 0 3256 4160 1624 6 1892
1894 0 3256 4152 1636 6 1893
1895 0 3256 4148 1644 3.65685 1894
1896 0 3260 4148 1648 2 1895
1897 2 3165.86 4074.63 1628.1 20.2751 1866
1898 0 3144 4060 1628 14.4924 1897
1899 0 3128 4056 1616 3.65685 1898
1900 0 3124 4056 1612 2 1899
1901 0 3156 4060 1656 18 1897
1902 0 3140 4052 1668 10 1901
1903 0 3184 4072 1676 21.3238 1865
1904 0 3167.39 4037.09 1712.61 12.0703 1903
1905 0 3156 4024 1716 6 1904
1906 0 3144 4012 1704 6 1905
1907 0 3140 4012 1692 6 1906
1908 0 3136 4008 1688 2 1907
1909 0 3136 4008 1684 2 1908
1910 0 3160 4024 1736 10.6491 1904
1911 0 3148 4008 1744 3.65685 1910
1912 0 3148 4004 1744 2 1911
1913 0 3224 4088 1692 10 1864
1914 0 3232 4100 1696 9.31371 1913
1915 0 3240 4104 1704 3.65685 1914
1916 0 3244 4108 1708 2 1915
1917 0 3256 4124 1680 6 1914
1918 0 3180 4032 1752 14.4924 1863
1919 0 3156 4020 1764 10 1918
1920 0 3144 4012 1764 6 1919
1921 0 3140 4008 1760 3.65685 1920
1922 0 3136 4008 1760 3.65685 1921
1923 0 3132 4004 1756 3.65685 1922
1924 0 3128 4000 1752 2 1923
1925 0 3172 4024 1780 18 1862
1926 0 3144 4020 1792 9.31371 1925
1927 0 3132 4024 1792 6 1926
1928 0 3192 4020 1804 15.8885 1861
1929 0 3192 4016 1824 19.5407 1928
1930 0 3189.56 4022.44 1848.89 9.31371 1929
1931 0 3196 4028 1876 10 1930
1932 0 3204 4028 1892 6.94427 1931
1933 0 3212 4036 1900 6.94427 1932
1934 0 3212 4044 1900 2 1933
1935 0 3212 4048 1900 2 1934
1936 0 3200 4040 1848 3.65685 1930
1937 0 3200 4044 1848 2 1936
1938 0 3208 4052 1848 6 1937
1939 0 3216 4060 1848 2 1938
1940 0 3220 4064 1848 2 1939
1941 0 3224 4068 1848 2 1940
1942 0 3268 4020 1912 10.6491 1858
1943 0 3284 4032 1900 6 1942
1944 0 3236 4028 2000 10.6491 1854
1945 0 3252 4028 2000 6 1944
1946 0 3268 4032 2000 6 1945
1947 0 3288 4040 2000 10 1946
1948 0 3300 4048 2008 9.31371 1947
1949 2 3316 4060 2020 11.9378 1948
1950 0 3344 4064 2016 10 1949
1951 0 3356 4060 2024 9.31371 1950
1952 0 3372 4060 2028 2 1951
1953 0 3376 4060 2028 2 1952
1954 0 3320 4080 2008 3.65685 1949
1955 0 3324 4084 2008 3.65685 1954
1956 0 3324 4088 2004 3.65685 1955
1957 0 3328 4100 2004 10 1956
1958 0 3332 4116 2000 2 1957
1959 0 3316 4036 2000 10 1948
1960 0 3328 4032 2000 10 1959
1961 0 3340 4032 2000 6 1960
1962 0 3348 4032 2000 6 1961
1963 2 3204 4043.38 2000.18 16.0639 1854
1964 0 3208 4068 1972 9.31371 1963
1965 0 3212 4076 1964 6 1964
1966 0 3216 4080 1960 6 1965
1967 0 3220 4080 1948 3.65685 1966
1968 0 3220 4076 1944 2 1967
1969 0 3204 4064 2008 10 1963
1970 0 3216 4076 2016 6.94427 1969
1971 0 3224 4088 2028 10.6491 1970
1972 0 3236 4100 2028 14.9706 1971
1973 0 3232 4108 2044 2 1972
1974 0 3232 4112 2052 6 1973
1975 0 3240 4116 2060 10 1974
1976 0 3236.67 4107.33 2080.67 3.65685 1975
1977 0 3240 4104 2084 3.65685 1976
1978 0 3248 4104 2092 6.94427 1977
1979 0 3256 4108 2104 6 1978
1980 0 3256 4108 2112 3.65685 1979
1981 0 3252 4104 2116 3.65685 1980
1982 0 3252 4100 2128 6 1981
1983 0 3244 4088 2140 6 1982
1984 0 3248 4080 2144 2 1983
1985 0 3252 4076 2140 2 1984
1986 0 3228 4100 2084 3.65685 1976
1987 0 3224 4100 2088 3.65685 1986
1988 0 3220 4104 2092 3.65685 1987
1989 0 3216 4108 2096 6 1988
1990 0 3216 4104 2112 6 1989
1991 0 3208 4096 2116 2 1990
1992 2 3242.15 4104.62 2026.46 13.9904 1972
1993 0 3256 4088 2028 2 1992
1994 0 3260 4084 2032 2 1993
1995 0 3268 4084 2040 6 1994
1996 0 3264 4080 2056 6 1995
1997 0 3256 4076 2072 6 1996
1998 0 3256 4068 2088 6 1997
1999 0 3248 4060 2104 6 1998
2000 0 3248 4060 2112 3.65685 1999
2001 0 3248 4060 2116 3.65685 2000
2002 0 3252 4064 2120 3.65685 2001
2003 0 3252 4064 2124 2 2002
2004 0 3252 4064 2128 2 2003
2005 2 3244 4106 2026 13.6964 1992
2006 0 3256 4112 2044 3.65685 2005
2007 0 3260 4112 2048 3.65685 2006
2008 0 3272 4116 2052 9.31371 2007
2009 0 3284 4116 2056 3.65685 2008
2010 0 3288 4112 2060 6 2009
2011 0 3296 4112 2060 6 2010
2012 0 3308 4104 2068 10.6491 2011
2013 0 3332 4104 2080 10.6491 2012
2014 0 3336 4104 2092 9.31371 2013
2015 0 3344 4112 2100 6.94427 2014
2016 0 3344 4120 2104 3.65685 2015
2017 0 3344 4124 2100 2 2016
2018 2 3251.14 4111.35 2024.22 12.5595 2005
2019 0 3260 4096 2016 6 2018
2020 0 3268 4092 2016 3.65685 2019
2021 0 3276 4084 2016 6 2020
2022 0 3280 4084 2024 3.65685 2021
2023 0 3284 4088 2028 3.65685 2022
2024 0 3288 4088 2032 2 2023
2025 0 3292 4088 2032 2 2024
2026 0 3268.38 4130.57 2021.81 11.0958 2018
2027 0 3288 4120 2016 6.94427 2026
2028 0 3300 4120 2004 6 2027
2029 0 3312 4124 1992 6 2028
2030 0 3308 4124 1976 6 2029
2031 0 3300 4128 1968 6.94427 2030
2032 0 3288 4140 1964 6.94427 2031
2033 0 3288 4148 1968 3.65685 2032
2034 0 3292 4152 1968 2 2033
2035 0 3292 4156 1968 2 2034
2036 0 3272 4156 2020 12.4222 2026
2037 0 3284 4164 2012 6.94427 2036
2038 0 3296 4180 2004 6 2037
2039 0 3304 4204 2004 10.6491 2038
2040 0 3296 4212 2004 10 2039
2041 0 3284 4212 2004 6 2040
2042 0 3268 4212 2008 6 2041
2043 0 3260 4204 2012 6 2042
2044 0 3252 4196 2024 3.65685 2043
2045 0 3252 4196 2032 3.65685 2044
2046 0 3252 4196 2036 3.65685 2045
2047 0 3252 4196 2040 2 2046
2048 0 3296 4236 2016 10.6491 2040
2049 0 3296 4244 2024 6 2048
2050 0 3296 4252 2032 6 2049
2051 0 3300 4256 2048 2 2050
2052 0 3296 4260 2048 2 2051
2053 0 3300 4264 2048 2 2052
2054 0 3304 4268 2048 2 2053
2055 0 3292 4244 2060 3.65685 2051
2056 0 3288 4248 2064 2 2055
2057 0 3288 4252 2068 3.65685 2056
2058 0 3288 4252 2072 2 2057
2059 0 3288 4252 2076 3.65685 2058
2060 0 3288 4252 2080 3.65685 2059
2061 0 3288 4252 2084 2 2060
2062 0 3292 4252 2096 6 2061
2063 0 3292 4240 2056 3.65685 2055
2064 0 3288 4236 2056 2 2063
2065 0 3288 4232 2056 2 2064
2066 0 3288 4228 2056 2 2065
2067 0 3284 4224 2056 3.65685 2066
2068 0 3276 4216 2056 3.65685 2067
2069 0 3268 4208 2056 6 2068
2070 0 3280 4200 2048 2 2069
2071 0 3280 4196 2048 2 2070
2072 0 3260 4196 2064 6 2069
2073 0 3256 4188 2072 3.65685 2072
2074 0 3252 4184 2076 3.65685 2073
2075 0 3248 4180 2076 3.65685 2074
2076 0 3244 4176 2076 2 2075
2077 0 3240 4176 2076 2 2076
2078 2 3060 3948.99 2567.33 6.96031 1136
2079 0 3052 3952 2580 3.65685 2078
2080 0 3052 3952 2584 3.65685 2079
2081 0 3052 3952 2592 6 2080
2082 0 3048 3956 2600 2 2081
2083 0 3048 3956 2612 6.94427 2082
2084 0 3048 3956 2620 6.94427 2083
2085 0 3052 3964 2628 6 2084
2086 0 3052 3964 2636 6 2085
2087 0 3048 3964 2644 3.65685 2086
2088 0 3044 3968 2648 2 2087
2089 0 3040 3968 2652 2 2088
2090 0 3044 3944 2584 3.65685 2080
2091 0 3040 3944 2588 3.65685 2090
2092 0 3036 3944 2592 2 2091
2093 0 3032 3948 2596 6 2092
2094 0 3024 3948 2604 6 2093
2095 0 3024 3952 2616 6 2094
2096 0 3024 3952 2624 2 2095
2097 0 3024 3952 2628 2 2096
2098 0 3060 3956 2572 3.65685 2078
2099 0 3064 3960 2576 3.65685 2098
2100 0 3064 3964 2580 3.65685 2099
2101 0 3068 3968 2584 3.65685 2100
2102 0 3077.14 3976.57 2593.71 9.41175 2101
2103 0 3072 4000 2596 6 2102
2104 0 3068 4012 2604 6.94427 2103
2105 0 3068 4020 2616 9.31371 2104
2106 0 3064 4016 2628 2 2105
2107 0 3064 4016 2632 2 2106
2108 0 3100.78 3983.8 2608.59 13.8039 2102
2109 0 3088 3988 2648 18 2108
2110 2 3096.88 3989.48 2688.88 26.6681 2109
2111 2 3108.22 3991.37 2700.22 30.974 2110
2112 0 3164 3996 2720 10 2111
2113 0 3184 4000 2724 9.31371 2112
2114 0 3196 4000 2724 6 2113
2115 0 3200 4004 2732 3.65685 2114
2116 0 3204 4008 2736 3.65685 2115
2117 0 3208 4008 2740 2 2116
2118 0 3072 4024 2724 3.65685 2111
2119 0 3060 4028 2732 10 2118
2120 0 3120 3952 2676 9.31371 2110
2121 0 3132 3952 2668 6 2120
2122 0 3144 3948 2664 6.94427 2121
2123 0 3164 3948 2660 6 2122
2124 0 3180 3948 2656 6 2123
2125 0 3188 3948 2652 3.65685 2124
2126 0 3192 3952 2656 2 2125
2127 0 3196 3952 2656 2 2126
2128 0 3076 4008 2660 18 2109
2129 0 3060 4024 2668 6.94427 2128
2130 0 3060 4036 2680 6 2129
2131 0 3060 4044 2680 2 2130
2132 0 3060 4052 2680 6 2131
2133 0 3060 4060 2688 2 2132
2134 0 3060 4060 2692 2 2133
2135 0 3060 4060 2696 2 2134
2136 0 3060 4060 2700 2 2135
2137 0 3060 4064 2704 3.65685 2136
2138 0 3056 4064 2708 2 2137
2139 2 3103.69 3983.08 2610.77 13.0769 2108
2140 0 3132 3972 2584 12.4222 2139
2141 0 3144 3968 2584 3.65685 2140
2142 0 3148 3964 2580 3.65685 2141
2143 0 3148 3960 2580 2 2142
2144 0 3116 3980 2620 10 2139
2145 0 3128 3972 2620 6.94427 2144
2146 0 3140 3960 2624 9.31371 2145
2147 0 3148 3956 2632 6 2146
2148 0 3164 3952 2636 6 2147
2149 0 3176 3948 2628 6 2148
2150 0 3184 3948 2620 6 2149
2151 0 3200 3948 2620 6 2150
2152 0 3208 3944 2616 6 2151
2153 2 3222 3948 2620 6.94427 2152
2154 0 3220 3940 2608 3.65685 2153
2155 0 3228 3936 2604 6 2154
2156 0 3236 3920 2592 6.94427 2155
2157 0 3232 3912 2584 2 2156
2158 0 3232 3912 2580 2 2157
2159 0 3232 3948 2624 6 2153
2160 0 3240 3956 2640 6.94427 2159
2161 0 3240 3976 2636 6.94427 2160
2162 0 3244 3984 2632 6 2161
2163 0 3248 3992 2636 3.65685 2162
2164 0 3252 3996 2640 2 2163
2165 0 3240 3948 2624 6 2159
2166 0 3252 3944 2632 14.4924 2165
2167 0 3272 3980 2628 10 2166
2168 0 3280 3988 2628 6 2167
2169 0 3264 3932 2636 10 2166
2170 0 3284 3912 2648 12.4222 2169
2171 2 3298.86 3908.29 2655.43 10.7758 2170
2172 0 3312 3912 2636 6 2171
2173 0 3328 3908 2624 6 2172
2174 0 3332 3908 2616 2 2173
2175 0 3328 3904 2612 2 2174
2176 0 3320 3904 2664 14.7716 2171
2177 0 3328 3924 2676 6.94427 2176
2178 0 3328 3944 2672 6.94427 2177
2179 0 3336 3948 2668 6 2178
2180 0 3344 3948 2664 2 2179
2181 0 3348 3948 2660 2 2180
2182 0 3320 3896 2696 6.94427 2176
2183 0 3316 3896 2704 3.65685 2182
2184 0 3312 3896 2712 6.94427 2183
2185 0 3304 3900 2716 3.65685 2184
2186 0 3300 3900 2716 2 2185
2187 2 3343.26 3901.58 2656.74 13.7905 2176
2188 0 3356 3920 2660 9.31371 2187
2189 0 3372 3936 2652 12.4222 2188
2190 0 3384 3944 2648 9.31371 2189
2191 0 3396 3948 2644 2 2190
2192 0 3400 3948 2644 2 2191
2193 0 3404 3948 2644 2 2192
2194 2 3361.12 3900 2642.16 10.436 2187
2195 0 3348 3900 2624 3.65685 2194
2196 0 3348 3900 2616 6 2195
2197 0 3348 3896 2608 6 2196
2198 0 3348 3888 2600 3.65685 2197
2199 0 3348 3888 2592 3.65685 2198
2200 0 3352 3884 2580 6 2199
2201 0 3356 3884 2568 10.6491 2200
2202 0 3372 3888 2560 6 2201
2203 0 3392 3888 2560 6 2202
2204 0 3372.89 3891.11 2639.56 7.35592 2194
2205 0 3368 3884 2624 6 2204
2206 0 3368 3880 2616 3.65685 2205
2207 0 3364 3872 2608 6 2206
2208 0 3364 3860 2592 9.31371 2207
2209 0 3360 3852 2584 2 2208
2210 0 3364 3848 2576 6 2209
2211 0 3396 3864 2636 18 2204
2212 0 3412 3856 2628 12.4222 2211
2213 0 3420 3864 2620 10 2212
2214 0 3420 3880 2612 6 2213
2215 0 3416 3884 2608 6 2214
2216 0 3408 3892 2612 6.94427 2215
2217 0 3400 3900 2616 3.65685 2216
2218 0 3392 3908 2616 3.65685 2217
2219 0 3388 3912 2616 2 2218
2220 2 3436.96 3857.21 2613.21 16.7852 2213
2221 2 3438.71 3868.48 2614.96 13.4445 2220
2222 0 3448 3888 2616 9.31371 2221
2223 0 3460 3896 2620 14 2222
2224 0 3456 3924 2612 14 2223
2225 0 3452 3940 2608 10.6491 2224
2226 0 3440 3944 2608 6 2225
2227 0 3464 3872 2620 12.4222 2221
2228 0 3476 3880 2620 6.94427 2227
2229 0 3492 3880 2620 10 2228
2230 0 3508 3892 2612 3.65685 2229
2231 0 3512 3896 2612 2 2230
2232 2 3440.42 3854.53 2612.42 18.2789 2220
2233 0 3436 3852 2588 6 2232
2234 0 3432 3860 2576 10 2233
2235 0 3424 3864 2564 6 2234
2236 0 3424 3864 2556 6.94427 2235
2237 0 3424 3852 2548 9.31371 2236
2238 0 3428 3840 2544 2 2237
2239 0 3448 3828 2620 23.2982 2232
2240 0 3412 3800 2636 10 2239
2241 0 3408 3796 2648 6.94427 2240
2242 0 3396 3792 2660 6.94427 2241
2243 0 3388 3792 2672 10 2242
2244 2 3384.6 3783.4 2681.81 9.94823 2243
2245 0 3388 3780 2692 6 2244
2246 0 3384.86 3776.43 2713.29 9.45679 2245
2247 0 3392 3780 2724 10.6491 2246
2248 0 3400 3788 2728 6.94427 2247
2249 0 3408 3796 2728 6.94427 2248
2250 2 3421.54 3796 2739.69 6.50845 2249
2251 0 3436 3796 2752 6.94427 2250
2252 0 3440 3796 2764 10 2251
2253 0 3452 3812 2776 6 2252
2254 0 3456 3828 2776 6.94427 2253
2255 0 3464 3836 2780 6.94427 2254
2256 0 3456 3848 2800 6.94427 2255
2257 0 3444 3852 2812 6 2256
2258 0 3440 3852 2820 3.65685 2257
2259 0 3432 3852 2840 6.94427 2258
2260 0 3417.47 3852 2845.82 7.82339 2259
2261 0 3404 3856 2836 6 2260
2262 0 3400 3856 2828 6 2261
2263 0 3396 3860 2824 3.65685 2262
2264 0 3392 3864 2820 6 2263
2265 0 3376 3864 2820 6 2264
2266 0 3368 3864 2820 6.94427 2265
2267 0 3352 3864 2820 14 2266
2268 0 3336 3880 2808 9.31371 2267
2269 0 3324 3880 2796 6.94427 2268
2270 0 3320 3876 2780 6 2269
2271 0 3320 3868 2776 6.94427 2270
2272 0 3312 3864 2768 6.94427 2271
2273 0 3312 3868 2756 6 2272
2274 0 3312 3864 2748 6 2273
2275 0 3404 3860 2864 10 2260
2276 0 3392 3864 2872 6.94427 2275
2277 0 3384 3872 2872 6.94427 2276
2278 0 3380 3884 2868 6 2277
2279 0 3384 3888 2872 6 2278
2280 0 3380 3896 2880 10 2279
2281 0 3360 3908 2884 10 2280
2282 0 3336 3908 2892 6.94427 2281
2283 0 3444 3772 2780 6.94427 2252
2284 0 3444 3764 2780 6 2283
2285 0 3436 3756 2796 6 2284
2286 0 3432 3780 2736 6 2250
2287 0 3444 3768 2736 6.94427 2286
2288 0 3452 3760 2740 10 2287
2289 0 3464 3756 2740 6 2288
2290 0 3388 3752 2728 9.31371 2246
2291 0 3400 3748 2736 6 2290
2292 0 3360 3788 2692 10.6491 2244
2293 0 3348 3800 2692 10.6491 2292
2294 0 3340 3812 2700 10 2293
2295 0 3332 3820 2708 6 2294
2296 0 3328 3836 2712 6 2295
2297 0 3320 3844 2712 6 2296
2298 0 3324 3852 2708 6.94427 2297
2299 0 3332 3852 2700 6 2298
2300 0 3332 3784 2692 6.94427 2293
2301 0 3324 3776 2688 6 2300
2302 0 3316 3768 2684 9.31371 2301
2303 0 3316 3756 2668 3.65685 2302
2304 0 3320 3756 2664 2 2303
2305 0 3477 3799 2620 12.4222 2239
2306 0 3464 3788 2628 9.31371 2305
2307 0 3464 3760 2640 12.4222 2306
2308 0 3468 3748 2648 6.94427 2307
2309 0 3496 3780 2620 12.4222 2305
2310 2 3515.68 3757.79 2621.47 17.6567 2309
2311 0 3572.73 3765.09 2590.91 16.9091 2310
2312 0 3584 3780 2580 6.94427 2311
2313 0 3588 3788 2572 6 2312
2314 0 3584 3792 2568 6 2313
2315 0 3572 3804 2560 12.4222 2314
2316 0 3584 3828 2544 14 2315
2317 0 3596 3844 2536 6 2316
2318 0 3596 3852 2536 3.65685 2317
2319 0 3596 3856 2532 2 2318
2320 0 3604 3748 2576 9.31371 2311
2321 0 3612 3744 2568 6 2320
2322 0 3540 3744 2640 6 2310
2323 0 3556 3744 2656 6 2322
2324 0 3560 3744 2672 6 2323
2325 0 3560 3748 2688 6 2324
2326 0 3560 3752 2696 3.65685 2325
2327 0 3556 3752 2700 3.65685 2326
2328 0 3548 3752 2708 9.31371 2327
2329 0 3548 3760 2720 6.94427 2328
2330 0 3536 3768 2728 10 2329
2331 0 3536 3780 2728 6.94427 2330
2332 0 3540 3792 2736 9.31371 2331
2333 0 3548 3808 2736 10.6491 2332
2334 0 3544 3831.33 2752.89 11.5573 2333
2335 0 3552 3856 2760 6 2334
2336 0 3556 3876 2760 6.94427 2335
2337 0 3560 3884 2764 3.65685 2336
2338 0 3564 3892 2764 3.65685 2337
2339 0 3568 3896 2764 3.65685 2338
2340 0 3572 3900 2768 3.65685 2339
2341 0 3580 3908 2768 3.65685 2340
2342 0 3584 3912 2772 3.65685 2341
2343 0 3588 3916 2772 3.65685 2342
2344 0 3596 3924 2772 6.94427 2343
2345 2 3612.17 3930.09 2772.7 12.7822 2344
2346 0 3632 3940 2776 14.4924 2345
2347 0 3656 3936 2776 3.65685 2346
2348 0 3660 3932 2772 2 2347
2349 0 3664 3932 2772 2 2348
2350 0 3624 3916 2764 6.94427 2345
2351 0 3624 3904 2756 6 2350
2352 0 3624 3896 2756 6 2351
2353 0 3628 3892 2760 6 2352
2354 0 3632 3888 2756 2 2353
2355 0 3632 3884 2756 2 2354
2356 0 3524 3840 2764 6.94427 2334
2357 0 3512 3852 2764 9.31371 2356
2358 0 3500 3868 2764 12.4222 2357
2359 0 3492 3880 2760 9.31371 2358
2360 0 3492 3892 2760 3.65685 2359
2361 0 3492 3896 2756 2 2360
2362 0 3500 3832 2780 2 2357
2363 0 3500 3828 2780 3.65685 2362
2364 0 3504 3820 2776 6.94427 2363
2365 0 3508 3804 2776 6.94427 2364
2366 0 3500 3828 2796 3.65685 2362
2367 0 3500 3824 2796 3.65685 2366
2368 0 3496 3820 2796 2 2367
2369 0 3496 3816 2796 2 2368
2370 0 3500 3832 2796 2 2366
2371 0 2836 3936 2828 3.65685 33
2372 0 2836 3940 2828 2 2371
2373 0 2836 3944 2828 2 2372
2374 0 2832 3944 2840 2 2373
2375 0 2836 3948 2840 2 2374
2376 0 2836 3952 2840 2 2375
2377 0 2836 3956 2840 2 2376
2378 0 2852 3940 2832 2 2371
2379 0 2852 3936 2832 2 2378
2380 0 2856 3932 2832 2 2379
2381 0 2856 3932 2844 2 2380
2382 0 2856 3928 2844 2 2381
