# Generated by NeuTu (https://github.com/janelia-flyem/NeuTu)
1 0 2866 2997 3427 2 -1
2 0 2866 2993 3431 2 1
3 0 2866 2993 3435 2 2
4 0 2862 2989 3443 6 3
5 0 2854 2981 3451 6 4
6 0 2850 2973 3459 6 5
7 0 2838 2953 3467 14 6
8 0 2822 2921 3455 14 7
9 0 2810 2901 3447 9.31371 8
10 0 2810 2889 3447 6 9
11 0 2810 2873 3451 6 10
12 0 2810 2865 3451 6 11
13 0 2822 2853 3451 6 12
14 0 2834 2833 3451 6.94427 13
15 0 2842 2825 3451 6 14
16 0 2850 2821 3435 6 15
17 0 2858 2825 3427 6.94427 16
18 0 2862 2829 3419 3.65685 17
19 0 2862 2829 3415 2 18
