# Generated by NeuTu (https://github.com/janelia-flyem/NeuTu)
1 0 2271 3530 3603 6 -1
2 0 2279 3530 3595 9.31371 1
3 0 2283 3538 3587 9.31371 2
4 0 2299 3554 3587 3.65685 3
5 0 2307 3558 3587 6 4
6 0 2315 3562 3579 6.94427 5
7 0 2323 3574 3571 6 6
8 0 2335 3586 3559 6.94427 7
9 0 2371.76 3597.05 3541.48 31.7453 8
10 0 2400.61 3599.93 3538.31 39.7529 9
11 2 2420.76 3574.03 3529.68 23.1476 10
12 2 2424.58 3569.11 3528.04 19.9926 11
13 0 2435 3542 3523 6 12
14 0 2439 3534 3527 3.65685 13
15 0 2439 3530 3527 3.65685 14
16 0 2447 3506 3531 10.6491 15
17 0 2439 3490 3543 6.94427 16
18 0 2435 3482 3543 6 17
19 0 2435 3474 3543 2 18
20 0 2435 3470 3543 2 19
21 0 2435 3466 3543 3.65685 20
22 0 2439 3462 3551 6 21
23 0 2443 3454 3559 6 22
24 0 2451 3450 3575 6.94427 23
25 0 2459 3442 3579 9.31371 24
26 0 2467 3426 3587 6 25
27 0 2471 3410 3591 6.94427 26
28 0 2475 3390 3603 6.94427 27
29 0 2483 3374 3619 6.94427 28
30 0 2495 3362 3631 10 29
31 0 2507 3358 3643 6 30
32 0 2519 3358 3643 9.31371 31
33 0 2531 3370 3635 3.65685 32
34 0 2531 3374 3631 3.65685 33
35 0 2531 3378 3631 2 34
36 0 2395 3546 3547 9.31371 12
37 0 2383 3546 3551 6 36
38 0 2367 3542 3551 6 37
39 0 2351 3542 3551 6 38
40 0 2335 3538 3551 6 39
41 0 2327 3534 3543 3.65685 40
42 0 2327 3530 3543 2 41
43 2 2433.89 3566.93 3551.71 17.7465 11
44 0 2455 3566 3575 10.6491 43
45 0 2475 3570 3595 6 44
46 0 2483 3574 3603 9.31371 45
47 0 2495 3578 3611 6.94427 46
48 0 2507 3582 3611 9.31371 47
49 0 2519 3578 3607 6 48
50 0 2523 3574 3603 2 49
51 0 2527 3574 3603 2 50
52 0 2419 3534 3567 6.94427 43
53 0 2423 3522 3575 6.94427 52
54 0 2427 3514 3579 6 53
55 0 2427 3650 3495 12.4222 10
56 0 2431 3670 3475 9.31371 55
57 0 2431 3682 3459 10 56
58 0 2427 3694 3451 3.65685 57
59 0 2427 3698 3451 2 58
60 0 2351 3590 3507 30 9
