# Generated by NeuTu (https://github.com/janelia-flyem/NeuTu)
1 0 2409 3743 3108 9.31371 -1
2 0 2413 3739 3124 12.4222 1
3 0 2413 3727 3132 6.94427 2
4 0 2421 3707 3132 6.94427 3
5 0 2429 3695 3132 6.94427 4
6 0 2437 3687 3132 3.65685 5
7 0 2445 3679 3132 3.65685 6
8 0 2449 3679 3132 3.65685 7
9 0 2457 3671 3132 6.94427 8
10 0 2465 3663 3136 3.65685 9
11 0 2469 3647 3136 6.94427 10
12 0 2477 3635 3140 14.4924 11
13 0 2489 3623 3132 9.31371 12
14 0 2501 3623 3124 6.94427 13
15 0 2509 3627 3120 9.31371 14
16 0 2530.33 3648.33 3106.67 12.1267 15
17 2 2535.89 3653.89 3101.11 10.8958 16
18 0 2549 3675 3076 6.94427 17
19 0 2549 3679 3068 6 18
20 0 2545 3679 3060 3.65685 19
21 0 2545 3679 3052 6.94427 20
22 0 2537 3687 3044 6 21
23 0 2529 3695 3040 6 22
24 0 2509 3695 3028 6.94427 23
25 0 2493 3691 3024 6 24
26 0 2485 3691 3020 6.94427 25
27 0 2473 3691 3020 2 26
28 0 2561 3651 3116 6 17
29 0 2569 3647 3120 9.31371 28
30 0 2577 3627 3120 6 29
31 0 2581 3611 3120 6 30
32 0 2581 3591 3120 6.94427 31
33 0 2581 3571 3104 6.94427 32
34 0 2585 3563 3096 3.65685 33
35 0 2585 3559 3096 2 34
36 0 2525 3667 3120 6 16
37 0 2525 3683 3124 6 36
38 0 2521 3699 3128 6 37
39 0 2521 3711 3128 2 38
40 0 2501 3623 3104 6 15
41 0 2497 3619 3096 6 40
42 0 2489 3619 3088 9.31371 41
43 0 2481 3619 3080 2 42
44 0 2477 3619 3076 2 43
