# Generated by NeuTu (https://github.com/janelia-flyem/NeuTu)
1 0 2395 3733 3071 2 -1
2 0 2399 3733 3071 2 1
3 0 2407 3725 3071 6.94427 2
4 0 2415 3721 3079 9.31371 3
5 0 2423 3709 3087 3.65685 4
6 0 2427 3689 3083 9.31371 5
7 0 2419 3681 3079 6.94427 6
8 0 2419 3665 3063 3.65685 7
9 0 2415 3661 3059 3.65685 8
10 0 2419 3653 3055 6.94427 9
11 0 2427 3641 3055 6.94427 10
12 0 2431 3633 3067 6 11
13 0 2435 3637 3071 6 12
14 0 2431 3641 3075 3.65685 13
15 0 2435 3645 3079 2 14
16 0 2439 3677 3095 3.65685 6
17 0 2443 3669 3095 3.65685 16
18 0 2451 3661 3099 6 17
19 0 2455 3649 3107 6 18
20 0 2463 3637 3107 2 19
