# Generated by NeuTu (https://github.com/janelia-flyem/NeuTu)
1 0 2396 3578 3150 2 -1
2 0 2392 3578 3146 3.65685 1
3 0 2388 3570 3138 10.6491 2
4 0 2376 3566 3122 3.65685 3
5 0 2376 3566 3118 3.65685 4
6 0 2376 3566 3114 2 5
7 0 2376 3566 3110 3.65685 6
8 0 2376 3566 3102 3.65685 7
9 0 2380 3566 3094 6 8
10 0 2384 3554 3086 6 9
11 0 2388 3542 3082 6 10
12 0 2392 3526 3074 6 11
13 0 2388 3522 3070 3.65685 12
14 0 2388 3518 3070 3.65685 13
15 0 2380 3510 3062 6.94427 14
16 0 2376 3494 3054 6 15
17 0 2376 3486 3054 6.94427 16
18 0 2380 3478 3062 2 17
19 0 2380 3474 3066 3.65685 18
20 0 2388 3466 3074 6.94427 19
