# Generated by NeuTu (https://github.com/janelia-flyem/NeuTu)
1 0 2480 3334 3064 10 -1
2 0 2460 3314 3072 9.31371 1
3 0 2448 3310 3084 6.94427 2
4 0 2444 3302 3096 6.94427 3
5 0 2452 3302 3116 6 4
6 0 2452 3298 3128 3.65685 5
7 0 2452 3294 3136 3.65685 6
8 0 2452 3294 3144 3.65685 7
9 0 2456 3290 3148 6 8
10 0 2464 3286 3160 6.94427 9
11 0 2472 3286 3168 6 10
12 0 2472 3282 3184 6 11
13 0 2472 3278 3192 3.65685 12
14 0 2472 3270 3200 6.94427 13
15 0 2468 3258 3220 6 14
16 0 2476 3254 3232 6 15
17 0 2472 3258 3236 3.65685 16
18 0 2464 3262 3244 6 17
19 0 2456 3266 3252 9.31371 18
20 0 2448 3270 3272 6 19
21 0 2448 3270 3280 6 20
22 0 2448 3270 3288 3.65685 21
23 0 2448 3270 3296 6 22
24 0 2448 3270 3312 6 23
25 0 2448 3270 3320 6 24
26 0 2444 3282 3332 6 25
27 0 2444 3298 3340 6.94427 26
28 0 2436 3302 3352 6 27
