# Generated by NeuTu (https://github.com/janelia-flyem/NeuTu)
1 0 2544 3525 3169 6 -1
2 0 2536 3521 3161 9.31371 1
3 0 2524 3517 3157 6 2
4 0 2512 3521 3141 6 3
5 0 2504 3529 3133 6 4
6 0 2496 3537 3125 10.6491 5
7 0 2484 3537 3125 10 6
8 0 2476 3521 3137 6.94427 7
9 0 2472 3513 3145 9.31371 8
10 0 2468 3505 3161 6 9
11 0 2476 3513 3169 6.94427 10
12 0 2484 3525 3169 9.31371 11
13 0 2484 3549 3105 18 7
14 0 2488 3569 3101 6 13
15 0 2496 3585 3097 6 14
16 0 2496 3593 3097 6 15
17 0 2496 3601 3093 2 16
18 0 2496 3601 3089 2 17
