# Generated by NeuTu (https://github.com/janelia-flyem/NeuTu)
1 0 2477 3735 3198 2 -1
2 0 2481 3735 3194 2 1
3 0 2485 3731 3186 6 2
4 0 2493 3731 3178 3.65685 3
5 0 2497 3731 3166 6 4
6 0 2505 3723 3158 6 5
7 0 2509 3711 3150 6 6
8 0 2509 3699 3142 9.31371 7
9 0 2509 3687 3138 6 8
10 0 2509 3671 3134 10 9
11 0 2509 3651 3130 19.5407 10
12 0 2485 3627 3130 6.94427 11
13 0 2477 3611 3130 14 12
14 0 2473 3587 3146 6 13
15 0 2473 3571 3150 6.94427 14
16 0 2465 3559 3154 12.4222 15
17 0 2453 3555 3162 10 16
