# Generated by NeuTu (https://github.com/janelia-flyem/NeuTu)
1 0 2712 3823 4073 2 -1
2 0 2716 3827 4069 3.65685 1
3 0 2724 3819 4065 9.31371 2
4 0 2736 3795 4077 15.8885 3
5 0 2752 3795 4077 6.94427 4
6 0 2768 3795 4065 3.65685 5
7 0 2772 3799 4061 3.65685 6
8 0 2776 3799 4061 3.65685 7
9 0 2784 3803 4053 6 8
10 0 2788 3811 4045 6 9
11 0 2798.48 3826.43 4032.05 13.7038 10
12 0 2820 3851 4017 9.31371 11
13 0 2824 3863 4009 6 12
14 0 2836 3883 4005 9.31371 13
15 0 2844 3915 3981 18 14
16 0 2864 3943 3953 14.9706 15
17 0 2894 3969 3921 21.1249 16
18 0 2924 3995 3865 30.249 17
19 2 2926.75 4005.75 3813.78 16.2977 18
20 0 2928 4019 3765 12.4222 19
21 0 2936 4023 3721 18 20
22 2 2946.98 4011.34 3675.37 14.4924 21
23 0 2956 4015 3657 18 22
24 0 2972 4015 3637 14 23
25 0 2988 4019 3589 18 24
26 0 2992 4015 3553 9.31371 25
27 0 3004 4011 3521 6 26
28 0 3004 4011 3505 6 27
29 0 3004 4011 3497 6 28
30 0 3012 4027 3481 9.31371 29
31 0 3020 4035 3473 9.31371 30
32 0 3024 4035 3461 6.94427 31
33 2 3039.56 4027.22 3445.44 10.6491 32
34 0 3064 4003 3433 9.31371 33
35 2 3083.11 3995.44 3425.89 10.5007 34
36 0 3092 3995 3413 14 35
37 0 3100 3995 3401 10 36
38 2 3106 3995 3379 10 37
39 0 3116 3991 3357 12.4222 38
40 0 3128 3987 3337 6 39
41 0 3128 3983 3317 9.31371 40
42 0 3128 3979 3301 6 41
43 0 3128 3971 3277 12.4222 42
44 0 3128 3983 3265 9.31371 43
45 0 3132 3991 3249 14 44
46 0 3140 4019 3229 18 45
47 0 3144 4043 3225 14 46
48 0 3168 4107 3221 37.3954 47
49 0 3124 4127 3213 22 48
50 2 3077.17 4127 3215.54 30.2252 49
51 2 3068.39 4127 3216.51 32.8894 50
52 0 3064 4127 3217 34.2215 51
53 2 3037.6 4094.2 3221 20.7633 52
54 0 3020 4063 3213 10.6491 53
55 2 2982.54 4017.96 3205 31.2355 54
56 2 2915.38 3983.85 3226.46 15.5603 55
57 0 2834.82 4002.76 3266.18 23.9985 56
58 0 2816 3999 3285 10.6491 57
59 0 2800 3991 3305 6 58
60 0 2796 3983 3317 6.94427 59
61 0 2780 3967 3329 9.31371 60
62 0 2760 3947 3341 14.9706 61
63 0 2744 3939 3345 10.6491 62
64 0 2728 3927 3353 10.6491 63
65 0 2696 3907 3369 10.6491 64
66 0 2688 3891 3385 9.31371 65
67 0 2676 3875 3405 9.31371 66
68 0 2668 3867 3413 12.4222 67
69 0 2656 3859 3425 6.94427 68
70 0 2644 3855 3429 10.6491 69
71 0 2620 3859 3449 9.31371 70
72 0 2604 3867 3469 10 71
73 0 2588 3867 3485 9.31371 72
74 0 2584 3871 3493 6.94427 73
75 0 2584 3879 3505 12.4222 74
76 0 2576 3883 3533 9.31371 75
77 0 2576 3895 3549 9.31371 76
78 0 2572 3911 3573 10 77
79 0 2576 3939 3589 15.8885 78
80 0 2576 3971 3605 10 79
81 0 2564 3983 3613 6.94427 80
82 0 2548 3999 3617 9.31371 81
83 0 2528 4023 3625 9.31371 82
84 0 2524 4031 3629 6 83
85 0 2532 4055 3645 14.4924 84
86 2 2538.89 4068.78 3658.78 14.4924 85
87 0 2604 4079 3713 21.3238 86
88 0 2639 4083 3730 25.9463 87
89 0 2664.76 4081.81 3750.95 19.855 88
90 2 2674.29 4079.43 3762.86 22.773 89
91 2 2683.26 4086.26 3777.09 17.676 90
92 0 2688 4111 3805 6 91
93 0 2688 4111 3821 6 92
94 0 2684 4107 3833 10 93
95 0 2692 4099 3845 6 94
96 0 2704 4099 3857 6.94427 95
97 0 2712 4099 3865 9.31371 96
98 0 2728 4099 3865 12.4222 97
99 0 2740 4107 3861 6.94427 98
100 0 2748 4111 3861 6 99
101 0 2756 4115 3861 2 100
102 0 2760 4115 3861 2 101
103 0 2668 4095 3845 6 94
104 0 2668 4087 3853 9.31371 103
105 0 2668 4079 3861 6.94427 104
106 0 2672 4079 3869 6.94427 105
107 0 2676 4071 3877 6.94427 106
108 0 2684 4063 3877 3.65685 107
109 0 2688 4059 3873 2 108
110 0 2692 4059 3873 2 109
111 0 2652 4079 3785 10 91
112 0 2644 4079 3793 10 111
113 0 2640 4075 3805 3.65685 112
114 0 2640 4075 3809 3.65685 113
115 0 2640 4079 3817 6.94427 114
116 0 2684 4047 3729 6 90
117 0 2692 4035 3717 12.4222 116
118 0 2704 4035 3709 9.31371 117
119 0 2716 4039 3705 2 118
120 0 2720 4039 3705 2 119
121 0 2684 4099 3733 18 89
122 0 2700 4107 3725 6.94427 121
123 0 2708 4111 3717 6 122
124 0 2716 4115 3713 2 123
125 0 2720 4115 3713 2 124
126 0 2600 4079 3793 15.8885 88
127 2 2594.67 4084.33 3818.33 13.6537 126
128 0 2584 4095 3829 6.94427 127
129 0 2568 4107 3837 9.31371 128
130 0 2560 4111 3841 6 129
131 0 2552 4111 3845 6 130
132 0 2548 4115 3849 2 131
133 0 2544 4115 3853 2 132
134 0 2540 4115 3857 2 133
135 0 2588 4067 3833 9.31371 127
136 0 2584 4055 3841 6 135
137 0 2588 4043 3857 6 136
138 0 2512 4063 3669 9.31371 86
139 0 2496 4071 3681 9.31371 138
140 2 2482.48 4081.14 3687.76 10.4419 139
141 0 2468 4091 3697 10 140
142 0 2464 4099 3713 6.94427 141
143 0 2464 4103 3733 6 142
144 0 2468 4103 3745 6 143
145 0 2488 4095 3705 6.94427 140
146 0 2484 4103 3717 6 145
147 0 2484 4111 3733 6 146
148 0 2484 4111 3741 6 147
149 0 2676 3903 3349 6 65
150 0 2664 3903 3341 9.31371 149
151 0 2656 3895 3337 6.94427 150
152 0 2648 3891 3341 6 151
153 0 2640 3891 3341 3.65685 152
154 0 2636 3887 3341 2 153
155 0 2804 3999 3245 10 57
156 0 2796 3999 3233 6 155
157 0 2780 3991 3209 11.5357 156
158 0 2768 3971 3193 6 157
159 0 2768 3955 3193 6 158
160 0 2760 3939 3193 9.31371 159
161 0 2752 3923 3189 6 160
162 0 2732 3899 3181 14 161
163 0 2704 3867 3185 10.6491 162
164 0 2688 3851 3185 10.6491 163
165 0 2660 3835 3193 12.4222 164
166 0 2644 3819 3205 12.4222 165
167 0 2628 3803 3221 9.31371 166
168 0 2612 3795 3237 10.6491 167
169 0 2588 3795 3245 10 168
170 0 2564 3795 3265 14 169
171 2 2549.33 3795.67 3277.67 16.3051 170
172 2 2525.78 3801.56 3283.56 28.0934 171
173 2 2509.55 3789.57 3287.99 30.6174 172
174 0 2492 3767 3293 30 173
175 2 2466.89 3736.78 3323.22 20.5483 174
176 2 2458.06 3716.15 3334.94 19.5407 175
177 2 2453.32 3694.89 3339.68 22.0622 176
178 0 2452 3655 3333 32.4093 177
179 0 2464 3631 3313 20.6274 178
180 0 2480 3607 3289 26.8444 179
181 2 2525 3606 3265 19 180
182 0 2564 3615 3249 18 181
183 0 2604 3607 3249 9.31371 182
184 0 2620 3615 3249 9.31371 183
185 0 2632 3615 3249 6 184
186 0 2644 3611 3249 9.31371 185
187 0 2656 3611 3253 3.65685 186
188 0 2664 3615 3257 6 187
189 0 2680 3619 3257 6 188
190 0 2696 3619 3261 6.94427 189
191 0 2712 3607 3253 9.31371 190
192 0 2508 3583 3241 6 181
193 0 2512 3579 3233 6.94427 192
194 0 2512 3583 3221 9.31371 193
195 0 2520 3583 3209 6.94427 194
196 0 2528 3567 3197 12.4222 195
197 0 2532 3555 3189 9.31371 196
198 0 2440 3607 3265 9.31371 180
199 0 2432 3607 3257 6 198
200 0 2420 3611 3249 6 199
201 0 2408 3615 3245 12.4222 200
202 0 2396 3627 3241 14.9706 201
203 0 2380 3651 3261 10 202
204 0 2368 3659 3269 2 203
205 0 2368 3663 3273 2 204
206 0 2444 3615 3373 21.3238 178
207 0 2448 3599 3389 12.4222 206
208 0 2448 3599 3405 12.4222 207
209 0 2468 3583 3421 9.31371 208
210 0 2472 3575 3425 6 209
211 0 2476 3559 3425 6 210
212 0 2476 3675 3385 18.3961 177
213 0 2488 3663 3393 12.4222 212
214 0 2480 3719 3361 10 176
215 0 2496 3723 3373 6.94427 214
216 0 2504 3731 3377 6 215
217 2 2456 3775.77 3351.64 22.1084 175
218 0 2480 3787 3385 18.3961 217
219 0 2424 3771 3333 18 217
220 0 2404 3791 3321 12.4222 219
221 0 2392 3795 3317 10.6491 220
222 0 2380 3791 3309 2 221
223 0 2376 3787 3309 2 222
224 0 2516 3743 3281 14.9706 174
225 0 2532 3743 3273 6.94427 224
226 0 2552 3751 3273 6 225
227 0 2568 3751 3273 6 226
228 0 2588 3743 3269 9.31371 227
229 0 2596 3739 3265 6 228
230 0 2604 3739 3265 6 229
231 0 2612 3735 3265 2 230
232 0 2616 3735 3265 2 231
233 0 2460 3815 3321 6.94427 173
234 0 2544 3847 3285 10.6491 172
235 0 2544 3859 3285 6 234
236 0 2548 3871 3285 9.31371 235
237 0 2552 3887 3305 6.94427 236
238 0 2556 3903 3321 6 237
239 0 2552 3911 3337 6 238
240 0 2544 3923 3345 6.94427 239
241 0 2532 3939 3349 9.31371 240
242 0 2528 3947 3345 6.94427 241
243 0 2524 3959 3333 14 242
244 0 2512 3959 3321 10.6491 243
245 0 2504 3947 3317 6 244
246 0 2504 3939 3317 6.94427 245
247 0 2508 3931 3309 6 246
248 0 2568 3803 3301 10 171
249 0 2580 3811 3297 6 248
250 0 2596 3811 3305 6 249
251 0 2616 3787 3257 6.94427 168
252 0 2608 3791 3265 9.31371 251
253 0 2764 4019 3205 9.31371 157
254 0 2748 4043 3197 15.8885 253
255 0 2740 4055 3189 10.6491 254
256 0 2724 4059 3189 6.94427 255
257 0 2696 4051 3189 12.4222 256
258 0 2668 4023 3193 9.31371 257
259 0 2660 4019 3201 10 258
260 0 2644 4019 3209 6 259
261 0 2632 4019 3209 6 260
262 0 2616 4019 3209 6 261
263 0 2920 3951 3217 10 56
264 2 2922.16 3910.01 3233.99 28.102 263
265 2 2924 3878 3266 28.9272 264
266 0 2948 3831 3309 18 265
267 0 2944 3823 3341 14 266
268 0 2944 3803 3393 10 267
269 0 2944 3799 3405 10.6491 268
270 0 2944 3787 3425 6 269
271 0 2936 3779 3437 6 270
272 0 2932 3783 3441 3.65685 271
273 0 2932 3783 3445 3.65685 272
274 0 2932 3779 3453 6.94427 273
275 0 2936 3775 3469 6 274
276 0 2936 3771 3485 6 275
277 0 2936 3763 3501 6.94427 276
278 0 2940 3755 3509 6 277
279 0 2944 3755 3517 3.65685 278
280 0 2944 3751 3525 3.65685 279
281 0 2948 3751 3533 3.65685 280
282 0 2952 3747 3541 6 281
283 0 2960 3739 3577 10.6491 282
284 0 2948 3743 3601 6 283
285 0 2936 3747 3613 6 284
286 0 2936 3747 3629 6 285
287 0 2936 3743 3645 6 286
288 0 2936 3743 3661 6 287
289 0 2936 3739 3673 6 288
290 0 2936 3739 3681 6 289
291 0 2936 3739 3689 3.65685 290
292 0 2936 3739 3697 3.65685 291
293 0 2936 3735 3705 6 292
294 0 2940 3731 3717 6 293
295 0 2948 3727 3737 6.94427 294
296 0 2948 3735 3749 9.31371 295
297 0 2948 3735 3761 6 296
298 0 2944 3735 3777 6 297
299 0 2944 3739 3785 3.65685 298
300 0 2944 3739 3793 6 299
301 0 2948 3747 3801 6 300
302 0 2952 3759.95 3813.32 9.68377 301
303 0 2952 3771 3817 6 302
304 0 2952 3783 3821 9.31371 303
305 0 2952 3787 3833 10 304
306 0 2948 3783 3853 3.65685 305
307 0 2948 3783 3861 3.65685 306
308 0 2948 3783 3865 3.65685 307
309 0 2940 3783 3873 9.31371 308
310 0 2940 3799 3885 18 309
311 0 2948 3831 3885 9.31371 310
312 0 2948 3843 3881 3.65685 311
313 0 2952 3847 3881 2 312
314 0 2968 3803 3837 6.94427 305
315 0 2968 3811 3845 6.94427 314
316 0 2968 3823 3845 6 315
317 0 2964 3831 3853 6 316
318 0 2960 3839 3861 6 317
319 0 2956 3847 3861 3.65685 318
320 0 2948 3855 3861 6 319
321 0 2972 3767 3813 6 302
322 0 2972 3775 3813 6 321
323 0 2972 3779 3805 6.94427 322
324 0 2984 3779 3793 9.31371 323
325 0 2992 3783 3785 6.94427 324
326 0 3000 3791 3781 10.6491 325
327 0 3028 3791 3773 12.4222 326
328 0 3052 3787 3769 10 327
329 0 3064 3783 3769 3.65685 328
330 0 3068 3783 3765 2 329
331 2 2897.51 3871.54 3287.6 18.6134 265
332 0 2884 3859 3333 10 331
333 0 2880 3855 3345 9.31371 332
334 0 2872 3847 3353 12.4222 333
335 0 2860 3839 3353 10 334
336 0 2848 3843 3353 6 335
337 0 2840 3843 3353 6 336
338 0 2912 3891 3313 14.9706 331
339 0 2912 3875 3337 9.31371 338
340 0 2912 3875 3349 9.31371 339
341 0 2908 3883 3361 6 340
342 0 2920 3899 3201 9.31371 264
343 0 2916 3895 3193 6.94427 342
344 0 2912 3899 3177 10 343
345 0 2916 3903 3165 12.4222 344
346 0 2928 3911 3149 9.31371 345
347 0 3024 4039 3181 9.31371 55
348 0 3032 4039 3173 6 347
349 0 3032 4039 3165 3.65685 348
350 0 3032 4043 3157 6.94427 349
351 0 3044 4059 3153 6.94427 350
352 0 3024 4095 3257 6.94427 53
353 0 3020 4099 3265 6 352
354 0 3020 4107 3269 2 353
355 0 3020 4111 3269 2 354
356 0 3040 4103 3269 2 352
357 0 3040 4107 3269 2 356
358 0 3040 4115 3269 2 357
359 0 3040 4119 3265 2 358
360 0 3040 4123 3261 2 359
361 0 3028 4155 3241 2 52
362 0 3024 4151 3241 2 361
363 2 3054 4177 3197 23.2809 51
364 0 3036 4195 3197 9.31371 363
365 0 3024 4207 3201 3.65685 364
366 0 3016 4219 3205 10 365
367 0 3016 4223 3217 6.94427 366
368 0 3020 4219 3225 3.65685 367
369 0 3016 4219 3237 6 368
370 0 3012 4219 3253 6 369
371 0 3012 4219 3261 6 370
372 0 3004 4219 3269 6 371
373 0 3000 4223 3289 9.31371 372
374 0 3000 4223 3301 6 373
375 0 2996 4227 3317 10 374
376 0 2988 4231 3325 6 375
377 0 2980 4235 3325 2 376
378 0 2976 4235 3325 2 377
379 0 2972 4235 3325 2 378
380 0 3072 4199 3181 6.94427 363
381 0 3076 4211 3177 10 380
382 0 3084 4227 3173 9.31371 381
383 0 3092 4231 3165 6 382
384 0 3100 4235 3165 2 383
385 0 3104 4235 3165 2 384
386 0 3112 4107 3265 6.94427 51
387 0 3100 4123 3177 14 50
388 0 3112 4131 3165 6.94427 387
389 0 3128 4139 3161 6 388
390 0 3136 4155 3161 6.94427 389
391 0 3140 4163 3153 6 390
392 0 3224 4131 3225 35.7359 48
393 2 3264 4099 3243 17.0733 392
394 0 3284 4095 3249 6 393
395 0 3300 4095 3249 6 394
396 0 3308 4091 3257 6 395
397 0 3328 4095 3261 6 396
398 0 3340 4095 3265 6 397
399 0 3356 4099 3269 6.94427 398
400 0 3364 4107 3269 3.65685 399
401 0 3368 4111 3269 3.65685 400
402 0 3380 4123 3281 10.6491 401
403 0 3380 4127 3293 12.4222 402
404 0 3384 4107 3313 6 403
405 0 3396 4095 3329 9.31371 404
406 0 3404 4095 3349 9.31371 405
407 0 3416 4103 3361 6.94427 406
408 0 3428 4111 3377 9.31371 407
409 0 3436 4099 3389 9.31371 408
410 0 3440 4095 3397 9.31371 409
411 0 3436 4091 3405 6 410
412 0 3268 4123 3261 6 393
413 0 3272 4131 3269 6.94427 412
414 0 3268 4135 3285 6 413
415 2 3213.22 4199.28 3217.81 29.202 392
416 0 3192 4227 3241 10 415
417 0 3192 4227 3257 6.94427 416
418 0 3188 4235 3265 2 417
419 0 3188 4235 3269 2 418
420 0 3236 4215 3169 19.5407 415
421 0 3248 4227 3157 10 420
422 0 3160 3983 3249 6 45
423 0 3180 3983 3249 6.94427 422
424 0 3188 3987 3253 6.94427 423
425 2 3128 3955.73 3286.72 17.1345 43
426 2 3130.57 3922.71 3310.14 27.3734 425
427 2 3138.03 3910.29 3325.06 31.3563 426
428 0 3168 3879 3325 35.9473 427
429 2 3168 3876.8 3324.76 35.3923 428
430 2 3168 3854.63 3322.29 29.7862 429
431 0 3172 3803 3309 15.8885 430
432 2 3179.64 3791.55 3297.55 14.0858 431
433 0 3200 3775 3285 12.4222 432
434 0 3212 3751 3281 14 433
435 0 3212 3735 3277 15.8885 434
436 0 3204 3719 3285 9.31371 435
437 0 3192 3715 3305 12.4222 436
438 0 3200 3719 3329 6 437
439 0 3200 3723 3337 6 438
440 0 3172 3811 3277 3.65685 432
441 0 3172 3815 3273 3.65685 440
442 0 3176 3823 3265 6 441
443 0 3184 3839 3257 9.31371 442
444 0 3148 3843 3369 2 430
445 0 3144 3839 3373 2 444
446 0 3140 3839 3377 3.65685 445
447 0 3136 3843 3381 6 446
448 0 3140 3855 3389 6 447
449 0 3144 3859 3393 6 448
450 2 3184.54 3831.76 3349 20.7057 429
451 0 3192 3795 3357 9.31371 450
452 0 3196 3787 3373 9.31371 451
453 0 3208 3795 3385 9.31371 452
454 0 3228 3811 3401 14 453
455 0 3224 3831 3425 10 454
456 0 3220 3839 3437 3.65685 455
457 0 3220 3843 3437 2 456
458 2 3196 3765 3373 7.14172 452
459 0 3196 3755 3361 12.4222 458
460 0 3192 3747 3349 6 459
461 0 3208 3767 3385 9.31371 458
462 0 3228 3755 3393 6.94427 461
463 0 3164 3815 3365 6 450
464 0 3156 3815 3365 6 463
465 0 3144 3819 3365 10 464
466 0 3124 3807 3361 6 465
467 0 3108 3811 3357 6.94427 466
468 0 3092 3819 3357 6.94427 467
469 0 3076 3819 3361 6 468
470 0 3200 3887 3301 12.4222 428
471 0 3204 3891 3289 9.31371 470
472 0 3204 3891 3277 10.6491 471
473 0 3196 3899 3265 6 472
474 0 3192 3899 3257 6 473
475 0 3180 3899 3253 2 474
476 0 3104 3895 3333 10 427
477 0 3092 3879 3333 6.94427 476
478 0 3088 3871 3333 6 477
479 0 3164 3951 3337 9.31371 426
480 0 3180 3963 3341 3.65685 479
481 0 3184 3967 3341 2 480
482 0 3104 3935 3273 10 425
483 0 3084 3927 3257 6 482
484 0 3076 3931 3257 6 483
485 0 3092 4015 3381 6 38
486 0 3104 4031 3381 9.31371 485
487 0 3100 3983 3445 6 35
488 2 3112.89 3975 3462.79 13.6888 487
489 0 3120 3963 3481 10.6491 488
490 0 3136 3963 3521 24.8328 489
491 0 3156 3951 3565 14.9706 490
492 0 3156 3951 3617 20.6274 491
493 2 3148.81 3950.59 3673.75 26.7876 492
494 2 3151.08 3951 3681.62 22.8359 493
495 0 3164 3951 3701 6 494
496 0 3168 3943 3705 3.65685 495
497 0 3168 3927 3709 6.94427 496
498 0 3169.21 3917.79 3720.62 8.31459 497
499 0 3172 3915 3729 6 498
500 0 3172 3911 3745 6.94427 499
501 0 3188 3895 3761 6 500
502 0 3192 3879 3781 6.94427 501
503 0 3196 3867 3797 6.94427 502
504 0 3200 3859 3805 6 503
505 0 3204 3827 3821 12.4222 504
506 0 3212 3815 3829 6.94427 505
507 0 3160 3899 3725 6 498
508 0 3156 3875 3729 10.6491 507
509 0 3168 3851 3729 9.31371 508
510 0 3184 3823 3733 10 509
511 0 3184 3803 3741 10 510
512 0 3180 3791 3749 6 511
513 0 3176 3779 3749 2 512
514 0 3164 4007 3689 12.4222 494
515 0 3176 4031 3697 10.6491 514
516 0 3180 4043 3697 9.31371 515
517 0 3192 4055 3697 14.4924 516
518 0 3184 4075 3697 6.94427 517
519 0 3184 4091 3697 6.94427 518
520 0 3188 4099 3701 9.31371 519
521 0 3184 4107 3721 6 520
522 0 3180 4111 3729 3.65685 521
523 0 3176 4115 3733 2 522
524 0 3176 4115 3737 2 523
525 0 3116 3939 3701 32.176 493
526 2 3085.45 3915.97 3735.07 11.0133 525
527 0 3076 3907 3741 9.31371 526
528 0 3072 3903 3761 6.94427 527
529 0 3068 3907 3777 6.94427 528
530 0 3056 3903 3793 9.31371 529
531 0 3044 3887 3813 9.31371 530
532 0 3040 3879 3825 12.4222 531
533 0 3100 3923 3749 6 526
534 0 3100 3931 3761 6 533
535 0 3100 3943 3769 6 534
536 0 3108 3951 3773 2 535
537 0 3184 3971 3569 14 491
538 0 3204 3975 3549 12.4222 537
539 0 3204 3967 3537 10 538
540 0 3212 3959 3533 3.65685 539
541 0 3212 3955 3529 2 540
542 0 3132 3939 3441 14.4924 488
543 0 3148 3907 3445 10 542
544 0 3156 3891 3441 10.6491 543
545 0 3172 3871 3441 18 544
546 0 3188 3863 3457 20.6274 545
547 0 3208 3847 3457 10.6491 546
548 0 3220 3831 3457 9.31371 547
549 0 3228 3807 3469 10.6491 548
550 0 3240 3783 3485 10 549
551 0 3248 3767 3497 14 550
552 0 3252 3751 3505 9.31371 551
553 0 3040 4051 3441 9.31371 33
554 0 3048 4067 3433 9.31371 553
555 0 3052 4075 3429 9.31371 554
556 0 3052 4091 3429 2 555
557 0 2944 3987 3689 6.94427 22
558 0 2936 3979 3705 6 557
559 0 2928 3971 3713 6 558
560 0 2920 3963 3733 6.94427 559
561 0 2900 3955 3753 6.94427 560
562 2 2882.85 3941.85 3770.15 9.90094 561
563 0 2876 3927 3785 6 562
564 0 2884 3915 3789 10.6491 563
565 0 2880 3903 3797 10.6491 564
566 0 2872 3895 3805 6 565
567 0 2872 3887 3813 6.94427 566
568 0 2856 3871 3813 6.94427 567
569 0 2844 3867 3813 10 568
570 0 2828 3871 3809 6.94427 569
571 0 2812 3871 3813 6 570
572 0 2804 3867 3821 6.94427 571
573 0 2796 3859 3821 6 572
574 0 2872 3879 3833 9.31371 567
575 0 2868 3887 3849 9.31371 574
576 0 2876 3891 3857 9.31371 575
577 0 2864 3955 3765 6.94427 562
578 0 2848 3959 3761 6 577
579 0 2840 3959 3761 6 578
580 0 2828 3959 3757 10 579
581 0 2816 3959 3757 10 580
582 0 2796 3963 3761 3.65685 581
583 0 2784 3963 3777 6.94427 582
584 0 2776 3971 3777 10 583
585 0 2764 3971 3785 6.94427 584
586 0 2764 3971 3801 6 585
587 0 2924 4039 3825 6.94427 19
588 0 2928 4051 3821 6 587
589 0 2940 4059 3813 6 588
590 0 2948 4063 3809 9.31371 589
591 0 2964 4071 3793 6.94427 590
592 0 2976 4083 3777 10 591
593 0 2976 4091 3769 3.65685 592
594 0 2972 4091 3765 2 593
595 0 2956 3955 3869 19.5407 18
596 0 2976 3967 3869 6.94427 595
597 0 2984 3975 3869 6.94427 596
598 0 2992 3979 3869 2 597
599 0 2996 3979 3869 2 598
600 0 2851.53 3943 3916.88 14.4315 17
601 0 2824 3947 3905 14 600
602 0 2812 3959 3893 6.94427 601
603 0 2808 3967 3885 6 602
604 0 2804 3971 3881 3.65685 603
605 0 2800 3979 3865 9.31371 604
606 0 2796 3983 3841 10 605
607 0 2796 3991 3829 6 606
608 0 2792 3995 3809 6.94427 607
609 0 2780 4003 3797 6.94427 608
610 0 2772 4015 3777 6 609
611 0 2764 4019 3769 6 610
612 0 2832 3935 3933 18 600
613 0 2800 3923 3913 6.94427 612
614 0 2788 3919 3897 6.94427 613
615 0 2784 3919 3877 6.94427 614
616 0 2784 3911 3861 6.94427 615
617 0 2780 3911 3853 6 616
618 0 2780 3819 4013 9.31371 11
619 0 2768 3799 4013 3.65685 618
620 0 2764 3795 4009 3.65685 619
621 0 2764 3791 4009 3.65685 620
622 0 2768 3787 4009 2 621
