# Generated by NeuTu (https://github.com/janelia-flyem/NeuTu)
1 0 2589 3407 3192 2 -1
2 0 2593 3403 3188 2 1
3 0 2593 3395 3188 6 2
4 0 2577 3375 3176 6 3
5 0 2573 3359 3180 6.94427 4
6 0 2569 3343 3188 6.94427 5
7 0 2557 3335 3196 6.94427 6
8 0 2549 3327 3204 6 7
9 0 2541 3311 3212 6.94427 8
10 0 2533 3303 3220 6 9
11 0 2521 3295 3220 6 10
12 0 2513 3291 3228 9.31371 11
13 0 2505 3291 3236 9.31371 12
14 0 2489 3287 3244 3.65685 13
15 0 2485 3283 3248 2 14
16 0 2481 3283 3252 2 15
17 0 2473 3283 3260 6 16
18 0 2457 3279 3272 6 17
19 0 2441 3279 3284 6 18
20 0 2429 3283 3284 6 19
21 0 2413 3287 3284 6 20
22 0 2401 3295 3288 6.94427 21
23 0 2393 3303 3288 6.94427 22
24 0 2393 3323 3292 6 23
25 0 2393 3331 3296 6 24
