# Generated by NeuTu (https://github.com/janelia-flyem/NeuTu)
1 0 2662 3551 3368 6.94427 -1
2 0 2670 3555 3360 10.6491 1
3 0 2682 3551 3352 6.94427 2
4 0 2690 3555 3344 9.31371 3
5 0 2698 3563 3344 10.6491 4
6 0 2690 3575 3344 2 5
7 0 2690 3579 3344 2 6
8 0 2690 3583 3344 3.65685 7
9 0 2690 3591 3352 6.94427 8
10 0 2682 3599 3360 6 9
11 0 2678 3607 3376 6 10
12 0 2678 3615 3388 6 11
13 0 2682 3623 3396 9.31371 12
14 0 2686 3627 3404 6.94427 13
15 0 2694 3635 3404 3.65685 14
16 0 2698 3639 3404 2 15
17 0 2702 3595 3356 6 9
18 0 2714 3595 3356 6 17
19 0 2722 3591 3352 6.94427 18
20 0 2726 3583 3340 10 19
21 0 2722 3587 3328 6.94427 20
22 0 2722 3595 3320 6.94427 21
23 0 2722 3607 3316 2 22
