# Generated by NeuTu (https://github.com/janelia-flyem/NeuTu)
1 0 2615 4224 3106 9.31371 -1
2 0 2615 4224 3118 9.31371 1
3 0 2607 4224 3126 6.94427 2
4 0 2607 4216 3134 9.31371 3
5 0 2603 4208 3150 6.94427 4
6 0 2595 4204 3166 9.31371 5
7 0 2595 4208 3178 6.94427 6
8 0 2595 4208 3190 10 7
9 0 2591 4192 3202 18 8
10 0 2611 4176 3230 35.9473 9
11 2 2664.97 4161.02 3263.31 20.9361 10
12 0 2691 4148 3278 10 11
13 0 2715 4136 3290 12.4222 12
14 0 2727 4132 3298 14.4924 13
15 0 2755 4108 3306 18 14
16 0 2767 4080 3306 6.94427 15
17 0 2787 4064 3302 10.6491 16
18 0 2803 4044 3286 6.94427 17
19 0 2823 4028 3278 10.6491 18
20 0 2823 4016 3278 6.94427 19
21 0 2815 4008 3278 3.65685 20
22 0 2811 4004 3278 3.65685 21
23 0 2807 3996 3274 6 22
24 0 2803 3992 3270 6 23
25 0 2803 3976 3266 6.94427 24
26 0 2787 3956 3266 9.31371 25
27 0 2775 3932 3262 12.4222 26
28 0 2759 3908 3270 12.4222 27
29 0 2759 3884 3290 9.31371 28
30 0 2779 3864 3310 6.94427 29
31 0 2793.18 3837.45 3320.18 9.31371 30
32 0 2795 3816 3322 6 31
33 0 2795 3796 3326 10.6491 32
34 0 2803 3780 3326 6.94427 33
35 0 2819 3756 3326 15.8885 34
36 0 2855 3768 3330 14 35
37 0 2881.2 3795.65 3345.65 19.451 36
38 0 2911 3800 3350 21.3238 37
39 2 2955.9 3785.42 3322.52 24.8855 38
40 0 2991 3792 3286 18 39
41 0 3027 3792 3290 12.4222 40
42 2 3067 3824.8 3287.6 36.3258 41
43 2 3084.56 3838.84 3280.58 47.6555 42
44 2 3119.45 3846.19 3278 36.3863 43
45 2 3161.44 3854.15 3274.93 19.3005 44
46 0 3187 3864 3274 12.4222 45
47 0 3203 3868 3274 12.4222 46
48 0 3219 3880 3266 6.94427 47
49 0 3227 3888 3262 9.31371 48
50 0 3239 3896 3254 6.94427 49
51 0 3247 3904 3246 6.94427 50
52 0 3255 3916 3250 6.94427 51
53 0 3267 3936 3266 6 52
54 0 3271 3944 3274 6 53
55 0 3279 3952 3282 6 54
56 0 3295 3960 3294 9.31371 55
57 2 3305.82 3970.82 3297.61 13.9822 56
58 0 3323 4000 3302 6.94427 57
59 0 3335 4008 3302 10 58
60 0 3359 4016 3298 10 59
61 0 3387 4008 3298 10 60
62 0 3407 4000 3294 10.6491 61
63 0 3431 3992 3286 10.6491 62
64 0 3459 3988 3286 10 63
65 0 3471 3992 3290 6 64
66 0 3483 3992 3294 9.31371 65
67 0 3511 3996 3290 6.94427 66
68 0 3527 4000 3274 6 67
69 0 3539 4000 3266 10.6491 68
70 0 3563 3992 3258 6.94427 69
71 0 3571 3988 3258 6 70
72 0 3583 3984 3258 10.6491 71
73 0 3607 3988 3278 6.94427 72
74 0 3619 3988 3286 10 73
75 0 3631 3992 3286 6 74
76 0 3651 3996 3286 6.94427 75
77 0 3667 3992 3298 10 76
78 0 3696.88 3992.47 3298 12.6078 77
79 0 3735 4008 3282 14 78
80 0 3779 4020 3274 23.2982 79
81 0 3807 4032 3286 30.249 80
82 0 3875 4060 3314 26.2843 81
83 0 3910.39 4091.15 3361.39 27.3453 82
84 0 3948.19 4084 3406.08 26.7091 83
85 0 3963 4052 3450 9.31371 84
86 0 3975 4032 3470 3.65685 85
87 0 3991 4016 3478 10 86
88 0 4003 4016 3482 12.4222 87
89 0 4019.82 4032.41 3502.41 6.09637 88
90 0 4035 4044 3510 6.94427 89
91 0 4047 4048 3522 6.94427 90
92 0 4059 4060 3530 6 91
93 0 4059 4068 3534 3.65685 92
94 0 4063 4076 3538 6 93
95 0 4067 4096 3554 6 94
96 0 4071 4108 3562 6 95
97 0 4075 4108 3570 6 96
98 0 4079 4112 3578 2 97
99 0 4079 4112 3582 2 98
100 0 4079 4112 3586 2 99
101 0 4079 4112 3590 2 100
102 0 4019 4024 3514 6.94427 89
103 0 4003 4004 3510 6.94427 102
104 0 4007 4004 3462 6 88
105 0 4019 3996 3450 6.94427 104
106 0 4035 3996 3442 3.65685 105
107 0 4039 3996 3438 2 106
108 0 3971 4128 3410 22 84
109 0 3975 4164 3394 6 108
110 0 3919 4128 3354 14.4924 83
111 0 3923 4144 3362 6.94427 110
112 0 3927 4156 3370 6 111
113 0 3931 4168 3370 6 112
114 0 3935 4176 3378 6.94427 113
115 0 3935 4192 3382 6 114
116 2 3941.67 4202.67 3387.33 6.31476 115
117 0 3947 4208 3390 6.94427 116
118 0 3963 4216 3386 6.94427 117
119 0 3983 4228 3374 6 118
120 0 3991 4228 3370 2 119
121 0 3995 4228 3366 3.65685 120
122 0 3999 4232 3362 2 121
123 0 3935 4212 3410 9.31371 116
124 0 3931 4220 3422 10 123
125 0 3699 3980 3322 6.94427 78
126 0 3699 3976 3330 3.65685 125
127 0 3699 3972 3338 3.65685 126
128 0 3699 3972 3342 3.65685 127
129 0 3699 3972 3346 2 128
130 0 3335 3940 3294 6.94427 57
131 0 3351 3940 3278 6 130
132 0 3355 3944 3274 6 131
133 0 3363 3952 3266 2 132
134 0 3275 3940 3258 6 53
135 0 3279 3936 3254 6 134
136 0 3275 3932 3246 3.65685 135
137 0 3275 3932 3242 2 136
138 0 3275 3936 3230 9.31371 137
139 0 3275 3948 3226 6 138
140 0 3275 3964 3226 6 139
141 0 3279 3972 3230 3.65685 140
142 0 3279 3980 3230 6 141
143 0 3283 3996 3230 6 142
144 0 3287 4028 3246 10 143
145 0 3295 4036 3250 3.65685 144
146 0 3299 4040 3250 2 145
147 0 3259 3920 3234 9.31371 52
148 0 3255 3924 3226 6.94427 147
149 0 3256.52 3910.8 3190.64 20.6706 148
150 0 3287 3884 3182 12.4222 149
151 0 3303 3868 3182 6.94427 150
152 0 3311 3844 3182 9.31371 151
153 0 3319 3832 3182 6.94427 152
154 0 3335 3816 3178 10.6491 153
155 0 3359 3820 3174 6.94427 154
156 0 3379 3828 3166 10 155
157 0 3395 3828 3150 9.31371 156
158 0 3411 3820 3138 6.94427 157
159 0 3419 3816 3122 6.94427 158
160 0 3431 3812 3114 6.94427 159
161 0 3459 3820 3102 14.4924 160
162 2 3488.93 3839.09 3099.93 26.2568 161
163 0 3507 3868 3118 26 162
164 0 3499 3900 3134 14.4924 163
165 0 3503 3924 3142 12.4222 164
166 0 3527 3944 3150 10.6491 165
167 0 3543 3960 3154 10.6491 166
168 0 3555 3972 3158 9.31371 167
169 0 3531 3872 3082 42 162
170 0 3523 3936 3094 6.94427 169
171 0 3519 3944 3094 3.65685 170
172 0 3519 3948 3090 2 171
173 0 3475 3824 3130 12.4222 161
174 0 3475 3800 3134 6.94427 173
175 0 3471 3792 3130 9.31371 174
176 0 3467 3780 3134 6.94427 175
177 0 3467 3768 3134 10 176
178 0 3471 3756 3134 9.31371 177
179 0 3259 3940 3158 29.241 149
180 2 3259 3932.03 3139.41 24.6542 179
181 0 3271 3908 3114 9.31371 180
182 0 3279 3900 3110 6 181
183 0 3287 3900 3102 9.31371 182
184 0 3299 3896 3086 3.65685 183
185 0 3299 3884 3078 9.31371 184
186 0 3295 3868 3078 10 185
187 0 3299 3856 3070 6 186
188 0 3299 3848 3070 6.94427 187
189 0 3307 3840 3066 6.94427 188
190 0 3315 3828 3066 10.6491 189
191 0 3315 3804 3058 6 190
192 0 3311 3796 3058 3.65685 191
193 0 3307 3792 3062 6 192
194 0 3303 3788 3066 6 193
195 0 3303 3776 3066 6 194
196 0 3299 3760 3070 6 195
197 0 3295 3740 3074 6 196
198 0 3291 3736 3078 6 197
199 0 3287 3732 3082 2 198
200 0 3283 3732 3082 2 199
201 0 3247 3972 3118 26 180
202 0 3203 3996 3090 30.249 201
203 0 3175 4000 3102 15.8885 202
204 0 3179 4016 3126 14 203
205 2 3258.31 3992.85 3138.53 32.1031 179
206 2 3256.17 4007.79 3127.87 25.585 205
207 0 3251 4044 3110 29.241 206
208 0 3263 4080 3114 18 207
209 0 3271 4096 3122 19.5407 208
210 0 3227 4024 3142 10.6491 206
211 0 3207 4016 3142 10.6491 210
212 0 3299 4020 3166 6.94427 205
213 0 3315 4020 3182 6.94427 212
214 0 3327 4012 3186 2 213
215 0 3143 3840 3258 18 45
216 0 3155 3824 3250 6 215
217 0 3171 3816 3250 6.94427 216
218 0 3187 3804 3250 6.94427 217
219 0 3183 3788 3250 3.65685 218
220 0 3179 3784 3250 2 219
221 0 3103 3896 3258 22.3311 44
222 0 3119 3912 3258 6.94427 221
223 0 3119 3924 3262 6 222
224 0 3051 3820 3246 10 43
225 0 3035 3816 3234 6.94427 224
226 0 3035 3816 3226 6 225
227 0 3023 3812 3206 10 226
228 0 3019 3808 3186 6 227
229 0 3035 3812 3262 9.31371 42
230 0 3027 3808 3254 9.31371 229
231 0 3007 3800 3254 6 230
232 0 2923 3796 3326 15.8885 39
233 0 2903 3804 3318 21.3238 232
234 0 2887 3820 3314 12.4222 233
235 0 2915 3812 3386 10.6491 38
236 0 2923 3828 3402 6 235
237 0 2923 3828 3410 6 236
238 0 2927 3832 3418 3.65685 237
239 0 2931 3832 3418 2 238
240 0 2859 3820 3354 9.31371 37
241 0 2859 3832 3354 6 240
242 0 2855 3840 3350 9.31371 241
243 0 2847 3848 3350 3.65685 242
244 0 2843 3848 3350 2 243
245 0 2811 3724 3334 14.9706 35
246 0 2791 3700 3350 9.31371 245
247 0 2779 3692 3354 12.4222 246
248 0 2767 3684 3350 6 247
249 0 2799 3848 3338 6 31
250 0 2803 3860 3346 6 249
251 0 2847 4032 3274 10 19
252 0 2867 4032 3258 6 251
253 0 2879 4040 3254 6.94427 252
254 0 2887 4048 3250 10 253
255 0 2911 4060 3242 14.4924 254
256 0 2943 4076 3230 15.8885 255
257 0 2967 4104 3214 14 256
258 0 2987 4132 3214 14.4924 257
259 2 3004.78 4168.22 3196.89 30.899 258
260 2 3024.69 4189.69 3170.03 33.8389 259
261 2 3034.11 4199.11 3159.04 32.533 260
262 0 3083 4216 3142 18 261
263 0 3107 4228 3158 6 262
264 0 3115 4232 3162 2 263
265 0 3119 4232 3162 2 264
266 0 3123 4232 3166 2 265
267 0 3127 4232 3170 2 266
268 0 3011 4212 3110 12.4222 261
269 0 3011 4212 3090 9.31371 268
270 0 3011 4204 3082 6.94427 269
271 0 3007 4196 3082 6 270
272 0 3003 4192 3078 2 271
273 0 3003 4188 3078 2 272
274 0 2999 4184 3078 2 273
275 0 2999 4160 3126 14.9706 260
276 0 2991 4148 3118 6.94427 275
277 0 2991 4140 3122 3.65685 276
278 0 2987 4136 3118 2 277
279 0 2987 4196 3238 18 259
280 0 2983 4208 3270 10.6491 279
281 0 2975 4208 3282 9.31371 280
282 0 2971 4212 3290 3.65685 281
283 0 2967 4212 3298 6 282
284 0 2867 4060 3242 9.31371 254
285 0 2855 4056 3234 10 284
286 0 2855 4044 3230 6 285
287 0 2735 4156 3306 9.31371 14
288 0 2739 4168 3310 9.31371 287
289 0 2739 4180 3318 6 288
290 0 2643 4204 3282 30 11
291 0 2663 4224 3302 10 290
292 0 2671 4228 3310 6 291
