# Generated by NeuTu (https://github.com/janelia-flyem/NeuTu)
1 0 2779 4227 3286 9.31371 -1
2 0 2771 4231 3290 6 1
3 0 2751 4231 3294 6 2
4 0 2735 4231 3294 6 3
5 0 2727 4231 3294 6 4
6 0 2711 4231 3310 6 5
7 0 2695 4231 3314 6 6
8 0 2687 4231 3322 6 7
9 0 2683 4231 3330 3.65685 8
10 0 2675 4231 3338 3.65685 9
11 0 2671 4227 3350 9.31371 10
12 0 2671 4219 3362 6 11
13 0 2667 4215 3370 6 12
14 0 2675 4207 3378 9.31371 13
15 0 2691 4187 3390 6.94427 14
16 0 2703 4183 3390 6.94427 15
17 0 2711 4191 3386 6 16
18 0 2715 4199 3382 2 17
19 0 2715 4203 3382 2 18
20 0 2687 4231 3298 6 7
21 0 2699 4227 3286 6 20
22 0 2703 4231 3282 6 21
