# Generated by NeuTu (https://github.com/janelia-flyem/NeuTu)
1 0 2472 4141 3398 2 -1
2 0 2476 4137 3398 3.65685 1
3 0 2472 4125 3398 9.31371 2
4 0 2464 4113 3398 6 3
5 0 2460 4101 3394 9.31371 4
6 0 2444 4089 3394 6 5
7 0 2428 4081 3390 6 6
8 0 2416 4073 3382 6 7
9 0 2408 4069 3374 2 8
10 0 2408 4069 3370 2 9
11 0 2404 4069 3366 3.65685 10
12 0 2400 4065 3362 3.65685 11
13 0 2392 4065 3358 6 12
14 0 2376 4065 3346 6 13
15 0 2372 4061 3342 6 14
16 0 2368 4053 3338 2 15
17 0 2368 4049 3334 2 16
18 0 2368 4045 3330 2 17
19 0 2368 4041 3330 2 18
