# Generated by NeuTu (https://github.com/janelia-flyem/NeuTu)
1 0 3176 2277 3051 6.94427 -1
2 0 3184 2297 3063 9.31371 1
3 0 3192 2301 3071 6.94427 2
4 0 3196 2301 3091 6 3
5 0 3200 2301 3107 6 4
6 0 3200 2293 3115 3.65685 5
7 0 3200 2293 3123 6.94427 6
8 0 3200 2293 3139 6.94427 7
9 0 3204.08 2293 3151.08 7.69036 8
10 0 3224 2297 3167 6 9
11 0 3232 2297 3171 6.94427 10
12 0 3240 2289 3179 6 11
13 0 3248 2281 3187 9.31371 12
14 0 3252 2277 3195 6 13
15 0 3264 2269 3207 3.65685 14
16 0 3272 2269 3215 6 15
17 0 3276 2269 3223 6 16
18 0 3284 2265 3231 9.31371 17
19 0 3292 2253 3243 10 18
20 0 3296 2245 3251 6.94427 19
21 0 3300 2241 3259 9.31371 20
22 0 3308 2241 3279 6 21
23 0 3316 2237 3299 6 22
24 0 3320 2233 3303 2 23
25 0 3320 2233 3307 2 24
26 0 3320 2233 3311 2 25
27 0 3304 2249 3227 6.94427 19
28 0 3304 2245 3211 6 27
29 0 3308 2237 3195 6 28
30 0 3312 2237 3187 6 29
31 0 3184 2297 3167 6.94427 9
32 0 3172 2297 3179 6 31
33 0 3156 2301 3191 6 32
