# Generated by NeuTu (https://github.com/janelia-flyem/NeuTu)
1 0 3311 2332 3122 2 -1
2 0 3315 2336 3126 3.65685 1
3 0 3319 2344 3134 9.31371 2
4 0 3319 2352 3142 9.31371 3
5 0 3331 2364 3142 6.94427 4
6 0 3343 2372 3142 9.31371 5
7 0 3375 2380 3134 6.94427 6
8 0 3383 2392 3126 6 7
9 0 3387 2396 3118 3.65685 8
10 0 3391 2396 3110 3.65685 9
11 0 3391 2396 3106 3.65685 10
12 0 3395 2400 3102 6 11
13 0 3399 2400 3094 6 12
14 0 3407 2408 3082 2 13
15 0 3411 2408 3078 3.65685 14
16 0 3423 2400 3070 12.4222 15
17 0 3431 2400 3050 18 16
18 0 3447 2400 3026 6 17
19 0 3451 2404 3022 2 18
20 0 3459 2408 3014 6 19
21 0 3467 2412 3006 9.31371 20
22 0 3479 2420 3006 6 21
23 0 3495 2432 3006 6 22
24 0 3503 2432 3006 3.65685 23
25 0 3507 2436 3006 2 24
