# Generated by NeuTu (https://github.com/janelia-flyem/NeuTu)
1 0 3211 2413 3326 2 -1
2 0 3211 2413 3322 2 1
3 0 3207 2417 3318 3.65685 2
4 0 3199 2417 3310 6 3
5 0 3195 2413 3306 3.65685 4
6 0 3187 2405 3306 3.65685 5
7 2 3171.46 2393.46 3306 9.12132 6
8 0 3167 2385 3310 6 7
9 0 3171 2377 3318 6 8
10 0 3171 2361 3334 6 9
11 0 3163 2353 3346 6 10
12 0 3155 2341 3358 6 11
13 0 3151 2329 3366 6 12
14 0 3147 2317 3378 6 13
15 0 3147 2309 3386 6 14
16 0 3143 2305 3394 9.31371 15
17 0 3139 2297 3402 6.94427 16
18 0 3139 2289 3410 9.31371 17
19 0 3135 2277 3410 6 18
20 0 3131 2265 3414 6 19
21 0 3127 2257 3422 6 20
22 0 3127 2249 3422 6 21
23 0 3123 2237 3434 6 22
24 0 3119 2233 3438 2 23
25 0 3115 2233 3442 2 24
26 0 3163 2413 3290 9.31371 7
27 0 3163 2421 3282 9.31371 26
