# Generated by NeuTu (https://github.com/janelia-flyem/NeuTu)
1 0 3005 3097 3465 2 -1
2 0 3009 3101 3461 3.65685 1
3 0 3009 3105 3453 6 2
4 0 3009 3109 3437 6 3
5 0 3009 3109 3429 6 4
6 0 3009 3101 3421 2 5
7 0 3009 3101 3417 3.65685 6
8 0 3009 3101 3409 3.65685 7
9 0 3009 3101 3401 6 8
10 0 3013 3101 3385 6 9
11 0 3017 3097 3377 3.65685 10
12 0 3021 3097 3369 6.94427 11
13 0 3021 3097 3361 3.65685 12
14 0 3025 3093 3357 3.65685 13
15 0 3025 3093 3353 3.65685 14
16 0 3025 3093 3349 2 15
17 0 3029 3093 3341 6 16
18 0 3033 3097 3333 3.65685 17
19 0 3037 3097 3329 2 18
20 0 3041 3097 3325 3.65685 19
21 0 3049 3097 3317 6 20
22 0 3053 3101 3313 3.65685 21
23 0 3057 3105 3309 6 22
24 0 3061 3109 3301 6 23
25 0 3065 3105 3293 6 24
26 0 3073 3105 3285 2 25
27 0 3081 3105 3281 6 26
28 0 3089 3105 3273 10.6491 27
29 0 3105 3121 3261 6 28
30 0 3113 3137 3253 6 29
31 0 3117 3145 3249 6 30
32 0 3125 3153 3245 2 31
33 0 3129 3153 3245 3.65685 32
34 0 3137 3157 3245 3.65685 33
35 0 3145 3165 3237 3.65685 34
36 0 3153 3165 3233 6 35
37 0 3161 3165 3233 6 36
38 0 3169 3169 3225 6 37
39 0 3177 3173 3225 3.65685 38
40 0 3185 3181 3217 3.65685 39
41 0 3197 3185 3217 6 40
42 0 3209 3185 3209 6 41
43 0 3217 3185 3209 6 42
44 0 3225 3189 3213 3.65685 43
45 0 3233 3189 3217 6 44
46 0 3241 3189 3217 6 45
47 0 3249 3193 3217 3.65685 46
48 0 3257 3197 3217 6.94427 47
49 0 3269 3205 3229 6 48
50 0 3277 3213 3233 6 49
51 0 3277 3221 3225 6.94427 50
52 0 3285 3229 3225 6 51
