# Generated by NeuTu (https://github.com/janelia-flyem/NeuTu)
1 0 3123 3069 3265 9.31371 -1
2 0 3111 3069 3265 6 1
3 0 3103 3069 3265 6 2
4 0 3099 3073 3269 3.65685 3
5 0 3095 3077 3273 6 4
6 0 3087 3081 3285 6 5
7 0 3079 3085 3297 6 6
8 0 3075 3085 3305 6 7
9 0 3067 3089 3313 9.31371 8
10 0 3055 3089 3321 6 9
11 0 3043 3089 3337 6 10
12 0 3027 3085 3349 6 11
13 0 3015 3077 3353 6 12
14 0 3015 3061 3353 6 13
15 0 3007 3041 3353 6.94427 14
16 0 2991 3025 3365 6 15
17 0 2987 3021 3377 6.94427 16
18 0 2987 3021 3385 6 17
19 0 2979 3013 3397 6.94427 18
20 0 2975 3001 3413 6 19
21 0 2975 2985 3429 6 20
22 0 2971 2977 3445 6 21
23 0 2967 2969 3461 6 22
24 0 2967 2961 3477 6 23
25 0 2971 2957 3493 6 24
