# Generated by NeuTu (https://github.com/janelia-flyem/NeuTu)
1 0 3080 4160 1875 2 -1
2 0 3084 4160 1875 2 1
3 0 3080 4144 1867 2 1
4 0 3080 4140 1867 2 3
5 0 3080 4136 1867 2 4
6 0 3080 4132 1871 2 5
7 0 3092 4136 1871 2 6
8 0 3096 4136 1871 2 7
9 0 3100 4140 1875 2 8
10 0 3096 4144 1875 2 9
11 0 3108 4140 1875 2 9
12 0 3112 4144 1875 2 11
13 0 3116 4152 1887 9.31371 12
14 0 3128 4140 1883 6 13
15 0 3128 4132 1875 6 14
16 0 3124 4124 1867 10 15
17 0 3128 4112 1863 6 16
18 0 3136 4108 1851 6 17
19 0 3140 4096 1835 6.94427 18
20 0 3140 4088 1827 6 19
21 0 3140 4072 1827 6 20
22 0 3148 4056 1827 6 21
23 0 3148 4040 1811 6 22
24 0 3144 4032 1807 6 23
25 0 3144 4032 1799 3.65685 24
26 0 3144 4032 1791 6 25
27 0 3148 4028 1787 3.65685 26
28 0 3148 4024 1775 6 27
29 0 3144 4020 1767 3.65685 28
30 0 3144 4016 1759 6 29
31 0 3140 4004 1747 6.94427 30
32 0 3148 4000 1727 6 31
33 0 3148 4000 1719 6 32
34 0 3100 4124 1867 2 16
35 0 3096 4120 1871 2 34
36 0 3096 4120 1875 2 35
37 0 3096 4116 1879 2 36
38 0 3092 4112 1879 2 37
39 0 3088 4108 1879 2 38
40 0 3084 4104 1879 2 39
41 0 3080 4100 1875 2 40
42 0 3084 4108 1887 2 39
43 0 3084 4112 1891 2 42
44 0 3120 4152 1907 6.94427 13
45 0 3128 4144 1919 6.94427 44
46 0 3136 4136 1923 6.94427 45
47 0 3136 4128 1923 6 46
48 0 3104 4168 1891 10.6491 13
49 0 3104 4192 1891 6 48
50 0 3108 4192 1883 2 49
51 0 3104 4196 1883 3.65685 50
52 0 3100 4196 1879 2 51
53 0 3104 4212 1895 6 49
54 0 3104 4228 1907 6 53
55 0 3108 4240 1915 6 54
56 0 3108 4248 1915 6 55
57 0 3104 4252 1911 6 56
58 0 3104 4260 1919 6 57
59 0 3100 4268 1927 2 58
