# Generated by NeuTu (https://github.com/janelia-flyem/NeuTu)
1 0 3030 2904 3512 2 -1
2 0 3030 2900 3512 2 1
3 0 3030 2892 3512 6.94427 2
4 0 3050 2884 3516 6 3
5 0 3062 2884 3524 9.31371 4
6 0 3082 2872 3528 6 5
7 0 3098 2864 3528 6.94427 6
8 0 3118 2856 3540 6.94427 7
9 0 3130 2852 3544 9.31371 8
10 0 3142 2848 3544 6 9
11 0 3162 2844 3544 6.94427 10
12 0 3178 2840 3548 6 11
13 0 3194 2840 3548 6 12
14 0 3214 2840 3548 6.94427 13
15 0 3230 2836 3536 6 14
16 0 3246 2840 3532 6 15
17 2 3253.2 2840 3528.4 6 16
18 0 3258 2840 3520 6 17
19 0 3262 2844 3516 3.65685 18
20 0 3266 2844 3508 3.65685 19
21 0 3266 2844 3504 3.65685 20
22 0 3266 2844 3496 6 21
23 0 3274 2852 3488 6 22
24 0 3278 2852 3480 3.65685 23
25 0 3282 2856 3472 6 24
26 0 3278 2852 3452 6 25
27 0 3278 2852 3440 6 26
28 0 3258 2852 3536 6 17
29 0 3266 2860 3532 6 28
30 0 3270 2864 3536 3.65685 29
31 0 3278 2868 3536 3.65685 30
32 0 3282 2868 3536 2 31
33 0 3290 2872 3536 6 32
34 0 3302 2888 3532 9.31371 33
35 0 3310 2896 3528 6.94427 34
36 0 3318 2900 3524 2 35
37 0 3322 2904 3524 2 36
