# Generated by NeuTu (https://github.com/janelia-flyem/NeuTu)
1 0 3362 3516 3070 6 -1
2 0 3358 3504 3066 6.94427 1
3 0 3358 3492 3066 10 2
4 0 3354 3480 3066 6 3
5 0 3350 3460 3074 9.31371 4
6 0 3350 3448 3086 6.94427 5
7 0 3346 3436 3098 6 6
8 0 3346 3428 3106 6 7
9 0 3338 3424 3114 9.31371 8
10 0 3334 3420 3122 6 9
11 0 3330 3412 3130 6 10
12 0 3326 3412 3138 6 11
13 0 3322 3416 3146 2 12
14 0 3318 3420 3150 6 13
15 0 3314 3420 3166 6 14
16 0 3314 3420 3182 6.94427 15
17 0 3314 3416 3198 6 16
18 0 3310 3412 3214 6 17
19 0 3306 3416 3226 9.31371 18
20 0 3306 3420 3238 6 19
21 0 3342 3456 3094 6 6
22 0 3330 3460 3106 6.94427 21
23 0 3330 3460 3114 3.65685 22
24 0 3326 3460 3118 2 23
25 0 3326 3460 3122 2 24
