# Generated by NeuTu (https://github.com/janelia-flyem/NeuTu)
1 0 3225 3233 3351 2 -1
2 0 3229 3233 3347 2 1
3 0 3229 3233 3343 2 2
4 0 3233 3237 3339 3.65685 3
5 0 3233 3237 3331 3.65685 4
6 0 3237 3241 3327 3.65685 5
7 0 3237 3249 3319 3.65685 6
8 0 3237 3253 3315 3.65685 7
9 0 3229 3261 3307 3.65685 8
10 0 3229 3261 3303 3.65685 9
11 0 3225 3265 3299 6 10
12 0 3217 3269 3291 6 11
13 0 3213 3269 3283 3.65685 12
14 0 3209 3265 3279 2 13
15 0 3209 3265 3275 2 14
16 0 3209 3265 3271 2 15
17 0 3209.67 3266.33 3257.67 6.15738 16
18 0 3221 3281 3247 9.31371 17
19 0 3233 3301 3243 6 18
20 0 3245 3309 3235 6.94427 19
21 0 3257 3313 3223 6 20
22 0 3261 3317 3219 3.65685 21
23 0 3261 3321 3215 3.65685 22
24 0 3265 3325 3207 6 23
25 0 3265 3329 3195 2 24
26 0 3265 3329 3191 3.65685 25
27 0 3265 3333 3183 3.65685 26
28 0 3269 3333 3175 6 27
29 0 3269 3325 3167 6 28
30 0 3265 3317 3159 2 29
31 0 3265 3313 3159 3.65685 30
32 0 3265 3305 3151 6.94427 31
33 0 3261 3297 3143 6 32
34 0 3257 3293 3139 3.65685 33
35 0 3253 3289 3135 3.65685 34
36 0 3249 3289 3135 3.65685 35
37 0 3245 3285 3131 2 36
38 0 3205 3261 3247 3.65685 17
39 0 3197 3253 3247 6.94427 38
40 0 3181 3241 3243 6 39
41 0 3173 3237 3239 3.65685 40
42 0 3169 3233 3239 2 41
