# Generated by NeuTu (https://github.com/janelia-flyem/NeuTu)
1 0 3405 3928 3409 2 -1
2 0 3401 3928 3409 2 1
3 0 3397 3928 3409 3.65685 2
4 0 3389 3928 3401 6 3
5 0 3377 3928 3385 6.94427 4
6 0 3369 3928 3369 6 5
7 0 3357 3932 3353 6.94427 6
8 0 3349 3936 3333 12.4222 7
9 2 3332.19 3937.6 3317.79 8.77498 8
10 0 3325 3940 3313 6.94427 9
11 0 3305 3948 3305 9.31371 10
12 0 3297 3956 3301 6.94427 11
13 0 3277 3972 3293 10.6491 12
14 0 3257 3984 3285 9.31371 13
15 0 3245 3984 3285 6 14
16 0 3233 3992 3281 9.31371 15
17 0 3221 3996 3277 9.31371 16
18 0 3209 3996 3277 6 17
19 0 3185 3996 3277 10 18
20 0 3173 4004 3285 6 19
21 0 3161 4008 3289 6.94427 20
22 0 3153 4008 3289 3.65685 21
23 0 3149 4004 3289 2 22
24 0 3345 3932 3301 6 9
25 0 3357 3936 3281 6 24
26 0 3369 3936 3273 10 25
27 0 3381 3936 3273 10 26
28 0 3389 3944 3281 6 27
29 0 3389 3948 3289 3.65685 28
30 0 3393 3952 3293 6 29
31 0 3397 3956 3297 6 30
32 0 3401 3964 3297 2 31
33 0 3401 3968 3297 2 32
