# Generated by NeuTu (https://github.com/janelia-flyem/NeuTu)
1 0 3829 2475 3126 2 -1
2 0 3825 2471 3130 3.65685 1
3 0 3809 2471 3130 6.94427 2
4 0 3793 2467 3130 6.94427 3
5 0 3785 2451 3134 10 4
6 0 3773 2439 3134 14 5
7 0 3757 2439 3130 9.31371 6
8 0 3729 2447 3122 9.31371 7
9 0 3721 2455 3122 6.94427 8
10 0 3709 2463 3122 9.31371 9
11 0 3709 2471 3114 6.94427 10
12 0 3693 2487 3106 6.94427 11
13 0 3685 2495 3098 6.94427 12
14 0 3665 2511 3098 6 13
15 0 3657 2523 3094 6.94427 14
16 0 3649 2531 3090 9.31371 15
17 0 3649 2543 3086 6 16
18 0 3649 2559 3078 6 17
19 0 3657 2575 3058 10 18
20 0 3645 2579 3042 9.31371 19
21 0 3633 2575 3026 3.65685 20
22 0 3633 2575 3022 2 21
