# Generated by NeuTu (https://github.com/janelia-flyem/NeuTu)
1 0 3625 2472 3159 6 -1
2 0 3609 2460 3163 6.94427 1
3 0 3593 2448 3155 9.31371 2
4 0 3581 2452 3147 6 3
5 0 3569 2460 3139 6 4
6 0 3565 2472 3127 6 5
7 0 3557 2488 3119 10 6
8 0 3537 2488 3103 6.94427 7
9 0 3517 2484 3095 6.94427 8
10 0 3501 2484 3083 6 9
11 0 3489 2480 3075 6 10
12 0 3481 2480 3075 6 11
13 0 3469 2472 3071 6.94427 12
14 0 3461 2468 3071 6 13
15 0 3453 2460 3071 9.31371 14
16 0 3441 2440 3063 6.94427 15
17 0 3433 2432 3059 3.65685 16
18 0 3429 2428 3059 3.65685 17
19 0 3421 2420 3059 6 18
20 0 3417 2416 3055 3.65685 19
21 0 3409 2408 3055 3.65685 20
22 0 3405 2404 3055 3.65685 21
23 0 3397 2396 3055 6.94427 22
24 0 3385 2384 3047 6.94427 23
25 0 3377 2376 3043 6 24
