# Generated by NeuTu (https://github.com/janelia-flyem/NeuTu)
1 0 3737 2686 3146 2 -1
2 0 3737 2670 3142 9.31371 1
3 0 3741 2662 3138 6 2
4 0 3745 2642 3126 6 3
5 0 3753 2626 3114 9.31371 4
6 0 3757 2614 3114 6 5
7 0 3769 2598 3114 6.94427 6
8 0 3777 2590 3114 3.65685 7
9 0 3781 2586 3114 3.65685 8
10 0 3785 2578 3114 6 9
11 0 3793 2570 3122 6.94427 10
12 0 3801 2562 3126 3.65685 11
13 0 3801 2558 3130 3.65685 12
14 0 3801 2554 3134 2 13
15 0 3745 2638 3098 6.94427 5
16 0 3733 2654 3082 6 15
17 0 3729 2658 3078 6 16
