# Generated by NeuTu (https://github.com/janelia-flyem/NeuTu)
1 0 3632 2485 3163 6 -1
2 0 3648 2477 3167 6.94427 1
3 0 3664 2469 3167 6.94427 2
4 0 3680 2465 3163 6 3
5 0 3696 2457 3155 6.94427 4
6 0 3704 2449 3159 6.94427 5
7 0 3724 2445 3159 6 6
8 0 3740 2437 3159 6 7
9 0 3760 2425 3159 6.94427 8
10 0 3768 2421 3163 9.31371 9
11 0 3776 2413 3171 3.65685 10
12 0 3776 2413 3179 6 11
13 0 3792 2401 3195 6.94427 12
14 0 3804 2385 3207 6.94427 13
15 0 3812 2369 3219 6 14
16 0 3828 2353 3223 6.94427 15
17 0 3844 2353 3227 6 16
18 0 3856 2361 3227 6.94427 17
19 0 3860 2373 3231 6 18
20 0 3864 2381 3227 2 19
21 0 3864 2385 3223 2 20
22 0 3772 2409 3147 6 10
23 0 3772 2401 3139 2 22
24 0 3772 2397 3139 2 23
25 0 3776 2389 3139 6 24
26 0 3780 2373 3131 6.94427 25
