# Generated by NeuTu (https://github.com/janelia-flyem/NeuTu)
1 0 3427 4017 1896 2 -1
2 0 3423 4017 1896 3.65685 1
3 0 3415 4017 1904 9.31371 2
4 0 3403 4017 1916 12.4222 3
5 0 3387 4005 1940 9.31371 4
6 0 3383 3997 1960 6.94427 5
7 0 3379 3989 1976 6 6
8 0 3379 3981 1984 6.94427 7
9 0 3375 3977 2004 10 8
10 0 3371 3981 2024 6 9
11 0 3367 3981 2036 6 10
12 0 3367 3977 2052 6 11
13 0 3359 3969 2068 6 12
14 0 3359 3969 2080 6 13
15 0 3355 3965 2084 6 14
16 0 3359 3961 2100 6 15
17 0 3359 3961 2112 9.31371 16
18 0 3355 3969 2132 10 17
19 0 3347 3973 2152 9.31371 18
20 0 3343 3977 2168 3.65685 19
21 0 3339 3981 2172 2 20
22 0 3335 3981 2184 6.94427 21
23 0 3331 3981 2196 6.94427 22
24 0 3319 3985 2208 6.94427 23
25 0 3315 3985 2228 6.94427 24
26 0 3307 3977 2248 6.94427 25
27 0 3307 3977 2256 6 26
28 0 3299 3977 2268 9.31371 27
29 0 3295 3977 2284 6.94427 28
30 0 3295 3973 2300 6 29
31 0 3295 3973 2316 6 30
32 0 3295 3969 2324 3.65685 31
33 0 3295 3973 2332 6 32
34 0 3287 3973 2344 2 33
35 0 3287 3973 2348 2 34
