# Generated by NeuTu (https://github.com/janelia-flyem/NeuTu)
1 0 3736 2233 3390 2 -1
2 0 3740 2233 3394 2 1
3 0 3744 2233 3394 2 2
4 0 3752 2237 3394 6 3
5 0 3760 2237 3394 6 4
6 0 3788 2253 3398 19.5407 5
7 0 3796 2285 3422 18 6
8 2 3792.46 2299.17 3439.72 16.1298 7
9 0 3788 2313 3454 6.94427 8
10 0 3776 2321 3470 6 9
11 0 3768 2341 3486 14 10
12 0 3784 2377 3490 12.4222 11
13 0 3788 2389 3490 6.94427 12
14 0 3788 2409 3494 6 13
15 0 3796 2429 3490 6 14
16 0 3796 2445 3490 6 15
17 0 3792 2453 3490 6.94427 16
18 0 3796 2465 3482 10 17
19 0 3796 2481 3466 9.31371 18
20 0 3800 2505 3450 12.4222 19
21 0 3808 2517 3438 14 20
22 0 3804 2541 3422 10 21
23 0 3808 2557 3418 6 22
24 0 3812 2565 3414 6.94427 23
25 0 3812 2573 3422 2 24
26 0 3812 2577 3422 2 25
27 0 3780 2257 3434 19.5407 8
28 0 3752 2237 3430 6 27
29 0 3748 2233 3426 2 28
30 0 3744 2233 3426 2 29
