# Generated by NeuTu (https://github.com/janelia-flyem/NeuTu)
1 0 3540 2345 3608 2 -1
2 0 3544 2349 3604 3.65685 1
3 0 3544 2353 3596 6 2
4 0 3544 2357 3580 6 3
5 0 3544 2353 3564 6.94427 4
6 0 3544 2345 3556 6 5
7 0 3552 2333 3540 9.65685 6
8 0 3560 2317 3524 12.4222 7
9 0 3560 2305 3516 6.94427 8
10 2 3560 2298.17 3509.17 6.13829 9
11 0 3560 2285 3496 6 10
12 0 3560 2281 3476 6.94427 11
13 0 3568 2273 3460 6 12
14 0 3572 2257 3444 6 13
15 0 3576 2253 3440 3.65685 14
16 0 3580 2245 3432 6 15
17 0 3580 2237 3424 3.65685 16
18 0 3584 2233 3420 2 17
19 0 3584 2233 3416 2 18
20 0 3568 2309 3500 6 10
21 0 3572 2317 3488 6 20
22 0 3576 2321 3480 2 21
23 0 3576 2325 3476 2 22
24 0 3572 2345 3536 6.94427 7
25 0 3580 2353 3528 6.94427 24
26 0 3588 2357 3528 2 25
27 0 3592 2357 3528 2 26
