# Generated by NeuTu (https://github.com/janelia-flyem/NeuTu)
1 0 3756 2645 3519 2 -1
2 0 3760 2661 3515 10 1
3 0 3760 2689 3511 10 2
4 0 3744 2705 3519 3.65685 3
5 0 3736 2713 3519 6 4
6 0 3728 2717 3527 6 5
7 0 3712 2717 3539 6 6
8 0 3712 2721 3555 6 7
9 0 3720 2717 3567 6 8
10 0 3720 2717 3575 6 9
11 0 3724 2721 3579 6 10
12 0 3724 2725 3587 3.65685 11
13 0 3724 2729 3591 3.65685 12
14 0 3728 2733 3595 3.65685 13
15 0 3732 2741 3595 6 14
16 0 3736 2745 3591 3.65685 15
17 0 3736 2745 3587 2 16
18 0 3736 2745 3583 3.65685 17
19 0 3736 2745 3579 2 18
20 0 3736 2745 3575 2 19
