# Generated by NeuTu (https://github.com/janelia-flyem/NeuTu)
1 0 3479 2977 3161 2 -1
2 0 3483 2977 3161 2 1
3 0 3487 2985 3157 6 2
4 0 3487 2993 3153 3.65685 3
5 0 3483 2997 3153 3.65685 4
6 0 3483 3005 3153 6 5
7 0 3479 3009 3149 6 6
8 0 3479 3021 3149 9.31371 7
9 0 3475 3037 3149 6 8
10 0 3475 3053 3149 6 9
11 0 3475 3069 3149 6 10
12 0 3471 3081 3145 9.31371 11
13 0 3463 3097 3149 3.65685 12
14 0 3455 3105 3149 6.94427 13
15 0 3451 3113 3149 6.94427 14
16 0 3451 3121 3157 3.65685 15
17 0 3459 3129 3161 6.94427 16
18 0 3467 3141 3169 6 17
19 0 3467 3153 3169 9.31371 18
20 0 3467 3181 3177 9.31371 19
21 0 3463 3189 3181 6.94427 20
22 0 3451 3201 3189 9.31371 21
23 0 3439 3221 3181 6 22
24 0 3439 3229 3177 6 23
