1 0 3313 2927 4525 2 -1
2 0 3317 2927 4525 2 1
3 0 3321 2931 4521 6 2
4 0 3321 2935 4505 6 3
5 0 3321 2939 4489 6 4
6 0 3325 2939 4477 6 5
7 0 3329 2939 4461 6.94427 6
8 0 3341 2951 4445 10.6491 7
9 0 3357 2963 4433 9.31371 8
10 0 3373 2979 4417 9.31371 9
11 0 3381 2995 4405 6.94427 10
12 0 3393 3019 4389 14.4924 11
13 0 3401 3051 4349 26.2843 12
14 2 3412.29 3069.81 4330.19 23.4754 13
15 0 3421 3103 4301 10.6491 14
16 0 3421 3139 4277 12.4222 15
17 0 3429 3159 4257 10.6491 16
18 0 3437 3175 4233 9.31371 17
19 0 3437 3175 4221 6.94427 18
20 0 3445 3179 4197 10 19
21 0 3453 3195 4173 12.4222 20
22 0 3453 3199 4149 9.31371 21
23 0 3453 3207 4121 9.31371 22
24 0 3457 3211 4101 9.31371 23
25 0 3453 3211 4085 6.94427 24
26 0 3453 3211 4069 9.31371 25
27 0 3441 3207 4045 6.94427 26
28 0 3441 3207 4029 6 27
29 0 3437 3203 4013 6.94427 28
30 0 3433 3203 3997 6.94427 29
31 0 3433 3211 3973 10.6491 30
32 0 3441 3227 3957 9.31371 31
33 0 3449 3235 3949 6.94427 32
34 0 3453 3239 3937 10 33
35 0 3465 3247 3921 9.31371 34
36 0 3473 3259 3905 6.94427 35
37 0 3473 3267 3893 6 36
38 0 3477 3271 3877 6 37
39 0 3481 3267 3861 6 38
40 0 3481 3267 3853 6 39
41 0 3485 3259 3841 6 40
42 0 3493 3243 3809 10 41
43 0 3493 3239 3797 6 42
44 0 3489 3239 3781 6 43
45 0 3493 3239 3765 6 44
46 0 3493 3239 3749 6 45
47 0 3497 3235 3745 6 46
48 0 3497 3235 3729 6 47
49 0 3497 3235 3713 6 48
50 0 3497 3235 3697 6.94427 49
51 0 3493 3239 3681 3.65685 50
52 0 3493 3243 3673 3.65685 51
53 0 3493 3243 3665 3.65685 52
54 0 3493 3243 3661 3.65685 53
55 0 3497 3243 3653 6.94427 54
56 0 3501 3247 3633 6 55
57 0 3501 3247 3625 6 56
58 0 3513 3247 3613 6.94427 57
59 0 3525 3251 3597 9.31371 58
60 0 3529 3259 3573 9.31371 59
61 0 3533 3271 3557 9.31371 60
62 0 3541 3279 3537 9.31371 61
63 0 3541 3279 3517 6.94427 62
64 0 3541 3283 3501 10.6491 63
65 0 3545 3283 3477 9.31371 64
66 0 3553 3287 3453 6 65
67 0 3553 3287 3437 6.94427 66
68 0 3561 3291 3417 10 67
69 0 3569 3295 3385 9.31371 68
70 0 3585 3291 3373 10 69
71 0 3605 3283 3353 9.31371 70
72 0 3613 3283 3341 12.4222 71
73 0 3637 3279 3329 10 72
74 0 3653 3279 3313 10.6491 73
75 0 3681 3275 3297 9.31371 74
76 0 3705 3271 3281 10.6491 75
77 0 3725 3259 3277 10.6491 76
78 0 3737 3255 3273 10 77
79 0 3749 3251 3277 6 78
80 0 3765 3247 3277 6 79
81 0 3785 3235 3277 6.94427 80
82 0 3797 3231 3277 12.4222 81
83 0 3813 3215 3285 10 82
84 0 3821 3207 3293 6.94427 83
85 0 3837 3191 3297 10 84
86 0 3841 3179 3297 9.31371 85
87 0 3853 3167 3305 6.94427 86
88 0 3869 3151 3301 10 87
89 0 3877 3159 3293 6 88
90 0 3881 3167 3285 6 89
91 0 3877 3175 3277 6 90
92 0 3881 3183 3269 9.31371 91
93 0 3881 3195 3261 6 92
94 0 3877 3211 3253 6 93
95 0 3877 3227 3237 6 94
96 0 3877 3243 3225 6 95
97 0 3873 3255 3217 6 96
98 0 3869 3263 3213 2 97
99 0 3865 3267 3209 2 98
100 0 3865 3271 3209 2 99
101 0 3861 3279 3205 6 100
102 0 3861 3287 3197 2 101
103 0 3861 3295 3189 6 102
104 0 3865 3299 3185 3.65685 103
105 0 3865 3307 3181 6.94427 104
106 0 3873 3319 3177 6.94427 105
107 0 3877 3331 3173 6 106
108 0 3881 3343 3165 6 107
109 0 3881 3359 3161 6 108
110 0 3881 3371 3157 9.31371 109
111 0 3873 3383 3157 2 110
112 0 3869 3387 3157 2 111
113 0 3893 3115 3293 3.65685 88
114 0 3897 3111 3285 6.94427 113
115 0 3893 3107 3277 6 114
116 0 3413 3087 4365 14 14
117 0 3405 3099 4373 6.94427 116
118 0 3397 3119 4377 6.94427 117
119 0 3397 3127 4377 2 118
120 0 3397 3131 4377 2 119
121 0 3397 3135 4373 2 120
