# Generated by NeuTu (https://github.com/janelia-flyem/NeuTu)
1 0 3470 3166 3316 2 -1
2 0 3470 3162 3316 2 1
3 0 3478 3154 3324 6.94427 2
4 0 3486 3138 3332 9.31371 3
5 0 3494 3126 3340 6.94427 4
6 0 3498 3118 3344 3.65685 5
7 0 3498 3114 3344 2 6
8 0 3502 3110 3348 2 7
9 0 3506 3106 3352 3.65685 8
10 0 3506 3102 3360 6 9
11 0 3502 3098 3364 3.65685 10
12 0 3494 3090 3376 6.94427 11
13 0 3494 3082 3388 9.31371 12
14 0 3494 3074 3396 6 13
15 0 3486 3066 3408 6 14
16 0 3486 3062 3416 6 15
17 0 3478 3054 3420 6 16
18 0 3466 3038 3436 6 17
19 0 3458 3030 3444 6.94427 18
20 0 3458 3022 3452 3.65685 19
21 0 3450 3014 3460 6.94427 20
22 0 3446 2998 3472 6 21
23 0 3446 2990 3472 6 22
24 0 3442 2986 3476 6 23
25 0 3438 2978 3484 2 24
26 0 3438 2970 3484 6 25
27 0 3434 2962 3488 6 26
28 0 3430 2958 3492 3.65685 27
29 0 3422 2950 3492 3.65685 28
30 0 3418 2950 3492 3.65685 29
31 0 3414 2946 3496 6 30
32 0 3406 2938 3496 3.65685 31
33 0 3398 2934 3496 6 32
34 0 3390 2926 3496 3.65685 33
35 0 3386 2922 3496 2 34
