# Generated by NeuTu (https://github.com/janelia-flyem/NeuTu)
1 0 3729 3071 3497 2 -1
2 0 3733 3075 3493 3.65685 1
3 0 3733 3075 3481 9.31371 2
4 0 3745 3075 3469 6 3
5 0 3753 3075 3461 2 4
6 0 3761 3075 3453 6 5
7 0 3773 3075 3445 9.31371 6
8 0 3789 3079 3433 9.31371 7
9 0 3805 3087 3429 3.65685 8
10 0 3809 3091 3425 6 9
11 0 3825 3091 3413 6 10
12 0 3837 3095 3409 6 11
13 0 3845 3099 3401 6 12
14 0 3853 3107 3393 6 13
15 0 3853 3115 3385 3.65685 14
16 0 3853 3119 3381 2 15
17 0 3853 3119 3377 2 16
