# Generated by NeuTu (https://github.com/janelia-flyem/NeuTu)
1 0 3815 3622 3146 2 -1
2 0 3815 3626 3150 3.65685 1
3 0 3811 3634 3150 3.65685 2
4 0 3807 3642 3154 6.94427 3
5 0 3803 3646 3162 6.94427 4
6 0 3799 3642 3170 3.65685 5
7 0 3799 3638 3178 3.65685 6
8 0 3791 3630 3186 6.94427 7
9 0 3775 3630 3186 6 8
10 0 3759 3622 3174 6 9
11 0 3751 3614 3170 6 10
12 0 3747 3610 3154 6 11
13 0 3747 3594 3138 6 12
14 0 3751 3590 3134 6 13
15 0 3751 3570 3130 6.94427 14
16 0 3751 3550 3126 6 15
17 0 3747 3546 3122 3.65685 16
18 0 3747 3538 3122 6 17
19 0 3747 3518 3110 6 18
20 0 3743 3506 3102 6 19
