# Generated by NeuTu (https://github.com/janelia-flyem/NeuTu)
1 0 3764 3617 3116 6 -1
2 0 3772 3609 3120 9.31371 1
3 0 3784 3589 3116 10 2
4 0 3784 3577 3124 10 3
5 0 3792 3569 3128 6.94427 4
6 0 3804 3557 3136 9.31371 5
7 0 3808 3549 3140 6 6
8 0 3812 3537 3156 6.94427 7
9 0 3812 3541 3168 6 8
10 0 3808 3541 3176 3.65685 9
11 0 3808 3545 3184 6 10
12 0 3808 3545 3192 3.65685 11
13 0 3812 3545 3204 6 12
14 0 3816 3545 3216 3.65685 13
15 0 3816 3545 3220 3.65685 14
16 0 3816 3545 3228 6 15
17 0 3816 3545 3244 6 16
18 0 3820 3545 3260 6 17
19 0 3820 3545 3268 6 18
20 0 3820 3545 3276 3.65685 19
21 0 3820 3545 3284 3.65685 20
22 0 3816 3541 3288 3.65685 21
23 0 3816 3537 3304 6.94427 22
24 0 3816 3521 3324 6 23
25 0 3816 3521 3332 6 24
26 0 3816 3505 3348 6 25
27 0 3820 3497 3356 3.65685 26
28 0 3820 3493 3364 6 27
29 0 3820 3485 3372 3.65685 28
30 0 3820 3481 3376 2 29
31 0 3820 3477 3376 2 30
