# Generated by NeuTu (https://github.com/janelia-flyem/NeuTu)
1 0 3594 2269 1953 2 -1
2 0 3590 2269 1953 2 1
3 0 3582 2277 1949 10 2
4 0 3570 2281 1945 12.4222 3
5 0 3562 2289 1937 6.94427 4
6 0 3562 2301 1933 10 5
7 0 3550 2321 1945 6.94427 6
8 0 3550 2333 1957 6 7
9 0 3550 2329 1969 6 8
10 0 3550 2325 1985 6.94427 9
11 0 3538 2317 2001 10 10
12 0 3526 2317 2017 6 11
13 0 3522 2313 2021 6 12
14 0 3518 2313 2029 2 13
15 0 3518 2313 2033 2 14
16 0 3546 2293 1917 6.94427 6
17 0 3542 2289 1909 6 16
18 0 3534 2289 1901 2 17
19 0 3530 2289 1897 2 18
