# Generated by NeuTu (https://github.com/janelia-flyem/NeuTu)
1 0 2214 2384 7996 6 -1
2 0 2234 2392 7992 21.3238 1
3 0 2262 2396 7944 21.3238 2
4 0 2286 2368 7904 20.6274 3
5 0 2310 2348 7868 18 4
6 0 2330 2320 7832 18.3961 5
7 0 2374 2312 7780 23.2982 6
8 0 2430 2300 7748 20.6274 7
9 0 2462 2272 7708 22.3311 8
10 0 2474 2252 7672 30.249 9
11 0 2554 2240 7600 44.8188 10
12 0 2602 2268 7544 23.2982 11
13 0 2618 2248 7496 14 12
14 0 2634 2232 7476 14.9706 13
15 0 2654 2208 7460 15.8885 14
16 0 2670 2184 7436 19.5407 15
17 0 2702 2152 7408 24.8328 16
18 0 2738 2160 7368 24.8328 17
19 0 2754 2172 7324 15.8885 18
20 0 2770 2180 7268 19.5407 19
21 0 2790 2184 7228 20.6274 20
22 0 2818 2168 7140 30.3693 21
23 0 2826 2204 7068 26 22
24 0 2830 2236 7004 24.8328 23
25 0 2830 2240 6948 20.6274 24
26 0 2830 2260 6896 20.6274 25
27 0 2838 2276 6848 22 26
28 0 2846 2288 6780 20.6274 27
29 0 2850 2288 6732 22 28
30 2 2854 2251.45 6677.21 28.8493 29
31 0 2858 2248 6620 31.0784 30
32 0 2870 2252 6552 24.8328 31
33 0 2887.26 2242.25 6462.96 39.4053 32
34 0 2894 2240 6436 46.3322 33
35 0 2886 2252 6348 30.249 34
36 0 2882 2268 6288 22 35
37 0 2886 2272 6228 30.249 36
38 2 2894.96 2268.96 6172.49 40.4926 37
39 2 2897.48 2271.48 6142.25 43.9364 38
40 2 2895.28 2288.29 6108.85 34.8734 39
41 0 2898 2317.52 5983.13 26.0687 40
42 0 2898 2360 5932 20.6274 41
43 0 2902 2392 5880 26.2843 42
44 0 2894 2392 5848 27.1204 43
45 0 2886 2384 5764 29.241 44
46 2 2886 2380.15 5729.32 33.6111 45
47 2 2886 2380 5708 30.8249 46
48 2 2886.31 2380 5689.54 27.6582 47
49 2 2888.55 2380 5671.57 21.7828 48
50 0 2898 2379.24 5618.68 20.0079 49
51 0 2898.16 2376.16 5595.05 21.9029 50
52 0 2902 2380 5572 19.5407 51
53 2 2949.43 2414.57 5483.85 59.8178 52
54 2 2961.76 2418.82 5473.18 62.1033 53
55 0 3006 2452 5440 57.4643 54
56 2 3048.41 2455.86 5389.88 35.6931 55
57 2 3067.82 2453.45 5370.18 31.2909 56
58 2 3081.43 2453.14 5357.71 29.5205 57
59 2 3134.57 2490.45 5309.55 47.8918 58
60 2 3139.48 2496.76 5303.24 51.6433 59
61 2 3161.73 2519.73 5271.82 33.3233 60
62 0 3202 2544 5220 14.9706 61
63 0 3238 2548 5188 19.5407 62
64 0 3270 2548 5160 15.8885 63
65 0 3310 2560 5108 18 64
66 0 3318 2576 5068 18 65
67 0 3318 2600 5032 18 66
68 0 3326 2632 5000 18 67
69 0 3342 2668 4964 14.9706 68
70 0 3370 2700 4932 14.9706 69
71 0 3390 2732 4900 18 70
72 0 3398 2748 4864 15.8885 71
73 0 3402 2752 4824 18 72
74 0 3406 2752 4792 14 73
75 0 3422 2756 4760 10 74
76 0 3426 2756 4748 10 75
77 0 3434 2756 4696 30 76
78 0 3450 2752 4640 18 77
79 0 3462 2748 4592 12.4222 78
80 0 3458 2760 4552 14 79
81 2 3480.67 2757.33 4513.33 16.4939 80
82 0 3502 2744 4488 20.6274 81
83 0 3518 2740 4448 14.9706 82
84 0 3534 2744 4412 12.4222 83
85 0 3538 2732 4400 14.9706 84
86 0 3538 2724 4372 12.4222 85
87 0 3538 2712 4336 12.4222 86
88 0 3538 2716 4324 10.6491 87
89 0 3546 2716 4308 14.4924 88
90 0 3554 2716 4292 10.6491 89
91 0 3578 2720 4260 15.8885 90
92 0 3590 2712 4220 18.3961 91
93 0 3594 2696 4176 15.8885 92
94 2 3586.67 2681.33 4143.33 18.6993 93
95 0 3594 2668 4108 9.31371 94
96 0 3598 2664 4080 14.4924 95
97 2 3598 2660.18 4049.48 17.8381 96
98 0 3602 2668 4032 10 97
99 0 3602 2676 3992 12.4222 98
100 0 3602 2680 3968 10 99
101 0 3602 2680 3956 10.6491 100
102 0 3606 2668 3936 19.5407 101
103 2 3622.74 2656.84 3908.11 38.1086 102
104 2 3652.99 2649.13 3855.77 54.6675 103
105 0 3646 2620 3748 14.4924 104
106 0 3650 2624 3720 12.4222 105
107 0 3658 2632 3692 14.4924 106
108 0 3670 2636 3672 14.9706 107
109 2 3670 2636 3638 17.7889 108
110 0 3686 2628 3580 12.4222 109
111 0 3686 2628 3548 15.8885 110
112 0 3682 2628 3512 14.4924 111
113 0 3674 2640 3480 12.4222 112
114 0 3670 2652 3448 15.8885 113
115 0 3666 2664 3416 12.4222 114
116 0 3666 2676 3392 14 115
117 0 3674 2688 3356 15.8885 116
118 0 3678 2696 3336 14.4924 117
119 0 3678 2724 3300 14.9706 118
120 0 3670 2752 3268 14 119
121 0 3669.32 2766.21 3242.47 17.1814 120
122 0 3698 2776 3196 10 121
123 0 3710 2772 3176 10 122
124 0 3718 2768 3152 12.4222 123
125 0 3730 2772 3112 14 124
126 0 3742 2784 3068 14.4924 125
127 0 3750 2796 3056 10.6491 126
128 0 3778 2820 3024 18 127
129 0 3802 2844 2992 40.5206 128
130 2 3821.7 2844 2969.49 25.7604 129
131 0 3846 2848 2944 10 130
132 0 3866 2852 2912 14.4924 131
133 0 3870 2856 2884 9.31371 132
134 0 3874 2880 2856 14.4924 133
135 0 3874 2880 2824 12.4222 134
136 0 3878 2884 2792 12.4222 135
137 0 3878 2884 2756 14.4924 136
138 0 3870 2892 2716 14 137
139 0 3866 2892 2680 9.31371 138
140 0 3858 2896 2656 10.6491 139
141 2 3858 2894.34 2651.86 11.4443 140
142 2 3862.95 2885.52 2626.1 16.6638 141
143 0 3898 2888 2576 10.6491 142
144 0 3907.69 2896 2536.46 18 143
145 0 3902 2892 2488 12.4222 144
146 0 3894 2896 2456 10 145
147 0 3889.86 2895.71 2423.57 12.4786 146
148 0 3890 2868 2380 14 147
149 2 3886.47 2868 2362.12 12.0565 148
150 0 3894 2868 2336 9.31371 149
151 0 3890 2872 2308 15.8885 150
152 0 3894 2872 2272 15.8885 151
153 0 3902 2868 2236 12.4222 152
154 2 3909.76 2860 2189.68 21.76 153
155 0 3918 2888 2136 9.31371 154
156 0 3922 2896 2108 10 155
157 0 3922 2896 2096 10 156
158 0 3934 2884 2060 37.3954 157
159 0 3942 2880 2012 46.1664 158
160 0 3966 2908 1932 29.241 159
161 0 3998 2924 1888 19.5407 160
162 0 4022 2940 1860 14.9706 161
163 0 4042 2960 1836 12.4222 162
164 0 4054 2972 1812 10.6491 163
165 0 4058 2980 1800 9.31371 164
166 0 4078 2996 1772 14 165
167 0 4094 3004 1744 12.4222 166
168 2 4106.44 3010.22 1731.56 11.0431 167
169 0 4122 3028 1680 12.4222 168
170 0 4138 3048 1656 10.6491 169
171 2 4138 3051.41 1630.35 10.0955 170
172 0 4134 3072 1592 12.4222 171
173 0 4138 3084 1568 12.4222 172
174 0 4138 3100 1544 10 173
175 0 4138 3116 1524 14 174
176 0 4142 3140 1496 15.8885 175
177 0 4142 3164 1468 14 176
178 0 4126 3200 1440 18 177
179 0 4102 3276 1400 15.8885 178
180 0 4102 3304 1384 10.6491 179
181 0 4102 3328 1364 9.31371 180
182 0 4102 3352 1352 10.6491 181
183 0 4102 3380 1344 10 182
184 0 4098 3412 1324 14 183
185 0 4086 3444 1312 10.6491 184
186 0 4082 3472 1304 10 185
187 0 4074 3492 1300 10 186
188 0 4062 3516 1300 10.6491 187
189 0 4050 3540 1304 9.31371 188
190 0 4034 3568 1304 10.6491 189
191 0 4022 3592 1304 12.4222 190
192 0 4014 3604 1296 14 191
193 0 4010 3616 1288 10.6491 192
194 0 3998 3648 1272 14 193
195 0 3978 3684 1256 15.8885 194
196 0 3962 3720 1248 14.4924 195
197 0 3954 3756 1224 14 196
198 0 3950 3784 1208 14 197
199 0 3946 3820 1192 12.4222 198
200 0 3946 3836 1180 10.6491 199
201 0 3950 3864 1164 14 200
202 0 3954 3900 1140 14 201
203 0 3958 3924 1116 12.4222 202
204 0 3970 3944 1088 14.4924 203
205 0 3986 3964 1064 12.4222 204
206 0 4002 3980 1044 12.4222 205
207 0 4018 4000 1020 10.6491 206
208 0 4026 4016 1004 9.31371 207
209 0 4034 4024 1000 6 208
210 0 4142 3076 1636 10 171
211 0 4150 3088 1632 9.31371 210
212 0 4090 2996 1724 6 168
213 0 4090 2988 1724 3.65685 212
214 0 4082 2980 1724 6.94427 213
215 0 4082 2972 1728 6 214
216 0 3878 2860 2028 9.31371 159
217 0 3838 2876 2028 18 216
218 0 3806 2888 2032 9.31371 217
219 0 3798 2896 2040 6 218
220 0 3778 2896 2056 6.94427 219
221 0 3762 2904 2068 6 220
222 0 3746 2900 2084 6 221
223 0 3738 2900 2088 3.65685 222
224 0 3734 2904 2092 2 223
225 0 3938 2820 2188 10 154
226 0 3950 2792 2172 14 225
227 2 3946 2760.8 2180.4 10.8673 226
228 0 3950 2752 2192 6 227
229 0 3950 2744 2212 6 228
230 0 3950 2744 2220 3.65685 229
231 0 3950 2740 2228 3.65685 230
232 0 3950 2740 2236 3.65685 231
233 0 3950 2740 2240 2 232
234 0 3950 2740 2244 2 233
235 0 3946 2736 2248 3.65685 234
236 0 3946 2732 2256 6 235
237 0 3938 2720 2272 6 236
238 0 3934 2716 2276 3.65685 237
239 0 3930 2708 2284 6.94427 238
240 0 3914 2692 2300 9.31371 239
241 0 3910 2680 2308 9.31371 240
242 0 3914 2664 2320 2 241
243 0 3918 2660 2320 3.65685 242
244 0 3918 2656 2320 3.65685 243
245 0 3922 2648 2328 6 244
246 0 3926 2640 2336 6 245
247 0 3926 2632 2344 6 246
248 0 3926 2624 2352 2 247
249 0 3926 2616 2360 6 248
250 0 3934 2608 2368 6 249
251 0 3938 2600 2380 6 250
252 0 3942 2584 2388 6 251
253 0 3942 2568 2396 6 252
254 0 3942 2560 2396 6 253
255 0 3942 2552 2404 6.94427 254
256 0 3946 2544 2404 6.94427 255
257 0 3958 2532 2420 6 256
258 0 3958 2528 2428 6 257
259 0 3962 2528 2436 3.65685 258
260 0 3962 2524 2444 3.65685 259
261 0 3962 2516 2452 3.65685 260
262 0 3958 2512 2456 3.65685 261
263 0 3958 2512 2460 3.65685 262
264 0 3954 2508 2464 6 263
265 0 3954 2500 2480 6 264
266 0 3950 2496 2492 6.94427 265
267 0 3946 2492 2504 6 266
268 0 3938 2492 2512 6 267
269 0 3918 2504 2512 14.4924 268
270 0 3898 2504 2520 6.94427 269
271 0 3878 2492 2520 6.94427 270
272 0 3866 2476 2524 6 271
273 0 3862 2468 2520 2 272
274 0 3858 2468 2520 2 273
275 0 3854 2464 2516 2 274
276 2 3946.35 2763.37 2174.64 12.7228 227
277 0 3950 2740 2152 15.8885 276
278 0 3962 2720 2124 12.4222 277
279 0 3970 2708 2112 6.94427 278
280 0 3974 2692 2096 12.4222 279
281 2 3943.95 2646.23 2065.12 39.9455 280
282 0 3902 2636 2076 14.9706 281
283 2 3887.23 2628.92 2091.69 10.3409 282
284 2 3878.92 2631.69 2102.77 9.41643 283
285 0 3862 2616 2112 10.6491 284
286 0 3850 2612 2116 6.94427 285
287 0 3842 2604 2120 9.31371 286
288 0 3834 2604 2128 9.31371 287
289 0 3826 2604 2136 6 288
290 0 3818 2608 2148 6 289
291 0 3810 2612 2156 6 290
292 0 3806 2616 2164 2 291
293 0 3802 2616 2168 3.65685 292
294 0 3798 2616 2176 3.65685 293
295 0 3798 2616 2184 6 294
296 0 3790 2604 2196 6.94427 295
297 0 3782 2596 2200 2 296
298 0 3782 2592 2200 2 297
299 0 3830 2588 2104 9.31371 287
300 0 3818 2572 2096 9.31371 299
301 0 3810 2568 2092 6.94427 300
302 0 3870 2644 2096 6 284
303 0 3866 2652 2096 6 302
304 0 3866 2664 2096 10 303
305 0 3862 2676 2100 9.31371 304
306 0 3866 2688 2108 2 305
307 0 3866 2692 2108 2 306
308 0 3894 2612 2104 6 283
309 0 3906 2604 2120 6 308
310 0 3922 2608 2124 6.94427 309
311 2 3944.83 2657.17 2052.36 33.3545 281
312 0 3942 2696 2000 10 311
313 0 3950 2716 1984 6 312
314 0 3954 2720 1980 3.65685 313
315 0 3954 2720 1976 3.65685 314
316 0 3958 2728 1968 6 315
317 0 3966 2740 1960 6.94427 316
318 0 3974 2748 1952 9.31371 317
319 0 3986 2752 1944 6 318
320 0 3998 2752 1936 6.94427 319
321 0 4018 2760 1928 6.94427 320
322 0 4026 2764 1924 6 321
323 0 4034 2768 1924 2 322
324 0 4038 2768 1924 2 323
325 0 3922 2632 2004 29.241 311
326 0 3922 2772 2172 6 276
327 0 3906 2772 2172 6 326
328 0 3898 2768 2172 3.65685 327
329 0 3894 2768 2176 3.65685 328
330 0 3890 2768 2176 2 329
331 0 3886 2764 2176 3.65685 330
332 0 3882 2756 2176 6 331
333 0 3878 2740 2180 6.94427 332
334 0 3882 2724 2180 9.31371 333
335 0 3882 2712 2180 6 334
336 0 3886 2700 2176 6 335
337 0 3886 2688 2176 2 336
338 0 3870 2852 2364 9.31371 149
339 0 3854 2848 2368 6.94427 338
340 0 3838 2848 2372 6 339
341 0 3822 2848 2376 6 340
342 0 3814 2844 2376 6 341
343 0 3806 2840 2376 3.65685 342
344 0 3798 2836 2376 6 343
345 0 3794 2832 2380 3.65685 344
346 0 3786 2824 2388 3.65685 345
347 0 3782 2820 2392 3.65685 346
348 0 3774 2812 2400 6.94427 347
349 0 3770 2804 2408 3.65685 348
350 0 3766 2800 2412 2 349
351 0 3894 2920 2416 6 147
352 0 3894 2928 2412 6 351
353 0 3898 2936 2400 6 352
354 0 3894 2948 2384 6 353
355 0 3894 2956 2376 6 354
356 0 3926 2920 2532 6 144
357 0 3934 2924 2532 3.65685 356
358 0 3942 2932 2532 6 357
359 0 3958 2940 2536 6 358
360 0 3974 2948 2536 6 359
361 0 3986 2960 2536 6.94427 360
362 0 3990 2968 2540 3.65685 361
363 0 3990 2972 2540 2 362
364 0 3846 2864 2640 9.31371 142
365 0 3838 2852 2640 6 364
366 0 3826 2832 2644 6.94427 365
367 2 3817.71 2822.57 2650.86 8.46748 366
368 0 3802 2812 2660 6 367
369 0 3790 2804 2668 6.94427 368
370 0 3774 2788 2676 10.6491 369
371 0 3762 2772 2680 9.31371 370
372 0 3754 2756 2688 3.65685 371
373 0 3754 2752 2688 2 372
374 0 3750 2744 2688 6 373
375 0 3822 2804 2652 6 367
376 0 3822 2796 2656 6 375
377 0 3822 2788 2660 3.65685 376
378 0 3818 2780 2660 6 377
379 0 3814 2772 2664 6 378
380 0 3810 2764 2664 3.65685 379
381 0 3802 2756 2664 6.94427 380
382 0 3794 2748 2664 6.94427 381
383 0 3786 2740 2660 2 382
384 0 3782 2740 2660 2 383
385 0 3838 2884 2664 6 141
386 0 3830 2876 2668 3.65685 385
387 0 3822 2872 2668 3.65685 386
388 0 3814 2864 2668 6 387
389 0 3810 2852 2668 6 388
390 0 3850 2920 2656 14 140
391 0 3850 2936 2648 6.94427 390
392 0 3850 2952 2644 6 391
393 0 3854 2968 2632 6 392
394 0 3862 2980 2624 6.94427 393
395 0 3870 2988 2620 6 394
396 0 3814 2888 2972 14 130
397 0 3818 2904 2964 6.94427 396
398 0 3826 2916 2952 9.31371 397
399 0 3830 2928 2928 9.31371 398
400 0 3838 2936 2908 10.6491 399
401 0 3838 2944 2880 12.4222 400
402 0 3842 2964 2856 6.94427 401
403 0 3842 2972 2844 6.94427 402
404 0 3846 2984 2828 6.94427 403
405 0 3846 2992 2816 6.94427 404
406 0 3850 3004 2800 6.94427 405
407 0 3850 3016 2788 6.94427 406
408 0 3850 3036 2768 6.94427 407
409 0 3850 3052 2764 14 408
410 0 3869.11 3100.74 2698.68 24.8829 409
411 0 3878 3116 2668 9.31371 410
412 0 3882 3128 2656 6.94427 411
413 0 3882 3144 2640 6 412
414 0 3882 3160 2628 6 413
415 0 3882 3168 2620 10 414
416 0 3882 3176 2612 9.31371 415
417 0 3894 3196 2612 6.94427 416
418 0 3910 3212 2608 6.94427 417
419 0 3926 3224 2604 6.94427 418
420 0 3938 3232 2596 9.31371 419
421 0 3950 3236 2592 12.4222 420
422 0 3966 3256 2572 6.94427 421
423 0 3974 3260 2564 3.65685 422
424 0 3982 3268 2556 9.31371 423
425 0 3986 3272 2548 6.94427 424
426 0 3998 3272 2536 6.94427 425
427 0 4006 3276 2528 10 426
428 0 4014 3284 2512 9.31371 427
429 0 4014 3292 2492 6 428
430 0 4010 3300 2480 6 429
431 0 4006 3308 2472 6 430
432 0 4002 3320 2464 6 431
433 0 4002 3332 2452 6.94427 432
434 0 4006 3348 2436 6 433
435 0 4002 3364 2424 6 434
436 0 4002 3372 2420 6 435
437 0 3998 3380 2412 2 436
438 0 3998 3384 2408 3.65685 437
439 0 3998 3388 2404 3.65685 438
440 0 4002 3392 2400 6 439
441 0 4010 3396 2396 6 440
442 0 4018 3400 2388 9.31371 441
443 0 4030 3412 2372 10 442
444 0 4050 3400 2372 6 443
445 0 3966 3232 2612 6.94427 421
446 0 3974 3228 2620 9.31371 445
447 0 3970 3224 2632 6.94427 446
448 0 3970 3212 2644 6 447
449 0 3970 3204 2648 6 448
450 0 3974 3200 2664 6 449
451 0 3970 3196 2680 6.94427 450
452 0 3962 3192 2696 6 451
453 0 3958 3188 2712 6 452
454 0 3958 3184 2724 2 453
455 0 3954 3180 2732 6 454
456 0 3958 3180 2744 3.65685 455
457 0 3962 3184 2748 3.65685 456
458 0 3966 3188 2752 2 457
459 0 3994 3232 2624 6.94427 446
460 0 4006 3236 2620 6 459
461 0 4014 3232 2624 6.94427 460
462 0 4030 3232 2620 6 461
463 0 3862 3084 2672 6 410
464 0 3858 3080 2668 6 463
465 0 3846 3084 2652 9.31371 464
466 0 3838 3076 2644 6 465
467 0 3838 3068 2640 3.65685 466
468 0 3830 3060 2640 3.65685 467
469 0 3826 3056 2644 2 468
470 0 3822 3056 2644 2 469
471 0 3770 2848 2940 6 130
472 0 3762 2848 2932 6 471
473 0 3754 2844 2932 6.94427 472
474 0 3746 2836 2932 3.65685 473
475 0 3738 2828 2932 6 474
476 0 3734 2824 2936 6 475
477 0 3822 2876 3032 6 129
478 0 3826 2880 3036 3.65685 477
479 0 3826 2884 3040 3.65685 478
480 0 3830 2888 3044 3.65685 479
481 0 3834 2892 3048 6 480
482 0 3838 2908 3060 6 481
483 0 3838 2924 3076 6 482
484 0 3830 2944 3080 10 483
485 2 3826.22 2959.11 3083.78 10 484
486 0 3818 2968 3084 6.94427 485
487 0 3810 2976 3084 10 486
488 0 3806 2984 3068 6.94427 487
489 0 3802 2992 3052 6.94427 488
490 0 3798 3000 3044 9.31371 489
491 0 3798 3008 3036 3.65685 490
492 0 3794 3008 3032 2 491
493 0 3818 3000 3072 6.94427 488
494 0 3826 3008 3068 3.65685 493
495 0 3830 3008 3068 3.65685 494
496 0 3834 3008 3068 2 495
497 0 3838 3012 3068 3.65685 496
498 0 3842 3016 3064 2 497
499 0 3838 2964 3104 6 485
500 0 3846 2964 3112 3.65685 499
501 0 3854 2964 3116 6 500
502 0 3862 2968 3120 6 501
503 0 3738 2764 3048 6.94427 126
504 0 3730 2752 3028 6 503
505 0 3722 2748 3012 6.94427 504
506 0 3714 2748 2996 6.94427 505
507 0 3702 2748 2980 6 506
508 0 3698 2752 2972 9.31371 507
509 0 3690 2756 2964 9.31371 508
510 0 3686 2760 2956 6 509
511 0 3674 2760 2940 6 510
512 0 3666 2760 2932 6 511
513 0 3646 2752 2912 14 512
514 0 3626 2748 2892 6.94427 513
515 0 3614 2744 2880 6 514
516 0 3606 2740 2872 6.94427 515
517 2 3606 2740 2844 16.6933 516
518 0 3606 2740 2836 19.5407 517
519 0 3610 2752 2820 14 518
520 0 3622 2760 2816 6 519
521 0 3634 2760 2816 6.94427 520
522 0 3646 2756 2808 9.31371 521
523 0 3642 2764 2788 3.65685 522
524 0 3634 2768 2780 6 523
525 0 3630 2772 2776 3.65685 524
526 0 3626 2772 2772 3.65685 525
527 0 3618 2776 2764 6.94427 526
528 0 3610 2780 2764 6 527
529 0 3586 2704 2832 6.94427 518
530 0 3582 2696 2832 6 529
531 0 3622 2720 2844 9.31371 517
532 0 3630 2708 2848 9.31371 531
533 0 3630 2696 2852 6 532
534 0 3634 2680 2860 6 533
535 0 3634 2664 2864 6 534
536 0 3634 2648 2876 6 535
537 0 3634 2640 2880 3.65685 536
538 0 3630 2636 2884 2 537
539 0 3626 2632 2884 2 538
540 0 3646 2796 3244 9.31371 121
541 0 3630 2812 3244 10.6491 540
542 0 3614 2824 3260 14.4924 541
543 0 3602 2824 3272 9.31371 542
544 0 3578 2808 3312 14.4924 543
545 0 3562 2796 3340 10 544
546 0 3542 2788 3364 10.6491 545
547 0 3526 2788 3384 10 546
548 0 3506 2788 3396 6 547
549 0 3498 2788 3396 6 548
550 0 3482 2784 3408 10.6491 549
551 0 3474 2788 3416 9.31371 550
552 0 3443.52 2795.17 3448.96 22.2895 551
553 0 3424.67 2792 3477.33 23.8178 552
554 0 3382 2784 3504 12.4222 553
555 0 3358 2768 3508 12.4222 554
556 0 3322 2756 3524 18 555
557 0 3294 2752 3560 19.5407 556
558 0 3278 2756 3600 14 557
559 0 3250 2756 3620 10.6491 558
560 0 3206 2748 3632 18 559
561 0 3178 2748 3648 15.8885 560
562 0 3154 2728 3668 9.31371 561
563 0 3142 2720 3680 6.94427 562
564 0 3134 2716 3688 10.6491 563
565 0 3122 2732 3712 10.6491 564
566 0 3100.62 2757.38 3723.54 14.6782 565
567 0 3078 2780 3704 6.94427 566
568 0 3070 2784 3696 6.94427 567
569 0 3066 2792 3692 6 568
570 0 3062 2800 3688 9.31371 569
571 0 3046.09 2829.96 3704.89 12.446 570
572 0 3034 2836 3720 18 571
573 0 2972.95 2839.28 3727.67 29.075 572
574 0 2950 2836 3708 14.9706 573
575 0 2934 2836 3708 3.65685 574
576 0 2930 2836 3708 2 575
577 0 2926 2836 3708 2 576
578 0 2922 2836 3708 3.65685 577
579 0 2918 2832 3704 6 578
580 0 2906 2816 3688 6.94427 579
581 0 2890 2812 3680 6 580
582 0 2866 2808 3668 10 581
583 0 2854 2804 3664 6.94427 582
584 0 2842 2800 3664 6.94427 583
585 2 2825.88 2791.88 3656 12.7071 584
586 0 2814 2764 3660 6 585
587 0 2814 2748 3660 6 586
588 0 2810 2736 3672 6 587
589 0 2810 2728 3680 6 588
590 0 2802 2720 3704 9.31371 589
591 0 2794 2724 3716 3.65685 590
592 0 2790 2724 3720 2 591
593 0 2810 2816 3628 9.31371 585
594 0 2810 2824 3616 3.65685 593
595 0 2806 2828 3608 9.31371 594
596 0 2798 2828 3600 6 595
597 0 2782 2828 3596 6 596
598 0 2938 2776 3728 15.8885 573
599 0 3062 2840 3720 6.94427 571
600 0 3078 2848 3732 9.31371 599
601 0 3090 2852 3732 10.6491 600
602 0 3102 2856 3732 6 601
603 0 3118 2860 3732 6.94427 602
604 0 3134 2864 3744 6 603
605 0 3138 2868 3748 3.65685 604
606 0 3142 2868 3748 3.65685 605
607 0 3146 2872 3752 3.65685 606
608 0 3150 2876 3756 6 607
609 0 3154 2880 3760 3.65685 608
610 0 3158 2884 3764 6 609
611 0 3166 2900 3772 6.94427 610
612 0 3166 2920 3776 6.94427 611
613 0 3166 2944 3776 10 612
614 0 3166 2956 3776 6 613
615 0 3166 2964 3776 6 614
616 0 3162 2976 3768 6 615
617 0 3162 2992 3756 6 616
618 0 3158 3000 3744 10 617
619 0 3154 3016 3744 10 618
620 0 3158 3032 3744 2 619
621 0 3106 2776 3760 19.5407 566
622 2 3104.34 2795.55 3803.1 30.7446 621
623 2 3100.36 2800.85 3813.71 33.8775 622
624 2 3091.69 2804 3851.54 35.0596 623
625 0 3094 2780 3892 9.31371 624
626 0 3094 2768 3908 3.65685 625
627 0 3094 2768 3916 3.65685 626
628 0 3090 2768 3924 3.65685 627
629 0 3090 2768 3932 6 628
630 0 3090 2764 3952 6.94427 629
631 0 3094 2768 3968 6 630
632 0 3094 2768 3864 10.6491 624
633 0 3090 2748 3868 6 632
634 0 3090 2740 3876 6 633
635 0 3082 2728 3876 6.94427 634
636 0 3078 2712 3872 6 635
637 0 3130 2864 3788 27.1204 623
638 0 3074 2812 3824 35.9473 622
639 0 3046 2788 3820 14 638
640 0 3038 2776 3820 10 639
641 0 3034 2760 3820 14 640
642 0 3042 2748 3816 6.94427 641
643 0 3058 2732 3816 6 642
644 0 3070 2728 3816 2 643
645 0 3074 2728 3816 2 644
646 0 3078 2728 3816 2 645
647 0 3158 2768 3644 6.94427 561
648 0 3150 2776 3636 12.4222 647
649 0 3154 2780 3624 6 648
650 0 3154 2780 3616 6 649
651 0 3158 2784 3612 3.65685 650
652 0 3158 2784 3608 3.65685 651
653 0 3162 2788 3604 6 652
654 2 3161.08 2794.75 3593.25 6.72764 653
655 0 3158 2804 3584 6 654
656 0 3146 2820 3572 6.94427 655
657 0 3138 2828 3564 6.94427 656
658 0 3130 2832 3564 3.65685 657
659 0 3126 2836 3560 6 658
660 0 3118 2840 3556 6 659
661 0 3110 2844 3556 2 660
662 0 3106 2844 3556 2 661
663 0 3174 2780 3576 3.65685 654
664 0 3174 2776 3568 3.65685 663
665 0 3170 2772 3560 6.94427 664
666 0 3166 2772 3552 3.65685 665
667 0 3170 2768 3548 2 666
668 0 3206 2728 3624 6 560
669 0 3206 2712 3624 6 668
670 0 3210 2696 3620 6 669
671 0 3210 2680 3616 6.94427 670
672 0 3214 2672 3612 6 671
673 0 3454 2792 3508 10 553
674 0 3462 2792 3516 6.94427 673
675 0 3470 2800 3524 3.65685 674
676 0 3474 2804 3528 3.65685 675
677 0 3474 2808 3532 3.65685 676
678 0 3478 2812 3536 3.65685 677
679 0 3482 2816 3544 6.94427 678
680 0 3490 2820 3568 9.31371 679
681 0 3498 2824 3576 6 680
682 0 3510 2824 3592 9.31371 681
683 0 3518 2816 3616 12.4222 682
684 0 3518 2812 3636 12.4222 683
685 0 3518 2808 3648 6.94427 684
686 0 3518 2788 3668 6.94427 685
687 0 3514 2784 3680 6 686
688 0 3514 2784 3696 6 687
689 0 3510 2780 3712 6 688
690 0 3502 2768 3732 9.31371 689
691 0 3490 2760 3744 9.31371 690
692 0 3478 2752 3768 14 691
693 0 3443.47 2723.29 3801.09 24.1113 692
694 0 3385.76 2680 3801.68 18.5498 693
695 0 3362 2672 3800 6.94427 694
696 0 3354 2660 3796 6 695
697 0 3350 2644 3796 6 696
698 0 3342 2628 3796 6 697
699 0 3338 2616 3808 6 698
700 0 3334 2608 3816 6 699
701 0 3330 2604 3832 6.94427 700
702 0 3330 2608 3848 6 701
703 0 3330 2612 3874 9.31371 702
704 0 3330.43 2611.36 3884.64 9.13709 703
705 0 3338 2600 3896 6 704
706 0 3342 2596 3900 3.65685 705
707 0 3346 2592 3904 3.65685 706
708 0 3350 2588 3904 3.65685 707
709 0 3354 2584 3908 6 708
710 0 3366 2580 3912 6 709
711 0 3382 2580 3928 6 710
712 0 3390 2580 3936 6 711
713 0 3398 2584 3944 9.31371 712
714 0 3398 2596 3956 6.94427 713
715 0 3398 2604 3964 6 714
716 0 3394 2608 3972 3.65685 715
717 0 3390 2612 3972 2 716
718 0 3338 2636 3888 9.31371 704
719 0 3342 2648 3880 2 718
720 0 3346 2652 3876 2 719
721 0 3314 2620 3880 9.31371 703
722 0 3298 2628 3872 6.94427 721
723 0 3374 2700 3784 14.4924 694
724 0 3366 2712 3776 6.94427 723
725 0 3358 2728 3760 6 724
726 0 3362 2736 3752 2 725
727 0 3362 2736 3748 2 726
728 0 3418 2696 3832 26.2843 693
729 0 3394 2696 3848 10 728
730 0 3386 2688 3864 3.65685 729
731 0 3386 2684 3868 3.65685 730
732 0 3382 2676 3876 6 731
733 0 3382 2668 3888 6.94427 732
734 0 3382 2664 3896 6.94427 733
735 0 3414 2788 3436 9.31371 552
736 0 3402 2784 3428 3.65685 735
737 0 3398 2784 3428 3.65685 736
738 0 3394 2780 3424 3.65685 737
739 0 3390 2776 3420 6 738
740 0 3386 2772 3416 3.65685 739
741 0 3378 2764 3416 6 740
742 0 3374 2760 3412 6 741
743 0 3374 2752 3412 6 742
744 0 3370 2748 3416 2 743
745 0 3370 2744 3416 2 744
746 0 3614 2848 3252 9.31371 542
747 0 3606 2868 3252 3.65685 746
748 0 3602 2872 3248 6 747
749 0 3598 2876 3244 3.65685 748
750 0 3598 2880 3244 3.65685 749
751 0 3594 2884 3240 3.65685 750
752 0 3598 2892 3236 6 751
753 0 3594 2908 3224 6 752
754 0 3598 2916 3220 3.65685 753
755 0 3598 2924 3212 6 754
756 0 3598 2928 3204 6 755
757 0 3598 2936 3196 9.31371 756
758 0 3618 2948 3192 10 757
759 0 3630 2952 3188 3.65685 758
760 0 3634 2956 3184 2 759
761 0 3686 2676 3328 6 118
762 0 3694 2672 3320 6 761
763 0 3698 2664 3308 6 762
764 0 3702 2660 3304 6 763
765 0 3702 2660 3296 6 764
766 0 3710 2660 3288 6 765
767 0 3714 2644 3276 6 766
768 0 3714 2628 3268 6 767
769 0 3718 2612 3264 6.94427 768
770 2 3723.14 2600.57 3253.71 13.7526 769
771 0 3738 2608 3228 6 770
772 0 3742 2612 3220 6.94427 771
773 0 3746 2616 3212 3.65685 772
774 0 3746 2616 3204 3.65685 773
775 0 3750 2612 3200 3.65685 774
776 0 3754 2612 3196 3.65685 775
777 0 3754 2612 3192 2 776
778 0 3702 2596 3236 6.94427 770
779 0 3694 2592 3228 6 778
780 0 3690 2596 3224 6 779
781 0 3646 2624 3644 6 109
782 0 3634 2608 3648 6 781
783 0 3630 2600 3644 3.65685 782
784 0 3630 2596 3640 2 783
785 0 3626 2592 3636 3.65685 784
786 0 3622 2592 3628 6 785
787 0 3614 2592 3612 6 786
788 0 3610 2588 3604 6 787
789 0 3606 2584 3600 3.65685 788
790 0 3602 2580 3596 3.65685 789
791 0 3594 2572 3592 6.94427 790
792 0 3578 2572 3592 6 791
793 0 3562 2576 3592 6 792
794 0 3546 2576 3592 6 793
795 0 3530 2576 3600 6 794
796 0 3510 2576 3620 6 795
797 0 3498 2568 3636 6 796
798 0 3498 2556 3652 6 797
799 0 3494 2544 3660 6 798
800 0 3494 2528 3676 6 799
801 0 3490 2520 3684 6.94427 800
802 0 3478 2512 3692 6.94427 801
803 0 3462 2500 3704 6.94427 802
804 0 3446 2500 3712 10 803
805 0 3418 2508 3720 15.8885 804
806 0 3390 2528 3732 9.31371 805
807 0 3370 2540 3740 6 806
808 0 3358 2544 3740 2 807
809 0 3690 2644 3680 6.94427 108
810 0 3706 2644 3684 6 809
811 0 3710 2640 3688 3.65685 810
812 0 3714 2640 3688 3.65685 811
813 0 3718 2636 3688 2 812
814 0 3722 2632 3688 2 813
815 0 3642 2596 3908 21.3238 104
816 0 3622 2580 3916 6 815
817 0 3614 2572 3924 6.94427 816
818 0 3606 2572 3940 9.31371 817
819 0 3590 2560 3964 10 818
820 0 3574 2544 3980 6.94427 819
821 0 3570 2528 3984 6 820
822 0 3570 2512 3984 6 821
823 0 3566 2508 3988 6 822
824 0 3590 2632 3932 6 103
825 0 3582 2620 3936 6.94427 824
826 0 3570 2620 3936 6.94427 825
827 0 3562 2616 3936 3.65685 826
828 0 3558 2612 3932 2 827
829 0 3630 2680 3948 6 102
830 0 3638 2684 3948 3.65685 829
831 0 3646 2688 3948 6.94427 830
832 0 3662 2704 3948 6.94427 831
833 0 3666 2712 3952 6.94427 832
834 0 3602 2640 4064 10 97
835 0 3602 2612 4072 9.31371 834
836 0 3602 2592 4072 9.31371 835
837 0 3598 2572 4080 10 836
838 0 3606 2556 4092 3.65685 837
839 0 3610 2552 4096 2 838
840 0 3610 2552 4100 2 839
841 0 3586 2660 4164 6 94
842 0 3594 2656 4172 6 841
843 0 3606 2652 4176 6 842
844 0 3614 2652 4184 6.94427 843
845 0 3622 2648 4184 6.94427 844
846 0 3630 2644 4192 6 845
847 0 3450 2772 4512 15.8885 81
848 0 3414 2764 4500 14.4924 847
849 2 3380.29 2751.77 4502.74 19.8017 848
850 0 3358 2720 4508 15.8885 849
851 0 3346 2688 4516 10.6491 850
852 0 3326 2652 4528 14.4924 851
853 0 3306 2608 4532 20.6274 852
854 0 3262 2544 4532 42.7214 853
855 2 3238.72 2550.99 4520.36 42.3015 854
856 2 3222.75 2555.78 4512.37 42.0135 855
857 2 3190.32 2561.28 4493.52 49.7298 856
858 2 3147.73 2573.55 4464.9 37.1681 857
859 0 3102 2584 4440 10 858
860 0 3086 2592 4432 6.94427 859
861 0 3082 2600 4420 9.31371 860
862 0 3066 2608 4400 6 861
863 0 3050 2616 4388 12.4222 862
864 0 3030 2612 4364 12.4222 863
865 0 3022 2612 4352 6 864
866 0 3018 2608 4344 3.65685 865
867 0 3014 2604 4340 3.65685 866
868 0 3010 2600 4336 6 867
869 0 3002 2592 4324 6 868
870 0 2994 2584 4316 6 869
871 2 2984 2576 4292 13.3693 870
872 0 2982 2584 4272 10.6491 871
873 0 2990 2592 4264 6.94427 872
874 0 2992.93 2596.53 4250.4 11.564 873
875 0 2986 2600 4240 6 874
876 0 2978 2596 4232 6 875
877 0 2974 2600 4216 6 876
878 0 2974 2604 4200 6.94427 877
879 0 2974 2600 4184 6 878
880 0 2974 2600 4168 6 879
881 0 2974 2600 4156 6 880
882 0 2974 2600 4136 9.31371 881
883 0 2974 2596 4120 10.6491 882
884 0 2966 2592 4108 6 883
885 0 3014 2612 4232 14.4924 874
886 0 3018 2632 4208 6 885
887 0 3018 2640 4208 3.65685 886
888 0 3022 2648 4208 3.65685 887
889 0 3030 2656 4212 6.94427 888
890 0 3046 2660 4220 9.31371 889
891 0 3062 2660 4224 14 890
892 0 3082 2656 4232 3.65685 891
893 0 3086 2660 4232 2 892
894 0 2982 2548 4296 14 871
895 0 2970 2516 4300 9.31371 894
896 0 2966 2496 4300 6 895
897 0 3110 2540 4476 40.5206 858
898 0 3102 2508 4444 20.6274 897
899 0 3222 2592 4452 6.94427 857
900 0 3226 2600 4440 6 899
901 0 3226 2604 4420 6 900
902 0 3238 2604 4400 10 901
903 0 3246 2604 4392 10.6491 902
904 0 3246 2596 4372 9.31371 903
905 0 3246 2584 4351.33 5.57451 904
906 0 3250 2584 4320 12.4222 905
907 0 3274 2584 4304 3.65685 906
908 0 3278 2588 4300 2 907
909 0 3258 2588 4352 6 905
910 0 3282 2596 4348 9.31371 909
911 0 3294 2600 4348 9.31371 910
912 0 3306 2608 4352 3.65685 911
913 0 3310 2608 4356 2 912
914 0 3186 2584 4552 21.3238 856
915 0 3186 2604 4564 6 914
916 0 3190 2608 4568 6 915
917 0 3194 2612 4572 3.65685 916
918 0 3198 2616 4576 3.65685 917
919 0 3202 2620 4576 2 918
920 0 3206 2620 4576 2 919
921 0 3202 2548 4568 6 855
922 0 3186 2552 4580 6.94427 921
923 0 3170 2552 4580 6 922
924 0 3158 2548 4592 6 923
925 2 3258.97 2536.72 4533.82 38.9715 854
926 0 3234 2476 4544 9.31371 925
927 0 3218 2456 4544 9.31371 926
928 2 3207.27 2439.82 4541.27 7.69818 927
929 0 3194 2428 4528 6.94427 928
930 0 3170 2420 4516 14 929
931 0 3146 2404 4532 12.4222 930
932 0 3130 2380 4540 6.94427 931
933 0 3126 2360 4548 6.94427 932
934 0 3134 2352 4556 9.31371 933
935 0 3130 2340 4564 6 934
936 0 3126 2320 4572 6.94427 935
937 0 3126 2312 4572 6 936
938 0 3122 2308 4576 6 937
939 0 3122 2292 4576 6 938
940 0 3122 2276 4584 9.31371 939
941 0 3126 2252 4600 6.94427 940
942 0 3126 2232 4608 9.31371 941
943 0 3130 2212 4620 6 942
944 0 3126 2200 4632 6 943
945 0 3122 2184 4636 6 944
946 0 3118 2180 4640 6 945
947 0 3118 2168 4644 6 946
948 0 3118 2160 4648 6 947
949 0 3114 2156 4652 3.65685 948
950 0 3114 2152 4652 3.65685 949
951 0 3110 2148 4656 2 950
952 0 3110 2144 4656 2 951
953 0 3190 2444 4556 6 928
954 0 3178 2444 4560 10 953
955 0 3158 2428 4580 14 954
956 0 3142 2428 4580 12.4222 955
957 0 3250 2504 4588 6 925
958 0 3246 2500 4592 6 957
959 0 3250 2496 4600 6.94427 958
960 0 3254 2500 4612 6.94427 959
961 0 3262 2512 4624 6 960
962 0 3246 2512 4636 6 961
963 0 3230 2512 4648 6 962
964 0 3222 2516 4656 6 963
965 0 3214 2520 4660 6 964
966 0 3206 2532 4664 9.31371 965
967 0 3206 2544 4664 10 966
968 0 3206 2556 4660 6 967
969 0 3202 2576 4660 6.94427 968
970 0 3206 2596 4652 6.94427 969
971 0 3214 2604 4648 6 970
972 0 3214 2620 4644 9.31371 971
973 0 3214 2628 4636 6.94427 972
974 0 3210 2636 4628 10 973
975 0 3206 2652 4608 6.94427 974
976 0 3214 2648 4584 9.31371 975
977 0 3210 2640 4576 6 976
978 0 3374 2780 4496 6.94427 849
979 0 3370 2796 4496 6 978
980 0 3374 2812 4488 6 979
981 0 3374 2828 4480 6 980
982 0 3374 2844 4484 6 981
983 0 3378 2860 4500 10 982
984 0 3374 2876 4516 6 983
985 0 3374 2876 4524 6 984
986 0 3354 2888 4540 10.6491 985
987 0 3334 2904 4548 6.94427 986
988 0 3326 2912 4556 6 987
989 0 3330 2932 4564 10 988
990 0 3334 2948 4576 10 989
991 0 3338 2968 4580 3.65685 990
992 0 3350 2980 4588 9.31371 991
993 0 3362 2984 4588 6 992
994 0 3382 2992 4588 6 993
995 0 3410 3012 4596 30 994
996 0 3438 3000 4604 14.9706 995
997 0 3442 3000 4620 6.94427 996
998 0 3438 3004 4628 3.65685 997
999 0 3434 3000 4632 6 998
1000 0 3426 3000 4636 6.94427 999
1001 0 3342 2992 4600 9.31371 992
1002 0 3334 3000 4604 9.31371 1001
1003 0 3338 3012 4612 6 1002
1004 0 3334 3024 4612 6 1003
1005 0 3102 2520 5252 6 61
1006 0 3098 2524 5244 6 1005
1007 0 3094 2516 5236 6 1006
1008 0 3086 2504 5224 6.94427 1007
1009 0 3074 2500 5220 6.94427 1008
1010 0 3058 2488 5212 12.4222 1009
1011 0 3046 2484 5212 10 1010
1012 0 3166 2444 5304 6 60
1013 0 3182 2436 5304 6 1012
1014 0 3190 2428 5304 3.65685 1013
1015 0 3198 2420 5308 6.94427 1014
1016 0 3206 2412 5312 6 1015
1017 0 3218 2396 5304 6.94427 1016
1018 0 3234.44 2379.56 5308.44 9.31371 1017
1019 0 3246 2368 5320 6 1018
1020 0 3250 2356 5328 6.94427 1019
1021 0 3258 2340 5336 9.31371 1020
1022 0 3266 2332 5336 6 1021
1023 0 3282 2320 5348 6 1022
1024 0 3294 2308 5356 6.94427 1023
1025 0 3310 2296 5360 6.94427 1024
1026 0 3322 2284 5364 12.4222 1025
1027 0 3338 2264 5368 9.31371 1026
1028 0 3346 2256 5372 3.65685 1027
1029 0 3346 2252 5376 2 1028
1030 0 3246 2368 5296 6.94427 1018
1031 0 3258 2364 5280 6.94427 1030
1032 0 3266 2372 5272 2 1031
1033 0 3266 2372 5268 2 1032
1034 0 3210 2416 5324 6.94427 1016
1035 0 3202 2420 5332 10 1034
1036 0 3186 2420 5332 6 1035
1037 0 3178 2420 5336 6 1036
1038 0 3170 2416 5340 3.65685 1037
1039 0 3162 2416 5340 6.94427 1038
1040 0 3150 2408 5352 6 1039
1041 0 3150 2408 5360 6 1040
1042 0 3146 2408 5368 3.65685 1041
1043 0 3146 2412 5372 2 1042
1044 0 3154 2488 5364 9.31371 59
1045 0 3162 2488 5372 6 1044
1046 0 3158 2488 5392 6.94427 1045
1047 0 3158 2492 5400 6 1046
1048 0 3074 2484 5356 9.31371 58
1049 0 3074 2500 5356 6 1048
1050 0 3070 2512 5356 6 1049
1051 0 3066 2532 5352 6 1050
1052 0 3058 2544 5352 6.94427 1051
1053 0 3050 2560 5348 9.31371 1052
1054 0 3042 2568 5344 6.94427 1053
1055 0 3034 2584 5348 3.65685 1054
1056 0 3030 2588 5352 2 1055
1057 0 3090 2480 5408 14 57
1058 0 3102 2492 5408 6 1057
1059 0 3110 2492 5408 6 1058
1060 0 3014 2424 5380 14.4924 56
1061 0 3022 2404 5372 6.94427 1060
1062 0 3038 2388 5360 6 1061
1063 0 3046 2384 5356 3.65685 1062
1064 0 3054 2384 5356 6 1063
1065 0 3062 2380 5352 6 1064
1066 0 3070 2376 5344 2 1065
1067 0 3070 2376 5340 2 1066
1068 0 2982 2500 5480 30.249 55
1069 0 2938 2524 5484 12.4222 1068
1070 0 2926 2540 5500 9.31371 1069
1071 0 2914 2540 5520 6 1070
1072 0 2906 2540 5528 6 1071
1073 0 2898 2544 5532 3.65685 1072
1074 0 2890 2544 5540 6 1073
1075 0 2882 2544 5540 2 1074
1076 0 2874 2544 5544 6 1075
1077 0 2862 2560 5560 10 1076
1078 0 2854 2560 5580 6 1077
1079 0 2850 2560 5592 3.65685 1078
1080 0 2846.33 2560.33 5608.67 6.94427 1079
1081 0 2862 2568 5632 6 1080
1082 0 2882 2568 5648 6.94427 1081
1083 0 2902 2576 5668 14 1082
1084 0 2898 2568 5680 6 1083
1085 0 2898 2568 5688 6 1084
1086 0 2898 2564 5696 2 1085
1087 0 2898 2564 5704 6 1086
1088 0 2890 2564 5724 10 1087
1089 0 2882 2560 5736 6.94427 1088
1090 0 2826 2572 5620 6 1080
1091 0 2818 2572 5620 6 1090
1092 0 2806 2576 5624 10 1091
1093 0 2782 2580 5620 6.94427 1092
1094 0 2766 2580 5620 6 1093
1095 0 2750 2576 5616 6.94427 1094
1096 0 2738 2572 5608 6.94427 1095
1097 0 2722 2568 5596 6 1096
1098 0 3066 2492 5456 12.4222 55
1099 0 3078 2488 5452 6.94427 1098
1100 0 3094 2472 5448 6.94427 1099
1101 0 3110 2460 5444 6.94427 1100
1102 0 3130 2444 5444 9.31371 1101
1103 0 3154 2436 5464 12.4222 1102
1104 0 3162 2448 5484 12.4222 1103
1105 0 3178 2448 5496 10.6491 1104
1106 0 3190 2460 5496 6.94427 1105
1107 0 3198 2460 5496 6 1106
1108 0 3206 2468 5496 3.65685 1107
1109 0 3210 2472 5496 3.65685 1108
1110 0 3218 2476 5496 6 1109
1111 0 3234 2480 5496 6 1110
1112 0 3242 2484 5496 6 1111
1113 0 3250 2492 5496 3.65685 1112
1114 0 3258 2500 5496 9.31371 1113
1115 0 3270 2512 5480 10 1114
1116 0 3262 2532 5472 9.31371 1115
1117 0 3250 2540 5468 9.31371 1116
1118 0 3234 2544 5468 2 1117
1119 0 3042 2540 5468 10.6491 55
1120 0 3042 2556 5468 6 1119
1121 0 3042 2576 5472 10 1120
1122 0 3042 2596 5476 6 1121
1123 0 3038 2616 5480 9.31371 1122
1124 0 3038 2628 5484 6 1123
1125 0 3038 2644 5504 6 1124
1126 0 3038 2644 5524 6 1125
1127 0 3034 2640 5540 6 1126
1128 0 3034 2640 5548 6 1127
1129 0 3042 2636 5560 6 1128
1130 0 3046 2636 5568 6 1129
1131 0 3058 2440 5488 12.4222 55
1132 0 3078 2436 5488 12.4222 1131
1133 0 3086 2444 5496 9.31371 1132
1134 0 2994 2360 5468 10.6491 54
1135 0 3002 2352 5468 6.94427 1134
1136 0 3010 2344 5456 6.94427 1135
1137 0 3010 2336 5440 9.31371 1136
1138 0 3018 2328 5432 6 1137
1139 0 3030 2320 5424 10 1138
1140 0 3046 2316 5412 10 1139
1141 0 3062 2312 5392 10 1140
1142 0 3074 2308 5372 6.94427 1141
1143 0 3086 2308 5360 6.94427 1142
1144 0 3094 2324 5344 6.94427 1143
1145 0 3106 2340 5332 9.31371 1144
1146 0 3114 2340 5324 6 1145
1147 0 3126 2336 5324 6 1146
1148 0 3142 2332 5328 6 1147
1149 0 3150 2324 5328 3.65685 1148
1150 0 3158 2316 5328 6.94427 1149
1151 0 3162 2300 5328 6 1150
1152 0 2866 2448 5476 46.1664 53
1153 0 2890 2348 5596 14 51
1154 0 2886 2332 5592 14.4924 1153
1155 2 2869.14 2275.71 5560.57 42.5298 1154
1156 2 2866.95 2264.76 5551.81 47.7363 1155
1157 0 2866 2260 5548 50 1156
1158 0 2882 2212 5532 21.3238 1157
1159 2 2888.21 2186.53 5508.32 13.3827 1158
1160 0 2898 2180 5492 10.6491 1159
1161 0 2914 2168 5492 14.4924 1160
1162 2 2971.6 2144 5459.2 45.2665 1161
1163 2 2981.2 2144 5454.4 48.4222 1162
1164 0 2986 2144 5452 50 1163
1165 0 3030 2168 5452 21.3238 1164
1166 2 3063 2155 5446 12.9398 1165
1167 0 3078 2140 5444 10.6491 1166
1168 0 3086 2120 5444 3.65685 1167
1169 0 3094 2112 5440 6.94427 1168
1170 0 3106 2120 5432 9.31371 1169
1171 0 3106 2116 5408 6.94427 1170
1172 0 3102 2104 5392 6 1171
1173 0 3106 2104 5384 6 1172
1174 0 3122 2092 5368 9.31371 1173
1175 0 3142 2096 5360 6 1174
1176 0 3154 2096 5360 6 1175
1177 0 3166 2096 5360 6 1176
1178 0 3182 2092 5356 6.94427 1177
1179 0 3198 2080 5356 6 1178
1180 0 3210 2076 5360 6.94427 1179
1181 0 3222 2076 5368 6 1180
1182 0 3226 2072 5384 6 1181
1183 0 3222 2060 5400 6.94427 1182
1184 0 3218 2048 5424 10 1183
1185 0 3202 2044 5436 6 1184
1186 0 3186 2036 5432 6 1185
1187 0 3166 2036 5428 6.94427 1186
1188 0 3150 2028 5420 6 1187
1189 0 3134 2028 5420 6 1188
1190 0 3118 2016 5420 6.94427 1189
1191 0 3110 2012 5420 6.94427 1190
1192 0 3102 2004 5412 6.94427 1191
1193 0 3246 2092 5360 12.4222 1181
1194 0 3266 2104 5348 9.31371 1193
1195 0 3274 2112 5340 6 1194
1196 0 3094 2088 5436 6 1169
1197 0 3086 2072 5428 6.94427 1196
1198 0 3078 2060 5420 6.94427 1197
1199 0 3074 2048 5412 2 1198
1200 0 3058 2168 5424 6.94427 1166
1201 0 3058 2168 5408 6.94427 1200
1202 0 3050 2184 5384 9.31371 1201
1203 0 3050 2192 5352 9.31371 1202
1204 0 3054 2180 5336 6 1203
1205 0 2982 2104 5400 19.5407 1164
1206 0 2994 2088 5396 10 1205
1207 0 3030 2200 5408 15.8885 1163
1208 0 3046 2224 5392 6.94427 1207
1209 0 3046 2240 5384 6 1208
1210 0 3050 2244 5380 6 1209
1211 0 2990 2048 5456 19.5407 1162
1212 0 2974 2004 5488 38.7922 1211
1213 0 2954 1972 5500 22 1212
1214 0 2870 2200 5492 6.94427 1159
1215 0 2858 2208 5484 6.94427 1214
1216 0 2850 2208 5480 6 1215
1217 0 2838 2208 5476 10 1216
1218 0 2814 2212 5464 10.6491 1217
1219 0 2790 2208 5444 9.31371 1218
1220 0 2770 2220 5436 6.94427 1219
1221 0 2750 2232 5440 10 1220
1222 2 2731.67 2239.33 5443.67 15.3978 1221
1223 0 2698 2240 5448 6.94427 1222
1224 0 2682 2240 5448 14.4924 1223
1225 0 2674 2252 5456 14 1224
1226 0 2662 2276 5464 6 1225
1227 0 2658 2296 5468 6.94427 1226
1228 0 2646 2312 5468 6.94427 1227
1229 0 2630 2344 5476 12.4222 1228
1230 0 2610 2360 5472 9.31371 1229
1231 0 2602 2368 5472 9.31371 1230
1232 0 2602 2384 5472 6 1231
1233 0 2602 2400 5480 6 1232
1234 0 2602 2408 5480 6 1233
1235 0 2598 2412 5476 6 1234
1236 0 2606 2428 5468 6 1235
1237 0 2606 2436 5468 6 1236
1238 0 2622 2452 5468 6.94427 1237
1239 0 2574 2364 5472 15.8885 1231
1240 0 2554 2344 5452 6 1239
1241 0 2666 2240 5472 6 1225
1242 0 2666 2236 5484 6 1241
1243 0 2662 2228 5492 6 1242
1244 0 2670 2224 5440 6.94427 1224
1245 0 2654 2204 5440 6.94427 1244
1246 0 2638 2188 5424 9.31371 1245
1247 0 2638 2188 5412 9.31371 1246
1248 0 2734 2228 5464 6.94427 1222
1249 0 2742 2220 5476 6.94427 1248
1250 0 2746 2216 5492 6 1249
1251 0 2870 2184 5556 14.9706 1157
1252 0 2862 2152 5552 10.6491 1251
1253 0 2846 2124 5548 9.31371 1252
1254 0 2838 2100 5548 9.31371 1253
1255 0 2822 2080 5552 6.94427 1254
1256 0 2810 2072 5560 9.31371 1255
1257 0 2794 2088 5560 6.94427 1256
1258 0 2782 2104 5560 12.4222 1257
1259 0 2770 2116 5560 9.31371 1258
1260 0 2758 2128 5556 12.4222 1259
1261 0 2830 2244 5508 9.31371 1157
1262 0 2802 2224 5504 6.94427 1261
1263 0 2778 2212 5504 9.31371 1262
1264 0 2762 2200 5500 6.94427 1263
1265 0 2758 2192 5500 6 1264
1266 0 2814 2248 5552 14 1156
1267 0 2798 2240 5564 6.94427 1266
1268 0 2798 2232 5572 9.31371 1267
1269 0 2774 2216 5576 9.31371 1268
1270 0 2762 2212 5572 10 1269
1271 0 2746 2208 5568 2 1270
1272 0 2826 2240 5588 10 1155
1273 0 2810 2236 5600 6 1272
1274 2 2794.8 2236 5610.4 9.31371 1273
1275 0 2790 2236 5620 9.31371 1274
1276 0 2806 2240 5632 6.94427 1275
1277 0 2814 2240 5636 6.94427 1276
1278 0 2774 2220 5600 9.31371 1274
1279 0 2766 2212 5596 9.31371 1278
1280 0 2922 2408 5616 6 50
1281 0 2934 2424 5612 6 1280
1282 0 2938 2432 5604 6 1281
1283 0 2938 2440 5600 6 1282
1284 0 2946 2448 5592 6.94427 1283
1285 0 2954 2468 5580 6.94427 1284
1286 0 2962 2480 5572 6.94427 1285
1287 0 2974 2500 5560 10 1286
1288 0 2982 2508 5552 12.4222 1287
1289 0 2982 2536 5548 6 1288
1290 0 2982 2544 5548 2 1289
1291 0 2982 2552 5548 6 1290
1292 0 2982 2564 5552 3.65685 1291
1293 0 2986 2568 5556 3.65685 1292
1294 0 2994 2576 5556 3.65685 1293
1295 2 3007 2584 5565 9.57107 1294
1296 0 3018 2576 5568 6 1295
1297 0 3034 2568 5572 6 1296
1298 0 3046 2564 5576 6 1297
1299 0 3054 2560 5584 6.94427 1298
1300 0 3062 2552 5588 3.65685 1299
1301 0 3066 2548 5588 3.65685 1300
1302 0 3074 2540 5588 6 1301
1303 0 3090 2516 5588 9.31371 1302
1304 0 3102 2500 5588 6 1303
1305 0 3102 2492 5584 6 1304
1306 0 3102 2484 5580 3.65685 1305
1307 0 3102 2476 5572 6 1306
1308 0 3106 2472 5564 9.31371 1307
1309 0 3118 2472 5556 6 1308
1310 0 3130 2480 5556 2 1309
1311 0 3134 2480 5552 3.65685 1310
1312 0 3142 2480 5552 6.94427 1311
1313 0 3150 2484 5552 6 1312
1314 0 3162 2492 5548 10 1313
1315 0 3170 2500 5540 6.94427 1314
1316 0 2994 2608 5556 6 1295
1317 0 2994 2624 5552 6 1316
1318 0 2994 2632 5552 6 1317
1319 0 2990 2636 5548 6 1318
1320 0 2990 2652 5548 6 1319
1321 0 2990 2668 5548 6 1320
1322 0 2990 2684 5548 6 1321
1323 0 2910 2404 5688 12.4222 49
1324 0 2922 2420 5684 6.94427 1323
1325 0 2926 2428 5680 3.65685 1324
1326 0 2934 2436 5676 6 1325
1327 0 2934 2444 5672 2 1326
1328 0 2934 2448 5672 2 1327
1329 0 2934 2452 5668 3.65685 1328
1330 0 2930 2460 5668 6 1329
1331 0 2922 2472 5660 9.31371 1330
1332 0 2914 2484 5648 6.94427 1331
1333 0 2902 2488 5632 6 1332
1334 0 2894 2492 5624 3.65685 1333
1335 0 2890 2496 5620 3.65685 1334
1336 0 2886 2500 5616 2 1335
1337 0 2846 2368 5692 14.4924 48
1338 0 2830 2368 5680 9.31371 1337
1339 0 2818 2380 5668 6.94427 1338
1340 0 2810 2380 5664 3.65685 1339
1341 0 2806 2376 5660 2 1340
1342 0 2842 2372 5736 18.3961 47
1343 2 2801.51 2361.17 5751.41 14.5854 1342
1344 0 2782 2360 5768 18 1343
1345 0 2766 2392 5788 12.4222 1344
1346 2 2752.54 2413.95 5801.95 17.5722 1345
1347 0 2730 2440 5824 10.6491 1346
1348 0 2718 2448 5824 9.31371 1347
1349 0 2706 2460 5836 18 1348
1350 0 2690 2452 5856 14.9706 1349
1351 0 2678 2440 5860 9.31371 1350
1352 2 2662.31 2427.08 5874.77 15.3019 1351
1353 2 2654 2425 5881 17.1231 1352
1354 0 2622 2408 5896 10.6491 1353
1355 0 2606 2404 5900 14 1354
1356 0 2574 2388 5912 12.4222 1355
1357 0 2550 2360 5936 21.3238 1356
1358 2 2534.94 2337.41 5951.06 28.0431 1357
1359 2 2513.84 2315.84 5968.8 35.9681 1358
1360 0 2482 2272 6056 14.4924 1359
1361 0 2474 2252 6076 9.31371 1360
1362 0 2466 2236 6088 6.94427 1361
1363 0 2458 2220 6096 12.4222 1362
1364 0 2458 2216 6128 10 1363
1365 0 2462 2212 6140 6.94427 1364
1366 0 2466 2216 6152 6.94427 1365
1367 0 2462 2208 6164 6 1366
1368 0 2462 2208 6172 6 1367
1369 0 2462 2208 6180 3.65685 1368
1370 0 2462 2208 6188 6 1369
1371 0 2462 2208 6196 3.65685 1370
1372 0 2458 2204 6200 6 1371
1373 0 2454 2196 6216 6 1372
1374 0 2450 2192 6220 6 1373
1375 0 2446 2192 6232 6 1374
1376 0 2442 2188 6248 6 1375
1377 0 2430 2180 6264 9.31371 1376
1378 0 2430 2168 6280 9.31371 1377
1379 0 2426 2152 6308 6.94427 1378
1380 0 2426 2148 6324 6 1379
1381 0 2422 2140 6332 6 1380
1382 0 2422 2140 6348 6 1381
1383 0 2422 2140 6356 6 1382
1384 0 2426 2136 6360 6 1383
1385 2 2422 2136 6380 8.5239 1384
1386 2 2425.22 2132.78 6390.45 7.4035 1385
1387 0 2430 2120 6396 6.94427 1386
1388 0 2442 2120 6396 6.94427 1387
1389 0 2458 2128 6384 6.94427 1388
1390 0 2474 2128 6384 6 1389
1391 0 2486 2124 6380 6.94427 1390
1392 0 2502 2108 6372 10 1391
1393 0 2498 2100 6364 6.94427 1392
1394 0 2486 2084 6352 6.94427 1393
1395 0 2482 2076 6348 3.65685 1394
1396 0 2478 2068 6348 6 1395
1397 0 2474 2052 6348 6 1396
1398 0 2474 2040 6356 6 1397
1399 0 2470 2032 6364 6 1398
1400 0 2466 2020 6376 6.94427 1399
1401 0 2462 2008 6384 9.31371 1400
1402 0 2462 1996 6396 6.94427 1401
1403 0 2474 2000 6408 6.94427 1402
1404 0 2478 2004 6416 3.65685 1403
1405 0 2478 2012 6424 6 1404
1406 0 2482 2020 6444 6 1405
1407 0 2482 2024 6456 3.65685 1406
1408 0 2482 2024 6460 2 1407
1409 0 2482 2024 6468 6 1408
1410 0 2482 2028 6484 6 1409
1411 0 2482 2028 6492 6 1410
1412 0 2482 2028 6500 3.65685 1411
1413 0 2486 2024 6504 3.65685 1412
1414 0 2486 2024 6512 6 1413
1415 0 2514 2096 6388 6 1392
1416 0 2530 2096 6392 9.31371 1415
1417 0 2546 2084 6380 6 1416
1418 0 2550 2080 6376 3.65685 1417
1419 0 2558 2080 6368 6.94427 1418
1420 0 2562 2084 6360 6.94427 1419
1421 0 2562 2092 6352 3.65685 1420
1422 0 2562 2096 6352 2 1421
1423 0 2530 2116 6400 9.31371 1416
1424 0 2534 2124 6388 6 1423
1425 0 2538 2124 6380 6 1424
1426 0 2434 2152 6404 6.94427 1386
1427 0 2434 2160 6412 9.31371 1426
1428 0 2434 2172 6420 6.94427 1427
1429 0 2430 2196 6428 12.4222 1428
1430 0 2418 2208 6432 3.65685 1429
1431 0 2414 2208 6432 2 1430
1432 0 2410 2208 6432 2 1431
1433 0 2406 2152 6376 6.94427 1385
1434 0 2394 2168 6376 3.65685 1433
1435 0 2390 2172 6376 2 1434
1436 0 2486 2288 5944 20.6274 1359
1437 0 2470 2284 5928 6.94427 1436
1438 0 2458 2292 5912 9.31371 1437
1439 0 2454 2296 5904 6 1438
1440 0 2450 2300 5892 6.94427 1439
1441 0 2450 2300 5876 6.94427 1440
1442 0 2450 2304 5868 6 1441
1443 0 2442 2304 5860 6 1442
1444 0 2430 2300 5852 6.94427 1443
1445 0 2418 2296 5840 6 1444
1446 0 2402 2300 5836 6 1445
1447 0 2394 2300 5840 6 1446
1448 0 2382 2308 5840 10 1447
1449 0 2362 2300 5840 6 1448
1450 0 2450 2300 5852 6 1443
1451 0 2450 2300 5836 6 1450
1452 0 2450 2304 5828 6 1451
1453 0 2446 2292 5812 6 1452
1454 0 2442 2284 5812 2 1453
1455 0 2442 2280 5812 2 1454
1456 0 2550 2352 5996 6 1358
1457 2 2547.05 2352 6012.85 8.44277 1456
1458 0 2542 2352 6028 6.94427 1457
1459 0 2530 2352 6040 6.94427 1458
1460 0 2518 2352 6056 6.94427 1459
1461 0 2510 2352 6072 6 1460
1462 0 2506 2352 6088 6 1461
1463 0 2502 2352 6104 6.94427 1462
1464 0 2502 2352 6116 10.6491 1463
1465 0 2494 2348 6132 10.6491 1464
1466 0 2486 2356 6148 12.4222 1465
1467 0 2482 2348 6172 9.31371 1466
1468 0 2486 2340 6184 6 1467
1469 0 2486 2340 6200 6.94427 1468
1470 0 2490 2344 6212 9.31371 1469
1471 2 2493.51 2347.51 6222.52 7.23598 1470
1472 0 2502 2352 6232 3.65685 1471
1473 0 2506 2356 6236 6 1472
1474 0 2514 2360 6244 6 1473
1475 0 2518 2364 6248 3.65685 1474
1476 0 2522 2376 6256 9.31371 1475
1477 0 2538 2400 6268 10.6491 1476
1478 0 2562 2400 6264 10 1477
1479 0 2570 2404 6256 6 1478
1480 0 2578 2412 6256 3.65685 1479
1481 0 2578 2416 6252 2 1480
1482 0 2486 2336 6228 6 1471
1483 0 2482 2320 6244 6 1482
1484 0 2478 2316 6248 3.65685 1483
1485 0 2474 2312 6248 3.65685 1484
1486 0 2470 2308 6244 2 1485
1487 0 2470 2376 6148 6 1466
1488 0 2462 2384 6152 6 1487
1489 0 2458 2404 6156 6 1488
1490 0 2454 2408 6160 6 1489
1491 0 2562 2344 6016 3.65685 1457
1492 0 2566 2340 6020 3.65685 1491
1493 0 2574 2332 6020 6 1492
1494 0 2574 2324 6024 6 1493
1495 0 2534 2336 5920 18 1357
1496 0 2518 2340 5904 6 1495
1497 0 2502 2336 5884 9.31371 1496
1498 0 2494 2328 5876 9.31371 1497
1499 0 2482 2328 5876 6.94427 1498
1500 0 2466 2312 5864 6 1499
1501 0 2674 2424 5896 6.94427 1353
1502 0 2690 2412 5904 9.31371 1501
1503 0 2710 2404 5916 6.94427 1502
1504 0 2718 2400 5920 9.31371 1503
1505 0 2734 2396 5924 6.94427 1504
1506 0 2750 2380 5936 6 1505
1507 0 2754 2368 5936 2 1506
1508 0 2650 2408 5860 9.31371 1352
1509 0 2646 2404 5852 3.65685 1508
1510 0 2642 2400 5848 6 1509
1511 0 2626 2396 5832 6 1510
1512 0 2618 2388 5816 6 1511
1513 0 2622 2380 5808 6 1512
1514 0 2622 2372 5800 6 1513
1515 0 2634 2356 5784 9.31371 1514
1516 0 2642 2336 5776 9.31371 1515
1517 0 2654 2328 5768 9.31371 1516
1518 0 2662 2328 5756 6 1517
1519 0 2670 2320 5744 6 1518
1520 0 2674 2316 5732 9.31371 1519
1521 0 2678 2316 5712 6 1520
1522 0 2678 2316 5704 3.65685 1521
1523 0 2678 2316 5696 6 1522
1524 0 2678 2316 5688 6 1523
1525 0 2678 2316 5680 3.65685 1524
1526 0 2682 2316 5672 3.65685 1525
1527 0 2682 2316 5664 3.65685 1526
1528 0 2686 2312 5660 6 1527
1529 0 2690 2308 5652 6 1528
1530 0 2694 2304 5648 3.65685 1529
1531 0 2694 2300 5640 3.65685 1530
1532 0 2698 2296 5636 2 1531
1533 0 2654 2312 5780 6.94427 1517
1534 0 2642 2308 5796 6.94427 1533
1535 2 2689.97 2486.24 5830.17 28.2645 1349
1536 2 2674.5 2511.54 5824.55 38.1625 1535
1537 2 2666.68 2524.35 5821.7 43.1726 1536
1538 0 2662 2532 5820 46.1664 1537
1539 2 2606.05 2520.81 5801.35 38.5518 1538
1540 0 2562 2524 5796 26.2843 1539
1541 0 2542 2548 5792 6 1540
1542 0 2538 2564 5792 6 1541
1543 0 2538 2572 5792 2 1542
1544 0 2542 2576 5788 3.65685 1543
1545 0 2542 2584 5788 6 1544
1546 0 2542 2600 5788 6 1545
1547 0 2538 2616 5780 6 1546
1548 0 2538 2632 5780 6 1547
1549 0 2534 2656 5780 9.31371 1548
1550 0 2530 2672 5768 6 1549
1551 0 2526 2680 5760 6 1550
1552 0 2522 2684 5756 6 1551
1553 0 2518 2688 5752 3.65685 1552
1554 0 2514 2692 5752 3.65685 1553
1555 0 2510 2696 5748 6 1554
1556 0 2486 2696 5736 12.4222 1555
1557 0 2470 2704 5724 6.94427 1556
1558 0 2458 2708 5708 6 1557
1559 0 2454 2708 5700 6 1558
1560 0 2454 2708 5692 3.65685 1559
1561 0 2454 2708 5688 3.65685 1560
1562 0 2454 2708 5680 6 1561
1563 0 2450 2708 5668 3.65685 1562
1564 0 2446 2712 5664 6 1563
1565 0 2442 2708 5660 6 1564
1566 0 2432.36 2714.45 5641.55 10.5163 1565
1567 0 2418 2736 5620 6.94427 1566
1568 0 2410 2744 5612 10.6491 1567
1569 0 2390 2748 5592 6.94427 1568
1570 0 2378 2748 5580 10 1569
1571 0 2366 2760 5564 9.31371 1570
1572 0 2358 2768 5556 9.31371 1571
1573 0 2362 2776 5544 9.31371 1572
1574 0 2358 2772 5532 9.31371 1573
1575 0 2354 2772 5520 3.65685 1574
1576 0 2354 2776 5512 6 1575
1577 0 2346 2776 5504 3.65685 1576
1578 0 2342 2780 5500 2 1577
1579 0 2338 2780 5500 2 1578
1580 0 2334 2780 5500 2 1579
1581 0 2438 2708 5620 6.94427 1566
1582 0 2438 2704 5612 3.65685 1581
1583 0 2434 2696 5604 6 1582
1584 0 2434 2692 5596 2 1583
1585 0 2434 2688 5592 3.65685 1584
1586 0 2434 2684 5588 2 1585
1587 0 2430 2680 5584 3.65685 1586
1588 0 2430 2672 5580 6 1587
1589 0 2430 2668 5572 6 1588
1590 0 2530 2664 5796 6.94427 1549
1591 0 2526 2668 5808 6 1590
1592 0 2522 2672 5812 6 1591
1593 0 2538 2496 5804 6.94427 1540
1594 0 2530 2492 5804 3.65685 1593
1595 0 2526 2488 5808 6 1594
1596 0 2514 2484 5816 6 1595
1597 0 2506 2484 5824 9.31371 1596
1598 0 2486 2480 5832 10.6491 1597
1599 0 2474 2464 5836 3.65685 1598
1600 0 2470 2460 5836 2 1599
1601 0 2470 2456 5836 2 1600
1602 0 2470 2452 5836 2 1601
1603 0 2470 2448 5836 2 1602
1604 0 2618 2492 5768 9.31371 1539
1605 0 2610 2484 5764 3.65685 1604
1606 0 2602 2476 5756 6.94427 1605
1607 0 2598 2472 5748 6.94427 1606
1608 0 2598 2468 5740 3.65685 1607
1609 0 2590 2456 5732 6.94427 1608
1610 0 2578 2436 5736 6.94427 1609
1611 0 2578 2420 5736 6 1610
1612 0 2570 2400 5736 6.94427 1611
1613 0 2566 2392 5732 3.65685 1612
1614 0 2562 2388 5728 6 1613
1615 0 2554 2380 5724 6 1614
1616 0 2542 2368 5720 6.94427 1615
1617 0 2538 2360 5712 10 1616
1618 0 2530 2352 5704 6 1617
1619 0 2650 2580 5808 26 1538
1620 0 2642 2620 5784 37.3954 1619
1621 0 2662 2680 5772 12.4222 1620
1622 0 2662 2692 5764 6 1621
1623 0 2658 2712 5756 10 1622
1624 0 2658 2724 5752 6 1623
1625 0 2662 2748 5744 6.94427 1624
1626 0 2666 2764 5740 6 1625
1627 0 2662 2652 5816 10 1620
1628 0 2658 2676 5828 6 1627
1629 0 2654 2692 5844 6 1628
1630 0 2654 2692 5852 6 1629
1631 0 2650 2696 5856 3.65685 1630
1632 0 2638 2700 5864 10 1631
1633 0 2622 2704 5880 6 1632
1634 0 2614 2704 5888 6 1633
1635 2 2611.6 2528 5858.8 10.8 1537
1636 0 2594 2524 5872 6.94427 1635
1637 0 2578 2512 5880 6.94427 1636
1638 0 2570 2504 5888 6 1637
1639 0 2562 2500 5892 6 1638
1640 0 2618 2548 5872 6 1635
1641 0 2618 2556 5880 6 1640
1642 0 2614 2556 5892 6 1641
1643 0 2618 2556 5900 3.65685 1642
1644 0 2618 2560 5904 2 1643
1645 0 2670 2544 5892 3.65685 1536
1646 0 2666 2540 5904 9.31371 1645
1647 0 2662 2524 5912 9.31371 1646
1648 0 2662 2512 5916 6 1647
1649 0 2662 2504 5916 6 1648
1650 0 2658 2496 5920 9.31371 1649
1651 0 2654 2488 5928 9.31371 1650
1652 0 2650 2484 5936 6 1651
1653 0 2650 2476 5952 6 1652
1654 0 2646 2472 5964 6.94427 1653
1655 0 2638 2476 5984 6.94427 1654
1656 0 2634 2480 5996 6 1655
1657 0 2690 2492 5884 9.31371 1535
1658 0 2678 2480 5896 6.94427 1657
1659 0 2662 2468 5900 6 1658
1660 0 2770 2436 5800 6 1346
1661 0 2774 2440 5804 6 1660
1662 0 2774 2452 5804 2 1661
1663 0 2774 2456 5808 3.65685 1662
1664 0 2770 2464 5808 6 1663
1665 0 2770 2476 5808 6 1664
1666 0 2766 2488 5800 6 1665
1667 0 2770 2496 5792 6 1666
1668 0 2770 2504 5784 3.65685 1667
1669 0 2774 2508 5780 6 1668
1670 0 2786 2516 5768 3.65685 1669
1671 0 2790 2520 5764 3.65685 1670
1672 0 2798 2528 5756 6.94427 1671
1673 0 2802 2532 5748 6.94427 1672
1674 0 2810 2536 5740 3.65685 1673
1675 0 2814 2536 5736 2 1674
1676 0 2814 2536 5732 2 1675
1677 0 2766 2340 5772 9.31371 1344
1678 0 2766 2320 5772 9.31371 1677
1679 0 2774 2316 5776 6 1678
1680 0 2778 2312 5780 6 1679
1681 0 2778 2312 5788 3.65685 1680
1682 0 2778 2312 5792 3.65685 1681
1683 0 2782 2308 5796 2 1682
1684 0 2786 2368 5728 9.31371 1343
1685 0 2778 2372 5720 3.65685 1684
1686 0 2770 2372 5712 6 1685
1687 0 2758 2384 5704 6 1686
1688 0 2750 2396 5696 6 1687
1689 0 2746 2404 5688 6 1688
1690 0 2742 2408 5684 6 1689
1691 0 2742 2424 5680 6 1690
1692 0 2742 2440 5672 6 1691
1693 0 2742 2456 5668 6 1692
1694 0 2742 2472 5668 6 1693
1695 0 2746 2488 5668 6 1694
1696 0 2746 2504 5668 6 1695
1697 0 2746 2512 5668 6.94427 1696
1698 0 2738 2520 5664 6 1697
1699 0 2738 2532 5664 10.6491 1698
1700 0 2722 2544 5672 6.94427 1699
1701 0 2706 2552 5676 6 1700
1702 0 2690 2564 5680 6 1701
1703 0 2678 2568 5680 9.31371 1702
1704 0 2666 2576 5680 6 1703
1705 0 2658 2580 5680 6.94427 1704
1706 0 2650 2588 5672 6.94427 1705
1707 0 2646 2596 5672 6 1706
1708 0 2642 2604 5664 6 1707
1709 0 2630 2608 5652 6 1708
1710 0 2622 2616 5644 2 1709
1711 0 2902 2344 5740 6 46
1712 0 2914 2332 5736 6 1711
1713 0 2914 2332 5728 2 1712
1714 0 2914 2332 5724 2 1713
1715 0 2910 2332 5720 2 1714
1716 0 2906 2328 5716 2 1715
1717 0 2929.33 2423.33 5856 15.5316 44
1718 0 2942 2460 5848 10.6491 1717
1719 0 2934 2492 5836 10.6491 1718
1720 0 2930 2520 5824 12.4222 1719
1721 0 2922 2536 5820 18 1720
1722 0 2930 2556 5816 14 1721
1723 2 2947.14 2595.43 5800.29 23.8758 1722
1724 2 2956.59 2630.37 5789.41 29.5516 1723
1725 0 2989.36 2666.76 5803.36 36.0373 1724
1726 0 3027.16 2671.07 5841.16 41.1361 1725
1727 0 3074 2672 5884 18 1726
1728 0 3086 2692 5896 6.94427 1727
1729 0 3086 2708 5912 6 1728
1730 0 3086 2708 5928 6 1729
1731 0 3086 2708 5936 6 1730
1732 0 3082 2712 5948 9.31371 1731
1733 0 3082 2720 5956 6.94427 1732
1734 0 3074 2724 5964 6 1733
1735 0 3070 2732 5980 9.31371 1734
1736 0 3070 2744 5988 10 1735
1737 0 3062 2752 5996 6.94427 1736
1738 0 3062 2764 6004 6.94427 1737
1739 0 3062 2784 6008 10 1738
1740 0 3062 2796 6012 10 1739
1741 0 3062 2808 6012 6 1740
1742 0 3058 2820 6012 6 1741
1743 0 3054 2832 6004 6 1742
1744 0 3046 2844 6000 6 1743
1745 0 3042 2856 5988 6 1744
1746 0 3042 2864 5968 6 1745
1747 0 3042 2868 5952 6 1746
1748 0 3046 2872 5940 6 1747
1749 0 3046 2876 5932 6 1748
1750 0 3030 2892 5928 10.6491 1749
1751 0 3034 2908 5936 6 1750
1752 0 3030 2924 5948 6 1751
1753 0 3026 2936 5960 6.94427 1752
1754 0 3018 2944 5964 9.31371 1753
1755 0 3010 2948 5972 6.94427 1754
1756 0 2990 2948 5972 6 1755
1757 0 2982 2948 5972 6 1756
1758 0 2958 2960 5976 12.4222 1757
1759 0 2946 2964 5972 6.94427 1758
1760 0 3090 2652 5892 9.31371 1727
1761 0 3110 2640 5904 9.31371 1760
1762 0 3114 2632 5916 9.31371 1761
1763 0 3118 2628 5924 6 1762
1764 0 3126 2628 5932 6 1763
1765 2 3130 2617.88 5950.12 10.3355 1764
1766 0 3126 2592 5980 9.31371 1765
1767 0 3130 2580 6008 6.94427 1766
1768 0 3130 2572 6020 6 1767
1769 0 3130 2564 6032 6.94427 1768
1770 0 3118 2556 6048 6 1769
1771 0 3118 2556 6056 6 1770
1772 0 3106 2548 6068 6.94427 1771
1773 0 3106 2548 6076 6.94427 1772
1774 0 3150 2624 5952 6 1765
1775 0 3166 2624 5952 6 1774
1776 0 3174 2624 5952 6 1775
1777 0 3186 2620 5952 10.6491 1776
1778 0 3206 2612 5948 6.94427 1777
1779 0 3222 2612 5940 6 1778
1780 0 3230 2612 5940 3.65685 1779
1781 0 3234 2616 5940 2 1780
1782 0 3238 2616 5940 2 1781
1783 0 2982 2684 5872 14.4924 1726
1784 0 2954 2696 5880 10 1783
1785 0 2934 2700 5892 10 1784
1786 0 2910 2712 5900 10.6491 1785
1787 0 2898 2728 5904 9.31371 1786
1788 0 2886 2740 5916 6 1787
1789 0 2878 2756 5928 6.94427 1788
1790 0 2870 2764 5936 6 1789
1791 0 2866 2768 5948 6 1790
1792 0 2862 2772 5952 6 1791
1793 0 2862 2776 5960 3.65685 1792
1794 0 2858 2780 5964 2 1793
1795 0 3042 2700 5784 23.6125 1725
1796 0 3042 2724 5776 3.65685 1795
1797 0 3042 2728 5776 2 1796
1798 0 2970 2596 5724 18 1724
1799 0 2974 2604 5708 10.6491 1798
1800 0 2970 2612 5700 10.6491 1799
1801 0 2970 2612 5688 6 1800
1802 0 2946 2608 5852 18 1723
1803 0 2902 2532 5804 6 1721
1804 0 2898 2524 5788 6 1803
1805 0 2898 2520 5776 6 1804
1806 0 2898 2520 5760 6 1805
1807 0 2898 2520 5752 3.65685 1806
1808 0 2898 2520 5744 3.65685 1807
1809 0 2898 2520 5736 6 1808
1810 0 2894 2528 5724 6 1809
1811 0 2890 2524 5712 6 1810
1812 0 2942 2424 5832 14 1717
1813 0 2950 2420 5820 9.31371 1812
1814 0 2958 2424 5800 9.31371 1813
1815 0 2962 2424 5788 9.31371 1814
1816 0 2962 2424 5776 6 1815
1817 0 2966 2420 5772 6 1816
1818 0 2970 2416 5764 2 1817
1819 0 2970 2416 5760 2 1818
1820 0 2910 2276 5972 14 41
1821 0 2930 2248 5960 10 1820
1822 0 2950.43 2239.14 5938.71 13.244 1821
1823 0 2954 2232 5928 6.94427 1822
1824 0 2958 2224 5912 12.4222 1823
1825 0 2978 2228 5880 12.4222 1824
1826 0 2994 2228 5864 14.4924 1825
1827 0 3022 2232 5844 29.241 1826
1828 2 3033.04 2265.13 5836.64 33.4152 1827
1829 0 3079.92 2317.5 5836.21 29.5945 1828
1830 0 3138 2368 5840 6.94427 1829
1831 0 3154 2372 5836 6 1830
1832 0 3162 2372 5836 6.94427 1831
1833 0 3178 2388 5832 6.94427 1832
1834 0 3186 2396 5832 9.31371 1833
1835 0 3198 2396 5836 6 1834
1836 0 3214 2392 5840 12.4222 1835
1837 0 3226 2400 5844 9.31371 1836
1838 0 3242 2412 5844 10 1837
1839 0 3262 2420 5848 6.94427 1838
1840 0 3278 2432 5848 6.94427 1839
1841 0 3286 2436 5852 9.31371 1840
1842 0 3306 2444 5860 6 1841
1843 0 3322 2444 5864 6 1842
1844 0 3330 2444 5872 6 1843
1845 0 3342 2452 5876 6 1844
1846 0 3350 2456 5884 3.65685 1845
1847 0 3354 2460 5888 6 1846
1848 0 3366 2456 5904 6 1847
1849 0 3366 2452 5912 6 1848
1850 0 3370 2448 5916 3.65685 1849
1851 0 3378 2440 5924 3.65685 1850
1852 0 3382 2436 5928 6 1851
1853 0 3390 2432 5936 6.94427 1852
1854 0 3406 2428 5944 6 1853
1855 0 3418 2420 5956 6 1854
1856 0 3430 2412 5964 6 1855
1857 0 3442 2408 5984 9.31371 1856
1858 0 3446 2412 6000 6 1857
1859 0 3446 2416 6012 3.65685 1858
1860 0 3446 2416 6016 2 1859
1861 0 3442 2416 6020 3.65685 1860
1862 0 3442 2412 6028 6.94427 1861
1863 0 3438 2404 6036 6 1862
1864 0 3438 2396 6044 6 1863
1865 0 3446 2388 6048 3.65685 1864
1866 0 3450 2380 6056 6.94427 1865
1867 0 3458 2368 6068 6 1866
1868 0 3466 2364 6080 6 1867
1869 0 3474 2360 6096 6 1868
1870 0 3478 2360 6112 6 1869
1871 0 3474 2356 6120 3.65685 1870
1872 0 3474 2356 6124 3.65685 1871
1873 0 3470 2352 6128 6 1872
1874 0 3462 2352 6136 6 1873
1875 0 3426 2408 6036 6 1863
1876 0 3410 2412 6036 6 1875
1877 0 3394 2416 6032 6 1876
1878 0 3382 2432 5952 2 1853
1879 0 3382 2440 5960 6 1878
1880 0 3374 2448 5968 6.94427 1879
1881 0 3362 2460 5972 6.94427 1880
1882 0 3346 2476 5984 6.94427 1881
1883 0 3370 2424 5952 2 1878
1884 0 3366 2420 5952 2 1883
1885 0 3370 2416 5952 2 1884
1886 0 3374 2416 5952 2 1885
1887 0 3378 2416 5952 2 1886
1888 0 3382 2416 5956 2 1887
1889 0 3386 2416 5956 2 1888
1890 0 3390 2416 5956 2 1889
1891 0 3330 2436 5952 2 1884
1892 0 3326 2432 5952 2 1891
1893 0 3118 2336 5808 18 1829
1894 0 2990 2276 5788 12.4222 1828
1895 0 2970 2280 5760 10.6491 1894
1896 0 2950 2280 5760 9.31371 1895
1897 0 2938 2264 5764 6 1896
1898 0 2938 2256 5764 6.94427 1897
1899 0 2930 2248 5772 6.94427 1898
1900 0 2926 2240 5780 2 1899
1901 0 2926 2236 5784 2 1900
1902 0 3050 2200 5812 20.6274 1827
1903 0 3078.53 2161.33 5803.73 17.4079 1902
1904 0 3102 2112 5760 28.4631 1903
1905 2 3125.48 2084.67 5724.52 39.1014 1904
1906 2 3128.52 2083.33 5721.48 39.0685 1905
1907 2 3153.19 2072.36 5696.81 38.8009 1906
1908 2 3232.29 2042.63 5668 32.1671 1907
1909 0 3270 1996 5668 6.94427 1908
1910 0 3282 1980 5668 6.94427 1909
1911 0 3294 1964 5660 6.94427 1910
1912 0 3306 1944 5648 9.31371 1911
1913 0 3314 1920 5632 10 1912
1914 0 3310 1912 5624 6 1913
1915 0 3310 1900 5620 6 1914
1916 0 3310 1884 5616 6 1915
1917 0 3310 1872 5608 6.94427 1916
1918 0 3314 1860 5600 6 1917
1919 0 3318 1856 5596 6 1918
1920 0 3318 1848 5592 2 1919
1921 0 3322 1844 5588 3.65685 1920
1922 0 3322 1836 5580 9.31371 1921
1923 0 3322 1812 5568 12.4222 1922
1924 0 3322 1800 5564 6.94427 1923
1925 0 3326 1788 5560 6 1924
1926 0 3330 1784 5556 6 1925
1927 0 3254 2012 5624 9.31371 1908
1928 0 3278 2012 5608 10.6491 1927
1929 0 3306 2040 5616 23.6125 1928
1930 0 3342 2032 5616 6.94427 1929
1931 0 3354 2028 5616 6 1930
1932 0 3366 2024 5620 10.6491 1931
1933 0 3378 2020 5624 6 1932
1934 0 3114 2036 5664 15.8885 1907
1935 0 3102 2024 5668 6 1934
1936 0 3086 2016 5680 9.31371 1935
1937 0 3074 2012 5684 2 1936
1938 0 3114 2036 5728 9.31371 1906
1939 0 3106 2028 5720 9.31371 1938
1940 0 3106 2024 5708 6 1939
1941 0 3130 2088 5664 48.1199 1905
1942 0 3102 2044 5612 10 1941
1943 0 3090 2040 5592 6 1942
1944 0 3086 2036 5580 6.94427 1943
1945 0 3094 2016 5564 9.31371 1944
1946 0 3106 2000 5556 3.65685 1945
1947 0 3106 1996 5556 3.65685 1946
1948 0 3114 1988 5552 6.94427 1947
1949 0 3114 1972 5548 6 1948
1950 0 3110 1940 5544 10 1949
1951 0 3106 1924 5548 2 1950
1952 0 3070 2032 5584 9.31371 1944
1953 0 3062 2028 5576 9.31371 1952
1954 0 3062 2024 5560 6 1953
1955 2 3103.9 2171.04 5822.34 12.8438 1903
1956 0 3122 2172 5824 6 1955
1957 0 3130 2172 5824 6 1956
1958 0 3142 2168 5828 10 1957
1959 0 3150 2172 5836 10 1958
1960 0 3166 2172 5840 6 1959
1961 0 3178 2184 5840 6.94427 1960
1962 0 3186 2200 5840 6.94427 1961
1963 0 3194 2212 5840 12.4222 1962
1964 0 3190 2236 5852 6 1963
1965 0 3186 2244 5860 6 1964
1966 0 3182 2256 5872 6 1965
1967 0 3182 2264 5880 6 1966
1968 0 3182 2264 5888 3.65685 1967
1969 0 3182 2268 5896 6.94427 1968
1970 0 3190 2268 5912 6 1969
1971 0 3202 2264 5924 6 1970
1972 0 3210 2260 5940 6.94427 1971
1973 2 3217.11 2256.44 5947.11 6.94427 1972
1974 0 3230 2252 5952 6 1973
1975 0 3246 2252 5960 6.94427 1974
1976 0 3266 2244 5964 6 1975
1977 0 3286 2236 5964 9.31371 1976
1978 0 3306 2216 5956 6.94427 1977
1979 0 3314 2208 5952 6.94427 1978
1980 0 3202 2256 5960 6 1973
1981 0 3186 2252 5976 9.31371 1980
1982 0 3174 2252 5980 6 1981
1983 0 3162 2248 5984 9.31371 1982
1984 0 3150 2248 5984 2 1983
1985 0 3146 2248 5984 2 1984
1986 0 3214 2228 5816 12.4222 1963
1987 0 3222 2240 5808 14 1986
1988 0 3214 2264 5792 6.94427 1987
1989 0 3206 2276 5784 6.94427 1988
1990 0 3198 2292 5776 6 1989
1991 0 3194 2304 5768 6 1990
1992 0 3190 2312 5764 3.65685 1991
1993 0 3186 2316 5760 3.65685 1992
1994 0 3182 2320 5756 6 1993
1995 0 3170 2328 5748 6.94427 1994
1996 0 3158 2336 5740 10 1995
1997 0 3146 2336 5736 9.31371 1996
1998 0 3138 2332 5732 6 1997
1999 0 3098 2168 5852 14.4924 1955
2000 0 3110 2180 5864 6.94427 1999
2001 0 3118 2192 5876 10 2000
2002 0 3118 2204 5880 6 2001
2003 0 2946 2204 5912 12.4222 1824
2004 2 2919.3 2185.58 5922.42 21.6548 2003
2005 0 2910 2180 5928 24.8328 2004
2006 2 2894.45 2145.79 5928 26.3966 2005
2007 2 2822 2120 5932 19.3333 2006
2008 0 2790 2120 5932 19.5407 2007
2009 0 2762 2124 5932 27.1204 2008
2010 0 2730 2100 5932 21.3238 2009
2011 2 2727.21 2055.26 5934.79 19.2105 2010
2012 0 2714 1988 5936 12.4222 2011
2013 2 2710.26 1957.04 5913.04 17.7408 2012
2014 0 2712.88 1952 5888.16 12.3066 2013
2015 0 2722 1952 5876 6.94427 2014
2016 0 2734 1952 5872 6.94427 2015
2017 0 2742 1968 5856 10 2016
2018 0 2750 1976 5848 6 2017
2019 0 2750 1976 5840 6 2018
2020 0 2758 1980 5832 6 2019
2021 0 2762 1984 5828 3.65685 2020
2022 0 2766 1988 5820 6.94427 2021
2023 0 2774 1996 5812 6.94427 2022
2024 0 2782 2000 5808 3.65685 2023
2025 0 2790 2008 5804 6.94427 2024
2026 0 2810 2016 5796 6.94427 2025
2027 0 2830 2020 5784 6.94427 2026
2028 0 2846 2024 5776 6 2027
2029 0 2862 2024 5776 6 2028
2030 0 2870 2024 5776 6 2029
2031 0 2878 2024 5776 2 2030
2032 0 2886 2028 5768 6.94427 2031
2033 0 2894 2028 5760 10 2032
2034 0 2902 2028 5736 6 2033
2035 0 2902 2028 5728 3.65685 2034
2036 0 2898 2032 5716 6 2035
2037 0 2898 2036 5708 2 2036
2038 0 2894 2044 5700 6.94427 2037
2039 0 2886 2056 5696 2 2038
2040 0 2886 2060 5696 2 2039
2041 0 2886 2064 5696 2 2040
2042 0 2886 2068 5696 2 2041
2043 0 2886 2072 5696 2 2042
2044 0 2886 2076 5696 2 2043
2045 0 2882 2084 5696 6 2044
2046 0 2878 2092 5700 3.65685 2045
2047 0 2874 2092 5700 2 2046
2048 0 2710 1968 5868 6 2014
2049 0 2710 1976 5860 6.94427 2048
2050 0 2710 1980 5852 3.65685 2049
2051 0 2706 1984 5844 6 2050
2052 0 2706 1988 5828 6 2051
2053 0 2702 1992 5812 6 2052
2054 0 2698 1996 5800 9.31371 2053
2055 0 2706 1984 5784 6 2054
2056 0 2706 1976 5776 6 2055
2057 0 2714 1920 5928 21.3238 2013
2058 0 2698 1876 5944 46.1664 2057
2059 2 2712.69 1843.67 5946.94 31.5591 2058
2060 0 2770 1792 5932 12.4222 2059
2061 0 2782 1784 5920 6 2060
2062 0 2790 1780 5912 2 2061
2063 0 2794 1780 5912 2 2062
2064 0 2798 1780 5912 2 2063
2065 0 2802 1780 5912 2 2064
2066 0 2674 1820 5980 21.3238 2059
2067 0 2646 1792 5996 10.6491 2066
2068 2 2707.19 1889.79 5985.36 29.9857 2058
2069 0 2726 1904 6036 6 2068
2070 0 2726 1856 6008 12.4222 2068
2071 0 2726 1844 6016 6 2070
2072 0 2726 1836 6024 6 2071
2073 0 2722 1828 6028 2 2072
2074 0 2722 1824 6028 2 2073
2075 0 2734 2064 5972 6.94427 2011
2076 0 2734 2056 5980 3.65685 2075
2077 0 2734 2056 5984 3.65685 2076
2078 0 2734 2056 5992 6 2077
2079 0 2734 2064 6004 6 2078
2080 0 2690.89 2120.06 5928 16.4941 2010
2081 0 2670 2132 5928 28.4631 2080
2082 0 2626 2156 5916 6.94427 2081
2083 0 2598 2160 5920 6 2082
2084 0 2582 2156 5928 14.9706 2083
2085 0 2578 2140 5928 6.94427 2084
2086 0 2570 2132 5932 6 2085
2087 0 2566 2116 5936 6 2086
2088 0 2566 2096 5940 10 2087
2089 0 2550 2076 5944 3.65685 2088
2090 0 2546 2067.2 5949.6 6 2089
2091 0 2550 2064 5968 3.65685 2090
2092 0 2554 2064 5976 3.65685 2091
2093 0 2554 2064 5980 3.65685 2092
2094 0 2554 2064 5984 2 2093
2095 0 2558 2068 5992 6 2094
2096 0 2566 2076 6000 9.31371 2095
2097 0 2574 2084 6008 9.31371 2096
2098 0 2586 2088 6008 6.94427 2097
2099 0 2526 2052 5952 9.31371 2090
2100 0 2510 2044 5960 3.65685 2099
2101 0 2506 2044 5960 2 2100
2102 2 2644.04 2113.45 5950.25 11.9447 2081
2103 0 2626 2112 5972 9.31371 2102
2104 0 2622 2108 5984 6 2103
2105 0 2622 2104 5996 6 2104
2106 0 2626 2116 5940 6.94427 2102
2107 0 2618 2116 5940 6 2106
2108 0 2602 2112 5936 9.31371 2107
2109 0 2694 2132 5972 15.8885 2080
2110 0 2706 2136 5988 10 2109
2111 0 2714 2152 6012 6.94427 2110
2112 0 2718 2164 6024 6.94427 2111
2113 0 2722 2176 6032 10 2112
2114 0 2730 2184 6044 6 2113
2115 0 2730 2188 6056 6 2114
2116 0 2734 2188 6072 6 2115
2117 0 2734 2180 6080 6.94427 2116
2118 0 2734 2180 6096 6 2117
2119 0 2738 2176 6100 6 2118
2120 0 2738 2176 6108 2 2119
2121 0 2738 2176 6112 2 2120
2122 0 2742 2176 6120 6 2121
2123 0 2742 2172 6132 3.65685 2122
2124 0 2738 2168 6136 6 2123
2125 0 2734 2160 6156 6 2124
2126 0 2830 2120 5964 6 2007
2127 0 2834 2120 5980 6 2126
2128 0 2838 2116 5988 6.94427 2127
2129 0 2842 2120 5996 6 2128
2130 0 2898 2136 5900 18 2006
2131 0 2910 2124 5892 9.31371 2130
2132 0 2934 2108 5892 10 2131
2133 0 2942 2100 5892 6 2132
2134 0 2954 2092 5892 6.94427 2133
2135 0 2958 2072 5896 6 2134
2136 0 2962 2068 5900 6 2135
2137 0 2914 2180 5960 6.94427 2005
2138 0 2914 2168 5972 6 2137
2139 0 2910 2152 5976 6 2138
2140 0 2910 2136 5984 6 2139
2141 0 2910 2128 5992 6.94427 2140
2142 0 2918 2124 5996 6 2141
2143 0 2898 2196 5900 12.4222 2004
2144 2 2862.67 2227.67 5884.33 28.1725 2143
2145 0 2830 2228 5856 26.2843 2144
2146 0 2882 2228 5828 14 2144
2147 0 2976.71 2260.9 5935.1 9.59779 1822
2148 0 2986 2264 5932 6 2147
2149 0 2998 2268 5936 10 2148
2150 0 3010 2272 5940 6.94427 2149
2151 0 3022 2280 5952 6.94427 2150
2152 0 3026 2296 5968 6 2151
2153 0 3030 2308 5972 10 2152
2154 0 3038 2332 5976 10 2153
2155 0 3034 2348 5972 12.4222 2154
2156 0 3042 2372 5968 6.94427 2155
2157 0 3050 2380 5964 6.94427 2156
2158 0 3054 2396 5960 6.94427 2157
2159 0 3062 2412 5960 6.94427 2158
2160 0 3070 2424 5960 6 2159
2161 0 3074 2440 5960 6 2160
2162 0 3078 2448 5960 6 2161
2163 0 3074 2464 5964 6 2162
2164 0 3074 2476 5968 9.31371 2163
2165 0 3070 2492 5976 10 2164
2166 0 3070 2500 5984 9.31371 2165
2167 0 3078 2508 5988 3.65685 2166
2168 0 3082 2512 5988 3.65685 2167
2169 0 3086 2520 5988 6.94427 2168
2170 0 3102 2524 5988 6 2169
2171 0 3122 2520 5988 6.94427 2170
2172 0 3138 2520 5988 6 2171
2173 0 3146 2520 5984 6 2172
2174 0 3150 2520 5976 3.65685 2173
2175 0 3154 2520 5972 3.65685 2174
2176 0 3158 2524 5968 6 2175
2177 0 3166 2528 5956 6 2176
2178 0 3174 2528 5948 3.65685 2177
2179 0 3178 2532 5944 6 2178
2180 0 3186 2532 5928 6 2179
2181 0 3198 2536 5916 9.31371 2180
2182 0 3206 2540 5896 9.31371 2181
2183 0 3214 2544 5892 9.31371 2182
2184 0 3226 2552 5892 3.65685 2183
2185 0 3234 2560 5896 6.94427 2184
2186 0 3250 2576 5896 6 2185
2187 0 3270 2592 5892 9.31371 2186
2188 0 3278 2596 5888 9.31371 2187
2189 0 3282 2600 5876 6 2188
2190 0 3282 2604 5868 2 2189
2191 0 3282 2608 5864 3.65685 2190
2192 0 3278 2616 5856 6.94427 2191
2193 0 3262 2632 5848 6.94427 2192
2194 0 3246 2652 5832 9.31371 2193
2195 0 3238 2672 5824 9.31371 2194
2196 0 3234 2680 5820 6 2195
2197 0 3050 2512 5988 10.6491 2166
2198 0 3050 2528 5988 10.6491 2197
2199 0 3046 2544 5972 6 2198
2200 0 3046 2548 5964 6 2199
2201 0 3054 2552 5952 6.94427 2200
2202 0 3058 2560 5944 9.31371 2201
2203 0 3054 2572 5932 6.94427 2202
2204 0 3046 2588 5924 9.31371 2203
2205 0 3038 2604 5904 9.31371 2204
2206 0 3078 2512 5960 6.94427 2165
2207 0 3086 2520 5952 6.94427 2206
2208 0 3090 2528 5952 6 2207
2209 0 2990 2288 5940 14.4924 2147
2210 0 2994 2300 5928 9.31371 2209
2211 0 2942 2268 6116 9.31371 40
2212 0 2950 2264 6112 6 2211
2213 2 2971.33 2262.67 6094.67 9.54247 2212
2214 0 2982 2272 6088 3.65685 2213
2215 0 2994 2276 6084 6 2214
2216 0 3010 2284 6072 6 2215
2217 0 3022 2280 6056 6 2216
2218 0 3034 2276 6048 6 2217
2219 0 3046 2280 6044 6.94427 2218
2220 0 3058 2280 6032 6.94427 2219
2221 0 3066 2280 6016 6 2220
2222 0 3070 2284 6012 3.65685 2221
2223 0 3074 2288 6008 6 2222
2224 0 3078 2292 6004 6 2223
2225 0 3082 2296 6000 3.65685 2224
2226 0 3086 2296 6000 2 2225
2227 0 2954 2248 6080 6 2213
2228 0 2946 2236 6068 6 2227
2229 0 2930 2224 6056 6 2228
2230 0 2914 2224 6044 6 2229
2231 0 2906 2220 6036 2 2230
2232 0 2930 2208 6188 14.4924 39
2233 0 2950 2176 6196 15.8885 2232
2234 0 2954 2140 6216 10 2233
2235 0 2958 2116 6240 14 2234
2236 0 2962 2104 6252 9.31371 2235
2237 0 2962 2088 6276 9.31371 2236
2238 0 2962 2072 6292 10.6491 2237
2239 0 2958 2056 6304 14 2238
2240 0 2966 2028 6332 12.4222 2239
2241 0 2978 2012 6360 12.4222 2240
2242 0 2986 1996 6384 9.31371 2241
2243 0 2998 1988 6408 6.94427 2242
2244 0 2998 1984 6420 10 2243
2245 0 2998 1968 6456 18 2244
2246 2 2994 1961.06 6504.3 25.7184 2245
2247 0 2986 1960 6536 26.8444 2246
2248 0 2966 1948 6556 18 2247
2249 0 2929.95 1948 6586.11 19.3288 2248
2250 0 2926 1952 6636 14 2249
2251 0 2926 1960 6680 10 2250
2252 0 2926 1956 6700 10 2251
2253 0 2926 1952 6724 10 2252
2254 0 2919.66 1945.66 6751.02 10.3795 2253
2255 0 2910 1936 6764 6 2254
2256 0 2906 1928 6772 6 2255
2257 0 2902 1920 6772 3.65685 2256
2258 0 2894 1912 6780 6.94427 2257
2259 0 2886 1904 6788 6 2258
2260 0 2878 1896 6796 6 2259
2261 0 2878 1888 6804 6 2260
2262 0 2874 1876 6816 12.4222 2261
2263 0 2858 1876 6824 6.94427 2262
2264 0 2842 1876 6836 6.94427 2263
2265 0 2830 1880 6844 10 2264
2266 0 2806 1868 6852 6.94427 2265
2267 0 2790 1856 6844 6.94427 2266
2268 0 2778 1840 6840 6.94427 2267
2269 0 2766 1824 6844 6.94427 2268
2270 0 2750 1808 6856 9.31371 2269
2271 0 2742 1796 6864 6.94427 2270
2272 0 2730 1796 6872 6.94427 2271
2273 0 2718 1788 6876 10 2272
2274 0 2710 1780 6880 6.94427 2273
2275 0 2698 1768 6888 12.4222 2274
2276 0 2686 1756 6896 10 2275
2277 0 2674 1752 6896 6 2276
2278 0 2666 1752 6896 6 2277
2279 0 2886 1860 6820 6.94427 2262
2280 0 2894 1852 6820 3.65685 2279
2281 0 2894 1848 6820 3.65685 2280
2282 0 2898 1844 6824 6 2281
2283 0 2902 1832 6832 6 2282
2284 0 2906 1816 6836 6 2283
2285 0 2914 1800 6844 9.31371 2284
2286 0 2922 1796 6852 10 2285
2287 0 2934 1804 6856 3.65685 2286
2288 0 2938 1804 6856 3.65685 2287
2289 0 2946 1812 6864 6.94427 2288
2290 0 2954 1816 6872 6 2289
2291 0 2978 1828 6888 12.4222 2290
2292 0 2994 1824 6916 15.8885 2291
2293 0 3006 1824 6928 6.94427 2292
2294 0 3014 1836 6940 6 2293
2295 0 3018 1840 6948 6 2294
2296 2 2918.16 1987.63 6782.27 21.1972 2254
2297 0 2883.42 2012.82 6812.11 24.8782 2296
2298 0 2858 2016 6828 30.9848 2297
2299 0 2830 1988 6844 32.4093 2298
2300 0 2802 1964 6848 9.31371 2299
2301 0 2786 1944 6852 6 2300
2302 0 2786 1936 6852 6 2301
2303 0 2782 1932 6856 6 2302
2304 0 2786 1928 6860 3.65685 2303
2305 0 2786 1924 6868 3.65685 2304
2306 0 2790 1920 6868 2 2305
2307 0 2862 2048 6860 6 2298
2308 0 2866 2052 6868 9.31371 2307
2309 0 2870 2052 6880 6 2308
2310 0 2874 2052 6900 6 2309
2311 0 2846 2028 6792 15.8885 2297
2312 0 2838 2048 6772 3.65685 2311
2313 0 2834 2052 6768 2 2312
2314 0 2834 2056 6768 2 2313
2315 0 2926 2016 6764 22 2296
2316 0 2942 2036 6756 6.94427 2315
2317 0 2950 2044 6756 9.31371 2316
2318 0 2958 2052 6760 6.94427 2317
2319 0 2978 2056 6760 6 2318
2320 0 2998 2068 6764 6.94427 2319
2321 0 3014 2080 6756 6 2320
2322 0 3022 2084 6748 9.31371 2321
2323 0 3026 2100 6732 10 2322
2324 0 3022 2104 6708 6 2323
2325 0 2886 1936 6588 28.4631 2249
2326 0 2854 1952 6588 35.7359 2325
2327 0 2826 1936 6568 6 2326
2328 0 2822 1928 6560 6 2327
2329 0 2830 1920 6552 6.94427 2328
2330 0 2838 1912 6544 6.94427 2329
2331 0 3047 1948 6520 14.4099 2246
2332 0 3062 1948 6520 6 2331
2333 0 3074 1948 6512 6 2332
2334 0 3082 1956 6504 6.94427 2333
2335 0 3098 1964 6500 6.94427 2334
2336 0 3114 1976 6484 12.4222 2335
2337 0 3114 1992 6476 6 2336
2338 0 3118 2012 6468 6 2337
2339 0 3122 2016 6464 6 2338
2340 0 3122 2032 6464 6 2339
2341 2 3122 2049 6451 9.31371 2340
2342 0 3126 2060 6440 9.31371 2341
2343 0 3126 2056 6420 9.31371 2342
2344 0 3126 2052 6400 9.31371 2343
2345 0 3126 2052 6388 9.31371 2344
2346 0 3134 2052 6380 6 2345
2347 0 3138 2048 6376 6 2346
2348 0 3142 2044 6372 3.65685 2347
2349 0 3146 2044 6368 3.65685 2348
2350 0 3150 2040 6364 6 2349
2351 0 3158 2036 6356 6 2350
2352 0 3170 2032 6340 6.94427 2351
2353 0 3178 2032 6328 9.31371 2352
2354 0 3182 2036 6320 6.94427 2353
2355 0 3190 2044 6308 6.94427 2354
2356 0 3190 2052 6292 6 2355
2357 0 3194 2056 6288 6 2356
2358 0 3202 2048 6276 6 2357
2359 0 3206 2040 6272 3.65685 2358
2360 0 3210 2040 6268 2 2359
2361 0 3110 2060 6464 6.94427 2341
2362 0 3094 2064 6480 6 2361
2363 0 3094 2064 6488 6 2362
2364 0 3090 2060 6492 6 2363
2365 0 3146 1968 6488 12.4222 2336
2366 0 3174 1972 6492 6 2365
2367 0 3186 1976 6488 6.94427 2366
2368 0 3194 1980 6492 3.65685 2367
2369 0 3198 1980 6492 2 2368
2370 2 3065.05 1951.79 6546.53 9.55222 2331
2371 0 3094 1944 6564 6 2370
2372 0 3106 1944 6576 12.4222 2371
2373 0 3118 1944 6584 6 2372
2374 0 3126 1944 6592 9.31371 2373
2375 0 3138 1944 6604 6.94427 2374
2376 0 3166 1940 6620 10 2375
2377 0 3174 1948 6624 6 2376
2378 0 3182 1956 6628 6 2377
2379 0 3190 1960 6636 6 2378
2380 0 3202 1964 6636 6 2379
2381 0 3210 1964 6640 6 2380
2382 0 3050 1956 6568 6 2370
2383 0 3050 1956 6576 6 2382
2384 0 3038 1956 6592 6 2383
2385 0 3006 1964 6420 9.31371 2244
2386 0 3014 1956 6420 9.31371 2385
2387 0 3042 1952 6408 9.31371 2386
2388 0 3054 1956 6408 9.31371 2387
2389 0 2934 2044 6292 9.31371 2239
2390 0 2918 2028 6292 3.65685 2389
2391 0 2918 2024 6292 2 2390
2392 0 2918 2236 6200 20.6274 38
2393 0 2934 2236 6216 6 2392
2394 0 2942 2232 6224 6 2393
2395 0 2950 2232 6232 3.65685 2394
2396 0 2954 2236 6236 6 2395
2397 0 2970 2244 6244 6 2396
2398 0 2974 2248 6248 3.65685 2397
2399 0 2978 2252 6252 3.65685 2398
2400 0 2982 2260 6256 6 2399
2401 0 2990 2268 6256 9.31371 2400
2402 0 3006 2284 6252 6.94427 2401
2403 0 3026 2296 6244 6 2402
2404 0 3042 2304 6236 6.94427 2403
2405 0 3056.57 2316.86 6234.29 10 2404
2406 0 3086 2324 6224 6 2405
2407 0 3098 2328 6224 9.31371 2406
2408 0 3118 2328 6220 6 2407
2409 0 3134 2332 6216 6 2408
2410 0 3142 2336 6212 9.31371 2409
2411 0 3154 2340 6212 9.31371 2410
2412 0 3162 2348 6204 9.31371 2411
2413 0 3170 2356 6196 6 2412
2414 0 3186 2364 6192 6 2413
2415 0 3202 2364 6184 6 2414
2416 0 3214 2380 6172 6 2415
2417 0 3230 2392 6168 6.94427 2416
2418 0 3246 2400 6168 6.94427 2417
2419 2 3260 2411 6167 6.94427 2418
2420 0 3274 2412 6180 6 2419
2421 0 3278 2416 6188 6 2420
2422 0 3282 2416 6196 3.65685 2421
2423 0 3290 2420 6204 6 2422
2424 0 3294 2420 6212 6 2423
2425 0 3298 2428 6220 6 2424
2426 0 3306 2432 6232 6 2425
2427 0 3318 2428 6244 6.94427 2426
2428 0 3338 2412 6256 9.31371 2427
2429 0 3334 2404 6260 6 2428
2430 0 3270 2416 6148 6 2419
2431 0 3282 2420 6136 6 2430
2432 0 3286 2420 6128 3.65685 2431
2433 0 3286 2424 6124 3.65685 2432
2434 0 3282 2428 6120 3.65685 2433
2435 0 3278 2428 6116 3.65685 2434
2436 0 3274 2432 6108 6 2435
2437 0 3266 2444 6096 6.94427 2436
2438 0 3258 2452 6088 6 2437
2439 0 3054 2320 6208 6.94427 2405
2440 0 3066 2324 6196 6 2439
2441 0 3074 2324 6188 6 2440
2442 0 3086 2328 6180 10 2441
2443 0 3102 2336 6172 10.6491 2442
2444 0 3110 2324 6168 6.94427 2443
2445 0 3118 2316 6160 6.94427 2444
2446 0 3118 2304 6148 6 2445
2447 0 3118 2300 6140 6 2446
2448 0 3118 2300 6132 3.65685 2447
2449 0 3118 2300 6128 3.65685 2448
2450 0 3122 2296 6124 6 2449
2451 0 3126 2296 6116 3.65685 2450
2452 0 3130 2292 6112 6 2451
2453 0 3130 2288 6104 6.94427 2452
2454 0 3134 2280 6096 2 2453
2455 0 3134 2276 6092 2 2454
2456 0 2946 2228 6464 6 34
2457 0 2954 2224 6472 6 2456
2458 0 2962 2224 6480 6 2457
2459 0 2974 2232 6488 6.94427 2458
2460 0 2986 2248 6488 6.94427 2459
2461 0 2994 2264 6496 6.94427 2460
2462 0 3002 2276 6504 6.94427 2461
2463 0 3006 2284 6508 6 2462
2464 0 2950 2196 6436 14.4924 34
2465 0 2962 2184 6444 10 2464
2466 0 2966 2172 6440 6 2465
2467 0 2930 2192 6484 6 33
2468 0 2938 2192 6492 3.65685 2467
2469 0 2942 2188 6496 2 2468
2470 0 2850 2220 6644 23.2982 31
2471 0 2850 2200 6664 26 2470
2472 0 2862 2176 6668 6.94427 2471
2473 0 2878 2164 6672 6.94427 2472
2474 0 2886 2160 6676 6.94427 2473
2475 0 2894 2152 6684 10.6491 2474
2476 0 2918 2144 6688 9.31371 2475
2477 0 2934 2140 6692 10 2476
2478 0 2946 2144 6692 3.65685 2477
2479 0 2950 2148 6696 3.65685 2478
2480 0 2958 2152 6696 6 2479
2481 0 2962 2156 6700 6 2480
2482 0 2970 2156 6700 6 2481
2483 0 2974 2152 6704 6 2482
2484 0 2982 2160 6712 6 2483
2485 0 2986 2164 6720 6 2484
2486 0 2990 2168 6724 3.65685 2485
2487 0 2990 2168 6732 3.65685 2486
2488 0 2990 2168 6736 3.65685 2487
2489 0 2990 2168 6744 6 2488
2490 0 2994 2168 6756 6 2489
2491 0 2998 2164 6764 6 2490
2492 0 2822 2180 6660 9.31371 2471
2493 0 2806 2176 6660 6 2492
2494 0 2798 2176 6660 6 2493
2495 0 2786 2168 6660 10.6491 2494
2496 0 2790 2148 6660 6 2495
2497 0 2790 2140 6660 6 2496
2498 0 2794 2128 6648 6 2497
2499 0 2802 2120 6640 6 2498
2500 0 2798 2104 6636 6.94427 2499
2501 0 2790 2096 6636 6.94427 2500
2502 0 2782 2088 6636 6.94427 2501
2503 0 2774 2088 6648 2 2502
2504 0 2774 2084 6648 2 2503
2505 0 2786 2096 6644 2 2501
2506 0 2790 2100 6644 2 2505
2507 0 2854 2228 6724 18 30
2508 0 2854 2204 6748 12.4222 2507
2509 0 2854 2200 6768 10 2508
2510 2 2843.22 2193.22 6791.11 13.0548 2509
2511 0 2822 2172 6820 15.8885 2510
2512 0 2782.15 2165.8 6821.8 29.1548 2511
2513 0 2756 2169.83 6826 42.3954 2512
2514 2 2742.98 2181.77 6839.02 40.2668 2513
2515 2 2733.35 2190.59 6848.65 38.6943 2514
2516 0 2710 2212 6872 34.8782 2515
2517 0 2718 2196 6936 18.3961 2516
2518 0 2730 2196 6980 12.4222 2517
2519 0 2730 2208 6992 6 2518
2520 0 2734 2216 7008 9.31371 2519
2521 0 2742 2224 7016 9.31371 2520
2522 0 2746 2232 7024 6 2521
2523 0 2746 2248 7028 6 2522
2524 0 2746 2256 7028 6.94427 2523
2525 0 2738 2300 7032 29.241 2524
2526 0 2730 2328 7028 12.4222 2525
2527 0 2738 2344 7032 9.31371 2526
2528 0 2754 2356 7024 10 2527
2529 0 2770 2364 7016 6.94427 2528
2530 0 2790 2384 6996 14 2529
2531 0 2794 2408 6980 10 2530
2532 0 2806 2420 6976 6.94427 2531
2533 0 2738 2328 7068 14.4924 2525
2534 0 2734 2336 7084 12.4222 2533
2535 0 2694 2224 6868 43.607 2515
2536 0 2698 2268 6900 10.6491 2535
2537 0 2710 2272 6904 6 2536
2538 0 2686 2216 6828 44.6476 2514
2539 0 2658 2216 6768 10 2538
2540 0 2654 2208 6760 6 2539
2541 0 2654 2200 6752 6 2540
2542 0 2652.64 2196.91 6738.64 11.7997 2541
2543 0 2642 2204 6728 6.94427 2542
2544 0 2630 2200 6712 6.94427 2543
2545 0 2630 2196 6684 10 2544
2546 0 2630 2196 6656 10 2545
2547 0 2634 2200 6644 10 2546
2548 0 2670 2212 6728 9.31371 2542
2549 0 2674 2220 6720 9.31371 2548
2550 0 2674 2232 6720 6.94427 2549
2551 0 2670 2240 6716 3.65685 2550
2552 0 2670 2244 6716 2 2551
2553 0 2634 2248 6872 14 2538
2554 0 2626 2236 6884 9.31371 2553
2555 0 2622 2224 6884 6 2554
2556 0 2622 2208 6884 6 2555
2557 0 2618 2204 6888 6 2556
2558 0 2726 2200 6792 29.241 2513
2559 2 2726 2230 6778 17.5616 2558
2560 0 2726 2244 6764 14.4924 2559
2561 0 2714 2256 6756 9.31371 2560
2562 0 2706 2268 6748 9.31371 2561
2563 0 2706 2276 6740 6 2562
2564 0 2702 2280 6728 9.31371 2563
2565 0 2706 2280 6716 6 2564
2566 0 2710 2280 6700 6 2565
2567 0 2714 2284 6680 9.31371 2566
2568 0 2714 2300 6656 9.31371 2567
2569 0 2710 2308 6648 6 2568
2570 0 2706 2312 6632 6 2569
2571 0 2698 2320 6616 6 2570
2572 0 2690 2328 6600 6 2571
2573 0 2686 2328 6592 6 2572
2574 0 2678 2336 6580 14 2573
2575 0 2674 2320 6556 6 2574
2576 0 2674 2316 6544 2 2575
2577 0 2674 2316 6540 2 2576
2578 0 2674 2316 6536 2 2577
2579 0 2674 2316 6532 2 2578
2580 0 2678 2316 6524 6 2579
2581 0 2678 2316 6508 6 2580
2582 0 2678 2320 6492 6 2581
2583 0 2678 2324 6480 6 2582
2584 0 2678 2324 6464 6 2583
2585 0 2682 2324 6456 6 2584
2586 0 2686 2316 6448 6.94427 2585
2587 0 2714 2344 6564 12.4222 2574
2588 0 2710 2248 6792 9.31371 2559
2589 0 2702 2260 6792 6 2588
2590 0 2698 2268 6792 6 2589
2591 0 2750 2120 6848 14.4924 2512
2592 0 2726 2108 6848 3.65685 2591
2593 0 2722 2104 6852 6 2592
2594 0 2710 2096 6852 10 2593
2595 0 2686 2088 6856 10.6491 2594
2596 0 2674 2080 6860 6.94427 2595
2597 0 2654 2068 6868 6.94427 2596
2598 0 2638 2064 6872 6.94427 2597
2599 0 2622 2052 6880 9.31371 2598
2600 0 2606 2048 6880 12.4222 2599
2601 0 2586 2052 6888 6 2600
2602 0 2574 2052 6904 6 2601
2603 0 2566 2052 6908 6.94427 2602
2604 0 2534 2048 6920 31.9411 2603
2605 0 2502 2012 6948 10.6491 2604
2606 0 2490 2000 6960 15.8885 2605
2607 0 2490 2000 6984 21.3238 2606
2608 0 2610 2016 6892 14.9706 2600
2609 0 2618 2000 6900 10 2608
2610 0 2750 2152 6772 22.3311 2512
2611 0 2726 2120 6776 6.94427 2610
2612 0 2714 2104 6788 6 2611
2613 0 2710 2100 6792 6 2612
2614 0 2758 2124 6804 10 2512
2615 0 2750 2116 6800 6 2614
2616 0 2738 2104 6796 6.94427 2615
2617 0 2730 2096 6804 10 2616
2618 0 2718 2096 6808 6 2617
2619 0 2714 2100 6816 3.65685 2618
2620 0 2714 2104 6820 2 2619
2621 0 2830 2172 6844 6 2511
2622 0 2830 2172 6860 6 2621
2623 0 2830 2164 6872 12.4222 2622
2624 0 2822 2140 6892 10 2623
2625 0 2818 2128 6896 9.31371 2624
2626 0 2866 2184 6796 6.94427 2510
2627 0 2874 2176 6804 6 2626
2628 0 2886 2176 6804 6 2627
2629 0 2894 2176 6812 6 2628
2630 0 2918 2168 6820 14 2629
2631 0 2942 2168 6828 14.4924 2630
2632 0 2958 2172 6824 10 2631
2633 0 2966 2184 6824 6 2632
2634 0 2966 2192 6824 6 2633
2635 0 2982 2208 6804 6.94427 2634
2636 0 2990 2216 6804 3.65685 2635
2637 0 2994 2216 6804 3.65685 2636
2638 0 3002 2224 6808 6.94427 2637
2639 0 3010 2232 6816 6 2638
2640 0 3026 2244 6828 6.94427 2639
2641 0 3038 2260 6840 6.94427 2640
2642 0 3042 2276 6848 6 2641
2643 0 3042 2292 6860 6 2642
2644 0 3042 2300 6868 6 2643
2645 0 3038 2304 6872 3.65685 2644
2646 0 3034 2308 6876 3.65685 2645
2647 0 3026 2316 6884 6.94427 2646
2648 0 3026 2328 6888 6 2647
2649 0 3026 2340 6900 9.31371 2648
2650 0 3018 2344 6904 6 2649
2651 0 3010 2352 6912 6.94427 2650
2652 0 3006 2356 6928 6.94427 2651
2653 0 3014 2352 6944 6 2652
2654 0 3022 2352 6956 6.94427 2653
2655 0 3030 2360 6976 6.94427 2654
2656 0 3022 2368 6984 6 2655
2657 0 3018 2376 6992 3.65685 2656
2658 0 3014 2380 6992 2 2657
2659 0 3014 2384 6992 2 2658
2660 0 2814 2136 7156 23.2982 22
2661 0 2814 2112 7164 10.6491 2660
2662 0 2818 2088 7168 9.31371 2661
2663 0 2838 2052 7148 26.8444 2662
2664 0 2814 2016 7120 10.6491 2663
2665 0 2818 2004 7120 6 2664
2666 0 2814 1992 7120 6 2665
2667 0 2814 1984 7120 6.94427 2666
2668 0 2830 1964 7108 6 2667
2669 0 2830 1948 7108 6 2668
2670 0 2830 1936 7108 10.6491 2669
2671 0 2830 1912 7112 6 2670
2672 2 2832.48 1900.95 7120.76 9.31371 2671
2673 0 2826 1888 7124 9.31371 2672
2674 0 2818 1876 7124 6 2673
2675 0 2806 1872 7116 6 2674
2676 0 2794 1868 7108 6.94427 2675
2677 0 2778 1856 7100 6 2676
2678 0 2762 1852 7096 9.31371 2677
2679 2 2753.64 1843.64 7086.91 9.63636 2678
2680 0 2750 1840 7076 6 2679
2681 0 2742 1852 7068 6 2680
2682 0 2742 1872 7068 6 2681
2683 0 2742 1880 7068 3.65685 2682
2684 0 2750 1888 7064 9.31371 2683
2685 0 2750 1900 7060 6 2684
2686 0 2754 1920 7056 6 2685
2687 0 2754 1928 7056 6 2686
2688 0 2762 1936 7056 9.31371 2687
2689 0 2766 1948 7056 2 2688
2690 0 2766 1952 7056 2 2689
2691 0 2730 1836 7092 9.31371 2679
2692 0 2710 1824 7108 9.31371 2691
2693 0 2702 1824 7116 6 2692
2694 0 2690 1824 7132 6.94427 2693
2695 0 2682 1816 7140 6 2694
2696 0 2678 1812 7144 6 2695
2697 0 2678 1812 7152 6.94427 2696
2698 0 2726 1816 7084 6.94427 2691
2699 0 2718 1808 7084 6 2698
2700 0 2718 1800 7084 6 2699
2701 0 2710 1792 7072 6 2700
2702 0 2850 1896 7136 6 2672
2703 0 2866 1896 7136 6 2702
2704 0 2882 1896 7140 6 2703
2705 0 2818 2020 7096 6 2664
2706 0 2822 2036 7080 6 2705
2707 0 2822 2044 7076 6 2706
2708 0 2898 2032 7136 10.6491 2663
2709 0 2929.55 2051.55 7117.64 11.173 2708
2710 0 2938 2060 7112 12.4222 2709
2711 0 2962 2068 7100 6.94427 2710
2712 0 2978 2076 7096 6.94427 2711
2713 0 2994 2088 7092 6.94427 2712
2714 0 3018 2104 7084 10 2713
2715 0 3034 2116 7076 18 2714
2716 2 3038 2116 7076 17.5616 2715
2717 0 3066 2116 7076 14.4924 2716
2718 0 3098 2124 7076 30 2717
2719 2 3105.71 2150.99 7060.58 20.967 2718
2720 0 3110 2172 7052 10 2719
2721 0 3110 2196 7032 6.94427 2720
2722 0 3102 2208 7032 2 2721
2723 0 3134 2168 7052 9.31371 2719
2724 0 3142 2168 7040 9.31371 2723
2725 0 3050 2148 7064 10 2716
2726 0 3050 2156 7056 3.65685 2725
2727 0 3050 2160 7052 3.65685 2726
2728 0 3054 2164 7052 3.65685 2727
2729 0 3058 2168 7052 2 2728
2730 0 3014 2120 7044 6.94427 2715
2731 0 3010 2124 7028 6 2730
2732 0 3010 2128 7020 2 2731
2733 0 3010 2128 7016 2 2732
2734 0 3010 2128 7012 2 2733
2735 0 2946 2064 7132 6 2709
2736 0 2950 2064 7140 3.65685 2735
2737 0 2954 2068 7148 6 2736
2738 0 2958 2068 7160 6 2737
2739 0 2958 2076 7176 6.94427 2738
2740 0 2958 2076 7184 6 2739
2741 0 2954 2080 7188 6 2740
2742 0 2950 2084 7192 2 2741
2743 0 2946 2084 7192 2 2742
