# Generated by NeuTu (https://github.com/janelia-flyem/NeuTu)
1 0 3406 3926 3434 2 -1
2 0 3410 3922 3438 3.65685 1
3 0 3414 3914 3442 6.94427 2
4 0 3418 3902 3454 6 3
5 0 3426 3890 3458 6 4
6 0 3430 3882 3458 6 5
7 0 3430 3866 3474 6.94427 6
8 0 3430 3850 3478 6.94427 7
9 0 3422 3834 3494 10 8
10 0 3418 3834 3506 9.31371 9
11 0 3422 3830 3518 3.65685 10
12 0 3422 3830 3526 6 11
13 0 3422 3830 3534 3.65685 12
14 0 3418 3830 3542 3.65685 13
15 0 3414 3834 3546 6 14
16 0 3402 3842 3562 6 15
17 0 3394 3850 3558 6 16
18 0 3386 3858 3558 3.65685 17
19 0 3378 3874 3554 6.94427 18
20 0 3374 3890 3550 6 19
21 0 3374 3906 3534 6 20
22 0 3366 3906 3526 3.65685 21
23 0 3362 3902 3526 2 22
