# Generated by NeuTu (https://github.com/janelia-flyem/NeuTu)
1 0 2522 4633 2000 6 -1
2 0 2526 4641 2000 6.94427 1
3 0 2582 4709 2000 62 2
4 0 2742 4709 2004 59.1882 3
5 0 2878 4717 2004 54 4
6 0 2962.65 4740.78 2086.18 30.2182 5
7 0 2974 4737 2124 34 6
8 2 2984 4737 2154 34 7
9 0 3002 4753 2196 15.8885 8
10 0 2954 4753 2200 18 9
11 0 2914 4753 2200 18 10
12 0 2894 4753 2200 18 11
13 0 2890 4733 2156 38 8
14 0 2834 4733 2156 38 13
15 0 2800.58 4734.13 2158.84 36.8652 14
16 0 2782 4749 2196 22 15
17 0 2770 4725 2200 2 16
18 0 2770 4721 2200 2 17
19 0 2750 4745 2176 26 15
20 0 2734 4737 2196 14.4924 19
21 0 2794 4725 2080 44.6476 14
22 0 2794 4677 2080 6 21
23 0 2870 4745 2092 26 13
24 0 2866 4757 2068 14 23
25 0 2890 4725 2124 46 7
26 2 2788 4729 2124 42 25
27 0 2736 4725 2124 42.4829 26
28 2 2722 4725 2124 43.1863 27
29 2 2678 4725 2124 45.3971 28
30 0 2666 4725 2124 46 29
31 2 2627.33 4730.33 2114.67 40.6667 30
32 2 2591.12 4729.16 2134.4 41.84 31
33 2 2572.64 4732.52 2142.8 38.48 32
34 0 2542 4745 2176 26 33
35 0 2534 4737 2200 14.9706 34
36 0 2526 4721 2200 6.94427 35
37 0 2534 4693 2124 18 33
38 2 2559.09 4739.38 2094.36 31.6224 32
39 0 2534 4753 2064 18 38
40 0 2534 4753 2044 18 39
41 0 2542 4705 2080 26 38
42 0 2598 4749 2072 22 31
43 0 2618 4745 2200 24.8328 30
44 0 2662 4749 2072 22 29
45 0 2734 4737 2120 30 28
46 0 2690 4749 2196 22 27
47 0 2758 4741 2080 30 26
48 0 2974 4749 2048 22 6
49 0 2974 4721 2008 46 48
50 0 3002 4681 2000 18 49
