# Generated by NeuTu (https://github.com/janelia-flyem/NeuTu)
1 0 3778 3746 3105 2 -1
2 0 3782 3746 3117 6 1
3 0 3786 3754 3125 6 2
4 0 3786 3762 3125 6 3
5 0 3794 3774 3129 6.94427 4
6 0 3810 3782 3133 6 5
7 0 3814 3794 3145 6.94427 6
8 0 3818 3806 3161 6.94427 7
9 0 3826 3814 3169 3.65685 8
10 0 3826 3814 3173 3.65685 9
11 0 3830 3818 3177 3.65685 10
12 0 3834 3818 3185 3.65685 11
13 0 3842 3826 3193 3.65685 12
14 0 3846 3830 3197 6 13
15 0 3850 3838 3205 3.65685 14
16 0 3850 3842 3205 3.65685 15
17 0 3854 3850 3213 6 16
18 0 3862 3866 3221 6 17
