# Generated by NeuTu (https://github.com/janelia-flyem/NeuTu)
1 0 3595 3817 3126 6 -1
2 0 3603 3817 3126 6 1
3 0 3619 3801 3126 6.94427 2
4 0 3627 3797 3130 6 3
5 0 3631 3793 3126 6 4
6 0 3639 3789 3126 3.65685 5
7 0 3651 3781 3126 9.31371 6
8 0 3663 3781 3130 6 7
9 0 3679 3781 3134 6 8
10 0 3687 3781 3134 6 9
11 0 3699 3773 3142 9.31371 10
12 0 3719 3769 3162 9.31371 11
13 0 3727 3769 3170 6 12
14 0 3735 3769 3190 3.65685 13
15 0 3739 3765 3194 3.65685 14
16 0 3739 3765 3202 6 15
17 0 3739 3761 3210 6 16
18 0 3723 3761 3226 6 17
19 0 3707 3757 3242 6 18
20 0 3695 3761 3250 9.31371 19
21 0 3683 3761 3262 6 20
