# Generated by NeuTu (https://github.com/janelia-flyem/NeuTu)
1 0 4290 2419 1745 2 -1
2 0 4290 2423 1749 3.65685 1
3 0 4298 2431 1757 6.94427 2
4 0 4306 2439 1765 6 3
5 0 4310 2439 1773 6 4
6 0 4310 2447 1781 3.65685 5
7 0 4310 2467 1789 10 6
8 0 4294 2479 1793 6.94427 7
9 0 4274 2491 1793 6.94427 8
10 0 4258 2495 1793 6.94427 9
11 0 4246 2499 1793 10 10
12 0 4238 2507 1797 6 11
13 0 4234 2511 1793 3.65685 12
14 0 4226 2515 1793 3.65685 13
15 0 4222 2519 1793 2 14
16 0 4202 2519 1785 2 15
17 0 4198 2523 1781 3.65685 16
18 0 4194 2523 1781 3.65685 17
19 0 4182 2527 1777 10 18
20 0 4166 2543 1769 6.94427 19
21 0 4146 2559 1769 6.94427 20
22 0 4130 2575 1777 12.4222 21
23 0 4122 2563 1785 6 22
24 0 4118 2543 1801 6 23
25 0 4118 2523 1805 6 24
26 0 4118 2511 1809 2 25
27 0 4122 2507 1813 3.65685 26
28 0 4126 2499 1813 3.65685 27
29 0 4126 2491 1813 6 28
30 0 4134 2467 1829 12.4222 29
31 0 4146 2443 1829 9.31371 30
32 0 4150 2423 1833 10 31
33 0 4150 2407 1833 10 32
34 0 4150 2395 1829 6.94427 33
35 0 4150 2391 1821 6 34
36 0 4134 2587 1777 10 22
37 0 4130 2599 1785 9.31371 36
38 0 4122 2615 1785 6.94427 37
39 0 4118 2627 1789 10.6491 38
40 0 4098 2647 1793 6.94427 39
41 0 4090 2667 1789 10 40
42 0 4090 2679 1789 10 41
43 0 4086 2691 1781 6 42
44 0 4086 2707 1777 6 43
45 0 4086 2723 1777 6 44
46 0 4090 2743 1781 6 45
47 0 4090 2759 1793 6 46
48 0 4090 2767 1793 6 47
49 0 4090 2779 1797 9.31371 48
50 0 4078 2795 1801 6 49
51 0 4074 2811 1801 6 50
52 0 4070 2827 1801 6 51
53 0 4070 2843 1801 6 52
54 0 4074 2859 1809 6 53
55 0 4074 2879 1809 6.94427 54
56 0 4078 2903 1809 10 55
57 0 4086 2923 1809 9.31371 56
58 0 4090 2935 1809 6 57
59 2 4088.22 2962.41 1808.8 24.6927 58
60 0 4146 3019 1805 15.8885 59
61 0 4162 3047 1789 14.4924 60
62 0 4182 3083 1785 18 61
63 0 4206 3107 1785 28.4631 62
64 0 4214 3155 1793 14 63
65 0 4222 3183 1797 14 64
66 0 4238 3219 1805 14 65
67 0 4254 3255 1809 10.6491 66
68 0 4266 3267 1813 9.31371 67
69 0 4286 3307 1809 18 68
70 0 4306 3359 1809 18 69
71 0 4314 3407 1797 21.3238 70
72 0 4318 3463 1785 18 71
73 2 4320.86 3494.43 1771.29 14 72
74 0 4334 3547 1765 14.4924 73
75 0 4346 3575 1749 12.4222 74
76 0 4374 3599 1737 15.8885 75
77 0 4406 3615 1725 15.8885 76
78 0 4442 3627 1721 14.4924 77
79 0 4478 3639 1721 14 78
80 0 4506 3651 1721 14.4924 79
81 0 4538 3667 1725 12.4222 80
82 0 4562 3675 1729 10 81
83 0 4590 3687 1737 18 82
84 0 4638 3691 1757 26 83
85 0 4682 3687 1773 19.5407 84
86 0 4706 3691 1777 22 85
87 0 4730 3695 1777 15.8885 86
88 0 4782 3711 1789 14.4924 87
89 0 4826 3727 1789 14 88
90 0 4858 3727 1789 14 89
91 0 4890 3735 1793 12.4222 90
92 0 4910 3743 1793 12.4222 91
93 0 4930 3751 1797 21.3238 92
94 0 4986 3755 1805 14 93
95 0 5018 3755 1809 14.4924 94
96 0 5074 3751 1821 18 95
97 0 5090 3755 1829 15.8885 96
98 0 5142 3771 1841 26.2843 97
99 0 5202 3775 1849 18 98
100 0 5246 3783 1853 10.6491 99
101 0 5270 3803 1853 12.4222 100
102 0 5302 3819 1853 14.4924 101
103 0 5330 3835 1865 14 102
104 0 5370 3847 1869 14 103
105 0 5398 3855 1869 10.6491 104
106 0 5434 3879 1869 14.9706 105
107 0 5458 3899 1869 12.4222 106
108 0 5474 3923 1865 12.4222 107
109 0 5498 3955 1869 18 108
110 0 5486 3971 1869 6 109
111 0 5482 3975 1865 3.65685 110
112 0 5478 3979 1861 6 111
113 0 5470 3987 1853 6 112
114 0 5462 3995 1849 6.94427 113
115 0 5458 4003 1841 3.65685 114
116 0 5458 4007 1837 2 115
117 0 4314 3487 1793 9.31371 73
118 0 4302 3487 1801 6 117
119 0 4290 3495 1809 6.94427 118
120 0 4290 3511 1821 6 119
121 0 4286 3519 1821 2 120
122 0 4286 3523 1825 3.65685 121
123 0 4286 3531 1833 6 122
124 0 4286 3547 1841 6 123
125 0 4286 3555 1849 6 124
126 0 4286 3563 1857 2 125
127 0 4282 3571 1865 6 126
128 0 4282 3579 1869 2 127
129 0 4278 3587 1873 6 128
130 0 4282 3595 1881 6 129
131 0 4298 3607 1885 6 130
132 0 4302 3611 1889 6 131
133 0 4306 3615 1885 6 132
134 0 4246 3099 1757 15.8885 63
135 0 4262 3099 1745 14 134
136 0 4278 3095 1741 6.94427 135
137 0 4286 3087 1741 3.65685 136
138 0 4290 3083 1741 3.65685 137
139 0 4298 3075 1741 9.31371 138
140 0 4310 3071 1737 6.94427 139
141 0 4326 3067 1737 9.31371 140
142 0 4342 3063 1741 6 141
143 0 4358 3059 1753 6 142
144 0 4370 3055 1757 6.94427 143
145 0 4386 3047 1765 9.31371 144
146 0 4402 3047 1781 9.31371 145
147 0 4414 3051 1789 6 146
148 0 4426 3051 1809 6 147
149 0 4430 3051 1821 2 148
150 0 4434 3051 1825 3.65685 149
151 0 4430 3055 1849 10.6491 150
152 0 4422 3059 1873 9.31371 151
153 0 4418 3059 1889 6.94427 152
154 0 4410 3051 1909 6.94427 153
155 0 4410 3047 1929 6 154
156 0 4402 3047 1937 3.65685 155
157 0 4402 3043 1941 2 156
158 2 4055.19 2951.4 1805.13 22.0934 59
159 0 4034 2935 1765 21.3238 158
160 0 4014 2931 1753 12.4222 159
161 0 3990 2927 1749 6 160
162 0 3982 2919 1745 6 161
163 0 3974 2907 1737 6.94427 162
164 0 3970 2899 1737 6 163
165 0 3962 2891 1733 2 164
166 0 3958 2887 1729 2 165
167 0 3950 2879 1729 6.94427 166
168 0 3946 2875 1737 3.65685 167
169 0 3942 2875 1741 3.65685 168
170 0 3938 2867 1749 6.94427 169
171 0 3934 2851 1753 6.94427 170
172 0 3926 2827 1753 10 171
173 0 3918 2803 1761 9.31371 172
174 0 3914 2791 1757 6 173
175 0 3906 2771 1757 6 174
176 2 3898.42 2748.26 1757 12.0967 175
177 0 3890 2715 1753 6 176
178 0 3886 2699 1749 6 177
179 0 3882 2687 1749 6 178
180 0 3878 2671 1749 6 179
181 0 3874 2655 1749 6 180
182 0 3874 2647 1749 6 181
183 0 3874 2627 1765 6 182
184 0 3874 2611 1777 6 183
185 0 3874 2599 1781 6 184
186 0 3874 2591 1781 6 185
187 0 3906 2755 1789 3.65685 176
188 0 3910 2763 1793 6 187
189 0 3910 2771 1793 6 188
190 0 3914 2783 1805 6.94427 189
191 0 3918 2791 1813 10 190
192 0 3922 2799 1825 6 191
193 0 3918 2799 1833 6.94427 192
194 0 4018 2931 1717 2 160
195 0 4018 2935 1717 2 194
196 0 4022 2939 1717 2 195
197 0 4018 2915 1789 2 159
198 0 4018 2911 1789 2 197
199 0 4026 2895 1781 2 198
200 0 4026 2891 1781 2 199
201 0 4022 2887 1781 2 200
202 0 4026 2883 1781 2 201
203 0 4022 2875 1773 2 202
204 0 4018 2875 1773 2 203
205 0 4026 2875 1769 2 203
206 0 4034 2947 1817 14 158
207 0 4010 2943 1841 14 206
208 0 3986 2935 1865 10.6491 207
209 0 3978 2935 1877 10 208
210 0 3966 2931 1889 14 209
211 0 3950 2927 1917 10.6491 210
212 0 3930 2927 1937 10.6491 211
213 0 3926 2931 1949 6.94427 212
214 0 3926 2935 1965 9.31371 213
215 0 3926 2935 1989 9.31371 214
216 0 3914 2927 2013 9.31371 215
217 0 3906 2923 2037 9.31371 216
218 0 3906 2923 2065 9.31371 217
219 0 3882 2915 2089 12.4222 218
220 0 3878 2907 2113 12.4222 219
221 0 3878 2895 2141 12.4222 220
222 0 3878 2883 2173 15.8885 221
223 0 3866 2875 2225 23.2982 222
224 0 3862 2883 2265 10.6491 223
225 0 3870 2907 2293 10 224
226 0 3882 2915 2313 9.31371 225
227 0 3894 2927 2325 6.94427 226
228 0 3910 2943 2341 9.31371 227
229 0 3910 2947 2353 9.31371 228
230 0 3918 2951 2361 6.94427 229
231 0 3926 2951 2369 10.6491 230
232 0 3930 2951 2381 9.31371 231
233 0 3942 2959 2393 6.94427 232
234 0 3950 2963 2413 6 233
235 0 3950 2967 2429 9.31371 234
236 0 3938 2967 2453 14 235
237 0 3934 2959 2473 9.31371 236
238 0 3934 2955 2493 9.31371 237
239 0 3934 2951 2521 9.31371 238
240 0 3938 2955 2529 6 239
241 0 3946 2955 2533 3.65685 240
242 0 3950 2955 2529 2 241
