# Generated by NeuTu (https://github.com/janelia-flyem/NeuTu)
1 0 3931 3969 3213 2 -1
2 0 3919 3973 3213 6 1
3 0 3899 3977 3209 10 2
4 0 3887 3973 3209 12.4222 3
5 0 3871 3969 3209 10.6491 4
6 0 3855 3953 3225 6.94427 5
7 0 3847 3945 3229 3.65685 6
8 0 3839 3941 3233 6.94427 7
9 0 3823 3941 3237 6 8
10 0 3811 3945 3241 6.94427 9
11 0 3799 3945 3253 6.94427 10
12 0 3791 3937 3265 6 11
13 0 3787 3933 3269 3.65685 12
14 0 3783 3925 3277 9.31371 13
15 0 3771 3929 3297 6 14
16 0 3755 3933 3313 6.94427 15
17 0 3735 3937 3333 6.94427 16
18 0 3723 3933 3345 6.94427 17
19 0 3707 3925 3361 6 18
20 0 3699 3917 3365 6 19
21 0 3687 3909 3373 6 20
22 0 3679 3893 3393 9.31371 21
23 0 3671 3881 3405 9.31371 22
24 0 3667 3857 3421 9.31371 23
25 0 3655 3845 3433 9.31371 24
26 0 3647 3833 3441 12.4222 25
27 0 3631 3821 3457 3.65685 26
28 0 3627 3817 3465 6 27
