# Generated by NeuTu (https://github.com/janelia-flyem/NeuTu)
1 0 3543 3964 3442 9.31371 -1
2 0 3531 3960 3442 6 1
3 0 3506.56 3951.56 3437.56 9.61873 2
4 0 3487 3944 3414 9.31371 3
5 0 3479 3936 3406 9.31371 4
6 0 3459 3924 3406 9.31371 5
7 0 3435 3920 3390 9.31371 6
8 0 3423 3924 3386 10 7
9 0 3407 3912 3374 3.65685 8
10 0 3403 3912 3366 3.65685 9
11 0 3403 3912 3362 3.65685 10
12 0 3399 3916 3358 6 11
13 0 3399 3916 3350 3.65685 12
14 0 3399 3912 3342 3.65685 13
15 0 3395 3908 3338 2 14
16 0 3495 3940 3454 6.94427 3
17 0 3491 3932 3462 6 16
18 0 3499 3936 3470 3.65685 17
19 0 3503 3940 3474 2 18
