# Generated by NeuTu (https://github.com/janelia-flyem/NeuTu)
1 0 3815 4232 3332 2 -1
2 0 3815 4232 3336 2 1
3 0 3811 4228 3340 3.65685 2
4 0 3807 4224 3348 6.94427 3
5 0 3799 4216 3360 6 4
6 0 3791 4212 3368 6 5
7 0 3791 4208 3384 6 6
8 0 3791 4204 3396 3.65685 7
9 0 3791 4200 3404 6 8
10 0 3787 4196 3412 6 9
11 0 3787 4192 3420 3.65685 10
12 0 3783 4188 3428 6 11
13 0 3787 4176 3444 6 12
14 0 3791 4164 3452 6 13
15 0 3795 4152 3460 6 14
16 0 3799 4148 3464 3.65685 15
17 0 3803 4144 3464 3.65685 16
18 0 3807 4140 3468 6 17
19 0 3815 4136 3476 6 18
20 0 3823 4132 3480 6 19
21 0 3835 4132 3484 2 20
22 0 3839 4136 3488 2 21
