# Generated by NeuTu (https://github.com/janelia-flyem/NeuTu)
1 0 4304 2569 3000 6 -1
2 0 4296 2569 3004 6.94427 1
3 0 4292 2557 3020 6.94427 2
4 0 4300 2545 3036 6 3
5 0 4300 2541 3044 6 4
6 0 4300 2533 3056 9.31371 5
7 0 4308 2525 3060 9.31371 6
8 0 4320 2505 3080 3.65685 7
9 0 4320 2497 3088 6 8
10 0 4324 2501 3104 6 9
11 0 4316 2501 3116 6.94427 10
12 0 4312 2497 3124 3.65685 11
13 0 4308 2493 3128 6 12
14 0 4296 2485 3136 6 13
15 0 4292 2481 3140 3.65685 14
16 0 4288 2477 3144 6 15
17 0 4280 2465 3152 6 16
18 0 4284 2461 3164 6 17
19 0 4276 2453 3184 6 18
20 0 4276 2453 3192 6 19
21 0 4272 2449 3200 2 20
22 0 4272 2449 3204 2 21
23 0 4272 2449 3208 2 22
24 0 4272 2449 3212 2 23
