# Generated by NeuTu (https://github.com/janelia-flyem/NeuTu)
1 0 3994 2524 3108 6.94427 -1
2 0 4006 2524 3112 6 1
3 0 4018 2524 3116 10 2
4 0 4026 2508 3132 14 3
5 0 4030 2492 3156 10 4
6 0 4034 2476 3176 6.94427 5
7 0 4046 2472 3184 6 6
8 0 4062 2468 3188 6 7
9 0 4070 2464 3196 3.65685 8
10 0 4078 2464 3196 6 9
11 0 4098 2456 3204 9.31371 10
12 0 4106 2448 3204 6 11
13 0 4114 2432 3200 6.94427 12
14 0 4126 2412 3192 6.94427 13
15 0 4130 2400 3184 14 14
16 0 4130 2392 3156 6 15
17 0 4130 2388 3136 6.94427 16
18 0 4130 2384 3120 6 17
19 0 4134 2380 3100 6.94427 18
20 0 4130 2380 3084 6 19
21 0 4130 2380 3076 3.65685 20
22 0 4130 2380 3068 6 21
23 0 4126 2380 3052 6 22
24 0 4126 2380 3036 6 23
25 0 4130 2388 3028 3.65685 24
26 0 4130 2392 3024 3.65685 25
27 0 4134 2396 3020 6 26
28 0 4138 2400 3016 3.65685 27
29 0 4138 2404 3008 3.65685 28
30 0 4138 2408 3000 6 29
