# Generated by NeuTu (https://github.com/janelia-flyem/NeuTu)
1 0 4366 2611 3356 2 -1
2 0 4366 2607 3360 2 1
3 0 4366 2603 3360 2 2
4 0 4362 2595 3368 6 3
5 0 4358 2591 3376 3.65685 4
6 0 4354 2587 3380 3.65685 5
7 0 4350 2587 3384 2 6
8 0 4346 2587 3388 3.65685 7
9 0 4342 2587 3396 6 8
10 0 4330 2591 3408 6 9
11 0 4322 2591 3424 6 10
12 0 4310 2587 3440 6 11
13 0 4298 2587 3456 6 12
14 0 4294 2591 3460 6 13
15 0 4286 2587 3468 6 14
16 0 4282 2587 3484 6 15
17 0 4274 2583 3496 6.94427 16
18 0 4270 2575 3504 3.65685 17
19 0 4266 2571 3508 6 18
20 0 4262 2571 3524 6 19
21 0 4262 2575 3536 3.65685 20
22 0 4262 2575 3540 3.65685 21
23 0 4258 2579 3544 2 22
24 0 4258 2579 3548 2 23
25 0 4258 2579 3552 2 24
26 0 4258 2579 3556 3.65685 25
27 0 4258 2579 3564 3.65685 26
28 0 4254 2583 3568 6 27
29 0 4258 2587 3584 6 28
30 0 4258 2591 3596 6 29
31 0 4246 2591 3612 6.94427 30
32 0 4242 2591 3620 6 31
33 0 4238 2587 3624 3.65685 32
34 0 4238 2583 3636 6 33
35 0 4230 2583 3644 6 34
36 0 4234 2583 3656 3.65685 35
37 0 4234 2579 3664 6 36
38 0 4230 2575 3668 3.65685 37
39 0 4230 2575 3672 3.65685 38
40 0 4230 2571 3676 2 39
41 0 4230 2567 3680 2 40
