# Generated by NeuTu (https://github.com/janelia-flyem/NeuTu)
1 0 3936 2644 3039 2 -1
2 0 3940 2640 3039 3.65685 1
3 0 3940 2636 3039 2 2
4 0 3940 2632 3039 3.65685 3
5 0 3936 2624 3043 6.94427 4
6 0 3936 2612 3051 6 5
7 0 3928 2596 3055 6.94427 6
8 0 3916 2580 3067 9.31371 7
9 0 3896 2564 3083 6 8
10 0 3892 2560 3087 3.65685 9
11 0 3888 2556 3095 6 10
12 0 3876 2560 3111 6.94427 11
13 0 3872 2568 3119 6 12
14 0 3872 2584 3119 6 13
15 0 3872 2596 3115 6 14
16 0 3868 2600 3111 2 15
17 0 3868 2604 3107 2 16
