# Generated by NeuTu (https://github.com/janelia-flyem/NeuTu)
1 0 4458 2917 1000 2 -1
2 0 4454 2901 1004 10 1
3 0 4450 2885 1016 9.31371 2
4 0 4438 2861 1032 9.31371 3
5 0 4426 2849 1048 6.94427 4
6 0 4414 2833 1064 10.6491 5
7 0 4398 2821 1092 12.4222 6
8 0 4378 2801 1108 14.4924 7
9 0 4362 2773 1128 14.4924 8
10 0 4334 2753 1148 10.6491 9
11 0 4310 2741 1164 15.8885 10
12 0 4290 2741 1172 18.3961 11
13 0 4250 2745 1176 10.6491 12
14 0 4226 2753 1176 10 13
15 0 4202 2761 1172 9.31371 14
16 0 4186 2765 1172 6.94427 15
17 0 4174 2773 1172 9.31371 16
18 0 4166 2781 1172 6.94427 17
19 0 4146 2793 1176 9.31371 18
20 0 4126 2809 1184 9.31371 19
21 0 4102 2825 1208 10 20
22 0 4090 2841 1224 10 21
23 0 4078 2841 1232 6.94427 22
24 0 4066 2853 1240 6 23
25 0 4062 2881 1260 19.5407 24
26 2 4058 2891.4 1292.8 24.6332 25
27 0 4042 2885 1312 9.31371 26
28 0 4030 2881 1328 6.94427 27
29 0 4030 2881 1336 6.94427 28
30 0 4022 2869 1352 6.94427 29
31 0 4022 2869 1376 10 30
32 0 4018 2865 1396 10.6491 31
33 0 4010 2849 1424 14 32
34 0 4010 2821 1448 10 33
35 0 4006 2801 1460 10 34
36 0 4002 2785 1468 14 35
37 0 3998 2773 1476 10 36
38 0 3990 2745 1496 10.6491 37
39 0 3986 2721 1516 12.4222 38
40 0 3978 2701 1536 10.6491 39
41 0 3978 2681 1560 9.31371 40
42 0 3966 2661 1576 6.94427 41
43 0 3954 2645 1592 6.94427 42
44 0 3950 2625 1608 9.31371 43
45 0 3942 2609 1620 9.31371 44
46 0 3930 2593 1636 9.31371 45
47 0 3926 2581 1660 12.4222 46
48 0 3914 2565 1680 14 47
49 0 3906 2541 1704 10 48
50 0 3906 2529 1732 9.31371 49
51 0 3906 2517 1756 12.4222 50
52 0 3910 2505 1788 9.31371 51
53 0 3914 2513 1804 6.94427 52
54 0 3918 2521 1816 6 53
55 0 3918 2521 1824 6 54
56 0 3918 2521 1836 9.31371 55
57 0 3918 2525 1864 9.31371 56
58 0 3914 2533 1884 10.6491 57
59 0 3910 2525 1908 10.6491 58
60 0 3902 2517 1936 10 59
61 0 3898 2513 1960 9.31371 60
62 0 3894 2509 1984 6 61
63 0 3886 2509 2008 12.4222 62
64 0 3870 2509 2024 10 63
65 0 3862 2513 2032 6.94427 64
66 0 3862 2513 2056 10.6491 65
67 0 3854 2513 2064 9.31371 66
68 0 3854 2513 2076 6 67
69 0 3854 2513 2092 6.94427 68
70 0 3858 2517 2100 9.31371 69
71 0 3862 2505 2128 12.4222 70
72 0 3866 2497 2160 10 71
73 0 3866 2493 2184 12.4222 72
74 0 3862 2473 2208 9.31371 73
75 0 3858 2461 2236 9.31371 74
76 0 3858 2449 2252 10 75
77 0 3854 2441 2276 10.6491 76
78 0 3854 2437 2304 10.6491 77
79 0 3850 2433 2332 10.6491 78
80 0 3842 2429 2348 14.4924 79
81 0 3830 2441 2372 6.94427 80
82 0 3826 2445 2384 6 81
83 0 3822 2445 2400 6 82
84 0 3818 2449 2408 9.31371 83
85 0 3818 2449 2432 6.94427 84
86 0 3818 2445 2448 9.31371 85
87 0 3818 2441 2468 10 86
88 0 3810 2429 2488 10 87
89 0 3806 2421 2512 9.31371 88
90 0 3794 2421 2524 6 89
91 0 3794 2421 2540 6 90
92 0 3790 2421 2552 9.31371 91
93 0 3782 2421 2572 9.31371 92
94 0 3770 2429 2608 14 93
95 0 3766 2437 2624 9.31371 94
96 0 3750 2441 2648 9.31371 95
97 0 3742 2449 2664 9.31371 96
98 0 3730 2457 2680 9.31371 97
99 0 3722 2469 2704 9.31371 98
100 0 3718 2485 2724 6.94427 99
101 0 3714 2497 2728 6 100
102 0 3718 2505 2736 6 101
103 0 3714 2525 2752 10.6491 102
104 0 3710 2553 2760 10 103
105 0 3710 2569 2780 12.4222 104
106 0 3694 2573 2812 12.4222 105
107 0 3682 2577 2844 12.4222 106
108 0 3674 2577 2856 10 107
109 0 3670 2581 2872 14 108
110 0 3670 2585 2904 9.31371 109
111 0 3674 2585 2932 6.94427 110
112 0 3674 2589 2948 9.31371 111
113 0 3670 2589 2972 10.6491 112
114 0 3658 2585 2996 9.31371 113
115 0 3650 2589 3004 6 114
116 0 3654 2593 3036 10 115
117 0 3662 2593 3060 10.6491 116
118 0 3670 2601 3084 9.31371 117
119 0 3670 2601 3108 10 118
120 0 3670 2597 3136 10 119
121 0 3670 2593 3160 9.31371 120
122 0 3670 2593 3188 10 121
123 0 3674 2601 3208 10.6491 122
124 0 3670 2613 3236 10.6491 123
125 0 3658 2625 3264 10 124
126 0 3646 2645 3288 9.31371 125
127 0 3642 2649 3308 12.4222 126
128 0 3634 2649 3336 6.94427 127
129 0 3630 2641 3356 10 128
130 0 3622 2645 3392 14 129
131 0 3614 2641 3432 14 130
132 0 3606 2637 3480 14 131
133 0 3602 2629 3508 14.4924 132
134 2 3593.09 2626.32 3548.04 29.4787 133
135 2 3584.06 2620.23 3567.1 36.9129 134
136 2 3572.56 2615.62 3585.51 34.0445 135
137 2 3562.18 2610.45 3599.82 31.204 136
138 0 3534 2573 3632 18 137
139 0 3522 2545 3656 12.4222 138
140 0 3510 2513 3688 15.8885 139
141 0 3514 2489 3712 33.7771 140
142 0 3514 2489 3772 14 141
143 0 3518 2469 3804 12.4222 142
144 0 3510 2457 3836 10.6491 143
145 0 3510 2449 3864 12.4222 144
146 0 3510 2437 3892 10.6491 145
147 0 3506 2429 3916 10.6491 146
148 0 3506 2429 3940 10.6491 147
149 0 3506 2433 3968 10 148
150 0 3510 2441 4012 14 149
151 0 3506 2441 4028 10 150
152 0 3502 2441 4056 12.4222 151
153 0 3490 2445 4096 14 152
154 0 3482 2433 4132 10.6491 153
155 0 3478 2425 4152 6.94427 154
156 0 3478 2425 4180 10.6491 155
157 0 3470 2421 4208 12.4222 156
158 0 3466 2421 4236 26.8444 157
159 0 3466 2441 4256 23.2982 158
160 0 3478 2485 4272 21.3238 159
161 2 3492.86 2523.29 4287.43 28.8571 160
162 0 3522 2569 4312 21.3238 161
163 0 3554 2601 4328 18 162
164 0 3594 2629 4328 18 163
165 0 3638 2665 4324 23.2982 164
166 0 3662 2717 4316 18.3961 165
167 0 3677.56 2763.22 4319.56 18.8889 166
168 0 3690 2785 4332 22 167
169 0 3714 2813 4364 14.9706 168
170 0 3754 2829 4404 22.3311 169
171 0 3774 2837 4424 29.241 170
172 2 3810.8 2854.6 4458 20.0498 171
173 0 3846 2881 4512 14.4924 172
174 0 3846 2877 4544 12.4222 173
175 0 3850 2873 4576 14.4924 174
176 0 3858 2861 4608 14.9706 175
177 0 3862 2841 4640 14.4924 176
178 0 3866 2829 4680 21.3238 177
179 0 3874 2817 4708 26.8444 178
180 0 3858 2793 4760 18.3961 179
181 0 3838 2773 4800 15.8885 180
182 0 3830 2769 4844 14.4924 181
183 0 3846 2765 4880 14.4924 182
184 0 3854 2761 4920 14 183
185 0 3858 2765 4936 10.6491 184
186 0 3858 2773 4972 14 185
187 0 3854 2777 4988 10 186
188 0 3850 2785 5016 14 187
189 0 3834 2789 5048 12.4222 188
190 0 3826 2781 5076 12.4222 189
191 0 3810 2777 5112 15.8885 190
192 0 3798 2781 5160 18 191
193 0 3802 2765 5200 15.8885 192
194 0 3818 2741 5232 14 193
195 0 3830 2709 5256 10.6491 194
196 0 3830 2685 5276 14 195
197 0 3834 2641 5300 18 196
198 0 3834 2613 5332 15.8885 197
199 0 3834 2605 5356 10.6491 198
200 0 3830 2593 5388 14 199
201 0 3814 2577 5432 14.9706 200
202 0 3802 2577 5484 14.9706 201
203 0 3786 2577 5512 14 202
204 0 3766 2573 5536 14.4924 203
205 0 3738 2561 5560 14.4924 204
206 0 3718 2541 5580 14 205
207 0 3710 2517 5608 12.4222 206
208 0 3710 2517 5636 10 207
209 0 3714 2517 5668 12.4222 208
210 0 3702 2525 5692 10 209
211 0 3682 2533 5716 10.6491 210
212 0 3658 2541 5740 14 211
213 0 3646 2549 5768 12.4222 212
214 0 3642 2557 5792 12.4222 213
215 0 3654 2557 5828 14 214
216 0 3654 2533 5856 14 215
217 0 3638 2525 5892 18 216
218 0 3634 2525 5912 10.6491 217
219 0 3626 2513 5948 12.4222 218
220 0 3614 2501 5984 12.4222 219
221 0 3594 2493 6020 14.4924 220
222 0 3594 2497 6064 14.4924 221
223 0 3590 2505 6092 10 222
224 0 3582 2509 6124 9.31371 223
225 0 3570 2513 6148 10.6491 224
226 0 3562 2517 6176 10.6491 225
227 0 3546 2517 6196 10.6491 226
228 0 3526 2517 6240 23.2982 227
229 0 3522 2517 6272 22 228
230 0 3510 2525 6308 10 229
231 0 3506 2529 6332 9.31371 230
232 0 3502 2533 6352 9.31371 231
233 0 3494 2537 6380 10.6491 232
234 0 3486 2537 6412 14.4924 233
235 0 3486 2537 6440 12.4222 234
236 0 3486 2529 6468 9.31371 235
237 0 3490 2525 6488 6.94427 236
238 0 3490 2525 6512 10 237
239 0 3490 2525 6536 10 238
240 0 3486 2525 6556 10.6491 239
241 0 3466 2525 6600 26.8444 240
242 0 3458 2509 6656 22.3311 241
243 0 3442 2505 6704 10 242
244 0 3438 2505 6736 14 243
245 0 3434 2505 6784 24.8328 244
246 0 3426 2489 6840 20.6274 245
247 0 3414 2481 6856 12.4222 246
248 0 3410 2473 6880 10 247
249 0 3402 2469 6904 9.31371 248
250 0 3402 2465 6928 9.31371 249
251 0 3402 2465 6952 10 250
252 0 3410 2469 6984 12.4222 251
253 0 3414 2469 6996 10 252
254 0 3414 2457 7024 14 253
255 0 3414 2449 7036 10.6491 254
256 0 3418 2441 7064 12.4222 255
257 0 3422 2429 7096 12.4222 256
258 0 3422 2429 7132 12.4222 257
259 0 3422 2429 7148 9.31371 258
260 0 3422 2429 7168 10.6491 259
261 0 3418 2429 7192 9.31371 260
262 0 3406 2437 7220 9.31371 261
263 0 3406 2441 7252 10.6491 262
264 0 3410 2441 7276 9.31371 263
265 0 3422 2437 7296 10 264
266 0 3426 2425 7320 14 265
267 0 3422 2417 7352 14 266
268 0 3414 2409 7380 12.4222 267
269 0 3410 2409 7408 10 268
270 0 3406 2413 7432 12.4222 269
271 0 3402 2413 7472 9.31371 270
272 0 3402 2413 7496 9.31371 271
273 0 3402 2413 7528 10 272
274 0 3394 2413 7556 10.6491 273
275 0 3382 2417 7588 10.6491 274
276 0 3374 2413 7612 10.6491 275
277 0 3370 2409 7640 9.31371 276
278 0 3370 2409 7672 12.4222 277
279 0 3366 2409 7700 12.4222 278
280 0 3366 2417 7712 12.4222 279
281 0 3362 2413 7740 14 280
282 0 3350 2393 7776 10 281
283 0 3338 2381 7796 12.4222 282
284 0 3310 2377 7824 12.4222 283
285 0 3298 2365 7852 14 284
286 0 3286 2353 7884 10.6491 285
287 0 3270 2345 7916 14 286
288 0 3254 2361 7940 14.4924 287
289 0 3242 2373 7952 10.6491 288
290 0 3218 2393 7976 14 289
291 0 3194 2409 7996 10.6491 290
292 0 3778 2861 4472 6 172
293 0 3771.78 2875.22 4488.44 6.5246 292
294 0 3770 2873 4508 6 293
295 0 3774 2861 4520 6 294
296 0 3770 2845 4536 6.94427 295
297 0 3766 2837 4540 9.31371 296
298 0 3758 2825 4540 6.94427 297
299 0 3754 2817 4548 3.65685 298
300 0 3754 2809 4556 6.94427 299
301 0 3742 2797 4568 14 300
302 0 3726 2801 4572 9.31371 301
303 0 3710 2817 4568 6.94427 302
304 0 3702 2825 4576 6.94427 303
305 0 3690 2841 4580 6.94427 304
306 0 3686 2849 4588 9.31371 305
307 0 3678 2865 4596 6 306
308 0 3674 2873 4608 6 307
309 0 3674 2881 4616 3.65685 308
310 0 3674 2889 4620 6 309
311 0 3678 2901 4628 6 310
312 0 3678 2909 4636 6 311
313 0 3674 2921 4636 9.31371 312
314 0 3674 2929 4644 6.94427 313
315 0 3682 2949 4648 6 314
316 0 3694 2965 4656 6.94427 315
317 0 3698 2973 4656 6.94427 316
318 0 3702 2981 4656 3.65685 317
319 0 3706 2989 4656 6 318
320 0 3706 3005 4656 6 319
321 0 3706 3025 4660 6.94427 320
322 0 3698 3041 4672 6 321
323 0 3690 3045 4680 9.31371 322
324 0 3690 3045 4692 9.31371 323
325 0 3686 3041 4704 6 324
326 0 3686 3041 4720 6 325
327 0 3690 3033 4728 6 326
328 0 3694 3025 4740 9.31371 327
329 0 3702 3025 4752 6 328
330 0 3706 3029 4756 2 329
331 0 3710 3033 4760 2 330
332 0 3746 2773 4564 6 301
333 0 3750 2757 4564 6 332
334 0 3762 2741 4564 6.94427 333
335 0 3774 2725 4564 6 334
336 0 3778 2717 4564 3.65685 335
337 0 3778 2713 4568 2 336
338 0 3786 2897 4488 9.31371 293
339 0 3786 2909 4492 6 338
340 0 3782 2917 4492 2 339
341 0 3782 2921 4492 2 340
342 0 3686 2773 4292 10 167
343 0 3690 2777 4280 6 342
344 0 3690 2781 4264 6 343
345 2 3701.6 2781 4240.8 9.19524 344
346 0 3710 2781 4228 12.4222 345
347 0 3714 2781 4204 10 346
348 0 3722 2781 4184 9.31371 347
349 0 3730 2777 4156 9.31371 348
350 0 3754 2781 4136 9.31371 349
351 0 3766 2777 4124 6.94427 350
352 0 3774 2777 4116 6 351
353 0 3786 2773 4104 12.4222 352
354 0 3806 2773 4084 9.31371 353
355 0 3822 2773 4068 9.31371 354
356 0 3842 2781 4048 10 355
357 0 3854 2785 4024 9.31371 356
358 0 3858 2789 4000 6.94427 357
359 0 3854 2789 3984 6.94427 358
360 0 3846 2789 3964 6.94427 359
361 0 3842 2781 3944 9.31371 360
362 0 3842 2781 3920 6.94427 361
363 0 3842 2781 3900 6.94427 362
364 0 3838 2785 3880 6 363
365 0 3838 2793 3868 9.31371 364
366 0 3842 2797 3848 6.94427 365
367 0 3842 2797 3836 9.31371 366
368 0 3850 2805 3816 6.94427 367
369 0 3858 2817 3788 9.31371 368
370 0 3862 2829 3764 10 369
371 0 3858 2829 3752 6 370
372 0 3870 2837 3728 12.4222 371
373 2 3864.67 2843.67 3689.33 25.494 372
374 0 3862 2845 3648 14.4924 373
375 0 3870 2857 3632 18 374
376 2 3885.27 2845.73 3606.18 12.4222 375
377 0 3894 2841 3580 6 376
378 0 3894 2837 3568 6.94427 377
379 0 3886 2833 3560 9.31371 378
380 0 3886 2829 3548 9.31371 379
381 0 3886 2829 3536 6 380
382 0 3890 2829 3520 6 381
383 0 3894 2825 3516 6 382
384 0 3894 2825 3508 3.65685 383
385 0 3890 2829.51 3481.23 9.89581 384
386 0 3894 2841 3468 6 385
387 0 3898 2849 3460 6.94427 386
388 0 3894 2849 3440 6.94427 387
389 0 3890 2853 3412 9.31371 388
390 0 3890 2857 3392 6 389
391 0 3890 2861 3384 6 390
392 0 3894 2865 3380 3.65685 391
393 0 3898 2869 3384 2 392
394 0 3858 2821 3464 12.4222 385
395 0 3858 2793 3464 6.94427 394
396 0 3846 2781 3460 6.94427 395
397 0 3838 2765 3460 6 396
398 0 3874 2861 3592 9.31371 376
399 0 3866 2857 3580 12.4222 398
400 0 3886 2889 3688 14.4924 373
401 0 3898 2897 3692 3.65685 400
402 0 3902 2897 3692 2 401
403 0 3906 2897 3692 2 402
404 0 3710 2765 4248 6.94427 345
405 0 3710 2753 4256 6.94427 404
406 0 3720.22 2742.78 4270.22 6 405
407 0 3730 2729 4280 6 406
408 0 3730 2721 4280 6 407
409 0 3734 2717 4284 6 408
410 0 3734 2701 4280 6 409
411 0 3726 2685 4276 6.94427 410
412 0 3718 2681 4276 6 411
413 0 3738 2749 4272 6 406
414 0 3754 2749 4284 9.31371 413
415 0 3766 2757 4296 6.94427 414
416 0 3470 2505 4316 9.31371 161
417 0 3446 2489 4332 12.4222 416
418 0 3438 2489 4356 10 417
419 0 3434 2497 4368 6 418
420 0 3434 2505 4376 6 419
421 0 3434 2513 4384 10 420
422 0 3434 2525 4396 6 421
423 0 3434 2541 4408 6 422
424 2 3430.22 2556.56 4423.56 9.96187 423
425 0 3406 2601 4432 10.6491 424
426 0 3398 2609 4436 6.94427 425
427 0 3382 2625 4440 9.31371 426
428 0 3370 2637 4444 12.4222 427
429 0 3346 2641 4448 10 428
430 0 3314 2645 4452 10.6491 429
431 0 3282 2653 4452 10.6491 430
432 0 3270 2661 4448 12.4222 431
433 0 3254 2673 4448 9.31371 432
434 2 3238.47 2676.88 4448 12.3308 433
435 0 3206 2661 4444 6.94427 434
436 0 3194 2661 4444 9.31371 435
437 0 3186 2665 4436 9.31371 436
438 0 3170 2673 4436 6 437
439 0 3150 2685 4428 6.94427 438
440 0 3142 2685 4428 6 439
441 0 3122 2689 4432 9.31371 440
442 0 3110 2689 4436 6 441
443 0 3094 2689 4436 6 442
444 0 3082 2697 4444 10 443
445 0 3066 2701 4444 6.94427 444
446 0 3050 2709 4444 10.6491 445
447 2 3024.72 2731.96 4444 16.3271 446
448 0 3002 2749 4436 6.94427 447
449 0 2990 2765 4416 6.94427 448
450 0 2982 2773 4408 6 449
451 0 2978 2781 4400 10 450
452 2 2978 2800.29 4373.18 10 451
453 0 2978 2821 4348 6 452
454 0 2978 2821 4340 6 453
455 0 2974 2833 4328 9.31371 454
456 0 2970 2841 4316 12.4222 455
457 2 2966.57 2847.86 4302.29 9.75778 456
458 0 2966 2861 4288 12.4222 457
459 0 2958 2881 4268 9.31371 458
460 0 2946 2893 4252 9.31371 459
461 0 2930 2901 4236 10 460
462 0 2910 2905 4224 6 461
463 0 2894 2905 4220 6 462
464 0 2878 2901 4212 6.94427 463
465 0 2862 2889 4204 6.94427 464
466 0 2846 2889 4192 6 465
467 0 2834 2893 4188 10 466
468 0 2810 2885 4188 10 467
469 0 2798 2881 4188 10 468
470 0 2782 2893 4200 9.31371 469
471 0 2766 2901 4208 10 470
472 0 2746 2905 4204 6 471
473 0 2714 2909 4204 10.6491 472
474 0 2702 2905 4204 6 473
475 0 2686 2901 4204 6 474
476 0 2670 2901 4204 6 475
477 0 2658 2901 4204 6.94427 476
478 0 2642 2913 4200 6 477
479 0 2630 2929 4192 6.94427 478
480 0 2610 2949 4188 10.6491 479
481 0 2598 2953 4188 9.31371 480
482 0 2586 2953 4188 3.65685 481
483 0 2582 2949 4192 3.65685 482
484 0 2574 2949 4192 6.94427 483
485 0 2562 2945 4192 6.94427 484
486 0 2550 2945 4200 2 485
487 0 2546 2945 4200 2 486
488 0 2650 2885 4200 3.65685 477
489 0 2650 2885 4196 3.65685 488
490 0 2646 2889 4192 6 489
491 0 2638 2897 4184 2 490
492 0 2638 2897 4180 2 491
493 0 2634 2897 4176 2 492
494 0 2838 2901 4172 6 467
495 0 2842 2901 4152 6 494
496 0 2846 2901 4140 3.65685 495
497 0 2850 2901 4132 6 496
498 0 2854 2897 4128 3.65685 497
499 0 2858 2897 4120 6 498
500 0 2866 2897 4104 6 499
501 0 2866 2901 4088 6 500
502 0 2870 2909 4072 6 501
503 0 2870 2909 4064 6 502
504 0 2874 2913 4060 6 503
505 0 2878 2917 4056 3.65685 504
506 0 2878 2917 4052 3.65685 505
507 0 2882 2921 4048 3.65685 506
508 0 2882 2921 4044 2 507
509 0 2946 2833 4304 6.94427 457
510 0 2938 2825 4300 3.65685 509
511 0 2930 2821 4300 3.65685 510
512 0 2926 2817 4300 3.65685 511
513 0 2918 2809 4300 6.94427 512
514 0 2910 2805 4300 6 513
515 0 2974 2817 4384 6 452
516 0 2970 2821 4388 6 515
517 0 2966 2825 4392 3.65685 516
518 0 2958 2833 4392 3.65685 517
519 0 2954 2837 4396 3.65685 518
520 0 2946 2845 4404 6.94427 519
521 0 2938 2853 4408 3.65685 520
522 0 2930 2857 4408 6 521
523 0 2918 2861 4416 6 522
524 0 2906 2861 4428 6 523
525 0 2902 2861 4436 6 524
526 0 2894 2861 4436 6 525
527 0 2886 2857 4444 6 526
528 0 2870 2857 4444 6 527
529 0 2854 2861 4444 6 528
530 0 2842 2869 4448 6 529
531 0 2842 2885 4448 6 530
532 0 2842 2893 4448 6 531
533 0 3014 2729 4468 14 447
534 0 2994 2729 4472 14.4924 533
535 0 2958.37 2729.6 4484.23 30.3362 534
536 2 2941.21 2732.47 4504.26 22.7436 535
537 0 2926 2717 4520 18 536
538 0 2914 2677 4520 18 537
539 0 2910 2649 4544 9.31371 538
540 0 2914 2633 4556 6.94427 539
541 0 2930 2617 4568 6.94427 540
542 0 2934 2609 4576 6 541
543 0 2942 2597 4584 9.31371 542
544 0 2958 2581 4584 18 543
545 0 2974 2557 4596 12.4222 544
546 0 2938 2765 4512 10.6491 536
547 0 2926 2773 4528 6.94427 546
548 0 2918 2777 4540 6 547
549 0 2914 2789 4552 9.31371 548
550 0 2914 2789 4572 9.31371 549
551 0 2918 2789 4588 10 550
552 0 2926 2777 4592 6 551
553 0 2942 2761 4596 10 552
554 0 2894 2797 4556 6 549
555 0 2874 2801 4552 6 554
556 0 2862 2801 4548 9.31371 555
557 0 2862 2809 4536 6 556
558 0 2942 2673 4488 14.4924 535
559 0 2942 2645 4488 10 558
560 0 2942 2625 4480 6 559
561 0 2946 2609 4472 6.94427 560
562 0 2946 2593 4472 6 561
563 0 2942 2585 4472 2 562
564 0 2942 2581 4472 2 563
565 0 2942 2577 4472 2 564
566 0 3086 2709 4444 2 444
567 0 3090 2721 4444 6.94427 566
568 0 3090 2733 4440 10 567
569 0 3242 2701 4456 10 434
570 0 3242 2725 4460 10 569
571 0 3238 2737 4464 12.4222 570
572 0 3226 2761 4464 10.6491 571
573 0 3210 2777 4460 10.6491 572
574 0 3194 2797 4460 10.6491 573
575 0 3180.79 2840.63 4458.26 24.7044 574
576 0 3181.49 2865.68 4460.68 31.9175 575
577 0 3206 2881 4476 14 576
578 0 3226 2893 4488 9.31371 577
579 0 3246 2901 4508 9.31371 578
580 0 3258 2905 4508 6 579
581 0 3266 2905 4508 6 580
582 0 3270 2909 4512 6 581
583 0 3274 2913 4516 3.65685 582
584 0 3282 2913 4520 3.65685 583
585 0 3286 2917 4524 3.65685 584
586 0 3290 2917 4524 3.65685 585
587 0 3302 2921 4524 9.31371 586
588 0 3314 2937 4532 6 587
589 0 3322 2949 4532 6.94427 588
590 0 3334 2949 4544 6 589
591 0 3350 2945 4556 6 590
592 0 3174 2913 4480 9.31371 576
593 0 3174 2921 4488 6.94427 592
594 0 3166 2921 4496 6.94427 593
595 0 3166 2925 4504 2 594
596 0 3166 2925 4508 2 595
597 0 3222 2869 4444 6.94427 575
598 0 3230 2877 4436 3.65685 597
599 0 3234 2881 4432 6 598
600 0 3238 2881 4424 6 599
601 0 3374 2653 4432 2 428
602 0 3374 2661 4428 6 601
603 0 3374 2669 4416 6 602
604 0 3378 2669 4400 6 603
605 0 3434 2549 4440 6 424
606 0 3438 2545 4448 6 605
607 0 3442 2549 4452 3.65685 606
608 0 3446 2553 4456 3.65685 607
609 0 3450 2561 4460 6 608
610 0 3454 2569 4468 6 609
611 0 3458 2577 4472 6 610
612 0 3462 2581 4476 3.65685 611
613 0 3470 2589 4484 3.65685 612
614 0 3474 2589 4484 2 613
615 0 3478 2375.67 4285.33 32.9715 159
616 0 3456.22 2321.44 4323.56 14.0324 615
617 0 3430 2293 4356 14.4924 616
618 0 3418 2289 4396 18 617
619 0 3402 2285 4432 14.9706 618
620 0 3394 2273 4468 14.4924 619
621 0 3374 2261 4504 14.4924 620
622 0 3354 2249 4524 15.8885 621
623 0 3322 2241 4556 14.4924 622
624 2 3283.88 2251.12 4593.81 44.4872 623
625 2 3282.88 2252.12 4600.27 45.6514 624
626 0 3278 2257 4632 51.3667 625
627 2 3282.43 2276.95 4651.95 37.4656 626
628 0 3294 2313 4700 26.2843 627
629 0 3326 2313 4748 15.8885 628
630 0 3338 2325 4792 19.5407 629
631 0 3342 2333 4816 14.9706 630
632 0 3342 2321 4852 12.4222 631
633 0 3350 2309 4892 14 632
634 0 3354 2293 4924 14 633
635 0 3354 2281 4964 18 634
636 0 3350 2277 5012 18 635
637 0 3350 2273 5032 18 636
638 0 3334 2261 5048 15.8885 637
639 0 3326 2253 5060 10 638
640 0 3318 2245 5084 12.4222 639
641 0 3314 2249 5108 9.31371 640
642 0 3314 2249 5120 6.94427 641
643 0 3302 2257 5132 10 642
644 2 3285.09 2265.91 5162.73 21.2512 643
645 0 3274 2281 5200 24.8328 644
646 2 3249.1 2299.45 5230.45 11.5505 645
647 0 3198 2305 5224 10.6491 646
648 0 3178 2313 5216 10.6491 647
649 0 3150 2325 5204 14.9706 648
650 0 3122 2333 5200 18 649
651 0 3098 2317 5200 9.31371 650
652 0 3086 2317 5200 6.94427 651
653 0 3066 2309 5192 10.6491 652
654 0 3046 2305 5192 10 653
655 0 3014 2305 5192 15.8885 654
656 0 2974 2313 5192 10 655
657 0 2908.67 2305 5188 31.8947 656
658 0 2826 2329 5184 18 657
659 0 2810 2333 5176 9.31371 658
660 0 2798 2333 5168 6.94427 659
661 0 2770 2337 5156 14 660
662 0 2738 2333 5164 12.4222 661
663 0 2718 2329 5180 6.94427 662
664 0 2710 2325 5188 6.94427 663
665 0 2702 2313 5200 12.4222 664
666 2 2683.76 2298.18 5214.82 10.5537 665
667 0 2642 2273 5220 12.4222 666
668 0 2618 2257 5228 9.31371 667
669 0 2593.45 2240.45 5232.36 12.3416 668
670 0 2566 2213 5252 6.94427 669
671 0 2554 2197 5264 9.31371 670
672 0 2542 2181 5272 10.6491 671
673 0 2530 2161 5288 10.6491 672
674 0 2518 2145 5304 6.94427 673
675 0 2510 2141 5316 10 674
676 0 2498 2125 5332 9.31371 675
677 0 2482 2105 5352 9.31371 676
678 0 2474 2081 5364 10 677
679 0 2470 2033 5372 14.4924 678
680 0 2466 2013 5384 18 679
681 0 2458 1989 5408 14.4924 680
682 0 2458 1961 5408 9.31371 681
683 0 2458 1949 5408 6.94427 682
684 0 2458 1937 5412 10 683
685 0 2458 1905 5420 9.31371 684
686 0 2458 1889 5420 15.8885 685
687 0 2454 1873 5436 19.5407 686
688 0 2422 1845 5444 12.4222 687
689 0 2398 1833 5444 10 688
690 0 2374 1821 5440 6.94427 689
691 0 2366 1817 5436 6.94427 690
692 0 2334 1793 5428 19.5407 691
693 0 2302 1761 5428 9.31371 692
694 0 2286 1745 5428 9.31371 693
695 0 2262 1729 5428 6.94427 694
696 0 2246 1725 5432 6 695
697 0 2219.86 1710.86 5454.41 10.7612 696
698 0 2226 1705 5468 6 697
699 0 2234 1697 5472 9.31371 698
700 0 2246 1697 5468 6 699
701 0 2262 1693 5464 6 700
702 0 2270 1693 5464 6 701
703 0 2278 1689 5456 6 702
704 0 2194 1705 5464 10.6491 697
705 0 2166 1701 5480 10 704
706 0 2146 1709 5480 3.65685 705
707 0 2142 1713 5480 2 706
708 0 2422 1845 5468 6 688
709 0 2426 1845 5476 6.94427 708
710 0 2438 1853 5488 6.94427 709
711 0 2442 1861 5492 6.94427 710
712 0 2582 2229 5216 6.94427 669
713 0 2574 2225 5208 6 712
714 0 2566 2225 5208 6.94427 713
715 0 2558 2229 5200 6.94427 714
716 0 2542 2237 5196 6 715
717 0 2534 2237 5196 6 716
718 0 2526 2245 5192 6.94427 717
719 0 2518 2249 5188 3.65685 718
720 0 2510 2257 5184 6.94427 719
721 0 2502 2265 5180 9.31371 720
722 0 2490 2269 5168 6.94427 721
723 0 2482 2269 5160 3.65685 722
724 0 2478 2269 5160 3.65685 723
725 0 2470 2273 5156 6.94427 724
726 0 2462 2281 5160 2 725
727 0 2462 2281 5164 2 726
728 0 2458 2285 5168 2 727
729 0 2458 2285 5172 3.65685 728
730 0 2466 2281 5180 6.94427 729
731 0 2474 2273 5188 6 730
732 0 2478 2261 5200 6.94427 731
733 0 2478 2245 5208 6 732
734 0 2450 2281 5152 6.94427 726
735 0 2446 2293 5152 6.94427 734
736 0 2454 2301 5164 3.65685 735
737 0 2458 2305 5164 2 736
738 0 2698 2293 5236 6 666
739 0 2710 2285 5248 6 738
740 2 2724.67 2281.67 5251.33 6 739
741 0 2734 2281 5244 6.94427 740
742 0 2738 2273 5236 3.65685 741
743 0 2738 2269 5236 2 742
744 0 2738 2265 5236 2 743
745 0 2738 2261 5236 2 744
746 0 2738 2257 5232 3.65685 745
747 0 2738 2253 5228 3.65685 746
748 0 2726 2241 5220 9.31371 747
749 0 2722 2233 5216 6.94427 748
750 0 2718 2273 5272 6 740
751 0 2718 2261 5288 6 750
752 0 2714 2249 5300 6 751
753 0 2714 2241 5308 6 752
754 0 2710 2237 5312 3.65685 753
755 0 2710 2233 5312 2 754
756 0 2886 2317 5148 14 657
757 0 2878 2329 5128 6 756
758 0 2874 2337 5120 6 757
759 0 2862 2353 5108 6 758
760 0 2854 2357 5108 3.65685 759
761 0 2846 2357 5100 9.31371 760
762 0 2842 2353 5088 9.31371 761
763 0 2830 2345 5080 6 762
764 0 2818 2345 5064 6 763
765 0 2802 2333 5056 6 764
766 0 2790 2329 5044 6 765
767 0 2774 2329 5036 6 766
768 0 2758 2329 5020 6.94427 767
769 0 2746 2329 5016 6.94427 768
770 0 2730 2313 5020 6 769
771 0 3114 2371.8 5214.27 11.0496 650
772 0 3114 2393 5224 6 771
773 0 3110 2409 5240 6 772
774 0 3110 2417 5248 6 773
775 2 3107.27 2433.18 5258.73 9.78163 774
776 0 3102 2461 5264 22.3311 775
777 0 3082 2485 5268 24.8328 776
778 0 3046 2497 5284 40.5206 777
779 0 3018 2525 5308 6.94427 778
780 0 2990 2529 5308 14.4924 779
781 0 2966 2553 5316 9.31371 780
782 0 2950 2573 5316 9.31371 781
783 0 2946 2585 5316 6.94427 782
784 0 2938 2593 5320 9.31371 783
785 0 2942 2601 5324 6 784
786 0 2946 2617 5344 6 785
787 0 2942 2625 5360 6 786
788 0 2942 2633 5368 6 787
789 0 2934 2633 5380 6 788
790 0 2914 2633 5392 10 789
791 0 2902 2629 5392 12.4222 790
792 0 2882 2621 5380 6 791
793 0 2874 2621 5376 6 792
794 0 2866 2625 5372 3.65685 793
795 0 2862 2629 5372 2 794
796 0 2990 2481 5288 6.94427 778
797 0 2974 2473 5284 6.94427 796
798 0 2966 2469 5276 6 797
799 0 2966 2465 5268 3.65685 798
800 0 2962 2461 5264 2 799
801 0 3094 2417 5280 12.4222 775
802 0 3082 2425 5304 22 801
803 0 3066 2409 5300 3.65685 802
804 0 3062 2405 5300 2 803
805 0 3102 2385 5200 6.94427 771
806 0 3086 2389 5196 6 805
807 0 3074 2393 5188 6.94427 806
808 0 3058 2401 5184 6.94427 807
809 0 3034 2409 5172 6.94427 808
810 0 3014 2413 5168 9.31371 809
811 0 3002 2413 5160 12.4222 810
812 0 2990 2405 5152 9.31371 811
813 0 2982 2401 5148 3.65685 812
814 0 2978 2401 5144 2 813
815 0 3270 2317 5252 12.4222 646
816 0 3290 2333 5260 14.9706 815
817 0 3302 2345 5268 10.6491 816
818 0 3322 2361 5268 12.4222 817
819 0 3334 2385 5264 9.31371 818
820 0 3338 2393 5260 6.94427 819
821 0 3346 2409 5252 10.6491 820
822 0 3362 2429 5232 18 821
823 0 3370 2457 5232 14 822
824 0 3386 2489 5232 10.6491 823
825 0 3398 2505 5236 10.6491 824
826 0 3402 2521 5240 15.8885 825
827 0 3374 2541 5240 9.31371 826
828 0 3362 2557 5240 6 827
829 0 3358 2565 5240 6.94427 828
830 0 3350 2573 5248 6 829
831 0 3350 2589 5252 6 830
832 0 3350 2605 5256 6 831
833 0 3350 2613 5256 6 832
834 0 3350 2633 5276 6.94427 833
835 0 3350 2649 5288 6 834
836 0 3346 2661 5292 6 835
837 0 3346 2681 5300 6.94427 836
838 0 3338 2697 5300 9.31371 837
839 0 3322 2717 5312 6.94427 838
840 0 3314 2725 5316 6 839
841 0 3314 2733 5316 6 840
842 0 3314 2741 5316 3.65685 841
843 0 3314 2749 5320 6 842
844 0 3314 2761 5336 6 843
845 0 3310 2769 5352 6 844
846 0 3310 2765 5368 6 845
847 0 3306 2757 5376 6 846
848 0 3306 2753 5392 6 847
849 0 3298 2761 5404 6 848
850 0 3290 2765 5408 3.65685 849
851 2 3283.17 2771.83 5408 6.46284 850
852 0 3282 2781 5400 3.65685 851
853 0 3282 2785 5396 3.65685 852
854 0 3286 2789 5392 3.65685 853
855 0 3286 2797 5388 6 854
856 0 3290 2809 5376 6.94427 855
857 0 3302 2821 5372 6.94427 856
858 0 3310 2829 5372 6.94427 857
859 0 3318 2837 5364 6 858
860 0 3322 2853 5360 6 859
861 0 3326 2861 5352 2 860
862 0 3282 2765 5420 6.94427 851
863 0 3282 2765 5440 6 862
864 0 3450 2541 5240 18 826
865 2 3475.74 2571.1 5239.64 27.3969 864
866 2 3481.74 2592.1 5224.64 32.2039 865
867 2 3482.56 2678.78 5200.56 20.6758 866
868 0 3466 2693 5192 12.4222 867
869 0 3450 2713 5172 9.31371 868
870 0 3426 2741 5168 12.4222 869
871 0 3402 2757 5164 6.94427 870
872 0 3398 2769 5160 6 871
873 0 3386 2797 5152 9.31371 872
874 0 3518 2693 5188 10.6491 867
875 0 3530 2717 5196 12.4222 874
876 0 3546 2721 5196 3.65685 875
877 0 3554 2721 5192 6.94427 876
878 0 3562 2729 5184 3.65685 877
879 0 3566 2733 5184 2 878
880 0 3466 2633 5240 22 866
881 0 3486 2641 5256 6 880
882 0 3514 2581 5268 10 865
883 0 3522 2577 5280 6 882
884 0 3526 2577 5288 6 883
885 0 3530 2573 5292 3.65685 884
886 0 3530 2569 5300 6 885
887 0 3530 2557 5312 6.94427 886
888 0 3518 2541 5328 6 887
889 0 3510 2541 5336 6 888
890 0 3350 2461 5232 6 823
891 0 3334 2465 5232 6.94427 890
892 0 3326 2473 5232 9.31371 891
893 0 3306 2481 5216 6 892
894 0 3294 2477 5200 6 893
895 0 3290 2473 5196 3.65685 894
896 0 3286 2469 5192 3.65685 895
897 0 3278 2465 5184 6.94427 896
898 0 3270 2477 5172 6 897
899 0 3282 2473 5156 6.94427 898
900 0 3278 2465 5144 6 899
901 0 3274 2461 5140 3.65685 900
902 0 3274 2461 5132 3.65685 901
903 0 3274 2453 5124 3.65685 902
904 0 3274 2453 5120 3.65685 903
905 0 3270 2449 5116 6 904
906 0 3270 2449 5100 6 905
907 0 3266 2453 5096 6 906
908 0 3290 2293 5148 9.31371 644
909 0 3294 2305 5144 6 908
910 0 3306 2317 5144 6 909
911 0 3310 2325 5132 6 910
912 0 3318 2337 5124 6 911
913 0 3314 2345 5120 3.65685 912
914 0 3314 2353 5120 6 913
915 0 3314 2369 5128 6 914
916 0 3310 2373 5132 2 915
917 0 3306 2373 5132 2 916
918 0 3330 2261 5116 6 641
919 0 3338 2269 5124 6.94427 918
920 0 3338 2277 5128 3.65685 919
921 0 3342 2281 5128 2 920
922 0 3342 2285 5128 2 921
923 0 3366 2285 5052 10 637
924 2 3370 2291.6 5071.8 10.4219 923
925 0 3374 2293 5092 14 924
926 0 3394 2293 5116 12.4222 925
927 0 3406 2273 5144 10 926
928 0 3410 2253 5168 10 927
929 0 3410 2253 5180 10 928
930 0 3422 2225 5204 10.6491 929
931 0 3422 2193 5232 12.4222 930
932 0 3418 2161 5260 12.4222 931
933 0 3408.22 2124.54 5293.35 20.5076 932
934 0 3402 2109 5312 29.241 933
935 0 3430 2097 5352 9.31371 934
936 0 3450 2081 5372 10 935
937 0 3462 2069 5388 10 936
938 2 3487 2065 5396 15.2 937
939 0 3518 2053 5396 18 938
940 2 3537.02 2037.78 5396 23.3387 939
941 0 3562 1989 5400 10 940
942 0 3558 1965 5400 6 941
943 0 3554 1949 5400 6 942
944 0 3554 1937 5400 6 943
945 0 3554 1921 5408 6 944
946 0 3554 1901 5416 9.31371 945
947 0 3566 1881 5424 14 946
948 0 3570 1865 5424 9.31371 947
949 0 3586 1845 5428 9.31371 948
950 0 3590 1837 5436 10 949
951 0 3586 1825 5440 6.94427 950
952 0 3586 1809 5444 10 951
953 0 3578 1793 5448 6.94427 952
954 0 3578 1777 5448 6 953
955 0 3578 1765 5448 10 954
956 0 3574 1737 5448 9.31371 955
957 0 3574 1725 5448 6 956
958 0 3566 1709 5448 6 957
959 0 3562 1705 5444 6 958
960 0 3562 2057 5380 9.31371 940
961 0 3566 2073 5380 6.94427 960
962 0 3574 2085 5380 6.94427 961
963 0 3578 2093 5388 9.31371 962
964 0 3586 2105 5388 10.6491 963
965 0 3598 2121 5380 18 964
966 0 3606 2137 5384 15.8885 965
967 0 3618 2153 5408 6.94427 966
968 0 3618 2161 5424 6 967
969 0 3622 2161 5436 3.65685 968
970 0 3626 2161 5444 3.65685 969
971 0 3626 2161 5452 3.65685 970
972 0 3634 2161 5460 6 971
973 0 3646 2153 5472 6.94427 972
974 0 3662 2137 5484 9.31371 973
975 0 3618 2153 5364 12.4222 966
976 0 3614 2165 5356 6.94427 975
977 0 3478 2065 5428 9.31371 938
978 0 3474 2061 5436 6 977
979 0 3474 2061 5444 6 978
980 0 3462 2065 5460 6 979
981 0 3364.98 2032.21 5328.91 50.9698 934
982 0 3330 2005 5360 27.1204 981
983 2 3286.58 1989.49 5384.81 41.7604 982
984 0 3274 1985 5392 46 983
985 0 3258 1945 5416 18.3961 984
986 0 3246 1925 5432 22 985
987 0 3230 1901 5456 14.4924 986
988 2 3212.67 1895.33 5474.33 12.4497 987
989 0 3194 1901 5476 9.31371 988
990 0 3178 1893 5476 6 989
991 0 3170 1893 5480 6 990
992 0 3158 1885 5480 10 991
993 0 3130 1885 5492 10 992
994 0 3122 1889 5500 3.65685 993
995 0 3118 1889 5508 3.65685 994
996 0 3098 1901 5524 10 995
997 0 3086 1885 5520 6 996
998 0 3078 1877 5512 6.94427 997
999 0 3214 1865 5492 12.4222 988
1000 0 3210 1853 5500 6 999
1001 0 3210 1833 5516 9.31371 1000
1002 0 3202 1813 5520 9.31371 1001
1003 0 3194 1789 5536 10 1002
1004 0 3282 1929 5404 18 984
1005 0 3298 1917 5408 6 1004
1006 0 3270 2025 5408 19.5407 983
1007 0 3274 2045 5408 10 1006
1008 0 3290 2061 5408 3.65685 1007
1009 0 3294 2065 5412 2 1008
1010 0 3298 2065 5412 2 1009
1011 0 3306 2021 5312 22.3311 981
1012 0 3258 2013 5296 18 1011
1013 0 3238 2017 5292 10.6491 1012
1014 0 3214 2037 5288 10.6491 1013
1015 0 3190 2057 5288 9.31371 1014
1016 0 3174 2069 5296 6 1015
1017 0 3162 2073 5300 6.94427 1016
1018 0 3146 2073 5312 6 1017
1019 0 3142 2069 5316 6 1018
1020 0 3138 2069 5324 3.65685 1019
1021 0 3134 2065 5328 6 1020
1022 0 3130 2061 5332 3.65685 1021
1023 0 3126 2061 5332 3.65685 1022
1024 0 3118 2053 5336 6.94427 1023
1025 0 3102 2053 5336 6 1024
1026 0 3086 2041 5344 6.94427 1025
1027 0 3070 2037 5336 6 1026
1028 0 3390 1977 5336 23.2982 981
1029 0 3382 1953 5332 12.4222 1028
1030 0 3406 2089 5268 18 933
1031 0 3418 2089 5248 6.94427 1030
1032 0 3430 2093 5236 6 1031
1033 0 3438 2089 5228 3.65685 1032
1034 0 3442 2089 5216 6 1033
1035 0 3442 2085 5204 3.65685 1034
1036 0 3442 2085 5196 6 1035
1037 0 3446 2081 5192 6 1036
1038 0 3366 2313 5064 6.94427 924
1039 0 3358 2321 5068 6 1038
1040 0 3342 2325 5064 6 1039
1041 0 3334 2325 5064 6 1040
1042 0 3326 2329 5056 6.94427 1041
1043 0 3318 2337 5056 6.94427 1042
1044 0 3306 2341 5052 6 1043
1045 2 3291.6 2341 5048.8 6 1044
1046 0 3282 2345 5040 6 1045
1047 0 3274 2353 5032 6.94427 1046
1048 0 3270 2361 5024 6 1047
1049 0 3274 2369 5016 6 1048
1050 0 3274 2381 5008 9.31371 1049
1051 0 3278 2393 5004 9.31371 1050
1052 0 3270 2401 4992 6 1051
1053 0 3286 2345 5064 6.94427 1045
1054 0 3266 2357 5068 6 1053
1055 0 3254 2365 5068 9.31371 1054
1056 0 3242 2369 5068 3.65685 1055
1057 0 3238 2373 5064 2 1056
1058 0 3382 2329 5064 9.31371 1038
1059 0 3390 2337 5064 6 1058
1060 0 3398 2341 5064 6 1059
1061 0 3406 2357 5060 6 1060
1062 0 3414 2373 5064 6 1061
1063 0 3414 2389 5072 6 1062
1064 0 3414 2397 5072 6 1063
1065 0 3418 2405 5080 9.31371 1064
1066 0 3418 2417 5084 6 1065
1067 0 3418 2425 5084 6 1066
1068 0 3342 2357 4816 6.94427 631
1069 0 3338 2369 4812 10.6491 1068
1070 0 3334 2385 4808 2 1069
1071 0 3318 2345 4792 6 630
1072 0 3318 2353 4792 2 1071
1073 0 3318 2361 4792 6 1072
1074 0 3318 2369 4792 6 1073
1075 0 3318 2381 4792 9.31371 1074
1076 0 3318 2397 4788 2 1075
1077 0 3266 2329 4696 14 628
1078 0 3234 2333 4684 12.4222 1077
1079 0 3190 2345 4672 14.4924 1078
1080 0 3154 2353 4660 14.4924 1079
1081 2 3113.4 2342.63 4633.77 30.7442 1080
1082 2 3077.2 2351.63 4606.29 31.33 1081
1083 2 3050.81 2370.39 4595.3 35.631 1082
1084 2 3022.94 2386.53 4584.85 33.5779 1083
1085 0 2951.88 2395.41 4570.41 40.9318 1084
1086 0 2918 2369 4548 21.4856 1085
1087 2 2884.15 2345 4553.23 10.5492 1086
1088 0 2862 2345 4560 10 1087
1089 0 2838 2345 4584 14.9706 1088
1090 0 2806 2341 4600 10 1089
1091 0 2782 2341 4600 6.94427 1090
1092 0 2758 2341 4600 10 1091
1093 0 2730 2345 4596 10.6491 1092
1094 0 2698 2361 4576 12.4222 1093
1095 0 2660 2369 4554 11.2111 1094
1096 0 2642 2369 4552 6 1095
1097 0 2626 2365 4548 6.94427 1096
1098 0 2610 2357 4548 6.94427 1097
1099 0 2590 2345 4548 9.31371 1098
1100 0 2570 2341 4544 6.94427 1099
1101 0 2555.54 2341 4531.69 10.7435 1100
1102 0 2530 2345 4520 6.94427 1101
1103 0 2522 2349 4516 9.31371 1102
1104 0 2506 2361 4504 6.94427 1103
1105 0 2490 2381 4496 6.94427 1104
1106 0 2482 2389 4488 6.94427 1105
1107 0 2474 2393 4488 6.94427 1106
1108 0 2466 2401 4480 6.94427 1107
1109 0 2450 2405 4476 9.31371 1108
1110 0 2426 2409 4468 6 1109
1111 0 2418 2409 4464 6 1110
1112 0 2390 2413 4460 14.4924 1111
1113 0 2370 2393 4468 9.31371 1112
1114 0 2362 2385 4476 6 1113
1115 0 2362 2373 4492 6 1114
1116 0 2358 2369 4496 3.65685 1115
1117 0 2358 2369 4500 3.65685 1116
1118 0 2362 2365 4504 3.65685 1117
1119 0 2362 2361 4508 3.65685 1118
1120 0 2362 2361 4512 2 1119
1121 0 2362 2357 4516 3.65685 1120
1122 0 2362 2357 4520 3.65685 1121
1123 0 2358 2349 4528 6 1122
1124 0 2358 2341 4528 6 1123
1125 0 2362 2337 4524 3.65685 1124
1126 0 2362 2333 4524 2 1125
1127 0 2558 2317 4532 6 1101
1128 0 2562 2305 4536 6 1127
1129 0 2570 2289 4552 6.94427 1128
1130 0 2574 2281 4560 9.31371 1129
1131 0 2582 2269 4560 6.94427 1130
1132 0 2598 2261 4552 6.94427 1131
1133 0 2622 2249 4552 6 1132
1134 0 2638 2241 4556 6 1133
1135 0 2642 2237 4560 3.65685 1134
1136 0 2654 2233 4564 6 1135
1137 0 2670 2229 4568 6 1136
1138 0 2674 2225 4572 6 1137
1139 0 2678 2217 4568 6 1138
1140 0 2686 2205 4568 10 1139
1141 0 2670 2185 4572 3.65685 1140
1142 0 2670 2181 4572 3.65685 1141
1143 0 2666 2177 4568 2 1142
1144 0 2670 2389 4536 6.94427 1095
1145 0 2678 2405 4536 6 1144
1146 0 2694 2417 4540 6.94427 1145
1147 0 2702 2417 4544 3.65685 1146
1148 0 2710 2421 4552 6 1147
1149 0 2714 2425 4556 2 1148
1150 0 2718 2425 4556 2 1149
1151 0 2778 2341 4616 3.65685 1091
1152 0 2774 2345 4620 3.65685 1151
1153 0 2770 2345 4628 6.94427 1152
1154 0 2770 2345 4636 6 1153
1155 0 2774 2349 4640 6 1154
1156 0 2886 2321 4556 6 1087
1157 0 2886 2313 4556 3.65685 1156
1158 0 2878 2305 4556 6 1157
1159 0 2870 2297 4564 6.94427 1158
1160 0 2866 2281 4564 6 1159
1161 0 2866 2265 4556 6.94427 1160
1162 0 2850 2245 4552 9.31371 1161
1163 0 2842 2225 4548 6 1162
1164 0 2834 2213 4532 6 1163
1165 0 2830 2213 4524 3.65685 1164
1166 0 2826 2209 4520 2 1165
1167 0 2826 2209 4516 2 1166
1168 0 2890 2257 4552 6 1161
1169 0 2902 2257 4548 9.31371 1168
1170 0 2910 2261 4544 6 1169
1171 0 2914 2265 4540 6 1170
1172 0 2914 2349 4520 6 1086
1173 0 2918 2345 4504 6.94427 1172
1174 0 2922 2341 4496 3.65685 1173
1175 0 2922 2341 4492 3.65685 1174
1176 0 2926 2337 4488 6 1175
1177 0 2906 2425 4572 10 1085
1178 0 2894 2425 4580 6 1177
1179 0 2886 2425 4588 6 1178
1180 0 2882 2425 4600 9.31371 1179
1181 0 2878 2433 4608 6 1180
1182 0 2870 2441 4612 6 1181
1183 0 2866 2449 4616 6 1182
1184 0 2866 2461 4620 9.31371 1183
1185 0 2862 2469 4616 9.31371 1184
1186 0 2870 2481 4616 2 1185
1187 0 2870 2485 4616 2 1186
1188 0 3002 2341 4596 9.31371 1084
1189 0 2998 2333 4588 9.31371 1188
1190 0 2998 2329 4576 6 1189
1191 0 3046 2373 4556 26.2843 1083
1192 0 3034 2381 4532 6 1191
1193 0 3026 2381 4520 2 1192
1194 0 3022 2381 4520 2 1193
1195 0 3086 2317 4576 14 1082
1196 0 3074 2297 4556 6.94427 1195
1197 0 3078 2289 4548 3.65685 1196
1198 0 3082 2285 4548 2 1197
1199 0 3090 2309 4668 10 1081
1200 0 3090 2293 4676 6.94427 1199
1201 0 3094 2285 4684 6 1200
1202 0 3102 2277 4692 9.31371 1201
1203 0 3106 2269 4712 6 1202
1204 0 3106 2265 4724 6 1203
1205 0 3118 2257 4736 6 1204
1206 0 3126 2253 4744 6 1205
1207 0 3130 2249 4756 9.31371 1206
1208 0 3138 2245 4764 6 1207
1209 0 3258 2221 4668 32.176 627
1210 0 3266 2181 4672 3.65685 1209
1211 0 3270 2177 4676 2 1210
1212 0 3270 2173 4676 2 1211
1213 0 3238 2305 4632 22 626
1214 0 3210 2325 4604 14 1213
1215 0 3206 2321 4572 10 1214
1216 0 3198 2321 4560 9.31371 1215
1217 0 3234 2217 4624 15.8885 625
1218 0 3218 2209 4632 6.94427 1217
1219 0 3206 2197 4648 9.31371 1218
1220 0 3194 2181 4664 10 1219
1221 0 3186 2153 4668 10 1220
1222 0 3182 2129 4660 10 1221
1223 0 3170 2101 4660 9.31371 1222
1224 0 3174 2077 4672 10.6491 1223
1225 0 3178 2029 4672 14 1224
1226 0 3178 2013 4668 10 1225
1227 0 3170 1989 4672 10 1226
1228 0 3162 1965 4680 10 1227
1229 0 3158 1937 4692 14 1228
1230 0 3150 1909 4708 15.8885 1229
1231 0 3130 1885 4720 10.6491 1230
1232 0 3106 1869 4736 10 1231
1233 0 3074 1861 4760 21.3238 1232
1234 2 3043.71 1846.14 4771.43 14.4924 1233
1235 0 3023.54 1828.69 4776 12.4222 1234
1236 0 3002 1817 4780 10.6491 1235
1237 0 2966 1801 4784 18 1236
1238 0 2946 1793 4788 10 1237
1239 0 2926 1785 4792 10 1238
1240 0 2898 1781 4792 14 1239
1241 0 2882 1777 4792 12.4222 1240
1242 0 2858 1769 4768 9.31371 1241
1243 0 2842 1765 4748 10 1242
1244 0 2834 1749 4732 9.31371 1243
1245 0 2818 1729 4724 6.94427 1244
1246 0 2798 1713 4708 10 1245
1247 0 2774 1697 4696 6.94427 1246
1248 0 2766 1689 4696 9.31371 1247
1249 0 2758 1669 4696 9.31371 1248
1250 0 2733.33 1624.33 4699.33 14.6563 1249
1251 0 2718 1609 4680 6.94427 1250
1252 0 2722 1609 4664 9.31371 1251
1253 0 2726 1605 4656 6.94427 1252
1254 0 2730 1593 4644 9.31371 1253
1255 0 2730 1577 4628 10 1254
1256 0 2730 1553 4616 19.5407 1255
1257 0 2738 1521 4608 10 1256
1258 0 2734 1509 4604 6.94427 1257
1259 0 2734 1501 4596 10 1258
1260 0 2734 1489 4596 6 1259
1261 0 2742 1481 4596 6.94427 1260
1262 0 2746 1469 4600 12.4222 1261
1263 0 2762 1461 4612 6 1262
1264 0 2734 1501 4572 6.94427 1259
1265 0 2730 1489 4552 6 1264
1266 0 2690 1569 4596 10 1256
1267 0 2722 1613 4712 9.31371 1250
1268 0 2718 1613 4728 6 1267
1269 0 2718 1613 4736 6 1268
1270 0 2714 1609 4740 3.65685 1269
1271 0 2710 1609 4752 6 1270
1272 0 2706 1601 4764 6 1271
1273 0 2698 1593 4768 6 1272
1274 0 2690 1593 4784 6.94427 1273
1275 0 2674 1593 4800 3.65685 1274
1276 0 2670 1593 4804 2 1275
1277 0 2762 1701 4676 10 1248
1278 0 2762 1713 4672 6.94427 1277
1279 0 2766 1729 4656 10 1278
1280 0 2782 1753 4644 9.31371 1279
1281 0 2786 1765 4640 2 1280
1282 0 2786 1769 4640 2 1281
1283 0 2866 1773 4816 12.4222 1241
1284 0 2842 1745 4836 23.2982 1283
1285 0 2804.29 1734.14 4851.43 24.9994 1284
1286 0 2735.89 1711.94 4851.57 42.4735 1285
1287 0 2698 1693 4820 21.3238 1286
1288 0 2710 1689 4780 12.4222 1287
1289 0 2714 1701 4748 9.31371 1288
1290 0 2706 1709 4716 9.31371 1289
1291 0 2702 1709 4696 10 1290
1292 0 2694 1709 4688 10 1291
1293 0 2686 1709 4680 6 1292
1294 0 2658 1713 4860 21.3238 1286
1295 0 2634 1717 4864 9.31371 1294
1296 0 2826 1745 4896 19.5407 1285
1297 0 2866 1749 4916 14 1296
1298 0 2894 1749 4928 12.4222 1297
1299 0 2906 1753 4936 6 1298
1300 0 2914 1753 4936 6 1299
1301 0 2926 1753 4952 6 1300
1302 0 3018 1825 4756 6.94427 1235
1303 0 3018 1817 4744 6 1302
1304 0 3026 1809 4736 6 1303
1305 0 3026 1805 4728 3.65685 1304
1306 0 3030 1801 4724 2 1305
1307 0 3034 1801 4720 2 1306
1308 0 3034 1865 4768 6 1234
1309 0 3022 1881 4776 6.94427 1308
1310 0 3014 1893 4780 6 1309
1311 0 3014 1909 4784 6 1310
1312 0 3258 2297 4584 14.4924 624
1313 0 3246 2309 4584 12.4222 1312
1314 0 3438 2301 4328 12.4222 616
1315 0 3422 2285 4344 14.4924 1314
1316 0 3398 2261 4348 10.6491 1315
1317 0 3382 2241 4348 6.94427 1316
1318 0 3374 2225 4348 9.31371 1317
1319 0 3366 2205 4348 9.31371 1318
1320 0 3350 2177 4344 10 1319
1321 0 3334 2145 4336 12.4222 1320
1322 0 3306 2113 4316 14 1321
1323 0 3286 2097 4292 29.241 1322
1324 0 3246 2089 4252 14 1323
1325 0 3226 2089 4232 10.6491 1324
1326 0 3206 2077 4216 10.6491 1325
1327 0 3190 2077 4200 10 1326
1328 0 3178 2073 4172 10.6491 1327
1329 0 3178 2069 4148 6.94427 1328
1330 0 3190 2069 4124 10.6491 1329
1331 0 3198 2069 4096 10 1330
1332 0 3210 2085 4068 10 1331
1333 0 3218 2097 4036 9.31371 1332
1334 0 3222 2113 4016 10 1333
1335 0 3222 2121 3992 10 1334
1336 0 3218 2137 3960 10 1335
1337 0 3222 2145 3940 10 1336
1338 0 3226 2153 3932 9.31371 1337
1339 0 3226 2153 3908 10 1338
1340 0 3226 2161 3876 10 1339
1341 0 3230 2169 3848 9.31371 1340
1342 0 3250 2165 3812 12.4222 1341
1343 2 3254 2165 3780 11.4178 1342
1344 0 3250 2173 3764 9.31371 1343
1345 0 3238 2197 3744 14.4924 1344
1346 0 3218 2217 3724 10 1345
1347 0 3206 2217 3708 6.94427 1346
1348 0 3194 2221 3688 9.31371 1347
1349 0 3190 2225 3676 12.4222 1348
1350 0 3182 2221 3652 9.31371 1349
1351 2 3174 2221 3636 10.204 1350
1352 0 3166 2221 3616 10 1351
1353 0 3162 2213 3592 9.31371 1352
1354 2 3158.98 2200.92 3564.82 22.5512 1353
1355 0 3158 2197 3556 26.8444 1354
1356 2 3155 2200 3532 29.9497 1355
1357 0 3132.13 2232.84 3488.1 27.7442 1356
1358 2 3092 2257 3480 14.1847 1357
1359 0 3066 2249 3480 6 1358
1360 0 3054 2245 3484 6 1359
1361 0 3038 2245 3484 6 1360
1362 0 3026 2249 3484 9.31371 1361
1363 0 3014 2245 3488 2 1362
1364 0 3010 2245 3488 2 1363
1365 0 3086 2261 3508 6 1358
1366 0 3082 2261 3516 3.65685 1365
1367 0 3074 2253 3524 6.94427 1366
1368 0 3074 2253 3540 6 1367
1369 0 3078 2253 3556 6 1368
1370 0 3130 2237 3440 12.4222 1357
1371 0 3134 2257 3424 9.31371 1370
1372 0 3146 2273 3416 12.4222 1371
1373 0 3154 2285 3416 9.31371 1372
1374 0 3186 2229 3520 26.2843 1356
1375 0 3202 2233 3496 14 1374
1376 0 3126 2213 3556 9.31371 1355
1377 0 3114 2221 3552 9.31371 1376
1378 0 3102 2217 3548 6 1377
1379 0 3098 2213 3544 2 1378
1380 0 3098 2209 3544 2 1379
1381 0 3182 2217 3548 26.2843 1354
1382 0 3202 2241 3540 20.6274 1381
1383 0 3214 2261 3536 6 1382
1384 0 3182 2241 3628 9.31371 1351
1385 0 3190 2261 3628 6 1384
1386 0 3190 2277 3632 6 1385
1387 0 3278 2157 3780 9.31371 1343
1388 0 3286 2149 3772 6 1387
1389 0 3294 2141 3760 6.94427 1388
1390 0 3298 2141 3744 6 1389
1391 0 3302 2137 3740 3.65685 1390
1392 0 3310 2137 3732 6 1391
1393 0 3314 2137 3720 6 1392
1394 0 3322 2133 3712 6.94427 1393
1395 0 3322 2133 3704 6.94427 1394
1396 0 3334 2133 3692 12.4222 1395
1397 0 3342 2121 3676 6.94427 1396
1398 0 3354 2121 3656 6.94427 1397
1399 0 3354 2117 3648 6 1398
1400 0 3354 2113 3640 2 1399
1401 0 3354 2113 3636 2 1400
1402 0 3354 2113 3632 2 1401
1403 0 3298 2065 4280 12.4222 1323
1404 0 3302 2033 4276 10 1403
1405 0 3298 2013 4272 10 1404
1406 0 3294 1993 4268 6 1405
1407 0 3290 1985 4268 2 1406
1408 0 3286 1985 4268 2 1407
1409 0 3514 2345 4288 10 615
1410 0 3538 2337 4288 6.94427 1409
1411 0 3550 2329 4288 12.4222 1410
1412 0 3574 2325 4268 6.94427 1411
1413 0 3586 2325 4256 12.4222 1412
1414 0 3614.62 2321 4236.92 11.5385 1413
1415 0 3638 2329 4220 10 1414
1416 0 3650 2333 4208 12.4222 1415
1417 0 3674 2337 4200 10 1416
1418 0 3690 2333 4184 10 1417
1419 0 3706 2325 4168 6 1418
1420 0 3726 2317 4148 14 1419
1421 0 3746 2317 4128 9.31371 1420
1422 0 3762 2317 4096 9.31371 1421
1423 0 3770 2329 4072 9.31371 1422
1424 0 3778 2329 4052 10.6491 1423
1425 0 3794 2337 4028 9.31371 1424
1426 0 3814 2337 3996 10 1425
1427 0 3822 2337 3984 9.31371 1426
1428 0 3822 2345 3960 9.31371 1427
1429 0 3826 2353 3940 6 1428
1430 0 3830 2369 3920 9.31371 1429
1431 0 3834 2377 3892 6.94427 1430
1432 0 3838 2385 3876 9.31371 1431
1433 0 3842 2397 3856 6.94427 1432
1434 0 3846 2401 3840 9.31371 1433
1435 0 3854 2409 3816 6.94427 1434
1436 0 3862 2417 3800 6.94427 1435
1437 0 3874 2425 3780 6.94427 1436
1438 0 3878 2425 3760 9.31371 1437
1439 0 3890 2429 3740 9.31371 1438
1440 0 3910 2421 3712 9.31371 1439
1441 0 3930 2433 3688 14 1440
1442 0 3958 2433 3688 10 1441
1443 0 3982 2433 3688 10 1442
1444 0 4010 2433 3688 10 1443
1445 0 4026 2441 3692 9.31371 1444
1446 0 4038 2461 3692 6.94427 1445
1447 0 4054 2477 3692 9.31371 1446
1448 2 4065 2488 3692 12.1632 1447
1449 0 4066 2501 3680 6 1448
1450 0 4070 2509 3676 9.31371 1449
1451 0 4074 2521 3668 10 1450
1452 0 4078 2533 3668 10.6491 1451
1453 2 4085.56 2579.44 3656.22 25.5556 1452
1454 0 4082 2637 3640 14 1453
1455 0 4102 2657 3624 6.94427 1454
1456 0 4114 2665 3616 6.94427 1455
1457 0 4130 2677 3612 9.31371 1456
1458 0 4138 2697 3592 12.4222 1457
1459 0 4146 2713 3564 10 1458
1460 0 4158 2725 3548 9.31371 1459
1461 0 4174 2737 3532 6.94427 1460
1462 0 4182 2741 3524 10 1461
1463 0 4202 2741 3516 9.31371 1462
1464 0 4198 2745 3504 6 1463
1465 0 4198 2745 3496 6 1464
1466 0 4194 2749 3492 3.65685 1465
1467 0 4194 2753 3484 3.65685 1466
1468 0 4194 2757 3480 3.65685 1467
1469 0 4198 2761 3476 3.65685 1468
1470 0 4198 2769 3468 6 1469
1471 0 4198 2773 3460 6 1470
1472 0 4202 2781 3452 3.65685 1471
1473 0 4206 2785 3448 3.65685 1472
1474 0 4206 2785 3444 3.65685 1473
1475 0 4210 2789 3440 6 1474
1476 0 4214 2793 3424 9.31371 1475
1477 0 4222 2793 3416 6 1476
1478 0 4238 2793 3408 10 1477
1479 0 4250 2789 3400 6 1478
1480 0 4258 2785 3392 9.31371 1479
1481 0 4266 2773 3392 6 1480
1482 0 4278 2757 3384 6.94427 1481
1483 0 4290 2737 3376 10.6491 1482
1484 0 4302 2725 3376 10.6491 1483
1485 0 4318 2713 3364 3.65685 1484
1486 0 4330 2717 3364 6 1485
1487 0 4338 2725 3364 3.65685 1486
1488 0 4346 2733 3364 6.94427 1487
1489 0 4350 2741 3360 9.31371 1488
1490 0 4358 2757 3344 6.94427 1489
1491 0 4366 2761 3336 3.65685 1490
1492 0 4374 2765 3328 9.31371 1491
1493 0 4382 2769 3316 10 1492
1494 0 4386 2769 3300 6.94427 1493
1495 0 4390 2753 3284 6.94427 1494
1496 0 4382 2745 3272 6 1495
1497 0 4374 2737 3260 6 1496
1498 0 4366 2733 3248 9.31371 1497
1499 0 4366 2733 3224 9.31371 1498
1500 0 4370 2745 3208 3.65685 1499
1501 0 4370 2749 3200 6.94427 1500
1502 0 4362 2749 3180 6 1501
1503 0 4358 2749 3172 6.94427 1502
1504 0 4346 2749 3164 2 1503
1505 0 4350 2713 3248 10 1498
1506 0 4350 2701 3248 10.6491 1505
1507 0 4350 2681 3248 3.65685 1506
1508 0 4350 2677 3252 2 1507
1509 2 4211.78 2750.78 3520.89 9.31371 1463
1510 0 4226 2765 3524 6.94427 1509
1511 0 4234 2773 3532 9.31371 1510
1512 0 4242 2781 3540 6.94427 1511
1513 0 4262 2793 3556 18 1512
1514 0 4270 2801 3584 22 1513
1515 0 4302 2781 3608 10.6491 1514
1516 0 4330 2781 3608 14.4924 1515
1517 0 4346 2797 3612 12.4222 1516
1518 0 4386 2837 3620 29.241 1517
1519 0 4414 2877 3624 14 1518
1520 0 4418 2893 3624 10 1519
1521 0 4422 2909 3624 12.4222 1520
1522 0 4426 2937 3632 10 1521
1523 0 4426 2949 3632 6 1522
1524 0 4422 2965 3632 6 1523
1525 0 4418 2981 3632 6.94427 1524
1526 0 4410 2997 3632 6.94427 1525
1527 0 4406 3009 3632 12.4222 1526
1528 0 4394 3013 3632 6.94427 1527
1529 0 4378 3013 3632 6 1528
1530 0 4362 3029 3636 6.94427 1529
1531 0 4358 3037 3632 3.65685 1530
1532 0 4362 3041 3632 2 1531
1533 0 4234 2737 3524 6 1509
1534 0 4242 2733 3524 6.94427 1533
1535 0 4258 2733 3516 9.31371 1534
1536 0 4282 2733 3512 10 1535
1537 0 4306 2733 3512 9.31371 1536
1538 0 4322 2709 3512 6.94427 1537
1539 0 4334 2701 3512 6 1538
1540 0 4346 2705 3508 6 1539
1541 0 4358 2713 3508 6.94427 1540
1542 0 4366 2721 3504 9.31371 1541
1543 0 4366 2729 3496 9.31371 1542
1544 0 4374 2733 3484 3.65685 1543
1545 0 4378 2733 3480 2 1544
1546 0 4242 2717 3540 10.6491 1534
1547 0 4242 2697 3556 6.94427 1546
1548 0 4230 2689 3556 2 1547
1549 0 4110 2581 3684 9.31371 1453
1550 0 4114 2585 3692 6 1549
1551 0 4122 2577 3704 6 1550
1552 0 4134 2573 3704 9.31371 1551
1553 0 4150 2573 3704 6.94427 1552
1554 0 4162 2573 3700 10 1553
1555 0 4190 2565 3688 6.94427 1554
1556 0 4206 2561 3680 6.94427 1555
1557 0 4222 2565 3668 6 1556
1558 0 4230 2569 3660 6 1557
1559 0 4242 2577 3656 6.94427 1558
1560 0 4254 2589 3652 6.94427 1559
1561 0 4266 2605 3644 10.6491 1560
1562 0 4290 2621 3632 10 1561
1563 0 4298 2629 3624 6 1562
1564 0 4306 2641 3616 6 1563
1565 0 4310 2645 3612 3.65685 1564
1566 0 4314 2645 3608 3.65685 1565
1567 0 4318 2649 3604 2 1566
1568 0 4298 2601 3628 6 1562
1569 0 4298 2593 3624 6 1568
1570 0 4294 2593 3616 6 1569
1571 0 4262 2621 3648 6 1561
1572 0 4262 2629 3652 6 1571
1573 0 4266 2641 3652 3.65685 1572
1574 0 4262 2645 3652 2 1573
1575 0 4262 2649 3652 2 1574
1576 0 4262 2653 3652 2 1575
1577 0 4202 2541 3672 6 1556
1578 0 4206 2529 3672 9.31371 1577
1579 0 4206 2517 3672 6 1578
1580 0 4202 2505 3668 6 1579
1581 0 4198 2497 3664 9.31371 1580
1582 0 4186 2489 3668 6 1581
1583 0 4178 2489 3684 6 1582
1584 0 4070 2517 3652 6 1451
1585 0 4070 2517 3644 3.65685 1584
1586 0 4070 2517 3636 3.65685 1585
1587 0 4070 2517 3632 3.65685 1586
1588 0 4070 2517 3624 6 1587
1589 0 4078 2521 3608 6.94427 1588
1590 0 4082 2525 3592 6 1589
1591 0 4082 2537 3580 6 1590
1592 0 4082 2537 3572 6 1591
1593 0 4090 2521 3560 6 1592
1594 0 4098 2509 3560 9.31371 1593
1595 0 4110 2505 3560 6 1594
1596 0 4126 2505 3560 6.94427 1595
1597 0 4134 2509 3560 6 1596
1598 0 4138 2513 3556 2 1597
1599 0 4138 2513 3552 2 1598
1600 0 4070 2473 3700 6 1448
1601 0 4070 2465 3700 6 1600
1602 0 4074 2461 3704 3.65685 1601
1603 0 4082 2453 3704 6 1602
1604 0 4098 2445 3708 6.94427 1603
1605 0 3922 2445 3660 9.31371 1441
1606 0 3918 2469 3640 9.31371 1605
1607 0 3922 2485 3636 6.94427 1606
1608 0 3918 2505 3620 10 1607
1609 0 3914 2521 3620 6.94427 1608
1610 0 3906 2529 3616 6.94427 1609
1611 0 3890 2537 3612 10.6491 1610
1612 0 3870 2545 3608 21.3238 1611
1613 0 3878 2573 3616 12.4222 1612
1614 0 3878 2585 3628 15.8885 1613
1615 0 3890 2613 3640 10 1614
1616 0 3890 2641 3644 14 1615
1617 0 3898 2649 3656 10 1616
1618 0 3890 2661 3676 12.4222 1617
1619 0 3886 2673 3688 6 1618
1620 0 3878 2681 3708 9.31371 1619
1621 0 3870 2689 3728 9.31371 1620
1622 0 3866 2681 3752 9.31371 1621
1623 0 3866 2669 3760 6 1622
1624 0 3838 2477 3604 38.7922 1612
1625 0 3830 2473 3564 12.4222 1624
1626 0 3814 2417 3608 9.31371 1624
1627 0 3802 2409 3604 6 1626
1628 0 3854 2533 3636 18 1612
1629 0 3846 2545 3656 10 1628
1630 0 3854 2573 3680 10 1629
1631 0 3850 2597 3688 9.31371 1630
1632 0 3850 2609 3684 3.65685 1631
1633 0 3846 2613 3688 2 1632
1634 0 3626 2329 4248 6.94427 1414
1635 0 3634 2341 4256 6 1634
1636 0 3642 2349 4260 10 1635
1637 0 3650 2357 4272 6 1636
1638 0 3658 2361 4280 6 1637
1639 0 3662 2357 4292 6 1638
1640 0 3666 2353 4308 6 1639
1641 0 3670 2353 4316 6.94427 1640
1642 2 3668.89 2361 4325.66 9.57625 1641
1643 0 3654 2365 4344 3.65685 1642
1644 0 3650 2369 4348 6 1643
1645 0 3650 2377 4356 6 1644
1646 0 3650 2377 4364 6 1645
1647 0 3654 2381 4368 3.65685 1646
1648 0 3658 2385 4372 6 1647
1649 0 3674 2377 4384 6 1648
1650 0 3682 2373 4388 6 1649
1651 0 3694 2361 4348 6 1642
1652 0 3698 2361 4356 6 1651
1653 0 3562 2317 4316 9.31371 1411
1654 0 3574 2305 4332 9.31371 1653
1655 0 3590 2289 4348 10 1654
1656 0 3621.47 2264.02 4366.75 18.4928 1655
1657 2 3636.87 2253.75 4364.19 25.7506 1656
1658 0 3666 2253 4364 15.8885 1657
1659 0 3706 2245 4368 10 1658
1660 0 3738 2249 4372 10.6491 1659
1661 2 3771 2259.8 4379.4 15.6053 1660
1662 0 3790 2261 4388 15.8885 1661
1663 0 3806 2257 4396 10 1662
1664 0 3830 2257 4400 10 1663
1665 0 3846 2261 4408 10 1664
1666 0 3874 2261 4400 10 1665
1667 0 3882 2257 4392 6.94427 1666
1668 0 3890 2253 4384 10 1667
1669 0 3898 2253 4376 9.31371 1668
1670 0 3910 2249 4376 6.94427 1669
1671 0 3926 2241 4360 10 1670
1672 0 3950 2233 4356 10 1671
1673 0 3982 2233 4356 10 1672
1674 0 4010 2241 4356 14 1673
1675 0 4038 2249 4360 12.4222 1674
1676 0 4064.15 2265 4372.1 12.2816 1675
1677 0 4082 2257 4388 10 1676
1678 0 4102 2245 4392 9.31371 1677
1679 0 4114 2237 4404 6.94427 1678
1680 0 4118 2233 4416 6 1679
1681 0 4118 2221 4432 6 1680
1682 0 4122 2221 4440 6 1681
1683 0 4122 2221 4448 3.65685 1682
1684 0 4130 2217 4456 6 1683
1685 0 4142 2213 4468 6 1684
1686 0 4150 2213 4476 10 1685
1687 0 4154 2209 4496 6 1686
1688 0 4162 2197 4508 6.94427 1687
1689 0 4170 2181 4516 3.65685 1688
1690 0 4170 2177 4516 3.65685 1689
1691 0 4174 2169 4520 6.94427 1690
1692 0 4178 2157 4528 6.94427 1691
1693 0 4178 2145 4540 12.4222 1692
1694 0 4186 2121 4556 6 1693
1695 0 4190 2105 4560 6 1694
1696 0 4197.4 2087.2 4572 10.4488 1695
1697 0 4190 2069 4576 6 1696
1698 0 4190 2049 4580 10.6491 1697
1699 2 4173.6 2038.2 4580 7.6551 1698
1700 0 4154 2037 4584 9.31371 1699
1701 0 4138 2037 4600 10 1700
1702 0 4130 2037 4608 10 1701
1703 0 4126 2033 4620 6 1702
1704 0 4122 2025 4628 6 1703
1705 0 4122 2017 4644 6 1704
1706 0 4126 2005 4656 6.94427 1705
1707 0 4126 2005 4664 6 1706
1708 0 4122 2001 4668 6 1707
1709 0 4122 2001 4676 3.65685 1708
1710 0 4126 2001 4684 6 1709
1711 0 4130 2001 4700 6 1710
1712 0 4130 2001 4716 6 1711
1713 0 4130 1997 4724 6.94427 1712
1714 0 4122 1989 4732 6.94427 1713
1715 0 4114 1989 4740 3.65685 1714
1716 0 4110 1985 4740 2 1715
1717 0 4174 2029 4560 6 1699
1718 0 4178 2025 4552 6 1717
1719 0 4182 2021 4544 9.31371 1718
1720 0 4194 2021 4528 6.94427 1719
1721 0 4206 2013 4508 6 1720
1722 0 4210 2009 4504 3.65685 1721
1723 0 4214 2005 4500 3.65685 1722
1724 0 4214 2001 4500 2 1723
1725 0 4210 2041 4592 6 1698
1726 0 4222 2037 4608 6 1725
1727 0 4206 2093 4584 6.94427 1696
1728 0 4198 2113 4604 6.94427 1727
1729 0 4190 2125 4620 6 1728
1730 0 4190 2125 4628 3.65685 1729
1731 0 4190 2125 4632 3.65685 1730
1732 0 4194 2129 4636 6 1731
1733 0 4202 2137 4644 6 1732
1734 0 4202 2145 4652 6 1733
1735 0 4186 2153 4660 6.94427 1734
1736 0 4178 2157 4668 3.65685 1735
1737 0 4174 2161 4668 2 1736
1738 0 4170 2161 4668 2 1737
1739 0 4114 2237 4376 6.94427 1678
1740 0 4122 2229 4360 6 1739
1741 0 4130 2221 4348 6.94427 1740
1742 0 4138 2217 4332 6 1741
1743 0 4138 2217 4324 6 1742
1744 0 4146 2225 4316 6 1743
1745 0 4154 2229 4304 6 1744
1746 0 4162 2237 4296 6.94427 1745
1747 0 4166 2245 4284 6 1746
1748 0 4166 2253 4268 6 1747
1749 0 4170 2257 4264 6 1748
1750 0 4170 2257 4248 6 1749
1751 0 4178 2249 4236 6 1750
1752 0 4186 2245 4228 6.94427 1751
1753 0 4186 2245 4216 10 1752
1754 0 4194 2253 4204 9.31371 1753
1755 0 4198 2249 4196 9.31371 1754
1756 0 4202 2241 4192 3.65685 1755
1757 0 4206 2237 4192 2 1756
1758 0 4078 2281 4364 6.94427 1676
1759 0 4098 2301 4360 9.31371 1758
1760 0 4114 2313 4360 6.94427 1759
1761 0 4134 2329 4360 6.94427 1760
1762 0 4146 2337 4360 6.94427 1761
1763 0 4158 2345 4360 6.94427 1762
1764 0 4170 2349 4360 10.6491 1763
1765 0 4182 2353 4352 6 1764
1766 0 4194 2361 4352 6.94427 1765
1767 0 4198 2365 4344 9.31371 1766
1768 0 4206 2365 4336 6 1767
1769 0 4214 2373 4328 6.94427 1768
1770 0 4214 2381 4312 6 1769
1771 0 4218 2381 4304 3.65685 1770
1772 0 4222 2385 4300 2 1771
1773 0 4222 2385 4296 2 1772
1774 0 3846 2253 4436 6.94427 1665
1775 0 3854 2245 4452 6.94427 1774
1776 0 3838 2197 4500 50 1775
1777 0 3838 2245 4572 10 1776
1778 0 3838 2253 4580 6.94427 1777
1779 0 3842 2261 4580 6 1778
1780 0 3850 2269 4588 6.94427 1779
1781 0 3858 2273 4600 6 1780
1782 0 3866 2273 4612 10 1781
1783 2 3869.69 2261.92 4626.77 10.5992 1782
1784 0 3862 2233 4664 9.31371 1783
1785 0 3858 2225 4672 10 1784
1786 0 3850 2205 4684 3.65685 1785
1787 0 3846 2201 4688 6 1786
1788 0 3838 2189 4696 6 1787
1789 0 3834 2185 4700 6 1788
1790 0 3834 2185 4716 6 1789
1791 0 3826 2181 4724 6.94427 1790
1792 0 3826 2181 4732 6 1791
1793 0 3822 2177 4736 6 1792
1794 0 3826 2173 4752 6 1793
1795 0 3830 2173 4768 6 1794
1796 0 3834 2173 4776 3.65685 1795
1797 0 3834 2173 4784 6 1796
1798 0 3834 2173 4800 6 1797
1799 0 3830 2177 4808 2 1798
1800 0 3822 2181 4816 10 1799
1801 0 3806 2169 4820 6.94427 1800
1802 0 3790 2153 4832 6 1801
1803 0 3782 2145 4840 6 1802
1804 0 3778 2141 4844 3.65685 1803
1805 0 3778 2137 4848 3.65685 1804
1806 0 3774 2133 4852 6 1805
1807 0 3770 2125 4860 6 1806
1808 0 3766 2121 4868 3.65685 1807
1809 0 3766 2117 4872 3.65685 1808
1810 0 3762 2113 4876 3.65685 1809
1811 0 3758 2105 4884 6 1810
1812 0 3754 2101 4892 6 1811
1813 0 3746 2093 4904 9.31371 1812
1814 0 3734 2093 4904 6 1813
1815 0 3718 2077 4908 6.94427 1814
1816 0 3710 2073 4912 6 1815
1817 0 3706 2069 4908 6 1816
1818 0 3694 2061 4912 6.94427 1817
1819 0 3762 2085 4916 6.94427 1813
1820 0 3774 2081 4920 6 1819
1821 0 3782 2085 4928 2 1820
1822 0 3786 2085 4928 2 1821
1823 0 3890 2273 4628 6.94427 1783
1824 0 3898 2281 4628 6 1823
1825 0 3898 2289 4632 3.65685 1824
1826 0 3902 2293 4632 2 1825
1827 2 3786.64 2163.98 4518.34 43.8132 1776
1828 0 3726 2145 4556 9.31371 1827
1829 0 3726 2149 4584 9.31371 1828
1830 0 3726 2157 4592 6.94427 1829
1831 0 3718 2169 4596 9.31371 1830
1832 0 3714 2189 4604 6 1831
1833 0 3762 2201 4544 9.31371 1827
1834 0 3762 2209 4552 6 1833
1835 0 3762 2217 4560 10 1834
1836 0 3742 2229 4572 14 1835
1837 0 3726 2225 4580 9.31371 1836
1838 0 3766 2277 4360 6 1661
1839 0 3770 2281 4356 3.65685 1838
1840 0 3770 2285 4348 3.65685 1839
1841 0 3778 2293 4340 6.94427 1840
1842 0 3794 2301 4332 10 1841
1843 0 3798 2297 4320 6 1842
1844 0 3634 2209 4368 6 1657
1845 0 3650 2193 4368 6 1844
1846 0 3658 2193 4368 6 1845
1847 0 3666 2185 4360 6 1846
1848 0 3674 2173 4352 6 1847
1849 0 3678 2165 4348 6 1848
1850 0 3678 2157 4348 3.65685 1849
1851 0 3682 2153 4348 2 1850
1852 0 3622 2249 4404 12.4222 1656
1853 0 3614 2241 4416 6.94427 1852
1854 0 3602 2237 4428 9.31371 1853
1855 0 3586 2225 4440 9.31371 1854
1856 0 3566 2217 4464 10.6491 1855
1857 0 3554 2201 4480 6.94427 1856
1858 0 3534 2185 4496 9.31371 1857
1859 0 3530 2169 4516 6 1858
1860 0 3530 2161 4532 6.94427 1859
1861 0 3522 2161 4544 6 1860
1862 0 3510 2153 4564 6.94427 1861
1863 0 3490 2133 4588 15.8885 1862
1864 2 3479.08 2105.31 4604.77 15.7862 1863
1865 0 3462 2081 4604 9.31371 1864
1866 0 3450 2077 4604 3.65685 1865
1867 0 3442 2073 4604 6 1866
1868 0 3426 2065 4592 6 1867
1869 0 3414 2053 4576 9.31371 1868
1870 0 3410 2049 4568 6 1869
1871 0 3398 2045 4552 6 1870
1872 0 3398 2045 4544 3.65685 1871
1873 0 3398 2049 4536 3.65685 1872
1874 0 3394 2049 4524 6 1873
1875 0 3390 2053 4508 9.31371 1874
1876 0 3386 2057 4500 6.94427 1875
1877 0 3374 2045 4496 6 1876
1878 0 3370 2037 4492 6 1877
1879 0 3370 2029 4492 3.65685 1878
1880 0 3366 2025 4492 2 1879
1881 0 3486 2109 4628 15.8885 1864
1882 0 3510 2105 4648 6 1881
1883 0 3526 2101 4652 6 1882
1884 0 3538 2105 4652 6.94427 1883
1885 0 3546 2109 4660 10 1884
1886 0 3542 2117 4672 10.6491 1885
1887 0 3550 2121 4684 6.94427 1886
1888 0 3566 2125 4696 6 1887
1889 0 3554 2461 3684 15.8885 141
1890 0 3570 2437 3680 6.94427 1889
1891 0 3578 2421 3676 9.31371 1890
1892 0 3598 2397 3680 9.31371 1891
1893 0 3622 2385 3680 6.94427 1892
1894 0 3638 2377 3684 10 1893
1895 0 3654 2365 3680 9.31371 1894
1896 0 3674 2353 3684 9.31371 1895
1897 0 3686 2333 3684 9.31371 1896
1898 0 3714 2309 3680 10 1897
1899 0 3737.45 2299.82 3660.55 14.3933 1898
1900 0 3746 2281 3656 9.31371 1899
1901 0 3750 2269 3652 10 1900
1902 0 3750 2249 3648 6 1901
1903 0 3746 2225 3636 10 1902
1904 0 3742 2201 3632 10.6491 1903
1905 0 3742 2185 3628 6 1904
1906 0 3746 2161 3636 14 1905
1907 2 3786.59 2123.43 3640 28.9448 1906
1908 0 3790 2121 3640 30 1907
1909 2 3795.28 2102.54 3629.45 22.087 1908
1910 0 3806 2077 3616 10 1909
1911 0 3818 2069 3608 10 1910
1912 0 3834 2053 3624 10 1911
1913 0 3834 2041 3636 10 1912
1914 0 3842 2021 3644 6.94427 1913
1915 0 3850 2001 3648 6.94427 1914
1916 0 3858 1993 3652 3.65685 1915
1917 0 3862 1989 3652 3.65685 1916
1918 0 3870 1981 3660 6.94427 1917
1919 0 3886 1977 3660 6 1918
1920 0 3902 1969 3660 6 1919
1921 0 3914 1965 3664 6.94427 1920
1922 0 3922 1949 3660 6.94427 1921
1923 0 3926 1937 3660 12.4222 1922
1924 0 3938 1925 3664 6.94427 1923
1925 0 3950 1913 3664 6.94427 1924
1926 0 3962 1901 3668 9.31371 1925
1927 0 3966 1893 3672 6 1926
1928 0 3970 1877 3676 6 1927
1929 0 3970 1861 3676 6 1928
1930 0 3970 1853 3684 6 1929
1931 0 3970 1845 3684 6 1930
1932 0 3974 1833 3692 6 1931
1933 0 3970 1829 3696 6 1932
1934 0 3970 1821 3700 3.65685 1933
1935 0 3966 1817 3704 2 1934
1936 0 3834 2113 3616 12.4222 1909
1937 0 3842 2117 3604 9.31371 1936
1938 0 3838 2113 3588 9.31371 1937
1939 0 3830 2113 3580 6 1938
1940 0 3818 2141 3664 18.3961 1908
1941 0 3826 2169 3660 14.4924 1940
1942 0 3798 2097 3692 43.2548 1907
1943 0 3818 2061 3748 9.31371 1942
1944 0 3822 2065 3764 6.94427 1943
1945 0 3822 2073 3780 6 1944
1946 0 3818 2077 3792 6.94427 1945
1947 0 3806 2085 3808 6 1946
1948 0 3794 2093 3824 6.94427 1947
1949 0 3786 2089 3828 6.94427 1948
1950 0 3778 2081 3832 2 1949
1951 0 3778 2077 3832 2 1950
1952 0 3774 2273 3664 6.94427 1901
1953 0 3782 2273 3668 3.65685 1952
1954 0 3786 2277 3672 6 1953
1955 0 3802 2277 3684 6 1954
1956 0 3814 2273 3692 6 1955
1957 0 3830 2265 3696 6.94427 1956
1958 0 3854 2253 3696 9.31371 1957
1959 0 3866 2237 3688 6.94427 1958
1960 0 3882 2221 3684 6.94427 1959
1961 0 3894 2205 3672 6 1960
1962 0 3890 2197 3660 6 1961
1963 0 3890 2189 3640 10 1962
1964 0 3906 2193 3612 6.94427 1963
1965 0 3906 2205 3608 2 1964
1966 0 3906 2209 3608 2 1965
1967 0 3906 2213 3608 3.65685 1966
1968 0 3906 2217 3608 3.65685 1967
1969 0 3906 2221 3612 2 1968
1970 0 3906 2225 3612 2 1969
1971 0 3906 2229 3616 3.65685 1970
1972 0 3906 2233 3624 6 1971
1973 0 3910 2241 3640 6 1972
1974 0 3910 2241 3648 6 1973
1975 0 3906 2237 3656 3.65685 1974
1976 0 3906 2233 3660 2 1975
1977 0 3754 2317 3648 6.94427 1899
1978 0 3766 2333 3636 10 1977
1979 2 3766 2354.6 3624.8 9.86274 1978
1980 0 3758 2369 3632 6 1979
1981 0 3742 2369 3636 6.94427 1980
1982 0 3726 2369 3640 12.4222 1981
1983 0 3718 2361 3632 6.94427 1982
1984 0 3714 2353 3624 6.94427 1983
1985 0 3714 2341 3616 2 1984
1986 0 3714 2333 3612 6 1985
1987 0 3730 2337 3612 2 1986
1988 0 3730 2341 3612 2 1987
1989 0 3730 2345 3612 2 1988
1990 0 3730 2349 3608 2 1989
1991 0 3734 2353 3608 2 1990
1992 0 3766 2349 3608 6 1979
1993 0 3766 2345 3596 6 1992
1994 0 3774 2337 3580 6 1993
1995 0 3774 2329 3560 6 1994
1996 0 3770 2317 3544 6.94427 1995
1997 0 3770 2309 3536 2 1996
1998 0 3770 2305 3532 2 1997
1999 0 3474 2493 3716 14 141
2000 0 3450 2489 3716 10 1999
2001 0 3426 2485 3716 10 2000
2002 0 3394 2485 3712 10 2001
2003 0 3378 2489 3708 14 2002
2004 0 3362 2493 3700 6 2003
2005 0 3354 2493 3696 6 2004
2006 0 3338 2501 3688 10.6491 2005
2007 0 3310 2509 3680 6.94427 2006
2008 0 3298 2509 3676 10 2007
2009 0 3274 2509 3664 10.6491 2008
2010 2 3262.86 2512.71 3656.57 12.2956 2009
2011 0 3246 2517 3656 10 2010
2012 0 3222 2521 3648 14 2011
2013 0 3210 2521 3632 10.6491 2012
2014 0 3222 2541 3604 35.7359 2013
2015 2 3219.48 2543.16 3603.28 33.7821 2014
2016 2 3198.25 2561.36 3597.21 17.297 2015
2017 0 3178 2581 3596 6 2016
2018 0 3170 2589 3596 6.94427 2017
2019 0 3162 2597 3604 6 2018
2020 0 3158 2605 3612 6 2019
2021 0 3150 2613 3612 6.94427 2020
2022 0 3138 2617 3612 12.4222 2021
2023 0 3130 2625 3620 10 2022
2024 0 3130 2629 3636 6 2023
2025 0 3114 2621 3648 9.31371 2024
2026 0 3102 2621 3656 14 2025
2027 0 3086 2621 3660 6 2026
2028 0 3070 2617 3668 6 2027
2029 0 3054 2617 3668 6.94427 2028
2030 0 3042 2621 3668 10 2029
2031 0 3022 2633 3652 6 2030
2032 0 3018 2641 3644 6 2031
2033 0 3190 2581 3624 10.6491 2016
2034 0 3178 2573 3640 6.94427 2033
2035 0 3162 2561 3656 9.31371 2034
2036 0 3146 2549 3672 6.94427 2035
2037 0 3134 2545 3684 9.31371 2036
2038 0 3126 2537 3692 6.94427 2037
2039 2 3221.37 2534.42 3586.1 33.3166 2015
2040 0 3226 2513 3544 32.176 2039
2041 0 3242 2497 3520 9.31371 2040
2042 0 3230 2493 3504 6 2041
2043 0 3246 2581 3560 10 2039
2044 0 3262 2593 3568 10 2043
2045 0 3270 2593 3584 14 2044
2046 0 3258 2569 3532 14 2014
2047 0 3258 2561 3492 10.6491 2046
2048 0 3254 2565 3480 6 2047
2049 0 3254 2565 3468 6 2048
2050 0 3254 2565 3452 6 2049
2051 0 3254 2565 3440 6 2050
2052 0 3254 2565 3432 6 2051
2053 0 3254 2561 3424 3.65685 2052
2054 0 3258 2557 3420 2 2053
2055 0 3218 2537 3656 3.65685 2012
2056 0 3214 2541 3660 3.65685 2055
2057 0 3214 2545 3664 3.65685 2056
2058 0 3210 2549 3672 6 2057
2059 0 3210 2557 3680 3.65685 2058
2060 0 3206 2561 3684 6 2059
2061 0 3202 2569 3700 6 2060
2062 0 3198 2573 3704 2 2061
2063 0 3198 2577 3712 6 2062
2064 0 3190 2581 3720 6.94427 2063
2065 0 3174 2585 3720 6 2064
2066 0 3162 2581 3720 9.31371 2065
2067 0 3150 2573 3728 6.94427 2066
2068 0 3134 2561 3748 9.31371 2067
2069 0 3118 2561 3760 6 2068
2070 0 3110 2561 3764 6 2069
2071 0 3274 2517 3636 10 2010
2072 0 3282 2513 3628 6 2071
2073 0 3282 2509 3612 6 2072
2074 0 3286 2505 3608 6 2073
2075 0 3286 2501 3592 6 2074
2076 0 3294 2497 3576 6 2075
2077 0 3302 2497 3568 6 2076
2078 0 3310 2497 3568 6 2077
2079 0 3322 2493 3556 6 2078
2080 0 3330 2489 3544 6 2079
2081 0 3346 2489 3524 9.31371 2080
2082 0 3354 2497 3520 6 2081
2083 0 3354 2509 3516 10 2082
2084 0 3354 2521 3516 10 2083
2085 0 3358 2533 3508 6 2084
2086 0 3362 2549 3492 6 2085
2087 0 3366 2553 3488 6 2086
2088 0 3374 2557 3480 2 2087
2089 0 3562 2661 3632 14 137
2090 0 3558 2685 3628 10.6491 2089
2091 0 3554 2697 3628 10.6491 2090
2092 0 3550 2709 3624 6.94427 2091
2093 0 3550 2721 3624 6.94427 2092
2094 0 3550 2737 3624 14 2093
2095 0 3546 2773 3632 10.6491 2094
2096 0 3546 2797 3628 10 2095
2097 0 3542 2813 3612 12.4222 2096
2098 0 3538 2825 3600 6.94427 2097
2099 0 3534 2845 3592 10 2098
2100 0 3534 2885 3588 17.0994 2099
2101 0 3539.76 2908.69 3582.24 20.753 2100
2102 0 3554 2965 3556 18 2101
2103 0 3566 2981 3548 12.4222 2102
2104 0 3594 3001 3536 18.3961 2103
2105 2 3629.91 3011.16 3517.84 27.4112 2104
2106 0 3666 3021 3508 46.1664 2105
2107 2 3699.66 3026.61 3510.81 28.2548 2106
2108 0 3738 3053 3524 9.31371 2107
2109 2 3741.56 3072.11 3539.11 9.31371 2108
2110 0 3746 3109 3560 9.31371 2109
2111 0 3746 3129 3564 10 2110
2112 0 3746 3153 3564 10 2111
2113 0 3746 3177 3572 10 2112
2114 2 3746 3193 3576 12.4222 2113
2115 0 3736.82 3233.71 3572 10.4582 2114
2116 0 3726 3265 3572 10.6491 2115
2117 0 3706 3285 3564 9.31371 2116
2118 0 3702 3301 3564 6 2117
2119 0 3706 3314.19 3567.14 9.90279 2118
2120 0 3706 3333 3564 20.6274 2119
2121 0 3694 3357 3540 23.6125 2120
2122 0 3658 3357 3536 6.94427 2121
2123 0 3642 3365 3536 6.94427 2122
2124 0 3626 3377 3540 6.94427 2123
2125 0 3622 3389 3544 6 2124
2126 0 3626 3397 3548 6 2125
2127 0 3626 3405 3548 2 2126
2128 0 3626 3417 3548 6 2127
2129 0 3622 3433 3552 6 2128
2130 0 3614 3457 3556 12.4222 2129
2131 0 3602 3457 3560 6 2130
2132 0 3590 3453 3560 6 2131
2133 0 3574 3449 3560 6 2132
2134 0 3562 3449 3564 6 2133
2135 0 3554 3449 3564 2 2134
2136 0 3546 3449 3564 6.94427 2135
2137 0 3526 3457 3560 6.94427 2136
2138 0 3510 3457 3556 6.94427 2137
2139 0 3498 3473 3536 6 2138
2140 0 3498 3473 3524 2 2139
2141 0 3498 3473 3520 2 2140
2142 0 3734 3349 3576 6 2120
2143 0 3742 3353 3584 6 2142
2144 0 3750 3357 3584 2 2143
2145 0 3758 3357 3584 6.94427 2144
2146 0 3770 3373 3584 6.94427 2145
2147 0 3778 3385 3584 10.6491 2146
2148 0 3778 3409 3584 6.94427 2147
2149 0 3786 3425 3592 10 2148
2150 0 3790 3441 3580 6 2149
2151 0 3794 3457 3564 6 2150
2152 0 3790 3465 3556 6 2151
2153 0 3794 3481 3544 6 2152
2154 0 3798 3489 3524 6 2153
2155 0 3794 3501 3516 6 2154
2156 0 3790 3517 3512 6 2155
2157 0 3786 3541 3512 6.94427 2156
2158 0 3778 3553 3512 6.94427 2157
2159 0 3774 3561 3516 6 2158
2160 0 3734 3313 3576 10 2119
2161 0 3746 3329 3576 2 2160
2162 0 3750 3333 3576 3.65685 2161
2163 0 3754 3341 3576 6 2162
2164 0 3718 3241 3556 6 2115
2165 0 3706 3241 3544 6 2164
2166 0 3686 3241 3536 6 2165
2167 0 3670 3241 3524 6 2166
2168 0 3654 3245 3520 6 2167
2169 0 3642 3249 3524 10 2168
2170 0 3634 3257 3528 10 2169
2171 0 3630 3269 3528 6 2170
2172 0 3626 3285 3528 6 2171
2173 0 3626 3301 3528 6 2172
2174 0 3626 3309 3528 6 2173
2175 0 3626 3325 3516 6 2174
2176 0 3618 3337 3508 6 2175
2177 0 3610 3341 3504 3.65685 2176
2178 0 3606 3341 3500 2 2177
2179 0 3602 3341 3500 2 2178
2180 0 3754 3205 3600 10 2114
2181 0 3762 3205 3608 6 2180
2182 0 3762 3205 3616 2 2181
2183 0 3762 3205 3624 6 2182
2184 0 3766 3205 3636 6 2183
2185 0 3766 3205 3644 3.65685 2184
2186 0 3766 3205 3652 3.65685 2185
2187 0 3770 3209 3656 3.65685 2186
2188 0 3770 3209 3660 3.65685 2187
2189 0 3770 3209 3668 6 2188
2190 0 3770 3209 3680 6 2189
2191 0 3770 3209 3688 6 2190
2192 0 3770 3205 3696 3.65685 2191
2193 0 3770 3201 3700 3.65685 2192
2194 0 3766 3197 3704 3.65685 2193
2195 0 3766 3193 3708 3.65685 2194
2196 0 3762 3189 3712 2 2195
2197 0 3762 3185 3712 2 2196
2198 0 3762 3181 3712 2 2197
2199 0 3746 3065 3560 9.31371 2109
2200 0 3750 3065 3572 6 2199
2201 0 3750 3065 3580 6 2200
2202 0 3746 3061 3584 6 2201
2203 0 3746 3061 3592 3.65685 2202
2204 0 3742 3053 3600 6.94427 2203
2205 0 3742 3049 3608 3.65685 2204
2206 0 3738 3045 3612 2 2205
2207 0 3730 3045 3504 14 2107
2208 0 3738 3061 3504 6 2207
2209 0 3742 3073 3500 10.6491 2208
2210 0 3742 3081 3492 10 2209
2211 0 3750 3085 3484 6 2210
2212 0 3750 3085 3476 6 2211
2213 0 3754 3097 3464 6 2212
2214 0 3754 3121 3456 9.31371 2213
2215 0 3766 3141 3460 6.94427 2214
2216 0 3770 3157 3460 6 2215
2217 0 3766 3173 3464 6 2216
2218 0 3766 3181 3464 6 2217
2219 0 3770 3201 3484 6.94427 2218
2220 0 3774 3205 3492 6 2219
2221 0 3658 3041 3420 2 2106
2222 0 3666 3045 3416 6.94427 2221
2223 0 3698 3057 3452 18.3961 2106
2224 0 3730 3053 3436 14 2223
2225 0 3630 3045 3532 10 2105
2226 0 3626 3061 3544 6.94427 2225
2227 0 3630 3077 3548 6.94427 2226
2228 0 3634 3093 3548 3.65685 2227
2229 0 3634 3097 3548 2 2228
2230 0 3554 2937 3596 18 2101
2231 0 3566 2953 3588 10 2230
2232 0 3506 2893 3572 14.4924 2100
2233 0 3494 2897 3560 14 2232
2234 0 3482 2893 3552 6.94427 2233
2235 0 3466 2885 3548 6 2234
2236 0 3458 2885 3544 6 2235
2237 0 3450 2885 3536 3.65685 2236
2238 0 3446 2881 3536 2 2237
2239 0 3626 2617 3584 26 136
2240 0 3634 2633 3604 10 2239
2241 0 3638 2641 3612 6 2240
2242 0 3538 2593 3536 12.4222 135
2243 0 3526 2585 3536 6.94427 2242
2244 0 3510 2577 3532 6 2243
2245 0 3486 2581 3536 10.6491 2244
2246 0 3478 2589 3544 6.94427 2245
2247 0 3470 2601 3544 2 2246
2248 0 3470 2605 3544 2 2247
2249 0 3638 2637 3536 9.31371 134
2250 0 3662 2653 3520 9.31371 2249
2251 0 3682 2665 3500 6 2250
2252 0 3690 2673 3492 6 2251
2253 0 3706 2677 3480 9.31371 2252
2254 0 3718 2689 3464 6 2253
2255 0 3726 2689 3464 6 2254
2256 0 3738 2693 3460 9.31371 2255
2257 0 3758 2709 3448 10.6491 2256
2258 0 3778 2717 3440 6 2257
2259 0 3678 2661 3528 6 2250
2260 0 3690 2665 3528 9.31371 2259
2261 0 3714 2681 3524 9.31371 2260
2262 0 3722 2689 3524 10.6491 2261
2263 0 3722 2701 3532 6 2262
2264 0 3722 2709 3540 6 2263
2265 0 4086 2897 1324 14 26
2266 0 4094 2889 1336 6.94427 2265
2267 0 4102 2881 1344 6 2266
