# Generated by NeuTu (https://github.com/janelia-flyem/NeuTu)
1 0 4216 2410 3524 2 -1
2 0 4216 2414 3520 3.65685 1
3 0 4220 2418 3516 6 2
4 0 4224 2434 3508 6 3
5 0 4224 2450 3492 6 4
6 0 4224 2458 3488 6 5
7 0 4232 2462 3480 6 6
8 0 4240 2462 3472 6.94427 7
9 0 4252 2470 3460 6 8
10 0 4264 2470 3448 12.4222 9
11 0 4268 2486 3432 6.94427 10
12 0 4268 2486 3424 6.94427 11
13 0 4264 2502 3408 6.94427 12
14 0 4256 2514 3408 6.94427 13
15 0 4252 2522 3416 3.65685 14
16 0 4256 2526 3420 6 15
17 0 4252 2534 3428 6 16
18 0 4248 2538 3436 6 17
19 0 4232 2542 3436 6 18
20 0 4216 2542 3436 6 19
21 0 4204 2550 3440 10 20
22 0 4192 2546 3444 9.31371 21
23 0 4176 2542 3452 2 22
24 0 4172 2542 3452 2 23
25 0 4168 2542 3456 2 24
26 0 4164 2542 3456 2 25
