# Generated by NeuTu (https://github.com/janelia-flyem/NeuTu)
1 0 3934 2913 3654 2 -1
2 0 3930 2913 3654 3.65685 1
3 0 3922 2909 3646 6.94427 2
4 0 3914 2901 3638 6 3
5 0 3922 2901 3626 2 4
6 0 3922 2901 3622 2 5
7 0 3922 2901 3618 3.65685 6
8 0 3926 2897 3614 2 7
9 0 3930 2897 3610 3.65685 8
10 0 3938 2893 3602 6.94427 9
11 0 3942 2881 3590 6 10
12 0 3942 2873 3586 6 11
13 2 3949.33 2865.67 3582.33 9.66667 12
14 0 3966 2861 3578 10.6491 13
15 0 3982 2861 3562 6 14
16 0 3986 2861 3550 6 15
17 0 3990 2865 3546 3.65685 16
18 0 3994 2869 3542 6 17
19 0 3998 2877 3534 6 18
20 0 4002 2877 3522 9.31371 19
21 0 4006 2885 3510 9.31371 20
22 0 4006 2893 3502 6 21
23 0 4006 2893 3494 6 22
24 0 4010 2897 3490 3.65685 23
25 0 4014 2897 3482 6 24
26 0 4018 2897 3466 6 25
27 0 4018 2897 3458 6 26
28 0 4026 2905 3446 6 27
29 0 4034 2905 3430 6 28
30 0 4042 2913 3414 6 29
31 0 4050 2909 3398 6 30
32 0 4050 2909 3390 6 31
33 0 4066 2909 3374 6 32
34 0 4074 2909 3374 6 33
35 0 4078 2905 3370 6 34
36 0 4082 2905 3358 6 35
37 0 4082 2909 3338 6 36
38 0 4078 2909 3322 6 37
39 0 4078 2909 3302 6 38
40 0 4078 2909 3286 6 39
41 0 3977.59 2836.18 3594.41 12.0945 14
42 0 3970 2821 3602 6 41
43 0 3970 2805 3606 6 42
44 0 3982 2785 3618 10 43
45 0 3998 2825 3598 10.6491 41
46 0 4006 2813 3606 6.94427 45
47 0 4006 2801 3618 6 46
48 0 3930 2857 3570 6 13
49 0 3922 2853 3570 3.65685 48
50 0 3918 2849 3570 3.65685 49
51 0 3910 2841 3570 6.94427 50
52 0 3902 2829 3570 2 51
