# Generated by NeuTu (https://github.com/janelia-flyem/NeuTu)
1 0 4351 3063 3466 2 -1
2 0 4351 3059 3466 3.65685 1
3 0 4347 3055 3470 3.65685 2
4 0 4347 3047 3478 6 3
5 0 4347 3039 3486 9.31371 4
6 0 4335 3027 3502 12.4222 5
7 0 4311 3023 3518 6 6
8 0 4295 3007 3526 9.31371 7
9 0 4287 2999 3534 6.94427 8
10 0 4287 2987 3550 6.94427 9
11 0 4287 2979 3558 6 10
12 0 4291 2963 3570 9.31371 11
13 0 4287 2947 3586 6 12
14 0 4287 2939 3594 6 13
15 0 4283 2927 3594 6 14
16 0 4279 2923 3598 6 15
17 0 4275 2911 3594 6.94427 16
18 0 4267 2899 3594 6.94427 17
19 0 4251 2875 3586 10.6491 18
20 0 4243 2847 3574 9.31371 19
21 0 4239 2839 3570 6.94427 20
22 0 4239 2823 3574 6 21
23 0 4235 2811 3582 6.94427 22
24 0 4227 2807 3586 6 23
25 0 4219 2799 3582 6 24
26 0 4215 2795 3586 6 25
27 0 4211 2791 3590 2 26
28 0 4211 2791 3594 2 27
