# Generated by NeuTu (https://github.com/janelia-flyem/NeuTu)
1 0 4222 2946 3157 2 -1
2 0 4218 2946 3157 3.65685 1
3 0 4214 2942 3153 3.65685 2
4 0 4210 2938 3149 2 3
5 0 4210 2938 3145 2 4
6 0 4210 2938 3141 3.65685 5
7 0 4206 2934 3137 6 6
8 0 4194 2930 3133 6.94427 7
9 0 4174 2926 3133 6.94427 8
10 0 4162 2926 3125 14 9
11 0 4150 2930 3117 6.94427 10
12 0 4138 2938 3117 6.94427 11
13 0 4122 2938 3117 6 12
14 0 4110 2942 3121 9.31371 13
15 0 4102 2946 3125 6 14
16 0 4102 2950 3133 3.65685 15
17 0 4094 2946 3149 9.31371 16
18 0 4086 2946 3157 10.6491 17
19 0 4070 2950 3161 6 18
20 0 4058 2954 3157 6 19
21 0 4054 2958 3153 3.65685 20
22 0 4046 2962 3153 3.65685 21
23 0 4042 2966 3153 2 22
24 0 4038 2974 3153 6 23
25 0 4030 2978 3149 9.31371 24
26 0 4022 2974 3141 3.65685 25
27 0 4022 2970 3137 2 26
