1 0 3049 3802 1008 23.2982 -1
2 0 3049 3766 1040 18 1
3 0 3049 3718 1076 19.5407 2
4 0 3045 3674 1100 18.3961 3
5 0 3041 3630 1112 18 4
6 0 3041 3594 1128 14.4924 5
7 0 3037 3566 1144 12.4222 6
8 0 3033 3538 1160 14.4924 7
9 0 3025 3510 1172 14.4924 8
10 0 3009 3482 1188 10.6491 9
11 0 2993 3450 1192 15.8885 10
12 0 2981 3414 1212 18 11
13 0 2961 3370 1220 14 12
14 0 2957 3338 1220 14 13
15 0 2957 3306 1220 14 14
16 0 2969 3270 1208 14 15
17 0 2981 3230 1200 18 16
18 0 2989 3198 1200 14 17
19 0 2989 3166 1200 14.4924 18
20 0 2993 3138 1200 18 19
21 0 2997 3102 1200 14 20
22 0 2997 3070 1200 14.4924 21
23 0 3001 3034 1204 18 22
24 0 3005 3002 1236 14 23
25 0 3017 2986 1264 14.9706 24
26 0 3033 2966 1292 18.3961 25
27 0 3033 2958 1312 15.8885 26
28 0 3025 2942 1344 21.3238 27
29 0 3001 2922 1388 14 28
30 0 2977 2902 1420 18 29
31 0 2957 2886 1436 29.241 30
32 0 2929 2854 1472 15.8885 31
33 0 2909 2842 1492 9.31371 32
34 0 2885 2826 1512 14.4924 33
35 0 2869 2810 1532 10 34
36 0 2857 2794 1560 14.4924 35
37 0 2857 2770 1608 22 36
38 0 2845 2762 1640 22.3311 37
39 0 2857 2770 1668 30 38
40 0 2865 2774 1704 14.4924 39
41 0 2873 2762 1740 10.6491 40
42 0 2881 2754 1768 14 41
43 0 2885 2746 1796 14 42
44 0 2889 2730 1820 14 43
45 0 2897 2718 1852 12.4222 44
46 0 2913 2710 1884 14.4924 45
47 0 2917 2702 1920 12.4222 46
48 0 2917 2690 1952 10.6491 47
49 0 2921 2670 1980 10.6491 48
50 0 2921 2654 2008 14 49
51 0 2921 2650 2040 15.8885 50
52 0 2917 2642 2080 10.6491 51
53 0 2921 2638 2116 14 52
54 0 2921 2642 2156 18 53
55 0 2921 2646 2196 18 54
56 0 2905 2634 2244 14 55
57 0 2901 2622 2272 14 56
58 0 2893 2606 2308 13.2111 57
59 0 2885 2598 2348 12.4222 58
60 0 2877 2618 2380 18 59
61 0 2856.84 2626 2424.97 23.1459 60
62 0 2857 2626 2480 14.9706 61
63 0 2849 2646 2524 18 62
64 0 2821 2642 2560 18.3961 63
65 0 2793 2646 2604 18 64
66 0 2793 2650 2624 12.4222 65
67 0 2781 2674 2656 14 66
68 0 2765 2678 2684 15.8885 67
69 0 2745 2666 2732 18 68
70 0 2729 2666 2768 18 69
71 0 2725 2682 2808 14.4924 70
72 0 2725 2702 2828 18 71
73 2 2700.12 2714.62 2904.52 46.5917 72
74 2 2674.99 2717.67 2956.02 53.2895 73
75 2 2673 2710 2976 50.1573 74
76 2 2673 2694.4 3007.2 43.2226 75
77 0 2700.49 2654 3189.44 35.9154 76
78 0 2705 2646 3296 35.9473 77
79 0 2697 2638 3348 37.598 78
80 0 2685 2630 3436 38 79
81 2 2690.25 2630 3504.86 33.1056 80
82 2 2699.31 2630 3548.38 33.438 81
83 0 2725 2634 3616 29.241 82
84 0 2737 2638 3684 30 83
85 0 2737 2658 3760 31.9411 84
86 0 2729 2626 3848 30.249 85
87 0 2709 2594 3948 29.241 86
88 0 2689 2590 4032 23.2982 87
89 0 2677 2590 4064 20.6274 88
90 0 2665 2618 4128 37.598 89
91 2 2649.59 2622.59 4201.04 36.3233 90
92 0 2645 2618 4224 34.8782 91
93 0 2621 2594 4288 27.1204 92
94 0 2597 2590 4340 26 93
95 0 2549 2590 4400 34.2215 94
96 0 2521 2582 4476 34.8782 95
97 0 2473 2566 4524 23.6125 96
98 0 2445 2562 4564 22 97
99 0 2445 2558 4628 27.1204 98
100 0 2453 2554 4700 27.1204 99
101 0 2441 2570 4764 26.8444 100
102 0 2394.37 2610 4828.33 34.2562 101
103 0 2365 2562 4928 30.249 102
104 0 2361 2582 5012 30 103
105 0 2337 2622 5052 26.2843 104
106 2 2310.43 2628.16 5079.68 34.1098 105
107 0 2273 2590 5148 34.2215 106
108 0 2257 2586 5180 23.2982 107
109 0 2233 2566 5236 24.8328 108
110 0 2217 2510 5308 26 109
111 0 2209 2474 5356 28.4631 110
112 0 2189 2446 5420 32.4093 111
113 0 2165 2434 5464 39.7612 112
114 0 2109 2438 5528 22 113
115 0 2085.22 2436.11 5593.02 31.4966 114
116 0 2033 2434 5664 24.8328 115
117 0 2009 2418 5732 30.249 116
118 0 2017 2410 5820 29.241 117
119 0 2021 2418 5852 26.8444 118
120 2 2023.5 2427.5 5919.54 39.929 119
121 2 2028.25 2413.01 5971.71 40.6262 120
122 2 2023.86 2399.71 5995.43 39.7104 121
123 2 2013 2378.71 6035.13 37.4436 122
124 2 2013 2381.05 6058.5 35.62 123
125 2 2013 2381.84 6066.42 35.0018 124
126 2 2010.84 2379.84 6089.57 32.7788 125
127 2 2009.65 2378.65 6101.53 31.6146 126
128 2 1990.35 2363.08 6163.94 40.3981 127
129 2 1992.89 2365.89 6210.75 42.1501 128
130 2 1993.54 2352.81 6201.22 42.1049 129
131 2 2007.44 2387.65 6244.48 32.9421 130
132 0 1993 2382 6292 46.3322 131
133 2 1997.59 2382.57 6298.89 44.562 132
134 2 2000.2 2382.9 6302.79 43.5589 133
135 0 2025 2386 6340 34 134
136 0 2057 2410 6384 57.4643 135
137 2 2072.43 2456.29 6414.86 36.5119 136
138 2 2064.32 2477.54 6446.39 35.2705 137
139 0 2057 2494 6472 34.8782 138
140 0 2033 2466 6528 26.8444 139
141 2 2029.21 2439.49 6546.93 26.045 140
142 2 2037.2 2433.9 6572.59 30.5474 141
143 2 2044.02 2430.49 6593.07 34.3368 142
144 2 2050.44 2413.69 6615.03 28.843 143
145 2 2063.42 2399.05 6669.14 33.7074 144
146 2 2063.18 2396.18 6681.45 34.4688 145
147 2 2062.82 2395.82 6682.55 34.3869 146
148 0 2053 2386 6712 32.176 147
149 2 2049 2348.17 6766.93 22.877 148
150 0 2041 2326 6864 19.5407 149
151 0 2033 2322 6904 14 150
152 0 2033 2322 6940 10.6491 151
153 0 2029 2326 6976 14 152
154 0 2013 2334 7008 19.5407 153
155 0 1985 2342 7056 21.3238 154
156 0 1969 2366 7092 14.4924 155
157 0 1957 2386 7128 14.4924 156
158 0 1953 2402 7164 14.4924 157
159 0 1945 2418 7200 14.4924 158
160 0 1933 2426 7224 9.31371 159
161 0 1921 2430 7248 9.31371 160
162 0 1909 2426 7280 14 161
163 0 1905 2406 7316 10.6491 162
164 0 1901 2394 7336 10 163
165 0 1901 2386 7356 10 164
166 0 1893 2366 7392 18 165
167 0 1889 2370 7432 12.4222 166
168 0 1885 2366 7472 10.6491 167
169 0 1885 2350 7508 14.4924 168
170 0 1897 2322 7548 18 169
171 0 1921 2310 7576 18 170
172 0 1949 2314 7616 24.8328 171
173 0 1989 2330 7672 28.4631 172
174 0 2013 2366 7744 23.2982 173
175 0 2017 2390 7792 15.8885 174
176 0 2021 2410 7824 12.4222 175
177 0 2025 2422 7844 10.6491 176
178 0 2025 2438 7864 10.6491 177
179 0 2021 2438 7900 14 178
180 0 2017 2442 7932 14 179
181 0 2013 2454 7968 15.8885 180
182 0 2009 2458 7988 18 181
183 0 2065 2326 6752 6.94427 149
184 0 2073 2314 6752 6.94427 183
185 0 2073 2286 6744 14 184
186 0 2085 2270 6732 14.9706 185
187 0 2033 2430 6720 18 148
188 0 2029 2426 6744 23.2982 187
189 0 2001 2430 6768 6 188
190 0 2029 2466 6712 14.4924 187
191 0 2021 2478 6704 10 190
192 0 1989 2434 6672 14.4924 147
193 0 1977 2442 6664 12.4222 192
194 0 2121 2354 6680 15.8885 146
195 0 2133 2342 6676 14.4924 194
196 0 2149 2342 6672 6 195
197 0 2045 2362 6640 18 145
198 0 2041 2342 6636 3.65685 197
199 0 2041 2338 6636 2 198
200 2 2058.31 2431.67 6598.74 27.9504 144
201 0 2097 2462 6564 10 200
202 0 2101 2470 6556 6 201
203 0 2105 2470 6548 6 202
204 0 2105 2482 6544 2 203
205 0 2029 2478 6600 14.4924 200
206 0 2029 2502 6584 9.31371 205
207 0 2005 2406 6588 15.8885 143
208 0 1981 2394 6560 10.6491 207
209 0 1969 2394 6552 6 208
210 0 2045 2466 6560 23.6125 142
211 0 2081 2482 6552 6.94427 210
212 0 2061 2442 6536 14 141
213 0 2089 2458 6532 9.31371 212
214 0 2097 2466 6528 9.31371 213
215 0 2037 2418 6436 30.9848 139
216 0 2065 2382 6436 43.607 215
217 2 2095.37 2351.63 6439.37 31.4884 216
218 0 2113 2314 6432 21.3238 217
219 2 2139.43 2276.68 6394.68 25.6952 218
220 0 2145 2270 6388 27.1204 219
221 2 2145.54 2269.46 6385.57 27.0641 220
222 2 2160.73 2262 6331.4 27.6871 221
223 2 2163.27 2262 6324.6 28.1497 222
224 0 2196.16 2288.98 6291.83 38.185 223
225 2 2206.83 2293.43 6285.6 43.1198 224
226 2 2234.03 2304.76 6269.73 55.6857 225
227 2 2242.14 2304.29 6264.57 52.9168 226
228 2 2247.29 2302.57 6261.14 48.7743 227
229 2 2249.86 2301.71 6259.43 46.7031 228
230 2 2269.14 2295.29 6246.57 31.1687 229
231 0 2297 2286 6188 10.6491 230
232 0 2320.43 2271.52 6179.05 12.4762 231
233 0 2329 2282 6156 9.31371 232
234 0 2333 2274 6144 14 233
235 0 2345 2262 6140 12.4222 234
236 0 2357 2254 6184 12.4222 232
237 0 2365 2246 6176 12.4222 236
238 0 2369 2234 6172 6 237
239 2 2290.51 2313.41 6298.04 26.3121 230
240 0 2293 2290 6332 22.3311 239
241 0 2309 2322 6352 10.6491 240
242 0 2321 2346 6360 12.4222 241
243 0 2325 2358 6360 3.65685 242
244 0 2329 2362 6360 2 243
245 0 2297 2338 6320 6.94427 239
246 0 2305 2346 6328 10.6491 245
247 0 2313 2350 6336 9.31371 246
248 0 2237 2322 6192 9.31371 229
249 0 2225 2318 6180 14 248
250 0 2217 2306 6168 6 249
251 0 2217 2302 6160 6 250
252 0 2209 2306 6152 6.94427 251
253 0 2201 2310 6152 6 252
254 0 2205 2362 6216 6.94427 228
255 0 2213 2362 6200 10 254
256 2 2288.76 2344.94 6211.42 24.3209 227
257 0 2285 2334 6172 28.4631 256
258 0 2269 2330 6144 6.94427 257
259 0 2245 2290 6184 18 257
260 0 2237 2274 6176 3.65685 259
261 0 2237 2270 6176 2 260
262 0 2317 2374 6232 12.4222 256
263 0 2329 2386 6240 9.31371 262
264 0 2333 2386 6260 3.65685 263
265 0 2333 2390 6264 3.65685 264
266 0 2333 2394 6264 2 265
267 0 2221 2294 6212 26 226
268 0 2209 2270 6192 10 267
269 0 2221 2342 6328 10.6491 225
270 0 2225 2350 6336 6.94427 269
271 0 2237 2358 6348 9.31371 270
272 0 2241 2374 6364 9.31371 271
273 0 2241 2374 6376 9.31371 272
274 0 2237 2378 6388 6 273
275 0 2157 2294 6260 18 224
276 0 2149 2266 6236 29.241 275
277 0 2193 2242 6216 14.9706 276
278 0 2221 2238 6192 14 277
279 0 2105 2274 6216 14 276
280 0 2077 2278 6216 6 279
281 0 2193 2234 6328 14 223
282 0 2201 2222 6344 10 281
283 0 2220.2 2310.48 6335.2 18.079 222
284 0 2241 2322 6356 9.31371 283
285 0 2245 2346 6384 12.4222 284
286 0 2245 2366 6404 6 285
287 0 2249 2382 6420 6 286
288 0 2273 2302 6332 22 283
289 0 2281 2318 6348 9.31371 288
290 0 2285 2326 6372 6.94427 289
291 2 2128.07 2242.71 6384.24 19.3568 221
292 2 2127.86 2229.43 6369.71 15.8361 291
293 0 2141 2210 6352 12.4222 292
294 0 2157 2198 6356 10 293
295 0 2101 2234 6356 12.4222 292
296 0 2089 2234 6336 10 295
297 0 2081 2234 6328 6.94427 296
298 0 2145 2210 6392 6.94427 291
299 0 2145 2198 6376 6 298
300 0 2177 2238 6396 10.6491 220
301 0 2189 2238 6384 10.6491 300
302 0 2201 2226 6384 10 301
303 0 2205 2222 6372 6.94427 302
304 0 2173 2262 6432 23.2982 219
305 2 2182.52 2259.62 6443.9 18.8877 304
306 0 2197 2258 6484 10 305
307 0 2209 2254 6496 10 306
308 0 2221 2250 6512 14.4924 307
309 0 2225 2258 6528 6 308
310 0 2165 2230 6432 12.4222 305
311 0 2153 2218 6432 12.4222 310
312 0 2145 2206 6428 6.94427 311
313 0 2217 2258 6424 15.8885 304
314 0 2233 2258 6432 6.94427 313
315 0 2117 2330 6480 28.4631 217
316 0 2125 2302 6480 18.3961 315
317 0 2141 2298 6504 9.31371 316
318 0 2141 2294 6520 6 317
319 0 2085 2346 6500 14.4924 216
320 0 2085 2334 6512 10 319
321 0 2098.59 2306.64 6545.59 18.5442 320
322 0 2115.69 2289.92 6570.77 33.7058 321
323 2 2120.23 2276.31 6588.92 39.5329 322
324 0 2121 2274 6592 40.5206 323
325 0 2129 2246 6624 26 324
326 2 2125 2224.94 6665.7 22.4776 325
327 0 2157 2242 6712 32.176 326
328 0 2189 2242 6724 19.5407 327
329 0 2229 2234 6724 14 328
330 0 2257 2238 6724 6 329
331 0 2157 2282 6752 10.6491 327
332 0 2149 2286 6760 9.31371 331
333 0 2149 2290 6772 6 332
334 0 2097 2234 6664 10.6491 326
335 0 2085 2246 6672 15.8885 334
336 0 2069 2262 6656 10.6491 335
337 0 2057 2266 6652 6.94427 336
338 0 2169 2246 6656 10.6491 325
339 0 2181 2258 6664 15.8885 338
340 0 2193 2250 6680 9.31371 339
341 0 2077 2278 6608 14 324
342 0 2057 2278 6628 6.94427 341
343 0 2049 2274 6636 3.65685 342
344 0 2045 2274 6636 2 343
345 2 2144.58 2291.61 6645.56 23.6717 323
346 0 2153 2286 6668 12.4222 345
347 0 2161 2278 6684 18 346
348 0 2165 2294 6696 6 347
349 0 2109 2286 6664 14 345
350 0 2093 2282 6660 6.94427 349
351 0 2085 2282 6652 6.94427 350
352 0 2161 2306 6600 22 322
353 0 2197 2318 6608 14.4924 352
354 0 2221 2302 6628 14.9706 353
355 0 2249 2302 6640 9.31371 354
356 0 2093 2262 6540 14 321
357 0 2089 2250 6528 6 356
358 0 2049 2514 6412 30 138
359 0 2029 2534 6396 15.8885 358
360 0 2017 2562 6396 14 359
361 0 2009 2574 6384 18 360
362 0 1989 2598 6360 9.31371 361
363 0 1981 2598 6352 9.31371 362
364 2 2092.04 2471.75 6385.91 42.3333 137
365 2 2106.89 2484.38 6365.47 46.0441 364
366 2 2131.82 2505.59 6331.14 52.2739 365
367 2 2146.03 2525.04 6281.88 42.4544 366
368 2 2148.01 2528.35 6272.63 40.0129 367
369 2 2148.71 2529.52 6269.34 39.1455 368
370 2 2149.82 2534.11 6260.6 38.5466 369
371 2 2152.42 2547.1 6237.21 37.771 370
372 2 2186.12 2550 6173.13 37.9678 371
373 0 2189 2550 6168 38 372
374 2 2179.18 2559.82 6138.55 35.4458 373
375 2 2177.73 2561.27 6134.18 35.0674 374
376 2 2159.22 2570.89 6114.22 30.1263 375
377 0 2141.98 2545.4 6069.97 26.1638 376
378 0 2125 2542 6036 22.3311 377
379 0 2121 2558 6000 18 378
380 0 2141 2574 5980 6 379
381 0 2153 2574 5964 9.31371 380
382 0 2157 2574 5952 12.4222 381
383 0 2157 2570 5936 9.31371 382
384 0 2141 2574 6048 22.3311 377
385 0 2109 2578 6020 6 384
386 2 2158.66 2566.12 6121.35 30.7693 376
387 2 2113.25 2555.04 6127.43 23.938 386
388 2 2091.63 2560.95 6138.42 22.4583 387
389 0 2069 2554 6156 18 388
390 0 2053 2558 6168 9.31371 389
391 0 2101 2610 6116 6 388
392 0 2101 2550 6084 14.9706 387
393 0 2101 2562 6072 10 392
394 0 2141 2609.34 6084.05 17.6529 386
395 0 2141 2606 6064 15.8885 394
396 0 2125 2622 6040 20.6274 395
397 0 2113 2634 6052 9.31371 396
398 0 2085 2606 6088 10 394
399 0 2077 2614 6084 3.65685 398
400 0 2073 2614 6084 2 399
401 0 2213 2594 6092 6.94427 375
402 0 2209 2606 6088 12.4222 401
403 0 2209 2626 6104 6 402
404 0 2209 2598 6136 9.31371 374
405 0 2221 2622 6124 10 404
406 0 2225 2634 6120 6 405
407 2 2228.35 2562.11 6168 32.1344 373
408 2 2252.89 2571.94 6160.57 33.128 407
409 2 2255.02 2573.01 6159.24 33.6447 408
410 2 2265.08 2578.04 6152.95 36.0807 409
411 0 2269 2610 6112 26.2843 410
412 0 2261 2638 6108 22.3311 411
413 0 2269 2662 6112 10.6491 412
414 0 2269 2682 6120 10 413
415 0 2265 2694 6116 12.4222 414
416 0 2265 2598 6092 22 410
417 0 2237 2622 6060 12.4222 416
418 0 2225 2634 6060 6 417
419 0 2257 2546 6192 26 409
420 0 2277 2510 6184 6.94427 419
421 0 2269 2530 6152 18 408
422 0 2289 2514 6164 10 421
423 0 2301 2514 6172 12.4222 422
424 0 2313 2518 6180 3.65685 423
425 0 2317 2522 6184 6 424
426 0 2325 2526 6192 6 425
427 0 2333 2526 6196 6 426
428 0 2237 2554 6096 22.3311 407
429 0 2225 2554 6076 15.8885 428
430 0 2205 2534 6068 18 429
431 0 2189 2510 6084 3.65685 430
432 0 2185 2506 6084 2 431
433 0 2153 2522 6168 18.3961 372
434 0 2129 2498 6144 14.9706 433
435 0 2129 2486 6128 12.4222 434
436 0 2137 2474 6116 6 435
437 0 2141 2470 6112 6 436
438 0 2105 2562 6240 18 371
439 0 2073 2570 6224 15.8885 438
440 0 2053 2586 6208 9.31371 439
441 0 2045 2594 6200 6.94427 440
442 0 2045 2602 6196 3.65685 441
443 0 2041 2606 6196 2 442
444 0 2161 2502 6232 21.3238 370
445 0 2193 2498 6232 10.6491 444
446 0 2201 2490 6236 6 445
447 0 2201 2490 6276 18 369
448 0 2193 2470 6268 10.6491 447
449 0 2193 2458 6272 6.94427 448
450 0 2201 2530 6256 18 368
451 0 2217 2522 6240 20.6274 450
452 0 2237 2518 6224 9.31371 451
453 0 2161 2494 6256 15.8885 367
454 0 2165 2474 6252 19.5407 453
455 0 2133 2458 6244 9.31371 454
456 0 2121 2458 6224 18 455
457 0 2109 2450 6208 9.31371 456
458 0 2169 2442 6288 9.31371 366
459 0 2173 2442 6276 6 458
460 0 2153 2494 6376 9.31371 365
461 0 2165 2490 6384 6 460
462 0 2177 2486 6384 10.6491 461
463 0 2185 2482 6376 6.94427 462
464 0 2193 2490 6368 3.65685 463
465 0 2197 2490 6368 2 464
466 0 2181 2454 6388 6 462
467 0 2185 2446 6384 2 466
468 0 2185 2442 6384 2 467
469 0 2185 2438 6384 2 468
470 0 2153 2470 6400 6.94427 364
471 0 2165 2474 6424 14 470
472 0 2149 2474 6428 2 471
473 0 2145 2474 6428 2 472
474 2 1988.94 2343.53 6406.47 35.2936 136
475 0 1957 2314 6444 27.1204 474
476 0 1933.77 2266.7 6455.23 24.8247 475
477 0 1929 2250 6460 30 476
478 2 1928.45 2187.54 6444 37.3646 477
479 0 1929 2182 6444 38.1995 478
480 2 1930.51 2181.4 6439.77 37.2992 479
481 2 1933.18 2180.33 6432.3 35.7105 480
482 2 1934.51 2179.8 6428.57 34.9162 481
483 0 1949 2174 6388 26.2843 482
484 2 1958.54 2162.07 6378.46 22.2618 483
485 0 1985 2126 6372 18 484
486 0 1993 2118 6388 14 485
487 0 1933 2162 6352 22.3311 484
488 0 1921 2142 6348 12.4222 487
489 0 1977 2206 6384 15.8885 483
490 0 1985 2218 6372 12.4222 489
491 0 1981 2214 6356 9.31371 490
492 0 1949 2138 6408 14.4924 482
493 0 1969 2114 6400 9.31371 492
494 0 1885 2186 6408 19.5407 481
495 0 1861 2190 6404 18.3961 494
496 0 1849 2198 6416 12.4222 495
497 0 1981 2178 6444 19.5407 480
498 0 1997 2190 6460 14.4924 497
499 0 2001 2198 6488 6 498
500 0 2009 2198 6496 6 499
501 0 1897 2134 6492 21.3238 480
502 0 1977 2186 6408 18.3961 479
503 0 1993 2154 6408 14 502
504 0 1877 2186 6448 15.8885 478
505 0 1861 2174 6440 10 504
506 2 1931.77 2233.37 6482.18 30 477
507 2 1923.22 2216.22 6509.11 23.6082 506
508 0 1917 2210 6520 19.5407 507
509 2 1920.69 2210 6525.54 20.1082 508
510 0 1933 2210 6544 22 509
511 0 1945 2186 6548 26.2843 510
512 0 1921 2154 6568 22 511
513 0 1905 2134 6560 12.4222 512
514 0 1913 2230 6580 9.31371 510
515 0 1917 2238 6588 6.94427 514
516 0 1933 2238 6604 6 515
517 0 1905 2238 6540 14 509
518 0 1921 2266 6536 14.4924 517
519 0 1937 2270 6544 6 518
520 0 1933 2270 6552 3.65685 519
521 0 1889 2174 6532 18.3961 508
522 0 1901 2142 6520 12.4222 521
523 0 1909 2130 6520 10 522
524 0 1917 2122 6520 3.65685 523
525 0 1921 2118 6520 2 524
526 0 1873 2186 6500 10 507
527 0 1869 2174 6500 6 526
528 0 1869 2166 6500 6 527
529 0 1953 2266 6516 18.3961 506
530 0 1957 2262 6536 10 529
531 0 1957 2254 6544 10 530
532 0 1925 2286 6504 18 476
533 0 1909 2294 6532 6.94427 532
534 0 1901 2294 6540 10 533
535 0 1897 2286 6548 9.31371 534
536 0 1949 2334 6368 32.176 474
537 0 1937 2290 6372 6.94427 536
538 0 2105 2366 6380 14 136
539 0 2113 2354 6376 9.31371 538
540 0 2121 2334 6352 14 539
541 0 2117 2326 6336 10 540
542 0 1927.46 2346 6323.69 30.9178 134
543 0 1889 2346 6316 29.241 542
544 0 1849 2286 6312 22.3311 543
545 0 1857 2370 6308 12.4222 543
546 0 1849 2378 6316 10 545
547 0 1841 2390 6328 18 546
548 0 1917 2302 6328 23.2982 542
549 0 1925 2278 6316 12.4222 548
550 0 1945 2258 6312 12.4222 549
551 0 1957 2238 6320 6.94427 550
552 0 1973 2426 6284 10 133
553 0 1965 2438 6280 9.31371 552
554 0 1965 2462 6296 10.6491 553
555 0 1973 2470 6296 6 554
556 0 1912.05 2329.29 6263.05 34.7071 132
557 0 1889 2326 6240 38 556
558 2 1885.98 2323.85 6235.26 36.4506 557
559 2 1884.69 2322.92 6233.23 35.7865 558
560 2 1845.12 2300.71 6182.77 27.336 559
561 2 1818.03 2306.13 6170.58 25.4281 560
562 0 1782.24 2345.1 6164 33.6766 561
563 2 1756.64 2373.9 6164 30.6759 562
564 0 1723.49 2398 6167.08 16.0045 563
565 0 1705 2398 6164 9.31371 564
566 0 1689 2402 6140 12.4222 565
567 0 1681 2406 6112 14.9706 566
568 0 1709 2426 6164 10 564
569 0 1697 2434 6144 12.4222 568
570 0 1685 2450 6132 6 569
571 0 1765 2398 6136 18 563
572 0 1749 2406 6132 10.6491 571
573 0 1721 2414 6132 6 572
574 0 1745 2390 6112 12.4222 562
575 0 1717 2414 6104 18 574
576 0 1693 2442 6104 6.94427 575
577 0 1689 2450 6108 6 576
578 0 1693 2454 6112 3.65685 577
579 0 1689 2458 6116 2 578
580 2 1794.84 2320.94 6130.44 26.336 561
581 0 1769 2310 6124 21.3238 580
582 0 1753 2278 6096 14 581
583 0 1753 2250 6088 6.94427 582
584 0 1817 2350 6104 9.31371 580
585 0 1805 2346 6080 14.4924 584
586 0 1797 2350 6068 9.31371 585
587 0 1857 2342 6180 12.4222 560
588 0 1845 2358 6160 9.31371 587
589 0 1833 2306 6244 21.3238 559
590 0 1809 2326 6268 18 589
591 0 1793 2334 6264 6.94427 590
592 0 1833 2342 6216 23.2982 558
593 0 1801 2334 6220 15.8885 592
594 0 1793 2318 6216 6.94427 593
595 0 1785 2314 6204 2 594
596 2 1896.7 2275.95 6240 26.7245 557
597 0 1917 2254 6240 15.8885 596
598 0 1925 2226 6252 6 597
599 0 1925 2218 6252 6 598
600 0 1925 2206 6252 10 599
601 0 1913 2178 6260 12.4222 600
602 0 1897 2146 6260 10.6491 601
603 0 1893 2122 6244 6.94427 602
604 0 1893 2114 6236 10 603
605 0 1897 2106 6228 9.31371 604
606 0 1877 2270 6212 18 596
607 0 1857 2262 6208 14.4924 606
608 0 1857 2302 6284 39.1825 556
609 0 1837 2270 6296 18 608
610 0 1821 2246 6324 9.31371 609
611 0 1817 2238 6332 6 610
612 0 2017 2318 6264 35.9473 132
613 0 2009 2258 6284 18 612
614 0 1997 2242 6292 6.94427 613
615 0 1989 2234 6292 6.94427 614
616 0 1973 2214 6288 14 615
617 0 1973 2198 6284 9.31371 616
618 0 2045 2310 6204 18 612
619 0 2061 2302 6192 9.31371 618
620 2 2012.62 2414.82 6216.13 29.8076 131
621 2 2014.93 2424.96 6207.61 28.3872 620
622 0 2017 2434 6200 27.1204 621
623 2 2009.97 2448.06 6188.29 30.2182 622
624 2 2006.2 2455.6 6182 31.8804 623
625 2 1995.61 2465.05 6176.48 27.5592 624
626 0 1962.52 2487.82 6163.34 21.6638 625
627 2 1948.51 2495.61 6157.11 29.3913 626
628 0 1937 2502 6152 35.7359 627
629 2 1911.31 2546.04 6148.33 37.2586 628
630 0 1909 2550 6148 37.3954 629
631 2 1906.88 2571.2 6139.52 38.6491 630
632 0 1905 2590 6132 39.7612 631
633 2 1890.16 2627.09 6135.71 35.2329 632
634 2 1881.67 2662.97 6128.67 26.7482 633
635 0 1849 2702 6124 15.8885 634
636 0 1829 2726 6128 26 635
637 0 1845 2742 6144 14.9706 636
638 0 1921 2670 6116 10 634
639 0 1933 2666 6120 10.6491 638
640 0 1945 2674 6120 3.65685 639
641 0 1949 2678 6120 2 640
642 0 1949 2682 6120 2 641
643 0 1909 2658 6168 12.4222 633
644 0 1921 2662 6180 6.94427 643
645 0 1921 2666 6196 6 644
646 0 1913 2614 6092 18.3961 632
647 0 1933 2638 6096 9.31371 646
648 0 1941 2654 6096 6.94427 647
649 2 1901.29 2600.47 6174.19 26.629 631
650 0 1925 2618 6180 14.9706 649
651 0 1937 2606 6192 6.94427 650
652 0 1949 2606 6196 2 651
653 0 1853 2578 6180 18 649
654 0 1841 2570 6168 10 653
655 0 1845 2526 6184 12.4222 630
656 0 1841 2522 6196 6.94427 655
657 2 1892.52 2584.61 6194.61 31.1464 629
658 2 1890.82 2586.73 6196.73 31.3258 657
659 2 1887.06 2591.42 6201.42 31.7232 658
660 0 1873 2630 6212 22 659
661 0 1877 2626 6236 18 660
662 0 1889 2610 6260 21.3238 661
663 0 1909 2622 6260 9.31371 662
664 0 1913 2634 6260 6 663
665 0 1857 2654 6268 10.6491 661
666 0 1849 2662 6272 6.94427 665
667 0 1841 2666 6272 6.94427 666
668 0 1897 2586 6232 6 659
669 0 1897 2586 6244 10.6491 668
670 0 1905 2578 6252 10 669
671 0 1909 2566 6256 6 670
672 0 1873 2550 6212 18 658
673 0 1865 2530 6208 6 672
674 0 1909 2606 6216 15.8885 657
675 0 1917 2630 6224 23.2982 674
676 0 1921 2654 6220 10.6491 675
677 0 1937 2650 6204 6 676
678 2 1899.27 2488.28 6127.99 29.4993 628
679 0 1877 2490 6100 12.4222 678
680 0 1881 2486 6088 6.94427 679
681 0 1893 2454 6112 10 678
682 0 1881 2454 6096 12.4222 681
683 0 1869 2442 6084 12.4222 682
684 0 1929 2466 6128 26 627
685 0 1925 2502 6092 30.249 684
686 0 1897 2518 6092 18 685
687 0 1877 2514 6084 10 686
688 0 1969 2506 6132 6.94427 626
689 0 1977 2514 6120 10 688
690 0 1973 2526 6108 14 689
691 0 1953 2446 6180 18.3961 625
692 0 1937 2458 6180 14.9706 691
693 0 1933 2470 6192 12.4222 692
694 0 1933 2482 6200 6 693
695 0 2021 2498 6196 9.31371 624
696 0 2017 2518 6188 6.94427 695
697 0 2017 2530 6188 2 696
698 0 1985 2478 6208 14.9706 623
699 0 1953 2502 6200 12.4222 698
700 2 2049.91 2455.94 6203.66 16.8516 622
701 0 2073 2462 6216 12.4222 700
702 0 2085 2470 6232 18 701
703 0 2053 2494 6204 9.31371 700
704 0 2057 2502 6208 6.94427 703
705 0 2065 2506 6208 3.65685 704
706 0 2069 2510 6208 3.65685 705
707 0 2073 2510 6208 2 706
708 0 2017 2462 6220 24.8328 621
709 0 1993 2470 6220 14.9706 708
710 0 1961 2458 6224 18 709
711 0 1941 2462 6252 9.31371 710
712 0 1925 2462 6268 10 711
713 0 1921 2470 6280 6.94427 712
714 0 1957 2426 6204 10 620
715 0 1945 2438 6216 18 714
716 0 1929 2438 6232 14.9706 715
717 0 1917 2418 6252 9.31371 716
718 0 2029 2314 6112 18 130
719 0 2013 2298 6108 9.31371 718
720 0 2013 2290 6100 9.31371 719
721 0 2017 2294 6092 9.31371 720
722 0 1981 2294 6196 23.2982 129
723 0 1969 2274 6188 6 722
724 0 1981 2418 6164 22 128
725 0 1993 2430 6092 18 127
726 0 1997 2342 6088 14 126
727 0 2001 2326 6092 14.4924 726
728 0 1993 2314 6096 6.94427 727
729 0 1985 2310 6096 6 728
730 0 1989 2426 6048 14 125
731 0 1981 2438 6048 6.94427 730
732 0 1973 2446 6052 6 731
733 0 1973 2458 6052 2 732
734 0 2033 2338 6068 23.6125 124
735 0 2049 2322 6076 10.6491 734
736 0 2053 2306 6080 10.6491 735
737 2 2020.13 2331.73 5996.69 23.6783 123
738 0 2037 2274 5984 9.31371 737
739 0 2037 2266 5976 6 738
740 0 2033 2254 5968 6 739
741 0 2025 2258 5948 6 740
742 0 2017 2250 5940 6 741
743 0 2013 2250 5932 3.65685 742
744 0 2017 2246 5928 2 743
745 0 2021 2246 5924 2 744
746 0 2025 2246 5920 2 745
747 0 2061 2334 5992 10 737
748 0 2077 2338 5984 6.94427 747
749 0 2085 2342 5980 9.31371 748
750 0 2101 2350 5972 6 749
751 0 2077 2398 6000 14 122
752 2 2113.13 2390.65 6028.77 19.5585 751
753 2 2135.77 2397.51 6054.52 25.6694 752
754 0 2137 2398 6056 26 753
755 0 2137 2370 6072 18.3961 754
756 0 2133 2342 6072 21.3238 755
757 2 2197.91 2310.53 6081.51 37.7484 756
758 2 2226.91 2294.08 6064.11 40.0377 757
759 2 2231.89 2273.43 6050.79 33.9482 758
760 2 2241 2285.06 6030.66 41.171 759
761 2 2241 2291.1 5996.43 45.8662 760
762 2 2241 2293.36 5983.65 47.619 761
763 2 2238.92 2298.68 5976.36 46.7506 762
764 2 2231.79 2314.71 5963.89 42.0662 763
765 2 2226.42 2326.79 5954.49 38.5349 764
766 2 2225.27 2329.38 5952.48 37.7781 765
767 0 2209 2338 5916 31.9411 766
768 0 2153 2366 5908 10 767
769 0 2261 2382 5948 6 766
770 0 2269 2382 5944 6 769
771 0 2257 2322 5920 22.3311 765
772 0 2269 2342 5920 14.4924 771
773 0 2261 2358 5912 6 772
774 0 2281 2306 5952 12.4222 764
775 0 2293 2318 5940 14 774
776 0 2297 2318 5924 10 775
777 0 2301 2310 5916 6 776
778 0 2189 2294 5956 28.4631 763
779 0 2161 2298 5964 14 778
780 0 2241 2246 5948 10 762
781 0 2237 2230 5936 9.31371 780
782 0 2229 2214 5932 6.94427 781
783 0 2225 2198 5932 3.65685 782
784 0 2221 2194 5936 2 783
785 0 2237 2242 5976 15.8885 761
786 0 2249 2210 5972 12.4222 785
787 0 2241 2198 5980 6 786
788 0 2277 2246 6024 12.4222 760
789 0 2305 2242 6032 10 788
790 0 2337 2238 6068 18 789
791 0 2201 2230 6044 18 759
792 0 2185 2214 6036 14 791
793 2 2259.75 2320.97 6037.03 29.638 758
794 2 2279.86 2328.29 6023.43 20.4088 793
795 0 2305 2330 6020 10 794
796 0 2325 2318 6032 9.31371 795
797 0 2333 2310 6032 6 796
798 0 2333 2302 6032 6 797
799 0 2337 2298 6028 3.65685 798
800 0 2337 2294 6028 2 799
801 0 2249 2362 6000 19.5407 794
802 0 2245 2394 6000 3.65685 801
803 0 2241 2394 6000 2 802
804 0 2309 2322 6060 10.6491 793
805 0 2333 2310 6052 6 804
806 0 2185 2278 6128 20.6274 757
807 0 2173 2262 6136 6 806
808 0 2165 2374 6044 10.6491 754
809 0 2177 2370 6044 6.94427 808
810 0 2181 2370 6060 6 809
811 0 2133 2438 6060 12.4222 753
812 0 2141 2454 6068 10 811
813 0 2137 2466 6068 6 812
814 0 2133 2482 6068 6 813
815 0 2141 2378 6012 23.2982 752
816 2 2170.33 2381.67 6015.67 16.506 815
817 0 2189 2386 6008 6.94427 816
818 0 2201 2386 6008 6.94427 817
819 0 2213 2378 5996 14.9706 818
820 0 2217 2390 5984 9.31371 819
821 0 2177 2350 6024 12.4222 816
822 0 2185 2338 6028 12.4222 821
823 0 2181 2314 6028 12.4222 822
824 0 2009 2378 5948 14.4924 121
825 0 2017 2350 5948 6 824
826 0 2025 2482 5900 14.4924 120
827 0 2025 2502 5912 21.3238 826
828 0 2053 2410 5572 6.94427 115
829 0 2045 2410 5564 6 828
830 0 2041 2406 5560 3.65685 829
831 0 2037 2406 5556 3.65685 830
832 0 2033 2410 5552 2 831
833 0 2297 2666 5068 12.4222 106
834 0 2305 2686 5076 9.31371 833
835 0 2313 2694 5080 6.94427 834
836 0 2309 2706 5084 12.4222 835
837 0 2297 2718 5080 6 836
838 0 2293 2722 5076 6 837
839 0 2289 2726 5072 3.65685 838
840 0 2285 2730 5068 3.65685 839
841 0 2281 2734 5068 2 840
842 0 2429 2658 4816 10.6491 102
843 0 2685 2654 4208 30 92
844 0 2713 2662 4192 14 843
845 0 2705 2646 4152 21.3238 91
846 0 2701 2654 3508 31.9411 82
847 0 2709 2678 3484 18 846
848 0 2725 2694 3480 3.65685 847
849 0 2729 2698 3476 3.65685 848
850 0 2733 2702 3472 2 849
851 0 2705 2674 3460 18.3961 81
852 0 2709 2690 3444 10 851
853 0 2717 2698 3444 2 852
854 0 2721 2698 3444 2 853
855 0 2685 2598 3324 18 79
856 0 2669 2586 3320 9.31371 855
857 0 2653 2570 3320 9.31371 856
858 0 2633 2558 3324 9.31371 857
859 0 2617 2550 3324 6.94427 858
860 0 2609 2542 3324 6 859
861 0 2605 2538 3328 3.65685 860
862 0 2601 2538 3332 3.65685 861
863 0 2597 2534 3336 3.65685 862
864 0 2593 2530 3340 6 863
865 0 2589 2526 3344 3.65685 864
866 0 2585 2526 3348 3.65685 865
867 0 2581 2526 3348 2 866
868 0 2709 2614 3176 12.4222 77
869 0 2713 2602 3176 10 868
870 0 2725 2594 3176 14 869
871 0 2753 2602 3168 14.4924 870
872 0 2781 2630 3172 12.4222 871
873 0 2793 2654 3164 9.31371 872
874 0 2797 2662 3160 6.94427 873
875 0 2645 2658 2968 18 76
876 0 2653 2650 2952 6 875
877 0 2705 2774 2988 34.8782 75
878 2 2701.22 2800.44 3014.44 23.0281 877
879 0 2663.44 2802.93 3033.85 22 878
880 0 2642.47 2805.58 3040.42 21.5789 879
881 0 2602.21 2792.6 3048.7 28.4163 880
882 2 2521.05 2717.32 3071.61 32.6702 881
883 2 2491.38 2712.7 3084.11 28.1951 882
884 0 2457 2738 3100 23.2982 883
885 0 2429 2738 3104 14.4924 884
886 0 2413 2750 3120 21.3238 885
887 0 2417 2786 3128 10 886
888 0 2417 2806 3148 18 887
889 0 2433 2818 3152 6.94427 888
890 0 2441 2822 3160 2 889
891 0 2441 2822 3164 2 890
892 0 2517 2662 3120 19.5407 883
893 0 2513 2666 3140 10.6491 892
894 0 2489 2658 3160 9.31371 893
895 0 2469 2642 3168 6.94427 894
896 0 2465 2634 3176 6 895
897 0 2461 2630 3180 3.65685 896
898 0 2461 2626 3180 2 897
899 2 2532.88 2683.29 3040.83 18.46 882
900 0 2537 2658 3036 14 899
901 0 2525 2622 3036 10 900
902 0 2525 2610 3036 6 901
903 0 2541 2662 3056 10 899
904 0 2541 2650 3064 9.31371 903
905 0 2541 2642 3072 6 904
906 0 2581 2830 3072 10.6491 881
907 0 2573 2838 3072 9.31371 906
908 0 2565 2850 3076 3.65685 907
909 0 2565 2854 3080 2 908
910 0 2625 2830 3020 6.94427 880
911 0 2617 2838 3012 9.31371 910
912 0 2609 2842 3008 6.94427 911
913 0 2601 2838 3004 6 912
914 0 2645 2798 3072 18 879
915 0 2738 2814.2 3040.4 20.496 878
916 2 2783.04 2810.56 3055.44 22.9264 915
917 2 2804.3 2790.7 3072.08 31.9038 916
918 2 2805.4 2757.16 3090.42 17.6773 917
919 0 2801 2734 3120 18.3961 918
920 0 2809 2714 3152 9.31371 919
921 0 2809 2694 3160 10.6491 920
922 0 2813 2682 3168 6 921
923 0 2833 2754 3112 18 918
924 0 2853 2730 3148 9.31371 923
925 0 2817 2806 3032 12.4222 917
926 0 2817 2806 3016 6 925
927 0 2829 2802 3004 14 926
928 0 2841 2806 2996 14 927
929 0 2857 2794 3084 21.3238 917
930 0 2797 2846 3060 6.94427 916
931 0 2793 2858 3064 9.31371 930
932 0 2789 2874 3060 3.65685 931
933 0 2793 2878 3060 3.65685 932
934 0 2797 2878 3064 2 933
935 0 2729 2834 3064 10 915
936 0 2729 2838 3080 14 935
937 0 2625 2742 2896 38 74
938 0 2563.03 2751.07 2854.82 46.5862 937
939 2 2538.16 2747.75 2839.9 56.9917 938
940 2 2527.32 2746.31 2833.39 61.5263 939
941 0 2525 2746 2832 62.4981 940
942 2 2477.93 2791.31 2813.34 42.1693 941
943 2 2433.11 2793.04 2800.68 40.0794 942
944 0 2385 2834 2724 18 943
945 2 2375.38 2868.58 2685.42 35.2992 944
946 2 2373.44 2886.02 2667.98 41.344 945
947 0 2397 2914 2632 30.249 946
948 2 2411.11 2938.68 2607.32 33.5558 947
949 2 2425.59 2964.04 2585.11 26.7842 948
950 0 2449 3002 2520 22 949
951 2 2449 3005.88 2492.84 23.5641 950
952 2 2449 3024.65 2465.89 29.8006 951
953 2 2445.58 3036.27 2440.03 24.5686 952
954 2 2445 3041.89 2412.65 14.2598 953
955 0 2457 3034 2344 18 954
956 2 2451.22 3017.56 2319.56 17.5308 955
957 0 2445 3002 2304 15.8885 956
958 0 2425 2966 2288 15.8885 957
959 0 2405.42 2917.58 2275.47 24.653 958
960 0 2421 2902 2256 18 959
961 0 2445 2914 2212 15.8885 960
962 0 2469 2926 2184 18.3961 961
963 0 2489 2918 2156 20.6274 962
964 0 2489 2918 2116 10.6491 963
965 0 2485 2926 2104 6 964
966 2 2391.32 2890.3 2282.75 15.8697 959
967 0 2381 2870 2284 9.31371 966
968 0 2361 2862 2288 10.6491 967
969 0 2349 2870 2292 9.31371 968
970 0 2389 2890 2308 6 966
971 0 2389 2886 2324 6.94427 970
972 0 2381 2878 2340 6 971
973 0 2377 2878 2348 2 972
974 0 2377 2878 2352 2 973
975 0 2465 2998 2276 6.94427 957
976 0 2477 2998 2264 6 975
977 2 2486.15 2996.85 2254.85 4.8453 976
978 0 2489 2994 2252 2 977
979 0 2493 2990 2248 2 978
980 0 2497 2982 2248 6 979
981 0 2493 2974 2248 6 980
982 0 2497 2962 2256 12.4222 981
983 0 2509 2966 2268 9.31371 982
984 0 2497 3010 2260 6 977
985 0 2501 3018 2264 9.31371 984
986 0 2505 3026 2268 6 985
987 0 2453 3034 2292 9.31371 956
988 0 2457 3042 2284 6.94427 987
989 0 2469 3054 2276 6.94427 988
990 0 2493 3062 2264 10.6491 989
991 0 2501 3046 2240 6 990
992 0 2513 3038 2224 6 991
993 0 2505 3074 2280 9.31371 990
994 0 2513 3086 2284 6.94427 993
995 0 2513 3094 2292 6.94427 994
996 0 2457 3022 2400 6.94427 954
997 0 2461 3006 2388 6 996
998 0 2469 2986 2376 10 997
999 0 2473 2962 2376 9.31371 998
1000 0 2481 2954 2376 10 999
1001 0 2485 2942 2376 6 1000
1002 0 2481 2926 2376 6.94427 1001
1003 2 2474.59 2915.59 2388.82 7.31865 1002
1004 0 2473 2914 2404 9.31371 1003
1005 0 2485 2902 2424 9.31371 1004
1006 0 2485 2898 2440 9.31371 1005
1007 0 2485 2906 2456 6 1006
1008 0 2465 2894 2380 6.94427 1003
1009 0 2453 2882 2372 6 1008
1010 0 2449 2878 2368 6 1009
1011 0 2441 2878 2368 6 1010
1012 0 2417 3014 2428 6 953
1013 0 2401 3010 2428 6 1012
1014 0 2397 2998 2416 6 1013
1015 0 2405 3030 2456 18 952
1016 0 2377 3038 2472 9.31371 1015
1017 0 2369 3042 2480 6 1016
1018 0 2493 3070 2464 35.7359 951
1019 0 2529 3058 2452 18.3961 1018
1020 0 2553 3050 2444 20.6274 1019
1021 2 2576.56 3022.89 2412.89 21.1392 1020
1022 0 2571.07 3010.15 2384.15 10.0061 1021
1023 0 2561 2994 2368 6.94427 1022
1024 0 2561 2990 2356 6 1023
1025 0 2565 2990 2340 6 1024
1026 0 2565 2990 2324 6 1025
1027 0 2565 2990 2308 6 1026
1028 0 2565 2994 2300 6 1027
1029 0 2565 3002 2288 9.31371 1028
1030 0 2565 3002 2276 6 1029
1031 0 2565 3002 2260 6 1030
1032 0 2569 3010 2252 6.94427 1031
1033 0 2569 3018 2244 3.65685 1032
1034 0 2569 3018 2240 2 1033
1035 0 2545 2974 2344 10 1024
1036 0 2533 2978 2328 6 1035
1037 0 2521 2974 2312 6 1036
1038 0 2513 2974 2292 6.94427 1037
1039 0 2581 3018 2364 10 1022
1040 0 2585 3018 2348 6.94427 1039
1041 0 2593 3030 2336 9.31371 1040
1042 0 2589 3030 2324 10 1041
1043 0 2585 3018 2316 10 1042
1044 0 2597 3006 2312 6.94427 1043
1045 0 2613 2986 2312 12.4222 1044
1046 0 2621 2970 2308 2 1045
1047 0 2589 3054 2308 14 1042
1048 0 2585 3058 2292 2 1047
1049 0 2585 3058 2288 2 1048
1050 0 2585 3058 2284 2 1049
1051 0 2601 3006 2428 6.94427 1021
1052 0 2605 2994 2440 9.31371 1051
1053 0 2601 2986 2448 3.65685 1052
1054 0 2601 2982 2448 2 1053
1055 0 2565 3074 2444 6 1020
1056 0 2569 3082 2444 6 1055
1057 0 2581 3102 2452 12.4222 1056
1058 2 2493 3083.6 2436.8 26.6206 1018
1059 0 2505 3094 2404 12.4222 1058
1060 2 2516.71 3109.43 2380.86 9.31371 1059
1061 0 2521 3110 2352 6 1060
1062 0 2521 3110 2336 6 1061
1063 0 2525 3106 2320 6 1062
1064 0 2533 3114 2312 6.94427 1063
1065 0 2549 3126 2316 6.94427 1064
1066 0 2561 3126 2316 10.6491 1065
1067 0 2581 3122 2312 10 1066
1068 0 2593 3122 2308 6 1067
1069 0 2605 3130 2296 9.31371 1068
1070 0 2613 3126 2288 6 1069
1071 0 2521 3122 2388 2 1060
1072 0 2521 3126 2388 2 1071
1073 0 2521 3130 2384 2 1072
1074 0 2521 3134 2380 2 1073
1075 0 2525 3138 2376 6 1074
1076 0 2533 3138 2356 10 1075
1077 0 2541 3134 2344 9.31371 1076
1078 0 2493 3114 2432 24.8328 1058
1079 0 2473 3134 2420 10 1078
1080 0 2457 3134 2420 6 1079
1081 0 2449 3134 2420 6 1080
1082 0 2437 3134 2420 10 1081
1083 0 2425 3126 2420 9.31371 1082
1084 2 2516.37 3108.95 2479.58 19.9669 1018
1085 0 2533 3110 2496 6.94427 1084
1086 0 2533 3110 2512 6 1085
1087 0 2537 3102 2528 6.94427 1086
1088 0 2545 3090 2544 6 1087
1089 0 2549 3082 2552 6 1088
1090 0 2553 3070 2560 6.94427 1089
1091 0 2553 3062 2568 10.6491 1090
1092 0 2557 3046 2584 6 1091
1093 0 2553 3034 2592 10 1092
1094 0 2549 3022 2596 6 1093
1095 0 2549 3014 2596 6 1094
1096 0 2525 3134 2468 10.6491 1084
1097 0 2533 3154 2456 9.31371 1096
1098 0 2541 3162 2456 9.31371 1097
1099 0 2545 3170 2464 6 1098
1100 0 2549 3178 2472 6.94427 1099
1101 0 2549 3166 2488 12.4222 1100
1102 0 2545 3162 2500 10 1101
1103 0 2409 3014 2588 9.31371 949
1104 0 2409 3030 2588 9.31371 1103
1105 2 2409 3037.69 2599.54 9.31371 1104
1106 0 2405 3026 2612 6.94427 1105
1107 0 2389 3014 2620 9.31371 1106
1108 0 2381 3014 2632 6 1107
1109 0 2373 3010 2648 6 1108
1110 0 2365 3014 2668 6 1109
1111 0 2353 3014 2684 6 1110
1112 0 2337 3010 2696 10 1111
1113 0 2313 3002 2700 10.6491 1112
1114 0 2289 2990 2688 9.31371 1113
1115 0 2281 2986 2684 6.94427 1114
1116 0 2269 2978 2684 6.94427 1115
1117 0 2261 2978 2680 6 1116
1118 0 2425 3050 2596 9.31371 1105
1119 0 2437 3062 2600 12.4222 1118
1120 0 2437 3074 2608 9.31371 1119
1121 0 2449 2922 2604 6.94427 948
1122 0 2457 2914 2592 10 1121
1123 0 2461 2902 2572 9.31371 1122
1124 0 2469 2902 2556 9.31371 1123
1125 0 2473 2906 2536 3.65685 1124
1126 0 2477 2910 2532 2 1125
1127 0 2477 2910 2528 2 1126
1128 0 2477 2910 2524 2 1127
1129 0 2477 2910 2520 2 1128
1130 0 2477 2910 2516 2 1129
1131 0 2477 2910 2512 2 1130
1132 0 2454.43 2942.95 2631.52 23.1548 947
1133 0 2505 2970 2608 14 1132
1134 0 2529 2978 2604 10 1133
1135 0 2545 2978 2600 14 1134
1136 0 2577 2966 2584 9.31371 1135
1137 0 2585 2966 2576 6 1136
1138 0 2597 2970 2564 6.94427 1137
1139 0 2601 2978 2556 9.31371 1138
1140 0 2597 3002 2556 14 1139
1141 0 2589 3014 2560 6.94427 1140
1142 0 2585 3022 2560 6 1141
1143 0 2581 3034 2560 10 1142
1144 0 2589 3054 2556 3.65685 1143
1145 0 2593 3054 2556 2 1144
1146 0 2549 2954 2616 6 1135
1147 0 2541 2942 2624 9.31371 1146
1148 0 2533 2934 2632 6 1147
1149 0 2485 2914 2632 9.31371 1132
1150 0 2493 2906 2632 9.31371 1149
1151 0 2501 2898 2636 6.94427 1150
1152 0 2501 2878 2640 6 1151
1153 0 2501 2870 2640 6 1152
1154 0 2505 2866 2636 6 1153
1155 0 2505 2850 2632 6 1154
1156 0 2509 2838 2636 6.94427 1155
1157 0 2517 2822 2624 6.94427 1156
1158 0 2529 2818 2616 9.31371 1157
1159 0 2537 2814 2612 6.94427 1158
1160 0 2545 2810 2604 9.31371 1159
1161 0 2553 2814 2596 3.65685 1160
1162 0 2557 2818 2596 2 1161
1163 0 2489 2898 2604 9.31371 1150
1164 0 2489 2894 2588 10.6491 1163
1165 0 2485 2886 2576 3.65685 1164
1166 0 2485 2882 2576 2 1165
1167 0 2361 2838 2612 14 946
1168 0 2361 2834 2584 12.4222 1167
1169 2 2357 2822.62 2555.08 17.1419 1168
1170 0 2349 2817.47 2522.93 12.3145 1169
1171 0 2345 2802 2496 9.31371 1170
1172 0 2341 2806 2468 9.31371 1171
1173 0 2345 2818 2448 6.94427 1172
1174 0 2349 2830 2428 9.31371 1173
1175 0 2337 2830 2412 10.6491 1174
1176 0 2321 2834 2392 6 1175
1177 0 2313 2834 2380 9.31371 1176
1178 0 2305 2822 2368 6.94427 1177
1179 0 2305 2814 2360 6 1178
1180 0 2313 2806 2356 9.31371 1179
1181 0 2321 2802 2348 6.94427 1180
1182 0 2325 2798 2340 9.31371 1181
1183 0 2329 2798 2328 6 1182
1184 0 2329 2798 2320 6.94427 1183
1185 0 2333 2806 2312 3.65685 1184
1186 0 2333 2810 2312 2 1185
1187 0 2357 2838 2508 6 1170
1188 0 2353 2862 2484 14.9706 1187
1189 0 2345 2870 2472 15.8885 1188
1190 0 2333 2882 2472 12.4222 1189
1191 0 2333 2894 2480 9.31371 1190
1192 0 2333 2902 2488 3.65685 1191
1193 0 2317 2910 2504 9.31371 1192
1194 0 2309 2914 2512 9.31371 1193
1195 0 2301 2922 2524 3.65685 1194
1196 0 2297 2926 2528 6 1195
1197 0 2285 2942 2536 6 1196
1198 0 2361.44 2882.89 2455.11 9.31371 1189
1199 0 2365 2902 2444 6 1198
1200 0 2369 2918 2436 9.31371 1199
1201 0 2369 2930 2436 6 1200
1202 0 2381 2890 2464 9.31371 1198
1203 0 2385 2890 2476 10 1202
1204 0 2373 2790 2568 10 1169
1205 0 2377 2770 2568 6.94427 1204
1206 0 2385 2766 2568 6 1205
1207 0 2401 2762 2572 9.31371 1206
1208 0 2405 2758 2592 9.31371 1207
1209 0 2405 2754 2604 6 1208
1210 0 2409 2746 2612 9.31371 1209
1211 0 2413 2738 2632 2 1210
1212 0 2413 2738 2636 2 1211
1213 0 2413 2738 2640 2 1212
1214 0 2333 2898 2696 18 945
1215 0 2313 2894 2700 9.31371 1214
1216 0 2305 2894 2708 9.31371 1215
1217 0 2293 2890 2704 6 1216
1218 0 2277 2894 2700 6 1217
1219 0 2419.14 2798.28 2892.74 28.6642 943
1220 0 2412.47 2794 2919.12 38.5141 1219
1221 0 2382.57 2795.61 2964.85 48.2327 1220
1222 0 2357 2802 3000 34 1221
1223 0 2357 2826 3032 38 1222
1224 0 2349 2858 3056 18 1223
1225 0 2357 2866 3088 9.31371 1224
1226 0 2353 2862 3096 6.94427 1225
1227 0 2349 2858 3104 9.31371 1226
1228 0 2329 2858 3108 10.6491 1227
1229 0 2313 2858 3108 15.8885 1228
1230 0 2281 2870 3124 6.94427 1229
1231 0 2273 2874 3128 6 1230
1232 0 2265 2874 3136 9.31371 1231
1233 0 2257 2874 3144 6 1232
1234 0 2245 2882 3152 6.94427 1233
1235 0 2237 2890 3156 10 1234
1236 0 2225 2906 3152 3.65685 1235
1237 0 2221 2910 3152 2 1236
1238 0 2345 2914 3060 22 1224
1239 0 2349 2958 3060 10.6491 1238
1240 0 2353 2974 3056 2 1239
1241 2 2300.38 2770.15 3003.54 44.9092 1222
1242 2 2251.08 2762.51 3007.49 35.368 1241
1243 0 2209 2770 3004 14.9706 1242
1244 0 2189 2794 3004 6 1243
1245 0 2237 2730 2968 14.4924 1242
1246 0 2221 2734 2960 6 1245
1247 0 2217 2730 2956 3.65685 1246
1248 0 2213 2730 2956 2 1247
1249 0 2289 2814 3016 12.4222 1241
1250 0 2293 2826 3016 6.94427 1249
1251 0 2297 2838 3020 10 1250
1252 0 2301 2850 3020 6 1251
1253 0 2361 2854 2960 18 1221
1254 0 2353 2874 2940 15.8885 1253
1255 0 2333 2866 2932 15.8885 1254
1256 0 2317 2866 2920 9.31371 1255
1257 0 2361 2886 2992 18 1253
1258 0 2433 2714 2944 34.8782 1220
1259 0 2425 2834 2924 14.4924 1219
1260 0 2433 2854 2940 18 1259
1261 0 2449 2878 2960 9.31371 1260
1262 0 2453 2882 2968 6.94427 1261
1263 0 2493 2842 2776 12.4222 942
1264 0 2505 2854 2764 12.4222 1263
1265 0 2509 2874 2740 10 1264
1266 0 2513 2878 2716 10.6491 1265
1267 0 2517 2882 2700 12.4222 1266
1268 0 2533 2890 2680 9.31371 1267
1269 0 2545 2898 2668 9.31371 1268
1270 0 2561 2906 2652 6 1269
1271 0 2501 2718 2780 21.3238 941
1272 0 2521 2698 2736 14 1271
1273 0 2509 2690 2728 6 1272
1274 0 2493 2690 2716 6 1273
1275 0 2481 2698 2700 9.31371 1274
1276 0 2465 2702 2676 14.4924 1275
1277 0 2429 2714 2652 12.4222 1276
1278 0 2421 2726 2652 6.94427 1277
1279 0 2537 2670 2812 29.241 940
1280 0 2557 2646 2804 10 1279
1281 0 2565 2638 2808 6 1280
1282 0 2557 2706 2784 26 939
1283 2 2553.14 2667.37 2768.55 23.3906 1282
1284 0 2561 2650 2752 22 1283
1285 0 2589 2630 2752 34.2215 1284
1286 0 2645 2646 2752 9.31371 1285
1287 0 2553 2686 2720 9.31371 1283
1288 0 2561 2686 2712 3.65685 1287
1289 0 2565 2690 2708 2 1288
1290 0 2557 2794 2796 26.2843 938
1291 2 2568.34 2794 2765.75 26.2843 1290
1292 2 2574.22 2760.44 2687.32 23.5507 1291
1293 0 2570.41 2742.54 2645.95 25.0612 1292
1294 0 2560.49 2728.46 2619.89 22.3156 1293
1295 2 2557.3 2718.89 2594.38 32.7997 1294
1296 0 2589 2690 2512 19.5407 1295
1297 0 2589 2690 2484 26.8444 1296
1298 0 2565 2710 2424 22.3311 1297
1299 0 2565 2714 2376 14 1298
1300 2 2568.05 2720.1 2343.81 12.4222 1299
1301 0 2570.87 2730 2318.4 10.0259 1300
1302 0 2577 2730 2292 9.31371 1301
1303 0 2597 2726 2276 6 1302
1304 0 2605 2726 2268 6 1303
1305 0 2609 2718 2256 9.31371 1304
1306 0 2609 2714 2244 3.65685 1305
1307 0 2609 2714 2232 10 1306
1308 2 2609 2716 2214 13.8451 1307
1309 0 2609 2730 2200 9.31371 1308
1310 0 2613 2726 2184 6 1309
1311 0 2605 2730 2176 9.31371 1310
1312 0 2589 2746 2160 10 1311
1313 0 2581 2754 2136 9.31371 1312
1314 0 2585 2762 2124 6.94427 1313
1315 0 2585 2770 2116 10 1314
1316 0 2585 2782 2116 10 1315
1317 0 2581 2798 2100 6 1316
1318 0 2577 2806 2092 9.31371 1317
1319 0 2577 2818 2080 6.94427 1318
1320 0 2573 2830 2064 6 1319
1321 0 2573 2838 2052 6.94427 1320
1322 0 2573 2850 2048 10.6491 1321
1323 0 2581 2858 2048 6.94427 1322
1324 0 2593 2870 2048 10.6491 1323
1325 0 2605 2882 2036 14 1324
1326 0 2609 2906 2028 6 1325
1327 0 2609 2918 2028 6 1326
1328 0 2565 2854 2028 6.94427 1322
1329 0 2565 2854 2020 6 1328
1330 0 2573 2854 2012 3.65685 1329
1331 0 2581 2862 2004 9.31371 1330
1332 0 2585 2862 1980 9.31371 1331
1333 0 2629 2694 2200 10.6491 1308
1334 0 2641 2678 2188 6.94427 1333
1335 0 2641 2670 2180 3.65685 1334
1336 0 2637 2666 2168 6 1335
1337 0 2637 2662 2156 6 1336
1338 0 2641 2662 2140 6 1337
1339 0 2573 2754 2312 9.31371 1301
1340 0 2569 2770 2296 2 1339
1341 0 2569 2770 2292 2 1340
1342 0 2545 2730 2340 9.31371 1300
1343 0 2529 2722 2316 10.6491 1342
1344 2 2502.45 2734.36 2297.45 17.0402 1343
1345 2 2485.35 2753.53 2280.35 23.1424 1344
1346 0 2481 2818 2268 14 1345
1347 0 2473 2830 2280 9.31371 1346
1348 0 2461 2846 2296 9.31371 1347
1349 0 2453 2850 2300 6.94427 1348
1350 0 2466.33 2767.33 2306.67 11.2049 1345
1351 0 2457 2758 2316 6.94427 1350
1352 0 2453 2758 2324 3.65685 1351
1353 0 2449 2758 2328 3.65685 1352
1354 0 2445 2766 2340 10 1353
1355 0 2449 2770 2352 6 1354
1356 0 2453 2774 2312 2 1350
1357 0 2449 2774 2312 3.65685 1356
1358 0 2445 2778 2316 6 1357
1359 0 2445 2786 2320 6 1358
1360 0 2445 2794 2316 6 1359
1361 0 2441 2798 2312 2 1360
1362 0 2441 2802 2308 3.65685 1361
1363 0 2437 2806 2308 2 1362
1364 0 2501 2746 2320 10 1344
1365 0 2493 2758 2336 9.31371 1364
1366 0 2489 2766 2344 6 1365
1367 0 2613 2678 2464 6.94427 1297
1368 0 2617 2670 2452 6 1367
1369 0 2625 2662 2444 6.94427 1368
1370 0 2637 2650 2436 6.94427 1369
1371 0 2657 2638 2428 6.94427 1370
1372 0 2653 2630 2428 2 1371
1373 0 2653 2626 2428 2 1372
1374 0 2525 2742 2576 15.8885 1295
1375 0 2509 2762 2560 22 1374
1376 0 2529 2794 2528 23.6125 1375
1377 0 2561 2810 2496 21.3238 1376
1378 0 2589 2822 2456 18 1377
1379 0 2605 2826 2440 9.31371 1378
1380 0 2609 2838 2428 6.94427 1379
1381 0 2613 2854 2416 9.31371 1380
1382 0 2621 2866 2396 6 1381
1383 0 2621 2866 2384 6 1382
1384 0 2629 2866 2376 6 1383
1385 0 2633 2862 2368 9.31371 1384
1386 0 2641 2858 2360 9.31371 1385
1387 0 2649 2854 2352 3.65685 1386
1388 0 2653 2850 2352 2 1387
1389 0 2657 2850 2352 2 1388
1390 0 2533 2746 2612 10 1294
1391 0 2525 2754 2612 6 1390
1392 0 2517 2766 2620 6 1391
1393 0 2517 2774 2624 3.65685 1392
1394 0 2513 2778 2624 2 1393
1395 0 2614.88 2777.92 2600.08 15.1768 1293
1396 0 2657 2802 2576 23.2982 1395
1397 2 2658.45 2830.36 2566.55 21.2727 1396
1398 0 2674.03 2871.14 2548.91 14.3658 1397
1399 2 2681 2917 2509 18.3994 1398
1400 0 2685 2938 2456 14 1399
1401 0 2697 2934 2412 23.2982 1400
1402 2 2707.29 2911.14 2371.43 18.9761 1401
1403 0 2753 2942 2376 10 1402
1404 0 2769 2946 2372 10.6491 1403
1405 0 2781 2954 2380 2 1404
1406 0 2785 2954 2380 2 1405
1407 0 2693 2886 2360 10 1402
1408 0 2697 2870 2352 10 1407
1409 0 2689 2858 2352 6 1408
1410 0 2713 2890 2408 6.94427 1401
1411 0 2721 2882 2412 10 1410
1412 0 2725 2862 2416 10.6491 1411
1413 0 2725 2854 2424 10.6491 1412
1414 0 2717 2846 2436 6 1413
1415 0 2713 2834 2452 6.94427 1414
1416 0 2713 2830 2460 6 1415
1417 0 2729 2934 2416 6.94427 1401
1418 0 2741 2942 2404 6.94427 1417
1419 0 2757 2950 2404 6 1418
1420 0 2713 2966 2408 9.31371 1401
1421 0 2709 2978 2420 12.4222 1420
1422 0 2661 2946 2524 6.94427 1399
1423 0 2649 2954 2520 10 1422
1424 0 2637 2954 2504 3.65685 1423
1425 0 2633 2958 2500 2 1424
1426 0 2681 2894 2568 6 1398
1427 0 2677 2902 2584 6 1426
1428 0 2677 2902 2592 6 1427
1429 0 2665 2906 2604 6 1428
1430 0 2649 2918 2616 9.31371 1429
1431 0 2637 2926 2632 6 1430
1432 0 2641 2930 2640 9.31371 1431
1433 0 2657 2930 2652 6 1432
1434 0 2673 2814 2548 10 1397
1435 0 2685 2806 2544 12.4222 1434
1436 0 2701 2794 2524 6.94427 1435
1437 0 2701 2790 2516 6 1436
1438 0 2593 2790 2576 10.6491 1395
1439 0 2589 2818 2572 6 1438
1440 0 2589 2826 2572 2 1439
1441 0 2593 2838 2572 6 1440
1442 0 2597 2850 2572 6 1441
1443 0 2597 2870 2568 6 1442
1444 0 2597 2878 2564 6 1443
1445 0 2601 2890 2556 10.6491 1444
1446 0 2605 2914 2548 10 1445
1447 0 2609 2934 2532 10 1446
1448 0 2585 2786 2676 10.6491 1292
1449 0 2601 2802 2676 9.31371 1448
1450 0 2573 2838 2752 10 1291
1451 0 2565 2846 2756 6.94427 1450
1452 0 2565 2858 2772 14.9706 1451
1453 2 2579.53 2865.27 2779.27 9.83273 1452
1454 0 2589 2874 2780 6.94427 1453
1455 0 2601 2882 2780 9.31371 1454
1456 0 2609 2890 2784 6.94427 1455
1457 0 2593 2866 2760 9.31371 1453
1458 0 2605 2870 2752 12.4222 1457
1459 0 2581 2718 2896 26.8444 937
1460 2 2747.67 2775.33 2861.33 30.4096 73
1461 2 2770.92 2810.88 2852.69 34.4765 1460
1462 2 2790.71 2840.57 2843.14 45.2253 1461
1463 2 2800.14 2854.71 2838.43 50.7327 1462
1464 2 2823.36 2896.67 2801.33 62.7317 1463
1465 2 2829.2 2907.71 2790.29 65.6493 1464
1466 2 2831.17 2911.43 2786.57 66.6309 1465
1467 2 2833.57 2915.97 2782.03 67.8307 1466
1468 2 2840.34 2928.76 2769.24 71.2119 1467
1469 2 2838.95 2935.34 2759.78 68.1762 1468
1470 2 2835.95 2943.13 2747.8 63.2697 1469
1471 2 2835.55 2964.18 2702.18 39.8386 1470
1472 2 2822.36 2978.45 2693.45 41.0249 1471
1473 0 2825.56 3049.6 2665.92 49.9772 1472
1474 2 2841.4 3076 2644.8 49.3643 1473
1475 2 2854.27 3112.89 2618.38 36.0606 1474
1476 2 2854.33 3140.72 2595.95 30.8876 1475
1477 2 2862.82 3164.73 2573.27 31.4315 1476
1478 2 2871.33 3176.33 2558.57 28.7449 1477
1479 2 2879.39 3184.39 2539.76 16.8678 1478
1480 0 2899.11 3196.11 2521.37 19.0526 1479
1481 0 2913 3210 2504 26 1480
1482 2 2913 3217.2 2489.6 21.4376 1481
1483 0 2913 3242 2420 14 1482
1484 2 2920.01 3231.48 2371.95 21.5065 1483
1485 0 2957 3206 2312 12.4222 1484
1486 2 2960.15 3202 2280.23 17.8656 1485
1487 2 2959.67 3201.33 2272.67 17.7455 1486
1488 0 2949 3198 2240 10.6491 1487
1489 0 2949 3202 2228 9.31371 1488
1490 2 2941.67 3217.33 2208.67 15.8309 1489
1491 0 2905 3238 2136 18 1490
1492 0 2905 3222 2104 10.6491 1491
1493 0 2905 3222 2092 6.94427 1492
1494 0 2905 3222 2072 6.94427 1493
1495 0 2905 3222 2060 10.6491 1494
1496 0 2901 3218 2036 6.94427 1495
1497 0 2901 3218 2020 6 1496
1498 0 2901 3218 2004 6 1497
1499 0 2905 3218 1980 9.31371 1498
1500 0 2905 3222 1968 6 1499
1501 0 2909 3226 1956 6.94427 1500
1502 0 2917 3230 1948 9.31371 1501
1503 0 2929 3218 1932 10 1502
1504 0 2933 3214 1920 12.4222 1503
1505 0 2933 3214 1904 9.31371 1504
1506 0 2941 3210 1896 6 1505
1507 0 2977 3222 2200 6 1490
1508 0 2985 3222 2200 6 1507
1509 0 2997 3210 2192 10 1508
1510 0 2997 3202 2180 6 1509
1511 0 2981 3218 2260 10.6491 1487
1512 2 2999 3226 2252 10.1082 1511
1513 0 3029 3226 2248 6.94427 1512
1514 0 3045 3214 2252 14 1513
1515 0 3069 3214 2248 10 1514
1516 0 3093 3214 2240 10 1515
1517 0 3113 3222 2224 6.94427 1516
1518 0 3121 3226 2224 6.94427 1517
1519 0 3129 3226 2216 6 1518
1520 0 3001 3234 2236 6 1512
1521 0 3001 3234 2228 6 1520
1522 0 2997 3230 2224 6 1521
1523 0 2997 3234 2216 6 1522
1524 0 2949 3178 2276 15.8885 1486
1525 0 2937 3158 2276 20.6274 1524
1526 2 2935.74 3153.6 2272.22 20.737 1525
1527 2 2911.86 3121.43 2246.29 22.9586 1526
1528 2 2903.7 3117.78 2244 23.0076 1527
1529 0 2881 3114 2244 12.4222 1528
1530 0 2865 3102 2244 9.31371 1529
1531 0 2857 3094 2256 6.94427 1530
1532 0 2845 3086 2272 6.94427 1531
1533 0 2841 3082 2288 6 1532
1534 0 2833 3078 2292 6 1533
1535 0 2821 3078 2304 9.31371 1534
1536 0 2805 3078 2320 3.65685 1535
1537 0 2801 3074 2320 2 1536
1538 0 2849 3094 2232 6 1530
1539 0 2841 3094 2232 6 1538
1540 0 2833 3102 2240 6 1539
1541 0 2825 3102 2240 6 1540
1542 0 2813 3106 2236 10.6491 1541
1543 0 2801 3106 2232 10 1542
1544 0 2793 3098 2232 6.94427 1543
1545 0 2909 3082 2236 9.31371 1528
1546 0 2917 3074 2228 9.31371 1545
1547 0 2925 3066 2228 6 1546
1548 0 2929 3114 2216 6.94427 1527
1549 0 2941 3106 2216 9.31371 1548
1550 0 2949 3106 2224 6 1549
1551 0 2905 3146 2280 10.6491 1526
1552 0 2889 3142 2280 10.6491 1551
1553 0 2877 3134 2280 6 1552
1554 0 2909 3126 2304 9.31371 1525
1555 0 2921 3102 2308 10.6491 1554
1556 0 2929 3086 2308 14.4924 1555
1557 0 2921 3074 2288 9.31371 1556
1558 0 2913 3070 2276 12.4222 1557
1559 0 2897 3070 2268 2 1558
1560 0 2889 3238 2360 6 1484
1561 0 2873 3250 2356 6.94427 1560
1562 0 2861 3266 2352 6 1561
1563 0 2845 3282 2352 9.31371 1562
1564 0 2813 3294 2352 9.31371 1563
1565 0 2797 3298 2352 14 1564
1566 2 2775.67 3307.33 2361.33 10.8074 1565
1567 0 2761 3326 2376 14 1566
1568 0 2753 3338 2388 9.31371 1567
1569 0 2749 3346 2392 3.65685 1568
1570 0 2753 3350 2392 2 1569
1571 0 2753 3298 2344 6 1566
1572 0 2745 3290 2336 6 1571
1573 0 2937 3194 2476 6 1482
1574 0 2937 3194 2464 6 1573
1575 0 2945 3190 2448 6.94427 1574
1576 0 2949 3182 2428 6 1575
1577 0 2941 3162 2408 6.94427 1576
1578 0 2929 3150 2400 14.4924 1577
1579 0 2929 3134 2392 6 1578
1580 0 2925 3122 2392 9.31371 1579
1581 0 2917 3110 2380 9.31371 1580
1582 0 2913 3102 2372 6.94427 1581
1583 0 2913 3082 2372 6 1582
1584 0 2913 3074 2372 6 1583
1585 0 2917 3062 2368 10 1584
1586 0 2913 3046 2364 2 1585
1587 2 2951.07 3216.92 2517.84 22.8254 1481
1588 0 2977 3206 2536 10 1587
1589 0 2997 3186 2548 6.94427 1588
1590 0 3013 3178 2548 6 1589
1591 0 3025 3170 2544 9.31371 1590
1592 0 3029 3166 2536 6 1591
1593 0 3033 3162 2520 6.94427 1592
1594 0 3037 3158 2508 10 1593
1595 0 3045 3158 2500 6 1594
1596 0 2961 3238 2512 19.5407 1587
1597 0 2969 3258 2504 10 1596
1598 0 2977 3274 2492 10 1597
1599 0 2977 3298 2476 9.31371 1598
1600 0 2897 3174 2496 6.94427 1480
1601 0 2893 3170 2488 9.31371 1600
1602 0 2881 3166 2480 6 1601
1603 0 2865 3166 2476 6 1602
1604 0 2849 3170 2464 9.31371 1603
1605 0 2833 3174 2460 6.94427 1604
1606 0 2817 3186 2448 9.31371 1605
1607 0 2809 3190 2444 9.31371 1606
1608 0 2801 3198 2444 3.65685 1607
1609 0 2797 3198 2444 2 1608
1610 0 2901 3214 2560 6.94427 1479
1611 0 2897 3222 2572 10.6491 1610
1612 0 2909 3170 2544 10 1478
1613 0 2917 3162 2536 6 1612
1614 0 2917 3154 2532 6.94427 1613
1615 0 2921 3146 2528 3.65685 1614
1616 0 2921 3142 2528 2 1615
1617 0 2813 3174 2544 26.2843 1477
1618 0 2793 3174 2520 24.8328 1617
1619 0 2789 3138 2472 19.5407 1618
1620 0 2793 3126 2428 15.8885 1619
1621 0 2801 3114 2412 9.31371 1620
1622 2 2808.06 3106.94 2401.41 12.0565 1621
1623 0 2817 3102 2388 10 1622
1624 0 2829 3098 2364 14 1623
1625 0 2837 3090 2352 14.9706 1624
1626 0 2833 3078 2340 9.31371 1625
1627 0 2825 3050 2340 10 1626
1628 0 2833 3038 2344 6.94427 1627
1629 0 2837 3030 2348 9.31371 1628
1630 0 2849 3010 2344 6.94427 1629
1631 0 2861 2998 2344 10.6491 1630
1632 0 2873 2990 2344 9.31371 1631
1633 0 2865 3098 2360 10 1625
1634 0 2885 3102 2364 6 1633
1635 0 2809 3086 2416 3.65685 1622
1636 0 2813 3082 2416 3.65685 1635
1637 0 2817 3074 2420 9.31371 1636
1638 2 2825 3040.4 2413.2 13.7633 1637
1639 0 2817 3022 2408 6.94427 1638
1640 0 2809 3010 2408 6 1639
1641 0 2801 2994 2408 6.94427 1640
1642 0 2785 2990 2404 9.31371 1641
1643 0 2769 3010 2396 9.31371 1642
1644 0 2861 3046 2416 14 1638
1645 0 2881 3046 2400 6 1644
1646 0 2897 3046 2392 6.94427 1645
1647 0 2817 3114 2576 6.94427 1476
1648 0 2809 3106 2568 6 1647
1649 0 2801 3102 2560 2 1648
1650 2 2899.16 3105.76 2616.96 13.2701 1475
1651 0 2917 3110 2616 6.94427 1650
1652 0 2937 3106 2620 6.94427 1651
1653 0 2941 3098 2616 6 1652
1654 0 2953 3094 2612 10.6491 1653
1655 0 2981 3090 2592 14.9706 1654
1656 0 2997 3078 2588 6 1655
1657 0 3017 3070 2584 10.6491 1656
1658 0 3025 3070 2592 6.94427 1657
1659 0 3033 3066 2592 2 1658
1660 0 3037 3066 2592 2 1659
1661 0 2985 3110 2580 6.94427 1655
1662 0 2997 3118 2576 9.31371 1661
1663 0 3009 3118 2572 6 1662
1664 0 2893 3074 2592 6 1650
1665 2 2893 3074 2575 4.88964 1664
1666 0 2893 3074 2560 3.65685 1665
1667 0 2893 3074 2552 3.65685 1666
1668 0 2897 3074 2544 3.65685 1667
1669 0 2897 3070 2536 3.65685 1668
1670 0 2897 3070 2532 3.65685 1669
1671 0 2897 3062 2524 6 1670
1672 0 2893 3058 2516 6 1671
1673 0 2877 3050 2504 12.4222 1672
1674 0 2865 3042 2504 9.31371 1673
1675 0 2857 3046 2512 6 1674
1676 0 2869.8 3076.4 2568 9.31371 1665
1677 0 2857 3070 2568 9.31371 1676
1678 0 2853 3062 2560 9.31371 1677
1679 0 2853 3050 2552 3.65685 1678
1680 0 2853 3046 2548 3.65685 1679
1681 0 2853 3042 2544 2 1680
1682 0 2853 3038 2540 2 1681
1683 0 2853 3034 2536 2 1682
1684 0 2857 3030 2532 2 1683
1685 0 2861 3026 2528 2 1684
1686 0 2869 3070 2552 3.65685 1676
1687 0 2869 3070 2544 3.65685 1686
1688 0 2869 3070 2540 3.65685 1687
1689 0 2873 3070 2536 2 1688
1690 0 2873 3070 2532 2 1689
1691 0 2873 3070 2528 2 1690
1692 0 2873 3070 2520 6 1691
1693 0 2897 3066 2572 3.65685 1665
1694 0 2901 3062 2568 3.65685 1693
1695 0 2901 3062 2564 3.65685 1694
1696 0 2905 3058 2560 3.65685 1695
1697 0 2905 3058 2556 3.65685 1696
1698 0 2905 3054 2552 2 1697
1699 0 2909 3050 2548 3.65685 1698
1700 0 2909 3046 2548 2 1699
1701 0 2909 3042 2544 3.65685 1700
1702 0 2905 3038 2540 2 1701
1703 0 2905 3034 2536 2 1702
1704 0 2905 3030 2532 2 1703
1705 0 2877 3038 2628 2 1474
1706 0 2885 3030 2632 6.94427 1705
1707 0 2901 3042 2640 9.31371 1706
1708 0 2909 3054 2636 6.94427 1707
1709 0 2917 3066 2640 2 1708
1710 0 2859.67 3028.67 2626.67 6.94427 1473
1711 0 2845 3018 2612 6 1710
1712 2 2825 3018 2608 10 1711
1713 0 2801 3014 2608 12.4222 1712
1714 0 2785 2998 2612 6.94427 1713
1715 2 2778.33 2991.33 2615.33 6.15738 1714
1716 2 2777 2978.31 2619.9 6.92004 1715
1717 0 2781 2970 2628 6.94427 1716
1718 0 2777 2958 2640 6.94427 1717
1719 0 2773 2942 2640 6.94427 1718
1720 0 2765 2934 2632 9.31371 1719
1721 0 2753 2978 2616 6 1716
1722 0 2737 2978 2616 6 1721
1723 0 2733 2982 2612 6 1722
1724 0 2773 2994 2604 6 1715
1725 0 2757 2994 2600 6 1724
1726 0 2749 2994 2596 6.94427 1725
1727 0 2745 3014 2596 6.94427 1726
1728 0 2741 3026 2592 10 1727
1729 0 2833 3038 2584 12.4222 1712
1730 0 2845 3038 2572 6.94427 1729
1731 0 2849 3030 2564 6 1730
1732 0 2853 3022 2564 3.65685 1731
1733 0 2861 3014 2556 3.65685 1732
1734 0 2869 3014 2548 6 1733
1735 0 2873 3014 2540 2 1734
1736 0 2873 3014 2536 3.65685 1735
1737 0 2881 3014 2532 3.65685 1736
1738 0 2885 3014 2528 2 1737
1739 0 2889 3014 2528 2 1738
1740 0 2861 3034 2616 3.65685 1710
1741 0 2861 3034 2612 3.65685 1740
1742 0 2857 3030 2608 6 1741
1743 0 2861 3030 2596 6 1742
1744 0 2869 3030 2588 2 1743
1745 0 2873 3026 2584 2 1744
1746 0 2869 3022 2576 6 1745
1747 2 2882.47 3110.42 2692.42 17.5207 1473
1748 0 2877 3126 2708 9.31371 1747
1749 0 2861 3130 2732 9.31371 1748
1750 0 2845 3126 2744 10 1749
1751 0 2833 3126 2744 6.94427 1750
1752 0 2821 3118 2744 6.94427 1751
1753 0 2805 3110 2744 6 1752
1754 0 2801 3106 2740 6 1753
1755 0 2921 3114 2684 12.4222 1747
1756 0 2933 3134 2680 12.4222 1755
1757 0 2937 3146 2676 3.65685 1756
1758 0 2937 3150 2676 2 1757
1759 2 2797.52 2971.59 2699.65 23.4596 1472
1760 0 2769 2970 2700 10 1759
1761 0 2761 2978 2696 6 1760
1762 0 2749 2990 2684 6.94427 1761
1763 0 2749 2998 2680 6 1762
1764 0 2785 2962 2676 6.94427 1759
1765 0 2769 2946 2676 12.4222 1764
1766 0 2769 2934 2672 10 1765
1767 0 2841 2958 2656 6.94427 1471
1768 0 2833 2942 2644 6.94427 1767
1769 0 2825 2922 2644 9.31371 1768
1770 0 2809 2894 2656 10 1769
1771 2 2805.28 2877.03 2666.48 11.6705 1770
1772 0 2797 2866 2672 10 1771
1773 0 2777 2866 2668 10 1772
1774 0 2757 2858 2668 6 1773
1775 0 2737 2862 2668 6.94427 1774
1776 0 2729 2870 2668 6.94427 1775
1777 0 2721 2882 2656 10 1776
1778 0 2721 2894 2636 9.31371 1777
1779 0 2717 2902 2628 9.31371 1778
1780 0 2717 2902 2608 9.31371 1779
1781 0 2709 2902 2600 9.31371 1780
1782 0 2697 2902 2596 6 1781
1783 0 2829 2866 2688 9.31371 1771
1784 0 2845 2870 2704 6 1783
1785 2 2844.71 2965.43 2641.14 6.94427 1767
1786 0 2849 2966 2632 6 1785
1787 0 2849 2958 2624 10.6491 1786
1788 0 2857 2946 2612 12.4222 1787
1789 0 2877 2926 2604 6.94427 1788
1790 0 2885 2914 2604 6.94427 1789
1791 0 2861 2986 2640 9.31371 1785
1792 0 2869 2998 2636 12.4222 1791
1793 0 2877 3010 2640 9.31371 1792
1794 0 2881 2914 2696 24.8328 1470
1795 0 2913 2894 2664 14.9706 1794
1796 0 2929 2890 2632 18 1795
1797 2 2952.71 2886.61 2615.07 14.6133 1796
1798 2 3009.59 2886 2566.73 23.7339 1797
1799 2 3030.58 2903.58 2549.94 21.7491 1798
1800 2 3047 2920 2534 19.7636 1799
1801 0 3066.29 2946.81 2511.19 25.1472 1800
1802 0 3072.51 2960.96 2497.04 28.7105 1801
1803 2 3070.01 2975.92 2482.08 22.1913 1802
1804 0 3073 3020.26 2428.62 25.0396 1803
1805 0 3085 3038 2396 12.4222 1804
1806 0 3085 3046 2380 15.8885 1805
1807 0 3097 3030 2352 18 1806
1808 0 3085 3006 2316 12.4222 1807
1809 0 3073 2982 2300 6.94427 1808
1810 0 3065 2974 2300 6.94427 1809
1811 0 3061 2966 2308 3.65685 1810
1812 0 3057 2962 2312 6 1811
1813 0 3053 2958 2316 3.65685 1812
1814 0 3045 2954 2320 9.31371 1813
1815 0 3033 2974 2336 9.31371 1814
1816 0 3033 2982 2344 10 1815
1817 0 3037 2974 2352 6.94427 1816
1818 0 3057 2962 2292 6.94427 1810
1819 0 3045 2950 2288 9.31371 1818
1820 0 3037 2942 2292 3.65685 1819
1821 0 3033 2938 2296 3.65685 1820
1822 0 3033 2934 2300 2 1821
1823 0 3073 3062 2428 6.94427 1804
1824 0 3077 3070 2428 6 1823
1825 0 3077 3082 2428 9.31371 1824
1826 0 3065 3094 2424 12.4222 1825
1827 0 3049 3110 2420 10.6491 1826
1828 0 3037 3114 2408 14 1827
1829 0 3029 3106 2396 6.94427 1828
1830 0 3025 3102 2384 6 1829
1831 0 3021 3098 2380 3.65685 1830
1832 0 3021 3098 2376 2 1831
1833 0 3021 3090 2368 6 1832
1834 0 3025 3082 2360 9.31371 1833
1835 0 3033 3062 2348 6.94427 1834
1836 0 3033 3054 2340 6 1835
1837 0 3029 3146 2400 9.31371 1828
1838 0 3029 3158 2396 10.6491 1837
1839 0 3037 3166 2392 6.94427 1838
1840 0 3049 3122 2444 6.94427 1827
1841 0 3041 3122 2452 6.94427 1840
1842 0 3037 3126 2464 10.6491 1841
1843 0 3037 3134 2472 9.31371 1842
1844 0 3041 3146 2476 2 1843
1845 0 3041 3150 2476 2 1844
1846 0 3089 2966 2444 18 1803
1847 0 3081 2966 2404 12.4222 1846
1848 0 3073 2958 2396 9.31371 1847
1849 0 3069 2958 2380 6.94427 1848
1850 0 3065 2946 2360 6.94427 1849
1851 0 3073 2926 2340 18 1850
1852 0 3085 2914 2332 6.94427 1851
1853 0 3085 2922 2316 10.6491 1852
1854 0 3081 2938 2300 6 1853
1855 0 3105 2982 2460 6.94427 1846
1856 0 3117 2982 2476 6 1855
1857 0 3121 2982 2484 6.94427 1856
1858 0 3053 3014 2516 19.5407 1802
1859 0 3033 3018 2516 6.94427 1858
1860 0 3025 3014 2516 6.94427 1859
1861 0 3013 3010 2516 12.4222 1860
1862 0 3001 3002 2524 6.94427 1861
1863 0 3097 2982 2520 10 1801
1864 0 3109 2986 2520 6 1863
1865 0 3121 2990 2524 10 1864
1866 0 3133 2986 2528 3.65685 1865
1867 0 3137 2982 2528 3.65685 1866
1868 0 3149 2974 2528 9.31371 1867
1869 0 3169 2982 2520 10 1868
1870 0 3193 2982 2512 12.4222 1869
1871 0 3193 2978 2492 6 1870
1872 0 3193 2966 2484 10 1871
1873 0 3201 2962 2476 10 1872
1874 0 3209 2962 2464 6 1873
1875 0 3153 2950 2528 9.31371 1868
1876 0 3145 2938 2520 6 1875
1877 0 3125 2926 2512 6 1876
1878 0 3117 2922 2508 3.65685 1877
1879 0 3117 2922 2504 2 1878
1880 0 3021 2938 2524 9.31371 1800
1881 0 3013 2954 2528 6.94427 1880
1882 0 3025 2882 2512 12.4222 1799
1883 0 3017 2874 2504 6.94427 1882
1884 0 3005 2862 2492 9.31371 1883
1885 0 3001 2874 2476 3.65685 1884
1886 0 3005 2874 2472 2 1885
1887 0 2997 2862 2568 6.94427 1798
1888 0 2997 2846 2568 6 1887
1889 0 2989 2826 2572 9.31371 1888
1890 2 2981.89 2807.78 2590.22 10.6491 1889
1891 0 2973 2798 2600 6.94427 1890
1892 0 2961 2786 2612 6.94427 1891
1893 0 2933 2762 2624 12.4222 1892
1894 0 2913 2770 2628 2 1893
1895 0 2909 2770 2628 2 1894
1896 0 2981 2790 2580 6 1890
1897 0 2981 2782 2580 6 1896
1898 0 2981 2770 2584 9.31371 1897
1899 0 2977 2766 2592 9.31371 1898
1900 0 2933 2886 2592 6.94427 1797
1901 0 2917 2894 2588 6 1900
1902 0 2901 2898 2588 6.94427 1901
1903 0 2893 2902 2592 9.31371 1902
1904 0 2853 3030 2764 37.3954 1469
1905 0 2873 3062 2752 14.9706 1904
1906 0 2885 3054 2744 9.31371 1905
1907 0 2909 3030 2736 14.4924 1906
1908 0 2925 3026 2744 10 1907
1909 2 2915.47 2876.71 2750.47 22.2452 1468
1910 0 2917 2842 2756 23.2982 1909
1911 0 2945 2818 2764 9.31371 1910
1912 0 2957 2814 2768 2 1911
1913 0 2961 2902 2752 14 1909
1914 0 2965 2906 2772 14 1913
1915 0 2957 2914 2784 9.31371 1914
1916 0 2845 3006 2784 48.1199 1467
1917 2 2842.07 3059.42 2832.26 36.2204 1916
1918 2 2842.99 3060.65 2835.95 37.3836 1917
1919 2 2852.54 3073.38 2874.15 49.4184 1918
1920 2 2882.15 3071.57 2929.44 51.4611 1919
1921 2 2886.04 3071.25 2936.58 51.6562 1920
1922 2 2897.11 3070.32 2956.86 52.2108 1921
1923 2 2900.62 3070.03 2963.3 52.3868 1922
1924 2 2903.58 3046.76 2989.82 46.7253 1923
1925 2 2925 3014 3024 36.9031 1924
1926 0 2933 3006 3032 34.2215 1925
1927 0 2961 2974 3076 12.4222 1926
1928 0 2961 2946 3084 6 1927
1929 0 2961 2938 3092 9.31371 1928
1930 0 2961 2922 3108 10.6491 1929
1931 2 2961 2911 3119 13.7208 1930
1932 0 2969 2874 3132 6 1931
1933 0 2961 2858 3140 6.94427 1932
1934 0 2957 2846 3148 6.94427 1933
1935 0 2953 2834 3156 9.31371 1934
1936 0 2949 2826 3168 6 1935
1937 0 2938.89 2811.68 3190.32 14.2592 1936
1938 0 2921 2782 3204 6 1937
1939 0 2917 2778 3200 3.65685 1938
1940 0 2909 2762 3200 6.94427 1939
1941 0 2901 2754 3200 6.94427 1940
1942 0 2893 2742 3208 6.94427 1941
1943 0 2885 2734 3216 2 1942
1944 0 2881 2734 3216 2 1943
1945 0 2945 2830 3212 10 1937
1946 0 2945 2838 3220 6 1945
1947 0 2945 2846 3228 6 1946
1948 0 2953 2854 3236 9.31371 1947
1949 0 2957 2858 3244 6.94427 1948
1950 0 2969 2898 3100 6 1931
1951 0 2973 2898 3088 9.31371 1950
1952 0 2981 2894 3080 6 1951
1953 0 2973 3002 3020 26 1926
1954 0 2993 3022 3012 6 1953
1955 0 3001 3026 3012 6 1954
1956 0 3017 3022 3004 10 1955
1957 0 3029 3022 3000 6 1956
1958 0 3005 2994 3048 10 1953
1959 0 3013 3006 3064 12.4222 1958
1960 0 2897 2974 3036 21.3238 1925
1961 0 2909 2942 3044 10 1960
1962 0 2909 2930 3044 9.31371 1961
1963 0 2849 3090 3036 24.8328 1924
1964 0 2861 3114 3040 14.4924 1963
1965 0 2861 3130 3040 15.8885 1964
1966 0 2857 3150 3052 3.65685 1965
1967 0 2861 3154 3056 2 1966
1968 0 2977 3114 2956 12.4222 1923
1969 0 2961 3070 2948 29.241 1922
1970 0 2989 3062 2964 18 1969
1971 0 2997 3042 2964 3.65685 1970
1972 0 2997 3038 2964 2 1971
1973 0 2904.1 3083.55 3010.37 42.1071 1921
1974 0 2943.36 3103.18 3026.91 25.0534 1973
1975 0 2977 3098 3036 6.94427 1974
1976 0 2981 3082 3040 6 1975
1977 0 2985 3078 3048 6 1976
1978 0 2993 3070 3056 9.31371 1977
1979 0 3009 3074 3076 9.31371 1978
1980 0 2973 3098 3008 18 1974
1981 0 2977 3082 3020 6.94427 1980
1982 0 2977 3070 3024 9.31371 1981
1983 0 2985 3062 3032 6.94427 1982
1984 0 2913 3082 3072 26.2843 1973
1985 0 2901 3058 3076 9.31371 1984
1986 2 2818.95 3092.07 2968.34 31.1543 1920
1987 2 2785.55 3096.75 2980.24 27.2116 1986
1988 0 2749 3102 3016 18 1987
1989 0 2725 3126 3044 14 1988
1990 0 2709 3134 3048 6 1989
1991 0 2701 3150 3056 9.31371 1990
1992 0 2693 3174 3056 18 1991
1993 0 2725 3190 3060 6.94427 1992
1994 0 2741 3198 3060 6 1993
1995 0 2761 3210 3060 10.6491 1994
1996 0 2753 3226 3072 6.94427 1995
1997 0 2745 3234 3080 10 1996
1998 0 2749 3246 3080 6 1997
1999 0 2777 3134 2960 20.6274 1987
2000 0 2757 3138 2956 9.31371 1999
2001 0 2793 3110 3020 14.4924 1986
2002 0 2781 3114 3032 10 2001
2003 0 2809 3050 2904 23.6125 1919
2004 0 2773 3062 2912 2 2003
2005 0 2769 3062 2912 2 2004
2006 0 2821 3114 2820 23.2982 1918
2007 0 2805 3134 2808 24.8328 2006
2008 0 2781 3114 2780 9.31371 2007
2009 0 2781 3042 2852 14.4924 1917
2010 0 2769 3022 2832 6.94427 2009
2011 0 2765 3018 2820 9.31371 2010
2012 0 2765 3018 2808 6.94427 2011
2013 0 2765 3014 2784 9.31371 2012
2014 0 2761 3010 2776 9.31371 2013
2015 0 2757 3006 2768 6 2014
2016 0 2757 3006 2760 2 2015
2017 0 2757 3006 2756 2 2016
2018 0 2745 3050 2856 14.4924 2009
2019 0 2785 2978 2824 23.6125 1466
2020 0 2765 2982 2836 22 2019
2021 0 2745 3002 2852 6 2020
2022 0 2741 3010 2856 6 2021
2023 0 2821 2998 2856 26.2843 2019
2024 0 2833 2978 2876 10.6491 2023
2025 0 2753 2926 2768 23.6125 1465
2026 0 2703.4 2922 2757.2 16.3812 2025
2027 0 2676.47 2928.4 2748 13.3673 2026
2028 0 2661 2938 2780 14.9706 2027
2029 0 2657 2938 2796 12.4222 2028
2030 0 2673 2934 2716 10 2027
2031 0 2669 2930 2704 6 2030
2032 0 2661 2930 2696 3.65685 2031
2033 0 2657 2926 2692 2 2032
2034 0 2657 2926 2688 2 2033
2035 0 2657 2926 2684 2 2034
2036 0 2681 2914 2772 9.31371 2026
2037 0 2669 2910 2772 9.31371 2036
2038 0 2649 2906 2768 3.65685 2037
2039 0 2645 2902 2768 2 2038
2040 0 2881 2862 2768 14.9706 1465
2041 0 2869 2834 2752 6 2040
2042 0 2889 2942 2840 18 1464
2043 0 2921 2942 2836 14.9706 2042
2044 0 2933 2922 2836 14 2043
2045 0 2925 2910 2828 6.94427 2044
2046 0 2853 2886 2872 34 1463
2047 0 2893 2890 2872 37.3954 2046
2048 0 2917 2858 2876 14.4924 2047
2049 0 2929 2822 2908 12.4222 2048
2050 0 2933 2810 2920 14.9706 2049
2051 0 2933 2798 2932 12.4222 2050
2052 0 2925 2798 2944 9.31371 2051
2053 0 2917 2798 2956 2 2052
2054 0 2917 2802 2960 2 2053
2055 0 2901 2930 2896 26.2843 2047
2056 0 2921 2946 2908 12.4222 2055
2057 0 2753 2882 2880 22.3311 1462
2058 2 2728.85 2900.79 2893.42 26.4455 2057
2059 2 2721.18 2906.75 2897.68 27.751 2058
2060 0 2705 2918 2952 23.2982 2059
2061 0 2685 2906 2972 26.8444 2060
2062 0 2637 2878 2976 12.4222 2061
2063 0 2717 2902 2980 18 2060
2064 0 2729 2898 2996 9.31371 2063
2065 0 2737 2898 3008 6.94427 2064
2066 0 2745 2898 3016 2 2065
2067 0 2745 2898 3020 2 2066
2068 0 2721 2942 2876 15.8885 2059
2069 0 2729 2982 2864 10.6491 2068
2070 0 2729 2994 2856 6 2069
2071 0 2697 2874 2908 12.4222 2058
2072 0 2669 2870 2908 14.4924 2071
2073 0 2653 2870 2904 10.6491 2072
2074 0 2773 2834 2772 26 1461
2075 0 2765 2798 2792 24.8328 1460
2076 0 2765 2802 2764 20.6274 2075
2077 0 2773 2794 2716 26.8444 2076
2078 2 2793.64 2775.81 2646.08 37.7162 2077
2079 2 2794.21 2775.06 2644.38 37.932 2078
2080 2 2799.64 2767.81 2628.08 40.0029 2079
2081 2 2812.29 2755.45 2574.76 30.517 2080
2082 2 2851.74 2788.11 2518.73 34.9343 2081
2083 2 2871.22 2793.64 2486.84 26.7892 2082
2084 2 2879.94 2800.94 2468.39 24.2655 2083
2085 2 2887.65 2808.65 2451.03 22.3363 2084
2086 0 2901 2822 2412 20.6274 2085
2087 2 2927.36 2857.54 2384.23 27.1033 2086
2088 2 2954.53 2894.71 2358.47 42.2319 2087
2089 2 2979.76 2888.24 2326.73 22.7898 2088
2090 0 2995.12 2886 2296.47 17.2941 2089
2091 0 3005 2886 2264 12.4222 2090
2092 0 3021.84 2889.26 2203.89 20.5636 2091
2093 0 3045 2926 2176 38.1995 2092
2094 2 3045.7 2933.72 2171.09 37.4627 2093
2095 2 3049 2999.81 2136.82 26.8127 2094
2096 0 3057 3046 2136 10 2095
2097 0 3041.11 3078.63 2143.89 21.7013 2096
2098 0 3045 3102 2140 10.6491 2097
2099 0 3041 3122 2120 6.94427 2098
2100 0 3041 3130 2112 6.94427 2099
2101 0 3037 3142 2100 14 2100
2102 0 3037 3158 2100 10 2101
2103 0 3037 3182 2104 14 2102
2104 0 3041 3198 2104 6.94427 2103
2105 0 3041 3214 2112 9.31371 2104
2106 0 3029 3222 2128 6.94427 2105
2107 0 3021 3230 2136 6 2106
2108 0 3021 3238 2140 6 2107
2109 0 3033 3254 2144 6.94427 2108
2110 0 3041 3266 2144 9.31371 2109
2111 0 3045 3270 2152 6.94427 2110
2112 0 3025 3090 2180 20.6274 2097
2113 0 2993 3082 2204 12.4222 2112
2114 0 2981 3078 2204 12.4222 2113
2115 0 2969 3066 2208 6.94427 2114
2116 0 2961 3054 2216 6.94427 2115
2117 0 2945 3054 2220 6.94427 2116
2118 0 2937 3046 2216 9.31371 2117
2119 0 2933 3038 2208 6 2118
2120 2 3041.5 3005.47 2098.63 23.5531 2095
2121 0 3041 3030 2070 16.2538 2120
2122 0 3041.22 3030.44 2051.56 19.3429 2121
2123 0 3049 3046 2036 12.4222 2122
2124 0 3052.47 3066.79 2014.68 15.5011 2123
2125 0 3037 3082 1976 6.94427 2124
2126 0 3037 3098 1960 6 2125
2127 0 3045 3106 1952 9.31371 2126
2128 0 3033 3106 1932 9.31371 2127
2129 0 3021 3110 1932 6 2128
2130 0 3005 3114 1936 6 2129
2131 0 3073 3082 2012 6 2124
2132 0 3081 3094 2004 6 2131
2133 0 3089 3110 1996 6 2132
2134 0 3045 3010 2036 10 2122
2135 0 3049 2986 2016 10 2134
2136 0 3061 2974 2000 6 2135
2137 0 3021 3062 2072 15.8885 2121
2138 0 3005 3082 2076 14 2137
2139 0 3009 3098 2080 10 2138
2140 0 2989 3118 2080 6.94427 2139
2141 0 2973 3134 2080 9.31371 2140
2142 0 2965 3130 2076 6 2141
2143 0 2949 3134 2068 6 2142
2144 0 2941 3134 2068 2 2143
2145 0 2937 3134 2068 2 2144
2146 0 2985 3070 2068 6 2138
2147 0 2977 3062 2068 6 2146
2148 0 2965 3062 2068 6.94427 2147
2149 0 2957 3070 2068 3.65685 2148
2150 0 2957 3074 2068 3.65685 2149
2151 0 2957 3078 2068 2 2150
2152 0 2957 3082 2068 2 2151
2153 0 3005 3026 2096 6.94427 2120
2154 0 2997 3034 2092 9.31371 2153
2155 2 2988.37 3034.21 2083.37 6.89457 2154
2156 0 2977 3038 2072 6 2155
2157 0 2969 3038 2068 6 2156
2158 0 2961 3038 2060 9.31371 2157
2159 0 2953 3046 2052 9.31371 2158
2160 0 2945 3050 2048 3.65685 2159
2161 0 2941 3050 2044 2 2160
2162 0 2977 3018 2088 6 2155
2163 0 2973 3006 2088 9.31371 2162
2164 0 2973 2986 2088 3.65685 2163
2165 0 2969 2982 2088 3.65685 2164
2166 0 2969 2978 2084 2 2165
2167 0 3069 2906 2140 6.94427 2094
2168 0 3069 2906 2128 6 2167
2169 0 3061 2914 2112 6 2168
2170 0 3057 2918 2108 3.65685 2169
2171 0 3053 2918 2100 3.65685 2170
2172 0 3053 2914 2096 2 2171
2173 0 3081 2938 2196 9.31371 2093
2174 0 3089 2934 2200 6 2173
2175 0 3097 2930 2208 10 2174
2176 0 3121 2930 2216 10 2175
2177 0 3133 2930 2216 6 2176
2178 0 3149 2946 2216 6.94427 2177
2179 0 3161 2962 2216 6 2178
2180 0 2989 2874 2172 14 2092
2181 0 2969 2858 2172 6.94427 2180
2182 0 2957 2858 2160 6.94427 2181
2183 0 2949 2858 2148 6.94427 2182
2184 0 2941 2858 2132 6.94427 2183
2185 0 2941 2858 2116 6 2184
2186 0 2941 2862 2100 6.94427 2185
2187 0 2937 2866 2088 6 2186
2188 0 2933 2862 2076 6 2187
2189 0 2929 2862 2060 6.94427 2188
2190 0 2925 2862 2044 6 2189
2191 0 2925 2862 2036 6 2190
2192 0 2909 2866 2016 10 2191
2193 0 2901 2874 2000 12.4222 2192
2194 0 2873 2882 1976 6.94427 2193
2195 0 2869 2874 1968 6.94427 2194
2196 0 2873 2858 1968 6 2195
2197 0 2873 2850 1968 6 2196
2198 0 2877 2838 1964 9.31371 2197
2199 0 3025 2894 2300 6 2090
2200 0 3037 2898 2308 6 2199
2201 0 3041 2898 2316 2 2200
2202 0 3041 2898 2328 6 2201
2203 0 3041 2898 2336 6 2202
2204 0 3037 2894 2344 3.65685 2203
2205 0 3037 2890 2348 2 2204
2206 0 3037 2886 2348 2 2205
2207 0 2961 2910 2312 6.94427 2089
2208 0 2949 2910 2308 10 2207
2209 0 2929 2910 2304 3.65685 2208
2210 0 2925 2906 2304 3.65685 2209
2211 0 2917 2906 2300 6 2210
2212 0 2965 2938 2396 15.8885 2088
2213 0 2985 2966 2432 21.3238 2212
2214 0 2933 2854 2420 6.94427 2087
2215 0 2937 2858 2436 10.6491 2214
2216 0 2949 2870 2448 9.31371 2215
2217 0 2913 2830 2456 10.6491 2085
2218 0 2941 2838 2452 6.94427 2217
2219 0 2949 2846 2452 3.65685 2218
2220 0 2957 2850 2452 6 2219
2221 0 2965 2850 2448 6 2220
2222 0 2973 2850 2444 3.65685 2221
2223 0 2993 2854 2440 9.31371 2222
2224 0 3001 2858 2448 6 2223
2225 0 2873 2778 2412 22 2084
2226 0 2861 2774 2364 15.8885 2225
2227 2 2850.75 2768.74 2325.88 22.093 2226
2228 0 2845 2786 2300 22.3311 2227
2229 2 2847.92 2794.75 2279.59 24.1544 2228
2230 2 2848.93 2797.8 2272.47 24.7904 2229
2231 0 2869 2806 2204 14 2230
2232 0 2857 2794 2196 6 2231
2233 0 2849 2790 2196 6.94427 2232
2234 0 2833 2786 2196 14.4924 2233
2235 0 2809 2786 2184 10 2234
2236 0 2797 2786 2180 9.31371 2235
2237 0 2785 2794 2180 12.4222 2236
2238 0 2781 2806 2180 6.94427 2237
2239 0 2781 2822 2180 6 2238
2240 0 2781 2846 2180 10.6491 2239
2241 0 2785 2862 2188 10.6491 2240
2242 0 2797 2882 2196 6 2241
2243 0 2797 2894 2204 6.94427 2242
2244 0 2801 2906 2204 6 2243
2245 0 2813 2926 2212 9.31371 2244
2246 0 2797 2786 2160 6 2236
2247 0 2801 2786 2152 6.94427 2246
2248 0 2785 2778 2140 10 2247
2249 0 2765 2770 2156 2 2248
2250 0 2765 2770 2160 2 2249
2251 0 2765 2770 2164 2 2250
2252 0 2761 2770 2168 2 2251
2253 0 2869 2762 2236 15.8885 2230
2254 0 2877 2726 2228 14 2253
2255 0 2873 2698 2224 6 2254
2256 0 2861 2842 2248 19.5407 2229
2257 0 2865 2858 2236 18 2256
2258 0 2869 2894 2240 6 2257
2259 0 2869 2910 2240 6 2258
2260 0 2877 2926 2252 18 2259
2261 0 2885 2918.49 2301.94 14.3678 2260
2262 0 2885 2922 2336 6 2261
2263 0 2877 2926 2348 9.31371 2262
2264 0 2869 2922 2356 9.31371 2263
2265 0 2869 2922 2376 6 2264
2266 0 2869 2918 2388 3.65685 2265
2267 0 2869 2918 2392 3.65685 2266
2268 0 2873 2918 2400 6.94427 2267
2269 0 2877 2914 2416 6 2268
2270 0 2877 2918 2424 6 2269
2271 0 2865 2906 2328 12.4222 2261
2272 0 2901 2918 2236 10 2260
2273 0 2909 2922 2224 6.94427 2272
2274 2 2884.48 2848.26 2201.91 19.5993 2257
2275 2 2887.03 2846.99 2197.45 19.8087 2274
2276 0 2897 2842 2180 20.6274 2275
2277 2 2885.24 2865.76 2152.35 10.0712 2276
2278 0 2877 2882 2128 9.31371 2277
2279 0 2865 2902 2128 10 2278
2280 0 2841 2902 2120 6 2279
2281 0 2833 2902 2120 6.94427 2280
2282 0 2825 2910 2116 9.31371 2281
2283 0 2825 2922 2112 6 2282
2284 0 2825 2930 2112 6 2283
2285 0 2829 2934 2108 6 2284
2286 0 2869 2878 2108 6 2278
2287 0 2861 2878 2100 6 2286
2288 0 2853 2878 2100 6.94427 2287
2289 0 2841 2878 2096 12.4222 2288
2290 0 2821 2866 2108 3.65685 2289
2291 0 2817 2866 2108 2 2290
2292 0 2869 2858 2152 6.94427 2277
2293 0 2861 2858 2148 6 2292
2294 0 2849 2858 2144 10 2293
2295 0 2837 2858 2144 6.94427 2294
2296 0 2825 2866 2140 10 2295
2297 0 2821 2878 2140 6 2296
2298 0 2809 2890 2140 6 2297
2299 0 2805 2894 2136 6 2298
2300 2 2888.92 2815.28 2180.68 21.9149 2275
2301 0 2861 2818 2156 6 2300
2302 0 2849 2818 2148 6 2301
2303 0 2841 2818 2140 6.94427 2302
2304 0 2825 2814 2140 6 2303
2305 0 2817 2806 2132 6.94427 2304
2306 0 2809 2798 2120 6.94427 2305
2307 0 2821 2806 2108 9.31371 2306
2308 0 2821 2806 2096 9.31371 2307
2309 0 2897 2822 2148 18 2300
2310 0 2905 2834 2136 6.94427 2309
2311 0 2913 2842 2124 6 2310
2312 0 2917 2846 2108 6 2311
2313 0 2921 2878 2192 10.6491 2274
2314 0 2933 2894 2188 6 2313
2315 0 2937 2898 2184 6 2314
2316 0 2937 2910 2184 10 2315
2317 0 2937 2918 2176 9.31371 2316
2318 0 2933 2922 2168 3.65685 2317
2319 0 2929 2922 2164 2 2318
2320 0 2845 2834 2312 22 2228
2321 0 2861 2858 2328 10 2320
2322 0 2865 2866 2336 6.94427 2321
2323 0 2873 2874 2340 10.6491 2322
2324 0 2885 2878 2344 9.31371 2323
2325 0 2893 2882 2340 6 2324
2326 0 2905 2882 2328 6 2325
2327 0 2913 2882 2320 10 2326
2328 0 2921 2882 2312 10 2327
2329 0 2825 2858 2280 10 2320
2330 2 2849.78 2767.72 2324.47 21.4314 2227
2331 0 2833 2750 2300 10 2330
2332 0 2813 2738 2296 6 2331
2333 0 2793 2738 2280 6 2332
2334 0 2777 2738 2272 10 2333
2335 0 2753 2738 2272 14 2334
2336 2 2750.14 2732.29 2260.57 11.1429 2335
2337 0 2761 2726 2240 10 2336
2338 0 2781 2734 2220 14 2337
2339 0 2793 2738 2208 14.4924 2338
2340 0 2805 2746 2200 9.31371 2339
2341 0 2737 2754 2256 6 2336
2342 0 2733 2758 2252 2 2341
2343 0 2729 2762 2248 2 2342
2344 0 2725 2766 2240 6.94427 2343
2345 0 2729 2766 2232 6 2344
2346 0 2737 2750 2292 10 2335
2347 0 2729 2770 2304 6.94427 2346
2348 0 2725 2782 2312 6.94427 2347
2349 0 2717 2790 2320 6 2348
2350 0 2865 2730 2324 9.31371 2330
2351 0 2885 2730 2312 3.65685 2350
2352 0 2893 2730 2304 3.65685 2351
2353 0 2893 2730 2296 3.65685 2352
2354 0 2897 2734 2292 2 2353
2355 0 2830.85 2802 2468.77 9.49848 2083
2356 0 2825 2802 2460 10 2355
2357 0 2821 2814 2452 6 2356
2358 0 2825 2822 2448 6.94427 2357
2359 0 2825 2834 2440 12.4222 2358
2360 0 2825 2850 2412 12.4222 2359
2361 0 2821 2858 2392 12.4222 2360
2362 0 2801 2866 2376 10 2361
2363 0 2789 2874 2364 12.4222 2362
2364 0 2785 2874 2348 12.4222 2363
2365 0 2793 2874 2328 10 2364
2366 0 2793 2874 2312 12.4222 2365
2367 0 2789 2878 2300 6.94427 2366
2368 0 2841 2870 2372 6.94427 2361
2369 0 2853 2874 2360 9.31371 2368
2370 0 2845 2850 2444 9.31371 2359
2371 0 2861 2858 2448 3.65685 2370
2372 0 2865 2858 2452 2 2371
2373 0 2873 2858 2460 6 2372
2374 0 2877 2866 2472 14 2373
2375 0 2881 2886 2468 9.31371 2374
2376 0 2889 2902 2456 12.4222 2375
2377 0 2901 2906 2456 6.94427 2376
2378 0 2909 2914 2452 10 2377
2379 0 2909 2922 2444 10 2378
2380 0 2821 2786 2464 9.31371 2355
2381 0 2813 2778 2464 6.94427 2380
2382 0 2785 2766 2460 14 2381
2383 0 2773 2782 2460 9.31371 2382
2384 0 2773 2802 2472 9.31371 2383
2385 0 2781 2810 2468 6.94427 2384
2386 0 2789 2810 2464 3.65685 2385
2387 0 2793 2814 2460 2 2386
2388 0 2785 2738 2464 12.4222 2382
2389 0 2785 2726 2460 10 2388
2390 0 2861 2830 2532 6.94427 2082
2391 0 2865 2842 2536 6.94427 2390
2392 0 2865 2854 2548 14.4924 2391
2393 0 2881 2866 2564 9.31371 2392
2394 0 2889 2882 2580 6 2393
2395 0 2765 2762 2556 6.94427 2081
2396 0 2757 2758 2600 14 2080
2397 0 2749 2742 2584 14.4924 2396
2398 0 2737 2738 2572 10.6491 2397
2399 2 2700.2 2734 2557.6 22.3308 2398
2400 0 2677 2746 2536 27.1204 2399
2401 0 2665 2754 2504 18.3961 2400
2402 2 2656.35 2753.03 2473.74 19.4164 2401
2403 0 2649 2742 2448 18 2402
2404 2 2649 2742 2430 18 2403
2405 0 2649 2746 2404 12.4222 2404
2406 0 2653 2754 2376 14 2405
2407 2 2656.71 2769.43 2352.86 14.4572 2406
2408 0 2661 2795.9 2342.03 9.73009 2407
2409 0 2661 2818 2340 6 2408
2410 0 2657 2834 2328 10 2409
2411 0 2669 2850 2316 6 2410
2412 0 2673 2858 2308 9.31371 2411
2413 0 2669 2870 2288 10 2412
2414 0 2669 2874 2276 6 2413
2415 0 2669 2882 2260 9.31371 2414
2416 0 2661 2882 2252 6 2415
2417 0 2653 2886 2244 6 2416
2418 0 2637 2886 2244 6 2417
2419 0 2621 2882 2240 6.94427 2418
2420 0 2609 2878 2240 10 2419
2421 0 2597 2878 2240 6 2420
2422 0 2589 2874 2244 6.94427 2421
2423 0 2573 2862 2228 9.31371 2422
2424 0 2569 2858 2216 6 2423
2425 0 2677 2798 2324 6.94427 2408
2426 0 2677 2798 2316 6 2425
2427 0 2689 2790 2300 6.94427 2426
2428 0 2697 2786 2284 6.94427 2427
2429 0 2705 2786 2268 6 2428
2430 0 2713 2782 2260 6.94427 2429
2431 0 2673 2746 2336 12.4222 2407
2432 0 2689 2726 2316 10 2431
2433 0 2713 2706 2288 15.8885 2432
2434 0 2729 2698 2288 14 2433
2435 0 2741 2686 2292 6 2434
2436 0 2745 2678 2300 3.65685 2435
2437 0 2749 2674 2304 3.65685 2436
2438 0 2749 2674 2308 3.65685 2437
2439 0 2749 2670 2312 2 2438
2440 0 2653 2714 2432 9.31371 2404
2441 0 2665 2694 2436 10 2440
2442 0 2669 2682 2436 6 2441
2443 0 2673 2666 2436 9.31371 2442
2444 0 2677 2654 2440 12.4222 2443
2445 0 2689 2646 2444 9.31371 2444
2446 0 2629 2722 2448 10 2403
2447 0 2621 2706 2448 9.31371 2446
2448 0 2613 2698 2448 6 2447
2449 0 2693 2762 2460 6.94427 2402
2450 0 2705 2778 2460 6.94427 2449
2451 0 2713 2786 2456 10 2450
2452 0 2721 2794 2452 6 2451
2453 0 2697 2690 2552 10 2399
2454 0 2697 2670 2552 6 2453
2455 0 2789 2822 2612 18 2079
2456 2 2788.54 2839.85 2598.62 17.0769 2455
2457 2 2786.31 2848.77 2591.92 12.6154 2456
2458 0 2785 2862 2580 9.31371 2457
2459 0 2777 2902 2556 24.8328 2458
2460 0 2757 2966 2532 22 2459
2461 0 2777 2982 2504 19.5407 2460
2462 0 2793 2862 2604 6.94427 2457
2463 0 2797 2874 2604 6.94427 2462
2464 0 2805 2882 2596 6.94427 2463
2465 0 2809 2890 2596 6.94427 2464
2466 0 2821 2918 2596 14 2465
2467 0 2821 2930 2604 12.4222 2466
2468 0 2813 2946 2608 2 2467
2469 0 2809 2950 2608 2 2468
2470 0 2805 2962 2608 9.31371 2469
2471 0 2813 2970 2608 9.31371 2470
2472 0 2817 2838 2580 12.4222 2456
2473 0 2817 2846 2568 6.94427 2472
2474 0 2809 2854 2560 9.31371 2473
2475 0 2813 2858 2540 6 2474
2476 0 2825 2870 2528 6.94427 2475
2477 0 2833 2878 2516 6.94427 2476
2478 0 2841 2878 2508 10 2477
2479 0 2845 2882 2484 9.31371 2478
2480 0 2849 2886 2476 9.31371 2479
2481 0 2745 2786 2624 14 2078
2482 0 2725 2786 2624 14 2481
2483 0 2701 2770 2596 6.94427 2482
2484 0 2701 2770 2588 6 2483
2485 0 2705 2770 2580 2 2484
2486 0 2709 2770 2580 2 2485
2487 0 2817 2626 2400 6 61
2488 0 2809 2618 2388 6.94427 2487
2489 0 2805 2626 2380 6 2488
2490 0 2805 2634 2368 9.31371 2489
2491 0 2805 2638 2356 6 2490
2492 0 2909 2618 2304 6.94427 58
2493 0 2913 2626 2304 6 2492
2494 0 2913 2646 2304 12.4222 2493
2495 0 2909 2662 2296 2 2494
