# Generated by NeuTu (https://github.com/janelia-flyem/NeuTu)
1 0 4022 4767 2187 6 -1
2 0 4042 4747 2147 26 1
3 0 4086 4735 2135 38 2
4 2 4154.5 4738.81 2127.39 33.9825 3
5 0 4232.67 4739 2127 31.9995 4
6 0 4326 4743 2135 30 5
7 0 4418 4743 2135 30 6
8 0 4450 4743 2135 30 7
9 0 4471.85 4752.49 2096.49 19.6716 8
10 2 4492.12 4743.81 2087.81 25.4627 9
11 0 4510 4719 2087 3.65685 10
12 0 4510 4715 2087 2 11
13 0 4498 4751 2155 22 10
14 0 4510 4763 2179 10 13
15 0 4414 4743 2083 26 9
16 0 4334 4743 2083 30 15
17 0 4246 4743 2083 30 16
18 0 4142 4755 2083 18 17
19 0 4078 4751 2083 19.5407 18
20 0 4050 4739 2083 30.249 19
21 0 4026 4715 2083 10 20
22 0 4022 4707 2071 3.65685 21
23 0 4018 4703 2067 2 22
24 0 4206 4747 2159 26 5
25 0 4210 4763 2183 10 24
26 0 4178 4743 2135 30 4
