# Generated by NeuTu (https://github.com/janelia-flyem/NeuTu)
1 0 4384 3144 3313 2 -1
2 0 4380 3148 3317 3.65685 1
3 0 4380 3152 3321 3.65685 2
4 0 4376 3156 3325 6 3
5 0 4368 3160 3337 6 4
6 0 4352 3160 3349 6 5
7 0 4332 3164 3357 6 6
8 0 4316 3164 3361 6 7
9 0 4300 3176 3365 6 8
10 0 4284 3192 3369 6.94427 9
11 0 4284 3200 3377 6 10
12 0 4288 3208 3385 9.31371 11
13 0 4288 3216 3397 6 12
14 0 4280 3228 3397 6.94427 13
15 0 4280 3236 3401 6 14
16 0 4280 3244 3409 9.31371 15
17 0 4284 3256 3421 6.94427 16
18 0 4284 3272 3441 6 17
19 0 4288 3280 3453 6 18
20 0 4292 3284 3461 6 19
21 0 4284 3284 3473 6 20
22 0 4276 3288 3489 6 21
23 0 4272 3288 3497 6 22
24 0 4268 3292 3505 2 23
25 0 4268 3292 3509 2 24
26 0 4268 3292 3513 2 25
27 0 4268 3296 3517 3.65685 26
28 0 4268 3296 3521 3.65685 27
29 0 4268 3304 3529 6 28
30 0 4268 3304 3549 6 29
31 0 4268 3304 3557 6 30
32 0 4264 3300 3561 6 31
33 0 4260 3300 3569 3.65685 32
34 0 4256 3304 3577 6.94427 33
35 0 4256 3312 3585 3.65685 34
36 0 4260 3316 3589 2 35
37 0 4260 3320 3593 2 36
38 0 4260 3324 3597 2 37
