# Generated by NeuTu (https://github.com/janelia-flyem/NeuTu)
1 0 4064 3245 3000 2 -1
2 0 4048 3241 3004 10 1
3 0 4036 3245 3012 6.94427 2
4 0 4020 3261 3016 6.94427 3
5 0 4000 3265 3032 6.94427 4
6 0 3992 3269 3040 6.94427 5
7 0 3992 3273 3048 3.65685 6
8 0 3988 3273 3052 2 7
9 0 3988 3273 3056 2 8
10 0 3984 3273 3060 3.65685 9
11 0 3980 3269 3064 3.65685 10
12 0 3976 3269 3068 2 11
13 0 3972 3265 3072 6 12
14 0 3972 3265 3080 3.65685 13
15 0 3964 3265 3088 6 14
16 0 3964 3265 3096 3.65685 15
17 0 3964 3265 3104 6 16
18 0 3960 3269 3108 3.65685 17
19 0 3956 3269 3116 6 18
20 0 3952 3277 3128 6 19
21 0 3952 3285 3136 6 20
22 0 3948 3289 3140 3.65685 21
23 0 3948 3297 3140 6 22
24 0 3948 3305 3140 2 23
25 0 3948 3309 3140 2 24
