# Generated by NeuTu (https://github.com/janelia-flyem/NeuTu)
1 0 4049 2918 3501 6.94427 -1
2 0 4057 2922 3509 6.94427 1
3 0 4065 2922 3529 3.65685 2
4 0 4065 2922 3537 3.65685 3
5 0 4069 2922 3545 3.65685 4
6 0 4069 2922 3549 3.65685 5
7 0 4073 2918 3553 2 6
8 0 4077 2918 3557 2 7
9 0 4077 2918 3561 2 8
10 0 4077 2918 3565 2 9
11 0 4077 2918 3569 2 10
12 0 4077 2918 3573 2 11
13 0 4081 2918 3577 3.65685 12
14 0 4081 2918 3581 3.65685 13
15 0 4081 2914 3585 2 14
16 0 4077 2914 3597 6 15
17 2 4073.13 2906.26 3608.61 10.499 16
18 0 4073 2890 3621 6 17
19 0 4077 2878 3625 10 18
20 0 4073 2862 3621 6.94427 19
21 0 4073 2838 3613 6 20
22 0 4073 2830 3605 6 21
23 0 4073 2822 3593 2 22
24 0 4069 2814 3585 6 23
25 0 4077 2810 3573 10 24
26 0 4041 2918 3601 9.31371 17
27 0 4037 2926 3593 3.65685 26
28 0 4033 2930 3589 6 27
29 0 4025 2930 3581 3.65685 28
30 0 4021 2926 3577 2 29
