# Generated by NeuTu (https://github.com/janelia-flyem/NeuTu)
1 0 3961 3477 3340 2 -1
2 0 3965 3481 3336 3.65685 1
3 0 3965 3485 3328 6 2
4 0 3965 3485 3320 6 3
5 0 3961 3485 3308 10 4
6 0 3953 3485 3296 6.94427 5
7 0 3953 3481 3280 6 6
8 0 3957 3477 3272 3.65685 7
9 0 3957 3477 3264 3.65685 8
10 0 3957 3477 3256 3.65685 9
11 0 3957 3481 3252 2 10
12 0 3957 3481 3240 6 11
13 0 3961 3481 3232 3.65685 12
14 0 3957 3481 3224 6 13
15 0 3953 3481 3212 2 14
16 0 3953 3481 3208 2 15
17 0 3953 3481 3204 2 16
18 0 3949 3481 3200 3.65685 17
19 0 3945 3485 3196 3.65685 18
20 0 3941 3485 3184 6 19
21 0 3941 3489 3172 3.65685 20
22 0 3937 3489 3168 2 21
23 0 3937 3489 3164 3.65685 22
24 0 3937 3489 3160 3.65685 23
25 0 3937 3489 3156 2 24
26 0 3937 3489 3152 3.65685 25
27 0 3937 3489 3148 3.65685 26
28 0 3933 3493 3144 6 27
29 0 3925 3497 3132 6 28
30 0 3917 3501 3124 2 29
31 0 3913 3501 3120 3.65685 30
32 0 3905 3509 3112 3.65685 31
33 0 3905 3513 3104 3.65685 32
34 0 3909 3517 3100 2 33
35 0 3909 3517 3096 2 34
36 0 3909 3521 3092 2 35
37 0 3913 3525 3088 3.65685 36
38 0 3909 3525 3080 3.65685 37
39 0 3909 3525 3076 3.65685 38
40 0 3909 3525 3068 6 39
41 0 3909 3525 3060 2 40
42 0 3909 3525 3056 2 41
43 0 3909 3525 3052 2 42
44 0 3909 3525 3048 3.65685 43
45 0 3909 3525 3040 3.65685 44
46 0 3909 3525 3036 3.65685 45
47 0 3909 3525 3028 6 46
48 0 3909 3529 3016 6 47
49 0 3913 3525 3008 3.65685 48
50 0 3917 3521 3004 2 49
51 0 3921 3517 3000 2 50
52 0 3913 3533 3048 3.65685 44
53 0 3917 3537 3052 6 52
54 0 3929 3541 3064 6.94427 53
55 0 3933 3541 3072 6 54
