# Generated by NeuTu (https://github.com/janelia-flyem/NeuTu)
1 0 3916 3531 3276 6 -1
2 0 3928 3519 3276 6.94427 1
3 0 3932 3511 3280 6.94427 2
4 0 3940 3507 3284 3.65685 3
5 0 3944 3503 3288 3.65685 4
6 0 3944 3499 3292 3.65685 5
7 0 3948 3495 3296 3.65685 6
8 0 3948 3491 3300 3.65685 7
9 0 3948 3487 3308 6 8
10 0 3948 3479 3316 6 9
11 0 3944 3471 3324 2 10
12 0 3944 3467 3324 2 11
13 0 3940 3459 3332 6 12
14 0 3936 3447 3340 6 13
15 0 3936 3427 3356 6 14
16 0 3924 3411 3364 6.94427 15
17 0 3916 3407 3372 3.65685 16
18 0 3912 3403 3376 3.65685 17
19 0 3912 3403 3392 6.94427 18
20 0 3904 3403 3404 6.94427 19
21 0 3892 3403 3420 3.65685 20
22 0 3888 3403 3424 3.65685 21
23 0 3884 3403 3432 6 22
24 0 3880 3403 3440 6 23
25 0 3880 3403 3448 3.65685 24
26 0 3876 3403 3456 3.65685 25
27 0 3872 3403 3460 3.65685 26
28 0 3868 3403 3464 2 27
29 0 3868 3403 3468 2 28
30 0 3888 3559 3272 6 1
31 0 3880 3571 3260 6 30
32 0 3876 3575 3248 6.94427 31
33 0 3872 3595 3232 6 32
34 0 3868 3603 3224 2 33
35 0 3868 3607 3220 2 34
36 0 3868 3611 3220 2 35
