# Generated by NeuTu (https://github.com/janelia-flyem/NeuTu)
1 0 4181 3631 3095 6.94427 -1
2 0 4181 3643 3111 3.65685 1
3 0 4185 3647 3115 3.65685 2
4 0 4185 3647 3119 3.65685 3
5 0 4185 3651 3123 2 4
6 0 4189 3655 3127 6 5
7 0 4200.4 3663.6 3148.81 9.04373 6
8 0 4197 3667 3159 3.65685 7
9 0 4193 3671 3163 2 8
10 0 4189 3671 3167 3.65685 9
11 0 4185 3671 3171 3.65685 10
12 0 4181 3675 3175 3.65685 11
13 0 4177 3679 3179 2 12
14 0 4173 3679 3179 2 13
15 0 4169 3679 3183 3.65685 14
16 0 4165 3679 3187 3.65685 15
17 0 4161 3675 3191 6 16
18 0 4157 3671 3195 3.65685 17
19 0 4153 3671 3199 3.65685 18
20 0 4149 3667 3203 6 19
21 0 4145 3655 3227 6.94427 20
22 0 4141 3639 3243 3.65685 21
23 0 4141 3635 3247 2 22
24 0 4141 3635 3255 6 23
25 0 4137 3627 3267 6 24
26 0 4125 3619 3283 6.94427 25
27 0 4117 3615 3295 6.94427 26
28 0 4109 3619 3303 6 27
29 0 4089 3623 3319 9.31371 28
30 0 4077 3627 3323 6 29
31 0 4061 3627 3335 6 30
32 0 4053 3631 3335 6 31
33 0 4045 3631 3343 6 32
34 2 4037.44 3634.78 3350.56 9.12961 33
35 0 4025 3643 3359 6.94427 34
36 0 4013 3643 3371 6 35
37 0 4013 3647 3379 6 36
38 0 4013 3647 3387 3.65685 37
39 2 4013 3647 3401 6 38
40 2 4013 3645.8 3406.6 6 39
41 0 4013 3643 3415 6 40
42 0 4017 3639 3419 3.65685 41
43 0 4017 3635 3427 6 42
44 0 4025 3627 3435 10.6491 43
45 0 4029 3627 3447 9.31371 44
46 0 4013 3659 3411 3.65685 40
47 0 4013 3663 3415 3.65685 46
48 0 4013 3663 3423 6 47
49 0 4009 3659 3431 3.65685 48
50 0 4009 3659 3435 3.65685 49
51 0 4009 3655 3439 2 50
52 0 4021 3659 3399 6.94427 39
53 0 4029 3667 3391 6 52
54 0 4029 3667 3383 6 53
55 0 4037 3663 3375 2 54
56 0 4053 3619 3359 6.94427 34
57 0 4061 3615 3359 6 56
58 0 4073 3619 3359 6 57
59 0 4089 3627 3355 6 58
60 0 4097 3627 3355 6 59
61 0 4225 3667 3159 6.94427 7
62 0 4233 3671 3163 6.94427 61
63 0 4241 3671 3167 3.65685 62
64 0 4245 3675 3167 2 63
