# Generated by NeuTu (https://github.com/janelia-flyem/NeuTu)
1 0 4299 3505 3151 6.94427 -1
2 0 4291 3509 3147 6.94427 1
3 0 4283 3517 3155 3.65685 2
4 0 4279 3525 3171 9.31371 3
5 0 4283 3525 3183 6 4
6 0 4287 3525 3191 6.94427 5
7 0 4295 3521 3199 3.65685 6
8 0 4299 3521 3199 2 7
9 0 4303 3525 3203 6 8
10 0 4311 3525 3211 6.94427 9
11 0 4323 3533 3215 6.94427 10
12 0 4339 3541 3223 3.65685 11
13 0 4347 3549 3227 6.94427 12
14 0 4359 3565 3227 6.94427 13
15 0 4363 3573 3227 6 14
16 0 4367 3581 3223 2 15
17 0 4367 3585 3223 2 16
18 0 4367 3589 3223 2 17
19 0 4367 3593 3223 2 18
20 0 4299 3513 3223 10 10
21 0 4295 3505 3231 10 20
22 0 4295 3493 3231 6.94427 21
23 0 4303 3485 3223 6 22
