# Generated by NeuTu (https://github.com/janelia-flyem/NeuTu)
1 0 4292 3497 3155 2 -1
2 0 4288 3497 3155 3.65685 1
3 0 4280 3489 3151 9.31371 2
4 0 4280 3465 3147 6.94427 3
5 0 4284 3453 3151 6 4
6 0 4292 3437 3147 6 5
7 0 4296 3421 3147 6 6
8 0 4304 3413 3155 6.94427 7
9 0 4312 3401 3167 6 8
10 0 4308 3393 3175 2 9
11 0 4308 3385 3175 6 10
12 0 4300 3377 3183 6 11
13 0 4296 3361 3191 6.94427 12
14 0 4280 3345 3195 6.94427 13
15 0 4272 3329 3195 6.94427 14
16 0 4268 3309 3203 9.31371 15
17 0 4260 3293 3207 6.94427 16
18 0 4256 3277 3207 6 17
19 0 4252 3273 3203 6 18
20 0 4248 3269 3199 3.65685 19
21 0 4244 3269 3195 3.65685 20
22 0 4236 3265 3187 6 21
23 0 4228 3265 3175 6.94427 22
24 0 4216 3257 3171 6 23
25 0 4204 3249 3167 6 24
26 0 4196 3249 3163 6 25
27 0 4188 3241 3159 6.94427 26
28 0 4176 3241 3159 6.94427 27
29 0 4168 3237 3151 3.65685 28
30 0 4164 3233 3147 2 29
31 0 4160 3233 3143 2 30
32 0 4156 3233 3143 2 31
