# Generated by NeuTu (https://github.com/janelia-flyem/NeuTu)
1 0 4653 3646 3149 2 -1
2 0 4657 3650 3145 3.65685 1
3 0 4661 3654 3145 3.65685 2
4 0 4665 3662 3145 6.94427 3
5 0 4669 3670 3133 9.31371 4
6 0 4657 3694 3133 14 5
7 0 4649 3710 3133 10 6
8 2 4638.4 3724.2 3133 11.09 7
9 0 4613 3722 3133 14 8
10 0 4567.79 3704.79 3131.3 18.6536 9
11 2 4542.86 3676.23 3143.89 14.3714 10
12 0 4541 3658 3149 10.6491 11
13 0 4537 3630 3169 12.4222 12
14 0 4525 3626 3173 6.94427 13
15 0 4517 3626 3173 6.94427 14
16 0 4505 3626 3177 10.6491 15
17 0 4481 3630 3177 6 16
18 0 4449 3626 3177 10 17
19 0 4433 3610 3193 6.94427 18
20 0 4425 3598 3201 6 19
21 0 4417 3590 3209 6.94427 20
22 0 4409 3582 3217 3.65685 21
23 0 4405 3578 3221 6 22
24 0 4389 3578 3225 6 23
25 0 4369 3566 3225 6.94427 24
26 0 4361 3558 3225 3.65685 25
27 0 4361 3554 3225 3.65685 26
28 0 4353 3546 3225 6.94427 27
29 0 4345 3538 3221 9.31371 28
30 0 4337 3534 3213 6 29
31 0 4317 3534 3201 6 30
32 0 4301 3534 3193 6 31
33 0 4293 3542 3181 6 32
34 0 4281 3546 3169 6.94427 33
35 0 4277 3562 3165 6.94427 34
36 0 4269 3570 3157 3.65685 35
37 0 4265 3574 3153 3.65685 36
38 0 4249 3578 3141 6.94427 37
39 0 4241 3586 3133 3.65685 38
40 0 4237 3586 3133 3.65685 39
41 0 4233 3590 3129 6 40
42 0 4229 3598 3125 6 41
43 0 4225 3602 3121 2 42
44 0 4225 3602 3117 2 43
45 0 4561 3610 3177 10 13
46 0 4581 3602 3181 9.31371 45
47 0 4601 3590 3189 6.94427 46
48 0 4613 3586 3197 10.6491 47
49 0 4625 3586 3205 6 48
50 0 4641 3590 3205 6 49
51 0 4657 3590 3201 6.94427 50
52 0 4673 3578 3193 6 51
53 0 4669 3574 3189 6 52
54 0 4517 3702 3141 9.31371 11
55 0 4509 3706 3137 6 54
56 0 4533 3718 3125 10.6491 10
57 0 4517 3718 3121 2 56
58 0 4513 3718 3121 2 57
59 0 4653 3726 3117 6.94427 8
60 0 4665 3726 3097 10 59
61 0 4673 3726 3089 9.31371 60
