# Generated by NeuTu (https://github.com/janelia-flyem/NeuTu)
1 0 4262 3273 3334 2 -1
2 0 4266 3273 3334 3.65685 1
3 0 4270 3269 3338 3.65685 2
4 0 4274 3269 3346 3.65685 3
5 0 4282 3269 3354 6 4
6 0 4294 3269 3366 6 5
7 0 4310 3269 3374 6 6
8 0 4318 3273 3378 6 7
9 0 4326 3281 3378 3.65685 8
10 0 4338 3281 3378 9.31371 9
11 0 4350 3277 3370 6 10
12 0 4358 3277 3362 6 11
13 0 4366 3281 3358 9.31371 12
14 0 4382 3289 3346 6 13
15 0 4398 3289 3342 6 14
16 0 4402 3293 3338 6 15
17 0 4406 3293 3330 3.65685 16
18 0 4410 3293 3322 6 17
19 0 4414 3301 3314 3.65685 18
20 0 4414 3305 3306 6 19
21 0 4418 3309 3302 3.65685 20
22 0 4422 3313 3298 6 21
23 0 4426 3321 3286 6 22
24 0 4426 3321 3278 6 23
25 0 4430 3325 3274 6 24
26 0 4434 3329 3270 3.65685 25
27 0 4434 3333 3266 3.65685 26
28 0 4438 3337 3262 3.65685 27
29 0 4438 3333 3254 3.65685 28
30 0 4438 3333 3246 3.65685 29
31 0 4442 3333 3238 6 30
