# Generated by NeuTu (https://github.com/janelia-flyem/NeuTu)
1 0 4360 3752 3344 6 -1
2 0 4348 3752 3344 9.31371 1
3 0 4336 3752 3352 6 2
4 0 4328 3752 3352 3.65685 3
5 0 4324 3748 3356 2 4
6 0 4320 3748 3360 3.65685 5
7 0 4300 3736 3360 10 6
8 2 4287.08 3731.38 3360 9.05881 7
9 0 4276 3724 3360 6 8
10 0 4264 3716 3360 6 9
11 0 4244 3712 3356 9.31371 10
12 0 4228 3716 3348 6 11
13 0 4272 3744 3336 9.31371 8
14 0 4272 3756 3340 3.65685 13
15 0 4272 3760 3340 3.65685 14
16 0 4272 3764 3340 2 15
17 0 4272 3768 3340 2 16
