# Generated by NeuTu (https://github.com/janelia-flyem/NeuTu)
1 0 3959 3894 3120 2 -1
2 0 3975 3890 3120 9.31371 1
3 0 3991 3906 3132 10 2
4 0 3999 3918 3128 12.4222 3
5 0 4027 3918 3120 6.94427 4
6 0 4035 3922 3116 6 5
7 0 4047 3922 3112 9.31371 6
8 0 4063 3922 3092 9.31371 7
9 0 4079 3922 3076 10 8
10 0 4103 3922 3064 10 9
11 0 4127 3914 3060 6.94427 10
12 0 4135 3906 3052 6 11
13 0 4151 3906 3036 6 12
14 0 4159 3902 3024 6 13
15 0 4163 3902 3016 6 14
16 0 4167 3898 3012 3.65685 15
17 0 4167 3898 3004 3.65685 16
18 0 4171 3902 3000 2 17
