# Generated by NeuTu (https://github.com/janelia-flyem/NeuTu)
1 0 4075 3794 3000 2 -1
2 0 4071 3794 3000 2 1
3 0 4067 3798 3004 3.65685 2
4 0 4063 3798 3012 3.65685 3
5 0 4063 3798 3016 3.65685 4
6 0 4059 3794 3020 3.65685 5
7 0 4055 3790 3024 6 6
8 0 4059 3786 3028 3.65685 7
9 0 4063 3782 3032 3.65685 8
10 0 4063 3782 3036 3.65685 9
11 0 4071 3786 3040 6 10
12 0 4083 3790 3052 6 11
13 0 4087 3798 3060 6 12
14 0 4091 3802 3064 6 13
15 0 4095 3806 3068 3.65685 14
16 0 4095 3810 3072 3.65685 15
17 0 4099 3814 3076 3.65685 16
18 0 4099 3810 3088 6 17
19 0 4103 3810 3100 6 18
