# Generated by NeuTu (https://github.com/janelia-flyem/NeuTu)
1 0 4272 3808 3458 2 -1
2 0 4268 3812 3454 3.65685 1
3 0 4268 3816 3442 6 2
4 0 4268 3828 3430 6 3
5 0 4268 3844 3426 9.31371 4
6 0 4252 3864 3426 10 5
7 0 4240 3896 3426 12.4222 6
8 0 4220 3900 3426 10 7
9 0 4208 3908 3430 12.4222 8
10 0 4196 3920 3434 10.6491 9
11 0 4204 3932 3450 9.31371 10
12 0 4216 3932 3458 12.4222 11
13 0 4228 3920 3474 10.6491 12
14 0 4240 3916 3490 9.31371 13
15 0 4256 3908 3490 6.94427 14
16 0 4264 3900 3486 9.31371 15
17 0 4268 3908 3470 6.94427 16
18 0 4272 3908 3462 6 17
