# Generated by NeuTu (https://github.com/janelia-flyem/NeuTu)
1 0 4096 4172 3457 6 -1
2 0 4100 4180 3449 6.94427 1
3 0 4116 4196 3465 6 2
4 0 4118.06 4190.06 3482.81 8.25058 3
5 0 4072 4192 3489 27.1204 4
6 0 4028 4192 3493 42 5
7 0 3936 4208 3485 18 6
8 0 3928 4216 3461 14.4924 7
9 0 3936 4220 3437 14 8
10 0 3968 4220 3441 10 9
11 0 3984 4220 3449 14 10
12 0 4000 4224 3449 10 11
13 0 4136 4204 3481 6.94427 4
14 0 4152 4216 3485 6.94427 13
15 0 4156 4224 3485 6 14
16 0 4156 4232 3477 2 15
17 0 4156 4232 3473 2 16
18 0 4156 4232 3469 2 17
