# Generated by NeuTu (https://github.com/janelia-flyem/NeuTu)
1 0 3934 3832 3097 2 -1
2 0 3934 3836 3101 2 1
3 0 3934 3840 3101 2 2
4 0 3930 3844 3105 3.65685 3
5 0 3926 3852 3113 6.94427 4
6 0 3918 3860 3121 9.31371 5
7 0 3930 3880 3133 6 6
8 0 3934 3892 3145 6 7
9 0 3928 3900 3167 6.94427 8
10 0 3922 3900 3173 6.94427 9
11 0 3906 3884 3193 6 10
12 0 3902 3880 3209 6 11
13 0 3902 3888 3217 3.65685 12
14 0 3898 3892 3221 2 13
15 0 3898 3896 3221 2 14
16 0 3918 3912 3157 6 9
17 0 3910 3928 3149 6 16
18 0 3906 3936 3149 3.65685 17
19 0 3902 3940 3145 6 18
