# Generated by NeuTu (https://github.com/janelia-flyem/NeuTu)
1 0 4178 4235 3247 2 -1
2 0 4182 4235 3247 2 1
3 0 4190 4231 3247 6 2
4 0 4202 4227 3251 10 3
5 0 4226 4199 3247 18 4
6 0 4254.46 4170.54 3253.34 18.8974 5
7 0 4274 4147 3271 9.31371 6
8 2 4282.59 4141.83 3286.51 10.5854 7
9 0 4286 4135 3307 14 8
10 0 4290 4131 3335 10.6491 9
11 0 4282 4115 3363 12.4222 10
12 0 4286 4103 3375 6.94427 11
13 0 4298 4087 3387 9.31371 12
14 0 4310 4063 3403 12.4222 13
15 0 4330 4047 3419 12.4222 14
16 0 4354 4031 3435 12.4222 15
17 0 4362 4019 3443 3.65685 16
18 0 4366 4015 3447 2 17
19 0 4298 4155 3283 6.94427 8
20 0 4306 4163 3283 6.94427 19
21 0 4318 4171 3271 6 20
22 0 4326 4171 3271 6 21
23 0 4334 4167 3267 3.65685 22
24 0 4346 4167 3263 9.31371 23
25 0 4358 4175 3255 6.94427 24
26 0 4362 4183 3251 6 25
27 0 4366 4187 3247 2 26
28 0 4366 4191 3247 2 27
29 0 4282 4171 3235 9.31371 6
30 0 4294 4167 3227 9.31371 29
