# Generated by NeuTu (https://github.com/janelia-flyem/NeuTu)
1 0 4158 3922 3392 2 -1
2 0 4154 3918 3392 3.65685 1
3 0 4146 3914 3392 6 2
4 0 4138 3918 3392 3.65685 3
5 0 4134 3922 3392 3.65685 4
6 0 4130 3926 3396 6 5
7 0 4126 3938 3400 6.94427 6
8 2 4111.55 3949.22 3403.22 8.85448 7
9 0 4102 3950 3412 6 8
10 0 4094 3950 3420 6 9
11 0 4086 3950 3424 3.65685 10
12 0 4078 3950 3432 6 11
13 0 4070 3950 3440 6 12
14 0 4062 3946 3448 9.31371 13
15 0 4054 3938 3452 2 14
16 0 4054 3934 3452 2 15
17 0 4102 3958 3384 6 8
18 0 4094 3970 3376 6 17
19 0 4090 3974 3372 3.65685 18
20 0 4086 3978 3372 3.65685 19
21 0 4082 3982 3372 2 20
22 0 4082 3986 3372 2 21
