# Generated by NeuTu (https://github.com/janelia-flyem/NeuTu)
1 0 4534 2265 3754 2 -1
2 0 4538 2265 3750 3.65685 1
3 0 4546 2261 3742 6 2
4 0 4550 2257 3738 6 3
5 0 4546 2253 3730 3.65685 4
6 0 4546 2253 3722 3.65685 5
7 0 4546 2253 3714 6 6
8 0 4546 2249 3702 6 7
9 0 4550 2253 3698 6 8
10 0 4550 2257 3686 3.65685 9
11 0 4550 2261 3678 6 10
12 0 4550 2265 3670 2 11
13 0 4550 2265 3666 2 12
14 0 4518 2237 3682 6 8
15 0 4518 2237 3690 6 14
16 0 4510 2245 3698 6.94427 15
17 0 4494 2265 3694 6 16
18 2 4483.16 2288.05 3688.84 13.2064 17
19 0 4506 2305 3642 18 18
20 2 4520.77 2305 3619.85 24.3072 19
21 0 4498 2289 3602 6 20
22 0 4490 2281 3594 6 21
23 0 4486 2281 3586 6 22
24 0 4478 2281 3574 9.31371 23
25 0 4470 2289 3566 9.31371 24
26 0 4546 2306.95 3580.37 23.5486 20
27 0 4574 2329 3582 10 26
28 0 4590 2341 3582 9.31371 27
29 0 4594 2349 3586 6.94427 28
30 0 4594 2357 3594 3.65685 29
31 0 4594 2361 3602 3.65685 30
32 0 4594 2361 3610 6 31
33 0 4598 2365 3614 6 32
34 0 4606 2369 3622 10 33
35 0 4622 2377 3630 6.94427 34
36 0 4638 2385 3634 6 35
37 0 4646 2385 3634 6 36
38 0 4650 2389 3638 6 37
39 0 4662 2393 3638 6 38
40 0 4670 2393 3638 6 39
41 0 4678 2401 3646 6 40
42 0 4694 2401 3654 9 41
43 0 4706 2401 3654 6 42
44 0 4714 2397 3654 6 43
45 0 4726 2393 3654 9.31371 44
46 0 4734 2389 3646 3.65685 45
47 0 4742 2385 3638 6 46
48 0 4750 2381 3630 10 47
49 0 4758 2389 3626 6 48
50 0 4758 2397 3630 2 49
51 0 4758 2401 3634 3.65685 50
52 0 4754 2401 3642 3.65685 51
53 0 4750 2401 3646 2 52
54 0 4706 2413 3670 6 42
55 0 4730 2417 3674 6 54
56 0 4738 2417 3674 6 55
57 0 4746 2417 3674 2 56
58 0 4754 2417 3678 6 57
59 0 4758 2421 3682 6 58
60 0 4610 2361 3574 12.4222 29
61 0 4622 2365 3578 6 60
62 0 4634 2361 3578 6 61
63 0 4650 2361 3578 6 62
64 0 4666 2365 3586 6.94427 63
65 0 4674 2369 3586 6.94427 64
66 0 4682 2389 3582 6 65
67 0 4698 2401 3578 6 66
68 0 4714 2409 3578 6.94427 67
69 0 4730 2421 3582 6.94427 68
70 0 4738 2433 3582 6 69
71 0 4738 2441 3582 6 70
72 0 4746 2449 3582 6.94427 71
73 0 4754 2453 3574 9.31371 72
74 0 4762 2469 3562 2 73
75 0 4762 2473 3562 2 74
76 0 4762 2477 3562 2 75
77 0 4538 2309 3538 12.4222 26
78 0 4534 2301 3518 10.6491 77
79 0 4526 2297 3478 22.3311 78
80 2 4541.12 2293 3435.47 18.3896 79
81 0 4550 2265 3398 19.5407 80
82 0 4550 2257 3374 23.2982 81
83 0 4558 2241 3354 6.94427 82
84 0 4574 2241 3350 6 83
85 0 4590 2241 3350 10 84
86 0 4602 2245 3358 12.4222 85
87 0 4622 2265 3370 9.31371 86
88 0 4622 2277 3370 6 87
89 0 4622 2285 3370 2 88
90 0 4626 2289 3370 3.65685 89
91 0 4618 2309 3366 9.31371 90
92 0 4610 2325 3350 9.31371 91
93 0 4610 2337 3350 6 92
94 0 4606 2349 3346 6.94427 93
95 0 4606 2361 3342 10.6491 94
96 0 4542 2293 3410 18 80
97 0 4538 2309 3386 6 96
98 0 4538 2325 3378 6 97
99 0 4534 2333 3370 6 98
100 2 4534.8 2337 3360.4 6 99
101 0 4526 2353 3354 6.94427 100
102 0 4538.67 2361 3329.33 9.59966 101
103 0 4554 2361 3326 6 102
104 0 4566 2369 3326 6.94427 103
105 0 4570 2377 3330 6.94427 104
106 0 4578 2385 3330 10.6491 105
107 0 4602 2385 3342 6.94427 106
108 0 4606 2389 3350 3.65685 107
109 0 4610 2393 3354 6 108
110 0 4534 2393 3314 9.31371 102
111 0 4518 2365 3366 6.94427 101
112 0 4506 2381 3370 6.94427 111
113 0 4498 2389 3378 6.94427 112
114 0 4490 2385 3390 6.94427 113
115 0 4482 2385 3406 6 114
116 0 4482 2385 3414 6 115
117 0 4482 2385 3422 3.65685 116
118 0 4486 2385 3426 2 117
119 0 4486 2385 3430 2 118
120 0 4490 2385 3434 3.65685 119
121 0 4494 2389 3438 2 120
122 0 4546 2333 3346 6.94427 100
123 0 4550 2329 3334 6 122
124 0 4558 2333 3326 6 123
125 0 4562 2337 3322 6 124
126 0 4578 2341 3326 9.31371 125
127 0 4570 2353 3342 3.65685 126
128 0 4566 2353 3350 3.65685 127
129 0 4570 2357 3354 3.65685 128
130 0 4570 2357 3362 3.65685 129
131 0 4574 2361 3366 6 130
132 0 4574 2373 3382 6 131
133 0 4574 2385 3390 9.31371 132
134 0 4570 2397 3390 9.31371 133
135 2 4587.33 2346.33 3315.33 9.41416 126
136 0 4586 2345 3298 6 135
137 0 4582 2349 3294 6 136
138 0 4590 2349 3286 6 137
139 0 4590 2349 3278 6 138
140 0 4590 2349 3270 3.65685 139
141 0 4594 2349 3262 6 140
142 0 4598 2353 3258 6 141
143 0 4602 2357 3254 2 142
144 0 4602 2361 3254 2 143
145 0 4590 2357 3310 6.94427 135
146 0 4586 2365 3302 9.31371 145
147 0 4586 2369 3290 6.94427 146
148 0 4594 2381 3278 6 147
149 0 4598 2385 3274 3.65685 148
150 0 4598 2389 3270 3.65685 149
151 0 4602 2393 3262 6.94427 150
152 0 4614 2397 3246 6.94427 151
153 0 4618 2397 3238 6.94427 152
154 0 4618 2397 3230 3.65685 153
155 0 4618 2397 3222 3.65685 154
156 0 4622 2393 3214 6 155
157 0 4622 2397 3202 6 156
158 0 4630 2397 3186 6 157
159 0 4630 2405 3178 6 158
160 0 4634 2409 3170 3.65685 159
161 0 4634 2409 3166 2 160
162 0 4466 2289 3706 6 18
163 0 4454 2293 3722 9.31371 162
164 0 4442 2289 3754 12.4222 163
165 0 4426 2261 3782 14.4924 164
166 0 4422 2249 3794 12.4222 165
167 0 4422 2221 3802 6 166
168 0 4422 2201 3802 6 167
169 2 4426 2187 3804 10.6667 168
170 0 4426 2177 3814 14 169
171 0 4414 2157 3834 6 170
172 0 4414 2145 3846 9.31371 171
173 0 4414 2145 3858 9.31371 172
174 0 4426 2141 3870 9.31371 173
175 0 4438 2141 3870 6 174
176 0 4446 2141 3870 6 175
177 0 4454 2145 3870 3.65685 176
178 0 4462 2149 3874 6.94427 177
179 0 4482 2149 3874 6 178
180 0 4498 2149 3874 6 179
181 0 4510 2149 3878 9.31371 180
182 0 4514 2141 3894 3.65685 181
183 0 4514 2141 3902 6 182
184 0 4514 2133 3918 6 183
185 0 4510 2125 3934 6.94427 184
186 0 4510 2117 3942 6 185
187 0 4517.94 2128.87 3959.97 11.9683 186
188 0 4530 2165 3958 6.94427 187
189 0 4534 2177 3958 10 188
190 0 4534 2193 3946 9.31371 189
191 0 4530 2205 3934 9.31371 190
192 0 4522 2209 3922 6.94427 191
193 0 4514 2209 3910 9.31371 192
194 0 4510 2221 3890 9.31371 193
195 0 4494 2233 3886 3.65685 194
196 0 4490 2237 3886 3.65685 195
197 0 4486 2241 3882 6 196
198 0 4478 2245 3882 6 197
199 0 4474 2253 3878 6 198
200 0 4470 2269 3878 10 199
201 0 4474 2297 3878 9.31371 200
202 0 4474 2309 3874 6 201
203 0 4482 2329 3870 12.4222 202
204 0 4478 2353 3866 6.94427 203
205 0 4478 2369 3862 6.94427 204
206 0 4474 2385 3858 6.94427 205
207 0 4470 2393 3850 9.31371 206
208 0 4482 2405 3834 6.94427 207
209 0 4486 2413 3826 9.31371 208
210 0 4482 2429 3818 9.31371 209
211 0 4490 2449 3810 6.94427 210
212 0 4506 2461 3810 6.94427 211
213 0 4514 2481 3818 6 212
214 0 4518 2489 3826 6 213
215 0 4514 2497 3834 9.31371 214
216 0 4514 2505 3842 6 215
217 0 4454 2381 3862 6 207
218 0 4450 2381 3882 6 217
219 0 4450 2381 3890 6 218
220 0 4506 2125 3986 6 187
221 0 4502 2125 4002 6 220
222 0 4502 2129 4018 6.94427 221
223 0 4502 2129 4030 6 222
224 0 4482 2125 4058 9.31371 223
225 0 4474 2121 4066 3.65685 224
226 0 4470 2121 4066 2 225
227 0 4450 2173 3818 6.94427 170
228 0 4466 2169 3822 6 227
229 0 4478 2165 3822 6.94427 228
230 0 4490 2153 3830 6.94427 229
231 0 4498 2145 3834 6 230
232 0 4502 2141 3838 3.65685 231
233 0 4506 2137 3838 3.65685 232
234 0 4510 2133 3842 3.65685 233
235 0 4514 2133 3842 3.65685 234
236 0 4518 2133 3842 2 235
237 0 4526 2133 3846 6 236
238 0 4538 2125 3846 6 237
239 0 4550 2125 3850 6.94427 238
240 0 4554 2133 3850 2 239
241 0 4554 2137 3850 2 240
242 0 4430 2169 3790 6 169
243 0 4426 2157 3782 6 242
244 0 4426 2157 3774 6 243
245 0 4422 2149 3766 2 244
246 0 4422 2149 3762 2 245
247 0 4394 2257 3814 9.31371 166
248 0 4378 2245 3822 14.4924 247
249 0 4374 2233 3830 6 248
250 0 4362 2241 3842 12.4222 249
251 0 4350 2237 3850 6 250
252 0 4342 2233 3850 6 251
253 0 4330 2225 3866 6.94427 252
254 0 4322 2217 3882 6.94427 253
255 0 4318 2213 3894 6 254
256 0 4314 2209 3898 3.65685 255
257 0 4314 2205 3906 6 256
258 0 4306 2205 3926 3.65685 257
259 0 4306 2205 3930 3.65685 258
260 0 4306 2205 3938 6 259
261 0 4302 2201 3954 6 260
262 0 4302 2197 3966 3.65685 261
263 0 4302 2197 3974 6 262
264 0 4298 2197 3986 3.65685 263
265 0 4298 2197 3994 6 264
266 0 4290 2197 4010 6.94427 265
267 0 4278 2193 4022 6 266
268 0 4270 2193 4038 6 267
269 0 4262 2193 4054 6 268
270 0 4258 2189 4062 3.65685 269
271 0 4258 2189 4066 3.65685 270
272 0 4258 2189 4074 6 271
273 0 4250 2189 4090 6 272
274 0 4246 2189 4102 6 273
275 0 4242 2189 4114 2 274
276 0 4238 2189 4118 3.65685 275
277 0 4238 2185 4122 2 276
278 0 4238 2189 4130 2 277
279 0 4234 2193 4134 3.65685 278
280 0 4230 2193 4138 3.65685 279
281 0 4226 2197 4142 6 280
282 0 4214 2197 4158 6 281
283 0 4214 2197 4166 3.65685 282
284 0 4210 2197 4182 6.94427 283
285 0 4210 2193 4194 6 284
286 0 4206 2189 4198 3.65685 285
287 0 4202 2189 4206 6 286
288 0 4206 2189 4222 6 287
289 0 4206 2177 4238 6 288
290 0 4202 2173 4250 10 289
291 0 4198 2173 4262 9.31371 290
292 0 4202 2181 4270 6 291
293 0 4202 2189 4278 6 292
294 0 4202 2197 4286 3.65685 293
295 0 4206 2201 4290 2 294
296 0 4206 2205 4290 2 295
297 0 4206 2209 4290 2 296
