# Generated by NeuTu (https://github.com/janelia-flyem/NeuTu)
1 0 3539 2393 3628 6.94427 -1
2 0 3547 2405 3616 9.31371 1
3 0 3563 2409 3604 10 2
4 0 3583 2409 3588 10.6491 3
5 0 3619 2405 3580 14 4
6 0 3659 2397 3588 10.6491 5
7 0 3683 2381 3600 18 6
8 0 3713.67 2382.33 3609.33 16.2091 7
9 0 3730.43 2385.86 3621.71 20.3459 8
10 0 3759.73 2393.98 3636.98 17.7561 9
11 0 3771 2425 3672 10 10
12 0 3775 2437 3700 12.4222 11
13 0 3783 2445 3716 10 12
14 0 3803 2449 3744 31.9411 13
15 0 3795 2461 3776 18.3961 14
16 0 3795 2461 3804 22.3311 15
17 2 3798 2452 3822 20.2383 16
18 2 3799 2449 3848 14.9234 17
19 0 3803 2445 3876 12.4222 18
20 2 3795.44 2441.22 3902.44 21.7806 19
21 2 3795 2443.92 3921.51 19.1706 20
22 0 3839 2473 3972 15.8885 21
23 2 3854.03 2506.59 3980 17.6344 22
24 0 3879 2529 3980 18 23
25 0 3903 2545 3972 26.2843 24
26 2 3919.72 2545 3958.07 26.0862 25
27 2 3950.26 2552.75 3932.62 26 26
28 2 3961.81 2563.81 3918.49 26.5703 27
29 0 3975 2585 3888 20.6274 28
30 0 3995 2613 3844 23.6125 29
31 2 4017.8 2617 3786.4 27.0364 30
32 2 4026.3 2617 3700.22 21.4426 31
33 0 4032.56 2617.78 3667.32 21.4557 32
34 0 4039 2621 3648 22 33
35 0 4047 2625 3624 23.6125 34
36 2 4063 2637 3576 23.9272 35
37 0 4075 2633 3508 22 36
38 0 4083 2637 3452 14.9706 37
39 0 4103 2633 3420 14 38
40 0 4123 2629 3384 18 39
41 0 4139 2641 3336 14 40
42 0 4139 2649 3296 15.8885 41
43 2 4154.13 2652.57 3247.48 25.3838 42
44 0 4159 2660.75 3214.03 25.979 43
45 0 4159 2657 3184 21.3238 44
46 2 4166.02 2682.16 3137.86 33.5877 45
47 0 4167 2689 3132 35.9473 46
48 0 4175 2705 3073.33 25.5802 47
49 0 4191 2717 2996 15.8885 48
50 0 4211 2721 2944 14 49
51 0 4231 2725 2904 18 50
52 0 4239 2733 2864 14.4924 51
53 0 4273.46 2740.45 2784.06 38.4963 52
54 2 4278.83 2747.96 2775.48 40.8924 53
55 2 4286.14 2758.2 2763.77 44.1628 54
56 0 4287 2795.2 2697.4 45.6014 55
57 0 4281.05 2809.63 2661.39 46.6985 56
58 2 4262.43 2824.11 2640.7 35.8785 57
59 2 4249.7 2843.42 2617.58 29.4881 58
60 0 4247 2889 2564 34 59
61 0 4255 2929 2484 40.5206 60
62 2 4269.68 2965.05 2387.24 49.1472 61
63 2 4272.02 2975.1 2377.46 47.2612 62
64 2 4277.29 3006.73 2364.28 33.0693 63
65 0 4275 3049 2360 22 64
66 0 4275 3089 2384 14 65
67 0 4271 3113 2408 12.4222 66
68 0 4267 3129 2432 14.9706 67
69 0 4267 3137 2476 12.4222 68
70 0 4275 3145 2520 14.4924 69
71 0 4271 3145 2552 14 70
72 0 4267 3141 2580 15.8885 71
73 0 4259 3141 2620 10.6491 72
74 0 4255 3145 2636 12.4222 73
75 0 4251 3149 2648 10 74
76 0 4247 3153 2680 14 75
77 0 4239 3153 2692 12.4222 76
78 0 4235 3173 2736 26.2843 77
79 0 4223 3185 2812 29.241 78
80 0 4207 3181 2880 14.4924 79
81 0 4207 3165 2924 12.4222 80
82 0 4203 3141 2968 15.8885 81
83 0 4203 3129 3012 14.4924 82
84 0 4203 3125 3048 14.4924 83
85 0 4203 3117 3068 18 84
86 0 4199 3089 3096 14 85
87 0 4191 3073 3132 14.4924 86
88 0 4187 3065 3180 12.4222 87
89 0 4183 3065 3208 14.4924 88
90 0 4179 3069 3240 14 89
91 0 4179 3065 3284 12.4222 90
92 0 4171 3053 3312 12.4222 91
93 0 4159 3045 3336 12.4222 92
94 0 4147 3033 3364 12.4222 93
95 0 4135 3029 3392 14 94
96 0 4123 3025 3428 14 95
97 0 4107 3021 3480 18 96
98 0 4095 3017 3516 15.8885 97
99 0 4083 3013 3556 14.4924 98
100 0 4083 3009 3592 14.4924 99
101 0 4075 3001 3628 14 100
102 0 4063 2985 3652 12.4222 101
103 0 4055 2985 3684 14 102
104 0 4035 2989 3724 18 103
105 0 4023 2989 3760 14.4924 104
106 0 4015 2993 3800 12.4222 105
107 0 4007 2989 3832 14.4924 106
108 0 3999 2977 3864 14.4924 107
109 0 3991 2953 3892 14.9706 108
110 0 3971 2933 3928 12.4222 109
111 0 3963 2929 3956 12.4222 110
112 0 3959 2925 3984 12.4222 111
113 0 3955 2921 4012 10.6491 112
114 0 3947 2921 4052 14 113
115 0 3947 2917 4088 14 114
116 0 3943 2913 4124 18 115
117 0 3931 2917 4168 19.5407 116
118 0 3899 2893 4208 18 117
119 0 3891 2861 4244 12.4222 118
120 0 3891 2853 4256 12.4222 119
121 0 3895 2857 4280 10.6491 120
122 0 3895 2861 4312 14.9706 121
123 0 3887 2849 4352 14 122
124 0 3883 2837 4384 12.4222 123
125 0 3875 2825 4396 12.4222 124
126 0 3875 2821 4424 12.4222 125
127 0 3875 2817 4440 10.6491 126
128 0 3875 2809 4472 15.8885 127
129 0 3871 2809 4496 15.8885 128
130 0 3867 2789 4520 14.9706 129
131 0 3855 2765 4540 14.4924 130
132 0 3839 2729 4576 21.3238 131
133 0 3827 2729 4616 14.4924 132
134 0 3823 2737 4648 12.4222 133
135 0 3823 2737 4684 14 134
136 0 3819 2725 4732 18 135
137 0 3799 2709 4768 15.8885 136
138 0 3771 2697 4808 15.8885 137
139 0 3759 2697 4840 12.4222 138
140 0 3755 2689 4876 14.4924 139
141 0 3739 2685 4912 14.9706 140
142 0 3723 2677 4952 14.4924 141
143 0 3703 2673 4980 14.4924 142
144 0 3699 2665 5000 14.4924 143
145 0 3683 2613 5060 41.0813 144
146 0 3679 2601 5100 39.1825 145
147 0 3655 2573 5152 14.4924 146
148 0 3635 2561 5176 12.4222 147
149 0 3611 2561 5208 10 148
150 0 3591 2569 5228 12.4222 149
151 0 3579 2569 5268 15.8885 150
152 0 3579 2557 5304 15.8885 151
153 0 3579 2533 5344 14.4924 152
154 0 3579 2509 5394 20.4085 153
155 0 3567 2509 5456 14 154
156 0 3563 2509 5496 12.4222 155
157 0 3559 2497 5532 15.8885 156
158 0 3555 2481 5580 18 157
159 0 3559 2477 5636 23.2982 158
160 0 3559 2485 5688 18 159
161 0 3559 2485 5728 14.4924 160
162 0 3551 2489 5768 14.4924 161
163 0 3551 2489 5784 10.6491 162
164 0 3543 2493 5836 30 163
165 0 3543 2493 5872 35.9473 164
166 0 3535 2493 5944 23.6125 165
167 0 3527 2493 5988 18 166
168 0 3523 2505 6028 14 167
169 0 3523 2513 6052 10.6491 168
170 0 3523 2521 6080 10 169
171 0 3523 2521 6104 6.94427 170
172 0 3519 2521 6128 10.6491 171
173 0 3507 2521 6156 15.8885 172
174 0 3491 2517 6188 15.8885 173
175 0 3475 2525 6232 15.8885 174
176 0 3471 2533 6284 14 175
177 0 3459 2549 6336 21.3238 176
178 0 3447 2557 6388 19.5407 177
179 0 3431 2557 6428 18 178
180 0 3415 2545 6460 18 179
181 0 3407 2541 6528 18 180
182 0 3403 2541 6572 18 181
183 0 3399 2521 6628 18 182
184 0 3395 2521 6668 18 183
185 0 3395 2521 6716 19.5407 184
186 0 3375 2513 6772 18 185
187 0 3359 2493 6808 14 186
188 0 3355 2481 6840 14.4924 187
189 0 3347 2465 6876 14.4924 188
190 0 3343 2449 6916 18 189
191 0 3343 2433 6952 15.8885 190
192 0 3343 2421 6988 14 191
193 0 3331 2405 7028 18 192
194 0 3323 2397 7080 14.9706 193
195 0 3303 2389 7120 18 194
196 0 3295 2393 7168 18 195
197 0 3283 2393 7208 18 196
198 0 3279 2393 7248 18.3961 197
199 0 3271 2377 7288 14.9706 198
200 0 3255 2365 7336 26 199
201 2 3241.11 2326.64 7383.07 21.8808 200
202 0 3235 2261 7416 22 201
203 0 3235 2237 7420 14 202
204 0 3239 2205 7420 14 203
205 2 3254.78 2138.22 7416.11 43.0429 204
206 2 3253.9 2132.97 7416.37 43.718 205
207 2 3247.08 2107.95 7418.64 44.4072 206
208 0 3238.01 2000.01 7442.89 43.1514 207
209 0 3207 1969 7436 21.3238 208
210 0 3187 1949 7404 12.4222 209
211 0 3175 1941 7376 10 210
212 0 3167 1933 7344 12.4222 211
213 0 3159 1925 7304 10 212
214 0 3143 1925 7280 14 213
215 0 3131 1925 7236 14.4924 214
216 0 3127.8 1937 7193.6 14 215
217 0 3135 1937 7172 14 216
218 0 3139 1921 7144 12.4222 217
219 0 3147 1913 7108 14 218
220 0 3167 1901 7084 14 219
221 0 3171 1901 7068 10 220
222 0 3175 1901 7048 12.4222 221
223 0 3187 1897 7016 10 222
224 0 3187 1897 6988 12.4222 223
225 0 3187 1897 6964 10 224
226 0 3195 1901 6932 6.94427 225
227 0 3199 1901 6916 6 226
228 0 3199 1901 6904 6 227
229 0 3199 1897 6884 6.94427 228
230 0 3199 1889 6872 10 229
231 0 3199 1885 6852 9.31371 230
232 0 3199 1889 6816 10.6491 231
233 0 3195 1893 6788 14 232
234 0 3187 1889 6740 10.6491 233
235 0 3183 1885 6716 12.4222 234
236 0 3167 1885 6680 19.5407 235
237 0 3155 1889 6656 26.2843 236
238 2 3152.32 1889 6634.58 26.6591 237
239 0 3119 1853 6568 14.9706 238
240 0 3099 1837 6532 10.6491 239
241 0 3095 1825 6520 12.4222 240
242 0 3095 1821 6488 14.4924 241
243 0 3095 1813 6456 14 242
244 2 3103.8 1813 6438.4 13.8422 243
245 0 3123 1813 6412 12.4222 244
246 0 3131 1813 6400 14 245
247 0 3143 1813 6388 9.31371 246
248 0 3167.06 1818.97 6359.87 15.1668 247
249 0 3187 1813 6336 10 248
250 0 3195 1805 6316 9.31371 249
251 0 3211 1793 6304 10.6491 250
252 0 3231 1781 6288 9.31371 251
253 0 3255 1777 6284 10.6491 252
254 0 3275 1777 6256 12.4222 253
255 2 3319.64 1776.63 6221.87 25.51 254
256 0 3323 1777 6220 26.2843 255
257 0 3327 1805 6224 14 256
258 0 3327 1821 6224 14 257
259 0 3335 1841 6192 9.31371 258
260 0 3335 1829 6176 10.6491 259
261 0 3335 1821 6168 10.6491 260
262 0 3331 1809 6164 6 261
263 0 3319 1797 6164 6 262
264 0 3339 1765 6172 22 256
265 0 3343 1757 6148 6.94427 264
266 0 3287 1761 6192 18 255
267 0 3271 1749 6184 6 266
268 0 3147 1809 6348 9.31371 248
269 0 3135 1805 6336 14 268
270 0 3127 1801 6320 9.31371 269
271 0 3071 1805 6420 12.4222 244
272 2 3053.67 1791.67 6402.67 11.8312 271
273 0 3047 1785 6384 10 272
274 0 3043 1789 6368 12.4222 273
275 0 3031 1777 6348 10.6491 274
276 0 3019 1769 6316 12.4222 275
277 2 2999.76 1760.62 6281.52 17.619 276
278 0 2980.96 1767.04 6245.73 24.0392 277
279 0 2999 1789 6212 10 278
280 0 3011 1797 6192 9.31371 279
281 0 3015 1805 6168 6.94427 280
282 0 3011 1805 6160 6.94427 281
283 0 3011 1809 6148 2 282
284 0 2943 1793 6256 10 278
285 0 2939 1801 6264 9.31371 284
286 0 2923 1805 6280 3.65685 285
287 0 2919 1805 6284 2 286
288 0 2987 1785 6288 10 277
289 0 2987 1797 6284 12.4222 288
290 0 2983 1809 6276 6.94427 289
291 0 3047 1809 6368 6.94427 274
292 0 3047 1825 6372 6 291
293 0 3047 1833 6372 6 292
294 0 3051 1841 6372 2 293
295 0 3051 1845 6372 2 294
296 0 3043 1793 6420 6 272
297 0 3039 1781 6440 9.31371 296
298 0 3019 1773 6460 9.31371 297
299 0 3007 1777 6472 10 298
300 0 3011 1785 6500 9.31371 299
301 0 3011 1773 6520 3.65685 300
302 0 3007 1773 6524 2 301
303 0 3187 1869 6640 9.31371 238
304 0 3199 1873 6632 9.31371 303
305 0 3219 1873 6632 10 304
306 0 3239 1885 6636 14 305
307 0 3255 1877 6620 2 306
308 0 3259 1877 6620 2 307
309 0 3147 1845 6656 14.4924 237
310 0 3135 1829 6656 14 309
311 0 3135 1817 6668 14 310
312 0 3135 1801 6672 6.94427 311
313 0 3131 1793 6672 6 312
314 2 3100.73 1914.4 7191.95 14 216
315 0 3091 1901 7204 9.31371 314
316 2 3082.27 1890.82 7203.27 7.37508 315
317 0 3079 1881 7200 9.31371 316
318 0 3083 1877 7180 10.6491 317
319 0 3083 1865 7160 6.94427 318
320 0 3075 1881 7220 6 316
321 0 3067 1873 7228 6 320
322 0 3063 1865 7236 6.94427 321
323 0 3067 1865 7244 6 322
324 0 3091 1937 7192 10 314
325 0 3087 1953 7184 9.31371 324
326 0 3087 1961 7176 6 325
327 0 3307 1973 7464 18.3961 208
328 0 3335 1949 7452 14.9706 327
329 0 3355 1937 7428 9.31371 328
330 0 3371 1917 7408 6 329
331 0 3383 1913 7396 6 330
332 0 3391 1905 7384 10 331
333 0 3399 1885 7364 12.4222 332
334 0 3403 1877 7352 9.31371 333
335 0 3415 1873 7324 9.31371 334
336 0 3427 1861 7296 12.4222 335
337 0 3423 1857 7272 10.6491 336
338 0 3423 1853 7244 10 337
339 0 3427 1853 7220 10 338
340 0 3435 1849 7200 6.94427 339
341 0 3439 1849 7184 6.94427 340
342 0 3443 1849 7160 10 341
343 0 3443 1845 7136 9.31371 342
344 0 3435 1841 7104 10 343
345 0 3427 1841 7076 10 344
346 0 3411 1849 7060 9.31371 345
347 0 3407 1849 7048 12.4222 346
348 0 3403 1849 7016 9.31371 347
349 0 3391 1841 7000 9.31371 348
350 0 3371 1825 6976 12.4222 349
351 0 3367 1809 6952 14.9706 350
352 0 3359 1789 6924 9.31371 351
353 0 3367 1785 6896 14 352
354 0 3383 1785 6880 18 353
355 0 3407 1789 6876 10.6491 354
356 0 3443 1801 6868 14 355
357 0 3475 1801 6868 14 356
358 0 3539 1805 6868 22 357
359 2 3563 1805 6856 31.1662 358
360 2 3609.26 1802.62 6828.18 26.6027 359
361 0 3651 1813 6816 10 360
362 0 3667 1825 6812 3.65685 361
363 0 3675 1829 6812 6 362
364 0 3683 1829 6804 6 363
365 0 3695 1829 6800 10 364
366 0 3723 1837 6772 6 365
367 0 3735 1837 6756 6.94427 366
368 0 3743 1845 6732 9.31371 367
369 0 3747 1853 6712 6 368
370 0 3747 1857 6696 6 369
371 0 3743 1857 6676 6 370
372 0 3739 1853 6660 6 371
373 0 3735 1841 6644 6.94427 372
374 0 3731 1821 6632 9.31371 373
375 0 3727 1813 6620 12.4222 374
376 0 3623 1765 6832 10.6491 360
377 0 3615 1753 6832 6 376
378 0 3595 1785 6884 14 359
379 0 3607 1777 6896 6 378
380 0 3619 1797 6916 9.31371 379
381 0 3639.74 1811.37 6932.74 10.2645 380
382 0 3659 1817 6940 6 381
383 0 3679 1825 6940 6.94427 382
384 0 3695 1833 6940 6.94427 383
385 0 3711 1841 6948 6.94427 384
386 0 3727 1849 6948 6.94427 385
387 0 3739 1853 6952 6 386
388 0 3747 1853 6956 3.65685 387
389 0 3751 1853 6964 6 388
390 0 3763 1857 6980 6 389
391 0 3771 1853 6992 6 390
392 0 3771 1849 7004 6 391
393 0 3775 1845 7012 9.31371 392
394 0 3783 1845 7020 6.94427 393
395 0 3791 1849 7016 3.65685 394
396 0 3795 1849 7016 2 395
397 0 3627 1829 6936 6.94427 381
398 0 3623 1837 6920 9.31371 397
399 0 3619 1845 6892 14.4924 398
400 0 3551 1821 6908 10 358
401 0 3555 1837 6920 14 400
402 0 3559 1849 6932 12.4222 401
403 0 3551 1861 6936 6 402
404 0 3455 1865 7296 6 336
405 0 3471 1865 7296 6 404
406 0 3491 1877 7296 10.6491 405
407 0 3503 1881 7292 6.94427 406
408 0 3519 1897 7292 6.94427 407
409 0 3535 1909 7288 6.94427 408
410 0 3547 1913 7288 6 409
411 0 3563 1917 7288 9.31371 410
412 2 3598.35 1924.89 7288 23.3101 411
413 2 3617.89 1943.89 7295.56 21.451 412
414 0 3631 1965 7316 21.3238 413
415 0 3631 1977 7352 10.6491 414
416 0 3631 1977 7376 10 415
417 0 3635 1973 7396 12.4222 416
418 0 3639 1969 7424 10 417
419 0 3643 1969 7444 9.31371 418
420 0 3647 1969 7468 6.94427 419
421 0 3647 1969 7476 6.94427 420
422 2 3655 1957 7490 12.1194 421
423 0 3655 1957 7516 10 422
424 0 3651 1961 7528 12.4222 423
425 0 3651 1981 7560 9.31371 424
426 0 3651 1993 7572 6 425
427 0 3643 2001 7580 6 426
428 0 3643 2001 7588 6 427
429 0 3635 2017 7608 10 428
430 0 3623 2029 7632 10.6491 429
431 0 3603 2045 7660 12.4222 430
432 0 3575 2045 7676 14.4924 431
433 0 3551 2053 7692 12.4222 432
434 0 3551 2065 7700 6.94427 433
435 0 3551 2077 7708 6.94427 434
436 0 3551 2093 7716 9.31371 435
437 0 3555 2101 7724 6 436
438 0 3555 2109 7732 9.31371 437
439 0 3551 2121 7744 6.94427 438
440 0 3527 2049 7708 9.31371 433
441 0 3507 2069 7712 9.31371 440
442 0 3503 2077 7720 6 441
443 0 3639 1925 7488 9.31371 422
444 0 3627 1921 7484 6.94427 443
445 0 3623 1913 7484 3.65685 444
446 0 3615 1905 7484 6 445
447 0 3631 1957 7268 14 413
448 0 3643 1945 7260 6.94427 447
449 2 3664.86 1930.43 7263.29 11.8671 448
450 0 3671 1917 7260 6.94427 449
451 0 3667 1905 7248 6 450
452 0 3659 1897 7240 6 451
453 0 3659 1889 7236 3.65685 452
454 0 3655 1885 7236 2 453
455 0 3675 1953 7272 10.6491 449
456 0 3687 1961 7272 9.31371 455
457 0 3615 1889 7264 6.94427 412
458 0 3619 1881 7256 6 457
459 0 3627 1873 7256 9.31371 458
460 0 3643 1857 7244 9.31371 459
461 0 3647 1849 7240 6 460
462 0 3327 2153 7392 26.2843 207
463 2 3387 2165 7388 21.9819 462
464 0 3419 2165 7384 19.5407 463
465 2 3455 2173 7408 26.0948 464
466 0 3471 2197 7456 18.3961 465
467 0 3459 2205 7496 14.9706 466
468 0 3455 2209 7524 18 467
469 0 3443 2205 7540 9.31371 468
470 0 3435 2197 7560 10.6491 469
471 0 3419 2185 7592 12.4222 470
472 0 3403.35 2158.8 7615.65 20.104 471
473 0 3347 2133 7668 15.8885 472
474 0 3315 2121 7688 18 473
475 2 3284.75 2127.25 7698.81 23.5775 474
476 0 3271 2141 7716 15.8885 475
477 0 3279 2157 7728 10 476
478 0 3295 2165 7748 14 477
479 0 3327 2169 7756 10 478
480 0 3347 2165 7744 6.94427 479
481 0 3359 2165 7744 2 480
482 2 3261.74 2110.04 7693.54 20.4557 475
483 0 3231 2109 7680 6.94427 482
484 0 3215 2125 7676 6.94427 483
485 0 3203 2141 7676 6.94427 484
486 0 3187 2153 7684 6.94427 485
487 0 3179 2161 7688 6 486
488 0 3259 2097 7716 18 482
489 0 3259 2093 7736 10 488
490 0 3271 2089 7744 6.94427 489
491 0 3283 2085 7748 10 490
492 0 3295 2089 7752 9.31371 491
493 0 3307 2097 7760 3.65685 492
494 0 3311 2097 7760 2 493
495 0 3387 2133 7584 14 472
496 0 3475 2209 7540 6 468
497 0 3479 2217 7548 9.31371 496
498 0 3479 2229 7548 6 497
499 0 3475 2257 7564 14.4924 498
500 0 3471 2285 7564 10 499
501 0 3471 2313 7572 6.94427 500
502 0 3475 2333 7588 10 501
503 0 3475 2345 7596 9.31371 502
504 0 3467 2349 7600 6.94427 503
505 0 3487 2133 7392 14 465
506 0 3515 2137 7384 14.4924 505
507 0 3559 2145 7392 10 506
508 0 3571 2141 7400 10 507
509 0 3575 2133 7408 3.65685 508
510 0 3579 2129 7408 2 509
511 0 3479 2109 7396 9.31371 505
512 0 3475 2101 7400 6 511
513 0 3475 2093 7400 6 512
514 0 3387 2193 7412 14.4924 463
515 0 3347 2181 7400 12.4222 462
516 0 3347 2197 7424 12.4222 515
517 0 3339 2205 7432 9.31371 516
518 0 3291 2113 7364 14.4924 206
519 0 3287 2097 7352 9.31371 518
520 0 3291 2089 7328 14.4924 519
521 0 3307 2089 7332 9.31371 520
522 0 3323 2081 7340 14 521
523 0 3327 2061 7348 18 522
524 0 3275 2081 7280 18 520
525 0 3311 2161 7420 18 205
526 0 3323 2169 7432 10 525
527 0 3339 2185 7448 12.4222 526
528 0 3355 2185 7448 14.4924 527
529 0 3239 2357 7404 12.4222 201
530 0 3227 2361 7424 9.31371 529
531 0 3227 2361 7436 9.31371 530
532 0 3231 2361 7452 14 531
533 0 3231 2357 7484 9.31371 532
534 0 3239 2361 7508 12.4222 533
535 0 3239 2361 7532 10 534
536 0 3239 2357 7552 10 535
537 0 3239 2361 7584 12.4222 536
538 0 3235 2365 7624 14.4924 537
539 0 3235 2357 7668 18 538
540 0 3235 2353 7700 14 539
541 0 3235 2353 7716 10.6491 540
542 0 3235 2341 7748 12.4222 541
543 0 3239 2333 7772 12.4222 542
544 0 3239 2329 7784 10 543
545 0 3243 2329 7796 12.4222 544
546 0 3247 2325 7816 10 545
547 0 3263 2325 7852 14.9706 546
548 0 3279 2325 7876 18 547
549 0 3299 2313 7896 12.4222 548
550 0 3323 2297 7912 12.4222 549
551 0 3335 2285 7916 14.4924 550
552 0 3375 2277 7928 15.8885 551
553 0 3419 2253 7932 18 552
554 0 3455 2233 7944 18.3961 553
555 0 3491 2217 7944 12.4222 554
556 0 3515 2205 7944 12.4222 555
557 0 3551 2201 7960 14.9706 556
558 0 3587 2177 7976 19.5407 557
559 0 3607 2165 7984 23.2982 558
560 0 3655 2145 7988 14 559
561 0 3675 2133 7996 12.4222 560
562 0 3543 2433 5612 12.4222 159
563 0 3531 2425 5604 6 562
564 0 3587 2481 5392 10 154
565 0 3591 2449 5396 9.31371 564
566 0 3595 2441 5400 6.94427 565
567 0 3599 2429 5404 9.31371 566
568 0 3603 2421 5408 6 567
569 0 3603 2405 5412 9.31371 568
570 0 3603 2397 5420 10 569
571 2 3620.12 2368.84 5420 14.6311 570
572 0 3635 2345 5416 18 571
573 0 3655 2317 5428 9.31371 572
574 0 3667 2313 5432 10.6491 573
575 0 3675 2305 5436 6.94427 574
576 0 3699 2293 5452 10 575
577 0 3715 2289 5456 9.31371 576
578 0 3731 2285 5460 14 577
579 0 3743 2273 5464 9.31371 578
580 0 3755 2257 5468 9.31371 579
581 0 3771 2241 5468 9.31371 580
582 0 3787 2225 5468 6.94427 581
583 0 3795 2213 5468 10 582
584 0 3799 2201 5460 10 583
585 0 3807 2181 5464 9.31371 584
586 0 3815 2161 5460 10 585
587 0 3831 2129 5456 10 586
588 0 3831 2105 5456 14 587
589 0 3835 2077 5420 44.6476 588
590 0 3883 2029 5384 6.94427 589
591 0 3887 2017 5380 6.94427 590
592 0 3891 2005 5380 12.4222 591
593 0 3903 2005 5376 9.31371 592
594 0 3915 1997 5364 10.6491 593
595 0 3943 1993 5364 12.4222 594
596 0 3963 1993 5352 18 595
597 0 4003 2001 5348 10 596
598 0 4015 2001 5344 6 597
599 0 4023 2001 5340 6.94427 598
600 0 3867 1989 5376 10.6491 592
601 0 3859 1969 5380 3.65685 600
602 0 3855 1965 5380 2 601
603 0 3747 2313 5460 9.31371 578
604 0 3755 2329 5460 10 603
605 0 3755 2337 5452 10 604
606 0 3763 2345 5448 3.65685 605
607 0 3767 2349 5448 2 606
608 0 3767 2353 5448 2 607
609 0 3771 2357 5448 2 608
610 0 3643 2393 5428 6.94427 571
611 0 3659 2409 5432 6.94427 610
612 0 3675 2421 5432 6.94427 611
613 0 3695 2441 5416 9.31371 612
614 0 3711 2441 5416 6.94427 613
615 0 3719 2433 5408 3.65685 614
616 0 3715 2429 5404 2 615
617 0 4191 3201 2868 14.4924 80
618 0 4183 3205 2856 9.31371 617
619 0 4295 3061 2324 6.94427 65
620 0 4307 3069 2312 6 619
621 0 4311 3073 2296 6 620
622 0 4331 3069 2276 6.94427 621
623 0 4347 3065 2256 6.94427 622
624 0 4351 3061 2248 3.65685 623
625 0 4355 3057 2244 6 624
626 0 4359 3053 2228 6 625
627 0 4371 3053 2208 6 626
628 0 4375 3057 2204 3.65685 627
629 0 4379 3057 2196 3.65685 628
630 0 4379 3057 2192 2 629
631 0 4383 3053 2188 6 630
632 0 4383 3049 2168 6 631
633 0 4387 3049 2160 3.65685 632
634 0 4387 3045 2152 6 633
635 0 4387 3041 2136 6 634
636 0 4387 3037 2124 6 635
637 0 4387 3033 2108 6 636
638 0 4387 3033 2100 2 637
639 0 4387 3037 2092 6 638
640 0 4387 3037 2084 3.65685 639
641 0 4387 3033 2076 3.65685 640
642 0 4383 3033 2068 6 641
643 0 4383 3025 2048 6 642
644 0 4383 3021 2040 6 643
645 0 4383 3017 2032 2 644
646 0 4387 3013 2028 6 645
647 0 4391 3009 2012 6 646
648 0 4391 3017 2000 2 647
649 2 4289.7 2989.52 2332.35 39.2063 64
650 0 4307 2981 2288 41.0813 649
651 0 4327 3001 2232 20.6274 650
652 0 4331 3009 2212 15.8885 651
653 0 4359 2997 2164 22.3311 652
654 0 4383 2965 2120 28.4631 653
655 2 4383 2931.43 2081.07 33.2291 654
656 0 4383 2905 2052 37.598 655
657 0 4423 2917 1944 23.2982 656
658 2 4433.91 2920.64 1907.64 23.2982 657
659 2 4438.42 2914.16 1873.23 23.2982 658
660 0 4447 2905 1836 18.3961 659
661 2 4455 2862.32 1803.04 27.4822 660
662 0 4471 2833 1792 21.3238 661
663 2 4497.22 2781.44 1771.56 25.3322 662
664 2 4511 2711.85 1697.9 25.2635 663
665 0 4511 2681 1696 14.4924 664
666 0 4503 2661 1708 10.6491 665
667 0 4495 2637 1720 12.4222 666
668 2 4486.43 2622.71 1729.14 14 667
669 0 4471 2593 1748 14.9706 668
670 0 4451 2569 1760 14.9706 669
671 0 4435 2553 1768 20.6274 670
672 0 4407 2533 1780 10.6491 671
673 0 4383 2529 1780 15.8885 672
674 0 4351 2533 1808 18 673
675 0 4331 2549 1852 15.8885 674
676 0 4331 2569 1880 14 675
677 2 4316.67 2585.67 1907.67 19.5407 676
678 0 4307 2601 1940 18 677
679 2 4296.74 2621.63 1991.52 37.6023 678
680 0 4307 2649 2036 60.2254 679
681 2 4318.26 2651.81 2058.52 58.9647 680
682 2 4320.23 2652.31 2062.47 58.7435 681
683 2 4348.48 2659.37 2118.96 55.5806 682
684 2 4353.62 2660.65 2129.23 55.0055 683
685 0 4375 2621.64 2186.14 47.6819 684
686 0 4379.65 2555.42 2237.58 44.5539 685
687 0 4387 2501 2284 22.3311 686
688 0 4395 2485 2304 10.6491 687
689 0 4399 2477 2332 6.94427 688
690 0 4403 2469 2348 9.31371 689
691 0 4403 2457 2372 9.31371 690
692 0 4403 2449 2396 6.94427 691
693 0 4411 2441 2404 3.65685 692
694 0 4423 2429 2416 9.31371 693
695 0 4435 2421 2428 10.6491 694
696 0 4455 2417 2444 20.6274 695
697 0 4479 2433 2464 12.4222 696
698 0 4495 2441 2488 10 697
699 0 4507 2445 2500 12.4222 698
700 0 4511 2445 2516 9.31371 699
701 0 4515 2437 2524 3.65685 700
702 0 4515 2433 2532 3.65685 701
703 0 4511 2429 2540 6 702
704 0 4511 2417 2560 6 703
705 0 4511 2409 2568 6.94427 704
706 0 4503 2405 2576 3.65685 705
707 0 4499 2401 2580 6 706
708 0 4495 2397 2584 3.65685 707
709 0 4491 2393 2588 6 708
710 0 4483 2385 2596 6.94427 709
711 0 4467 2369 2612 6 710
712 0 4459 2369 2620 6 711
713 0 4451 2365 2624 9.31371 712
714 0 4439 2365 2632 6 713
715 0 4423 2361 2644 9.31371 714
716 0 4411 2349 2656 10.6491 715
717 0 4403 2329 2660 14 716
718 0 4415 2305 2668 3.65685 717
719 0 4419 2301 2672 2 718
720 0 4451 2397 2472 22.3311 696
721 0 4459 2377 2488 12.4222 720
722 0 4411 2477 2268 6.94427 687
723 0 4419 2481 2252 6.94427 722
724 0 4319 2545 2292 30 686
725 0 4303 2533 2328 31.9411 724
726 2 4268.53 2487.68 2384.55 29.3377 725
727 0 4267 2485 2388 29.241 726
728 0 4239 2457 2484 48.5964 727
729 0 4203 2461 2520 15.8885 728
730 0 4187 2461 2520 3.65685 729
731 0 4183 2461 2520 2 730
732 0 4221.41 2463.06 2402.18 21.4709 727
733 0 4191 2457 2396 6.94427 732
734 0 4179 2453 2380 3.65685 733
735 0 4179 2453 2372 6 734
736 0 4179 2445 2364 9.31371 735
737 0 4179 2453 2416 6.94427 732
738 0 4175 2453 2408 3.65685 737
739 0 4175 2449 2404 2 738
740 0 4303 2473 2392 18 726
741 0 4319 2477 2408 12.4222 740
742 0 4315 2489 2408 10.6491 741
743 0 4307 2565 2352 14 725
744 0 4295 2577 2360 6.94427 743
745 0 4259 2593 2360 29.241 744
746 0 4383 2497 2232 18.3961 686
747 0 4395 2477 2236 6.94427 746
748 0 4411 2469 2240 3.65685 747
749 0 4415 2469 2236 2 748
750 0 4419 2533 2164 15.8885 685
751 0 4431 2509 2164 10 750
752 0 4447 2497 2164 9.31371 751
753 0 4455 2489 2168 10.6491 752
754 0 4459 2489 2180 6 753
755 0 4467 2481 2188 12.4222 754
756 0 4387 2697 2160 33.7771 684
757 0 4419 2709 2172 9.31371 756
758 0 4335 2669 2064 58 683
759 0 4399 2637 2048 10 682
760 0 4411 2625 2044 14.4924 759
761 0 4331 2729 2040 10.6491 681
762 0 4331 2737 2032 6 761
763 0 4331 2749 2016 6 762
764 0 4331 2757 2008 6 763
765 0 4331 2765 2008 6 764
766 0 4327 2769 2012 2 765
767 0 4327 2769 2016 2 766
768 0 4259 2609 2068 46.6621 680
769 0 4231 2577 2088 9.31371 768
770 0 4223 2561 2084 14 769
771 0 4247 2589 2000 14.4924 679
772 0 4239 2573 2004 10 771
773 0 4231 2565 2008 3.65685 772
774 0 4227 2561 2004 2 773
775 0 4295 2581 1892 6.94427 677
776 0 4287 2565 1892 6.94427 775
777 0 4283 2557 1884 6 776
778 0 4283 2541 1884 6 777
779 0 4283 2525 1884 6 778
780 0 4283 2517 1880 6 779
781 0 4375 2513 1752 12.4222 673
782 0 4367 2501 1744 6 781
783 0 4355 2489 1752 6.94427 782
784 0 4343 2485 1764 6.94427 783
785 0 4327 2477 1768 9.31371 784
786 0 4311 2453 1776 10.6491 785
787 0 4307 2441 1780 6.94427 786
788 0 4315 2429 1784 6 787
789 0 4323 2413 1788 6 788
790 0 4335 2397 1796 6.94427 789
791 0 4343 2389 1796 6 790
792 0 4463 2625 1728 6.94427 668
793 0 4447 2625 1732 6.94427 792
794 0 4439 2621 1744 14 793
795 0 4491 2757 1628 30.249 664
796 0 4455 2785 1580 21.3238 795
797 0 4427 2781 1552 14.4924 796
798 2 4407.89 2758.78 1525.78 17.6103 797
799 0 4411 2729 1500 22.3311 798
800 0 4439 2697 1500 10.6491 799
801 0 4411 2781 1504 10 798
802 0 4415 2801 1500 3.65685 801
803 0 4415 2805 1500 2 802
804 2 4499 2737 1816 23.8321 663
805 2 4499 2732 1821 24.4576 804
806 0 4495 2705 1836 9.31371 805
807 0 4491 2697 1844 6.94427 806
808 0 4491 2682.88 1854.12 11.994 807
809 0 4491 2673 1864 10 808
810 0 4491 2661 1864 6 809
811 0 4495 2631 1864 14.5577 810
812 0 4492.93 2598.41 1864 26.8904 811
813 0 4443 2537 1844 23.2982 812
814 0 4423 2517 1848 21.3238 813
815 0 4423 2493 1848 10 814
816 2 4426.76 2477.94 1848 10.6109 815
817 0 4439 2445 1848 14.4924 816
818 2 4455 2407.4 1840.8 18.9155 817
819 0 4475 2389 1824 12.4222 818
820 0 4499 2377 1816 9.31371 819
821 0 4515 2361 1804 12.4222 820
822 2 4532.23 2331.92 1776.31 24.9784 821
823 0 4551 2325 1736 24.8328 822
824 0 4583 2333 1704 10 823
825 0 4603 2329 1696 10 824
826 0 4623 2325 1696 9.31371 825
827 0 4639 2325 1696 6 826
828 0 4647 2321 1704 6 827
829 0 4659 2329 1712 6 828
830 0 4663 2337 1712 6 829
831 0 4667 2369 1712 14 830
832 0 4679 2389 1724 22 831
833 0 4699 2437 1752 18 832
834 0 4715 2477 1780 22 833
835 0 4735 2525 1780 26 834
836 0 4747 2549 1780 19.5407 835
837 0 4759 2569 1776 23.2982 836
838 0 4763 2609 1768 10.6491 837
839 0 4763 2621 1768 10 838
840 0 4767 2637 1764 14 839
841 0 4775 2649 1768 9.31371 840
842 0 4787 2665 1768 9.31371 841
843 0 4799 2677 1768 6.94427 842
844 0 4815 2693 1768 9.31371 843
845 0 4823 2705 1756 6.94427 844
846 0 4831 2721 1740 3.65685 845
847 0 4835 2729 1740 3.65685 846
848 0 4843 2745 1740 6.94427 847
849 0 4847 2757 1728 12.4222 848
850 0 4851 2785 1720 6.94427 849
851 0 4851 2797 1720 9.31371 850
852 0 4851 2809 1724 6 851
853 0 4851 2825 1724 6 852
854 0 4851 2837 1728 2 853
855 0 4851 2841 1728 3.65685 854
856 0 4851 2845 1728 3.65685 855
857 0 4847 2849 1732 2 856
858 0 4523 2309 1804 10.6491 822
859 0 4519 2305 1820 6 858
860 0 4515 2309 1828 6.94427 859
861 0 4515 2309 1844 9.31371 860
862 0 4535 2309 1864 6 861
863 0 4551 2309 1880 6 862
864 0 4559 2305 1888 6 863
865 0 4563 2289 1900 10 864
866 0 4571 2281 1912 6 865
867 0 4583 2273 1916 6 866
868 0 4423 2385 1840 12.4222 818
869 0 4407 2353 1840 10.6491 868
870 0 4403 2341 1836 6.94427 869
871 0 4411 2473 1864 9.31371 816
872 0 4399 2473 1876 12.4222 871
873 0 4403 2473 1892 9.31371 872
874 2 4435.67 2471.33 1947.67 38.9001 873
875 0 4423 2509 1980 18 874
876 0 4399 2545 1992 19.5407 875
877 0 4399 2565 1992 18.3961 876
878 2 4396.15 2579.23 1992 15.6185 877
879 0 4391 2597 1980 6 878
880 0 4391 2605 1972 9.31371 879
881 0 4387 2613 1956 14 880
882 0 4387 2609 1932 15.8885 881
883 0 4391 2617 1916 9.31371 882
884 0 4387 2625 1984 10 880
885 0 4387 2641 1992 10 884
886 0 4399 2577 1972 10.6491 878
887 0 4395 2577 1956 15.8885 886
888 0 4411 2589 2028 18 877
889 0 4427 2597 2044 18.3961 888
890 0 4447 2593 2052 9.31371 889
891 0 4423 2409 1964 10.6491 874
892 0 4419 2389 1960 6.94427 891
893 0 4415 2373 1964 6 892
894 0 4411 2361 1964 6.94427 893
895 0 4395 2345 1956 6 894
896 0 4383 2329 1948 6 895
897 0 4379 2325 1944 6 896
898 0 4375 2521 1860 14 814
899 0 4359 2521 1872 14 898
900 0 4347 2513 1872 9.31371 899
901 0 4327 2493 1880 9.31371 900
902 0 4311 2473 1884 6 901
903 0 4295 2465 1880 6 902
904 0 4271 2465 1872 12.4222 903
905 0 4259 2445 1860 10 904
906 0 4247 2429 1844 14.9706 905
907 2 4235.53 2402.24 1840.18 17.8657 906
908 0 4223 2373 1860 6 907
909 0 4223 2357 1872 6.94427 908
910 0 4227 2345 1872 9.31371 909
911 0 4243 2333 1868 3.65685 910
912 0 4251 2325 1868 6.94427 911
913 0 4259 2317 1864 6.94427 912
914 0 4263 2309 1864 3.65685 913
915 0 4271 2301 1868 6.94427 914
916 0 4275 2293 1868 6 915
917 0 4287 2269 1868 10 916
918 0 4299 2249 1868 9.31371 917
919 0 4311 2245 1864 6.94427 918
920 0 4319 2233 1852 9.31371 919
921 0 4311 2237 1844 6 920
922 0 4303 2245 1836 9.31371 921
923 0 4287 2257 1828 6.94427 922
924 0 4279 2265 1824 6 923
925 0 4279 2273 1824 6 924
926 0 4203 2421 1812 14 907
927 0 4187 2433 1800 10.6491 926
928 2 4190.77 2448.06 1788.7 17.941 927
929 0 4203 2445 1764 26 928
930 0 4235 2445 1728 14 929
931 0 4255 2445 1732 14 930
932 0 4143 2445 1788 12.4222 928
933 0 4127 2441 1780 2 932
934 0 4123 2441 1780 2 933
935 0 4355 2537 1884 6.94427 899
936 0 4351 2549 1896 9.31371 935
937 0 4347 2557 1924 10 936
938 0 4347 2561 1948 9.31371 937
939 0 4359 2565 1964 2 938
940 0 4363 2565 1968 2 939
941 0 4519 2589 1888 9.31371 812
942 0 4527 2589 1916 14.9706 941
943 0 4531 2577 1928 9.31371 942
944 0 4527 2565 1932 6 943
945 0 4523 2557 1940 6 944
946 0 4523 2557 1948 3.65685 945
947 0 4523 2553 1952 2 946
948 0 4499 2629 1836 9.31371 811
949 0 4499 2637 1828 6.94427 948
950 0 4491 2657 1816 14.4924 949
951 0 4491 2669 1804 10 950
952 0 4463 2693 1892 26 809
953 0 4487 2725 1904 6 952
954 0 4495 2741 1900 14 953
955 0 4487 2753 1896 12.4222 954
956 0 4471 2757 1896 6.94427 955
957 0 4459 2757 1904 12.4222 956
958 0 4447 2757 1916 6 957
959 0 4431 2753 1932 14 958
960 0 4519 2745 1896 6.94427 954
961 0 4535 2761 1904 9.31371 960
962 0 4515 2681 1860 6 808
963 0 4515 2697 1872 6 962
964 0 4511 2705 1880 6.94427 963
965 0 4539 2709 1828 6.94427 805
966 0 4551 2693 1836 6.94427 965
967 0 4555 2677.4 1845.2 8.60288 966
968 0 4555 2669 1848 6.94427 967
969 0 4547 2645 1856 9.31371 968
970 0 4555 2629 1856 6.94427 969
971 0 4567 2617 1864 6.94427 970
972 0 4575 2605 1868 6.94427 971
973 0 4587 2585 1880 6.94427 972
974 0 4595 2577 1884 6 973
975 0 4605.15 2565 1895.23 9.31371 974
976 0 4611 2565 1904 9.31371 975
977 0 4611 2573 1912 6 976
978 0 4611 2585 1924 6.94427 977
979 0 4603 2589 1940 6 978
980 0 4599 2605 1960 12.4222 979
981 0 4599 2633 1968 6 980
982 0 4623 2545 1892 9.31371 975
983 0 4627 2533 1880 12.4222 982
984 0 4559 2685 1864 6 967
985 0 4567 2693 1872 9.31371 984
986 0 4571 2697 1880 6 985
987 0 4467 2725 1808 6.94427 804
988 0 4455 2721 1800 14 987
989 0 4507 2757 1836 10 804
990 0 4499 2777 1848 6.94427 989
991 2 4425.25 2883.78 1763.24 27.0768 661
992 2 4410.42 2887.52 1744.9 19.177 991
993 0 4391 2885 1724 6.94427 992
994 2 4371.48 2885 1700.64 15.6256 993
995 2 4361.63 2877.98 1690.63 19.0702 994
996 2 4355.78 2873.59 1684.78 21.0587 995
997 0 4335 2857 1672 20.6274 996
998 0 4311 2853 1672 14.4924 997
999 2 4283.29 2849 1681.37 20.2259 998
1000 2 4277.68 2849 1685.85 22.3042 999
1001 2 4260.64 2849 1699.97 27.3083 1000
1002 0 4223 2841 1744 38 1001
1003 2 4199 2812 1797 27.2596 1002
1004 0 4191 2781 1824 21.3238 1003
1005 2 4165.67 2750.33 1862.67 25.2042 1004
1006 2 4160.46 2743.05 1869.95 25.8253 1005
1007 0 4143 2685 1880 18 1006
1008 0 4135 2653 1900 15.8885 1007
1009 2 4135 2635 1918 18 1008
1010 2 4139.19 2616.81 1938.98 16.6047 1009
1011 2 4154.29 2601.71 1962.94 14 1010
1012 0 4155 2601 1980 10 1011
1013 0 4151 2585 2012 14 1012
1014 0 4139 2573 2044 9.31371 1013
1015 0 4115 2569 2076 21.3238 1014
1016 2 4079.26 2566.79 2127.74 45.3007 1015
1017 2 4061.7 2568.39 2145.3 53.8125 1016
1018 2 4029.88 2572.59 2198.66 32.7801 1017
1019 0 4008.78 2574.78 2258.22 22.598 1018
1020 0 4035 2605 2332 44.8188 1019
1021 0 4024.74 2542.74 2340.57 26.3012 1020
1022 0 3999 2525 2356 6.94427 1021
1023 2 3988.57 2538.64 2370.43 9.91989 1022
1024 0 3963 2549 2368 12.4222 1023
1025 0 3959 2577 2368 6.94427 1024
1026 0 3995 2525 2396 10.6491 1023
1027 0 3979 2525 2412 9.31371 1026
1028 0 3963 2525 2420 2 1027
1029 0 3959 2525 2420 2 1028
1030 0 4019 2521 2364 9.31371 1021
1031 0 4019 2501 2380 10 1030
1032 0 4015 2501 2392 6.94427 1031
1033 0 4007 2505 2400 3.65685 1032
1034 0 4003 2505 2400 2 1033
1035 0 3975 2585 2244 6 1019
1036 0 3967 2589 2240 6 1035
1037 0 3951 2593 2236 10 1036
1038 0 3947 2613 2236 14.9706 1037
1039 0 3931 2617 2228 10.6491 1038
1040 0 3915 2613 2224 2 1039
1041 0 3975 2565 2188 18 1018
1042 0 3971 2573 2208 12.4222 1041
1043 0 4035 2609 2080 21.3238 1017
1044 0 4123 2565 2184 29.241 1016
1045 0 4119 2597 2188 9.31371 1044
1046 0 4111 2605 2184 6 1045
1047 0 4131 2533 2224 14.4924 1044
1048 0 4171 2585 1948 9.31371 1011
1049 0 4183 2561 1940 10.6491 1048
1050 0 4191 2549 1932 6.94427 1049
1051 0 4139 2589 1920 6.94427 1010
1052 0 4135 2577 1912 6 1051
1053 0 4135 2565 1908 9.31371 1052
1054 0 4135 2553 1896 6.94427 1053
1055 0 4135 2545 1880 6.94427 1054
1056 0 4131 2537 1872 6 1055
1057 0 4131 2525 1864 10 1056
1058 0 4135 2513 1852 6.94427 1057
1059 0 4139 2505 1852 3.65685 1058
1060 0 4143 2501 1848 6 1059
1061 0 4151 2489 1840 6.94427 1060
1062 0 4167 2477 1824 6.94427 1061
1063 0 4107 2613 1916 9.31371 1009
1064 0 4083 2609 1908 10.6491 1063
1065 0 4075 2601 1900 12.4222 1064
1066 0 4075 2597 1888 6 1065
1067 0 4071 2605 1880 6.94427 1066
1068 0 4063 2601 1872 6 1067
1069 0 4059 2585 1860 6.94427 1068
1070 0 4055 2573 1856 6 1069
1071 0 4047 2557 1840 6.94427 1070
1072 0 4043 2549 1820 9.31371 1071
1073 0 4051 2541 1804 6 1072
1074 0 4059 2545 1788 6.94427 1073
1075 0 4067 2549 1780 9.31371 1074
1076 0 4103 2609 1932 3.65685 1063
1077 0 4099 2605 1940 6.94427 1076
1078 0 4095 2593 1952 6 1077
1079 0 4095 2577 1968 6 1078
1080 0 4091 2557 1988 6.94427 1079
1081 0 4083 2545 1996 10.6491 1080
1082 0 4075 2533 2000 6 1081
1083 0 4119 2677 1868 9.31371 1007
1084 0 4107 2677 1868 6 1083
1085 0 4095 2669 1868 6.94427 1084
1086 0 4079 2641 1876 12.4222 1085
1087 0 4075 2629 1876 6.94427 1086
1088 0 4116.65 2765 1863.41 13.768 1006
1089 0 4103 2765 1860 12.4222 1088
1090 0 4079 2765 1844 6.94427 1089
1091 0 4071 2761 1832 14 1090
1092 0 4055 2781 1804 12.4222 1091
1093 0 4055 2789 1784 12.4222 1092
1094 0 4043 2785 1776 9.31371 1093
1095 0 4031 2773 1764 15.8885 1094
1096 0 4023 2769 1748 10 1095
1097 0 4087 2761 1872 9.31371 1089
1098 0 4071 2761 1872 6 1097
1099 0 4059 2757 1872 6 1098
1100 0 4043 2733 1872 9.31371 1099
1101 0 4023 2717 1860 10 1100
1102 0 3999 2709 1848 14 1101
1103 0 3987 2713 1840 6.94427 1102
1104 0 4115 2777 1884 9.31371 1088
1105 0 4139 2793 1884 10.6491 1104
1106 0 4151 2801 1884 12.4222 1105
1107 0 4159 2813 1888 9.31371 1106
1108 0 4163 2829 1888 2 1107
1109 0 4163 2833 1888 2 1108
1110 0 4187 2753 1888 10.6491 1005
1111 0 4195 2773 1912 10.6491 1110
1112 2 4202.37 2799.11 1930.11 15.6681 1111
1113 0 4203 2825 1928 14.4924 1112
1114 0 4215 2849 1920 9.31371 1113
1115 0 4227 2881 1908 14.4924 1114
1116 0 4259.31 2930.71 1871.69 37.0492 1115
1117 0 4259 3005 1860 18 1116
1118 0 4247 3017 1848 6.94427 1117
1119 0 4239 3021 1840 6 1118
1120 0 4239 3029 1832 6.94427 1119
1121 0 4235 3029 1820 9.31371 1120
1122 0 4243 3045 1804 10.6491 1121
1123 0 4251 3053 1796 12.4222 1122
1124 0 4279 3061 1796 6 1123
1125 0 4287 3065 1796 6.94427 1124
1126 0 4299 3069 1800 12.4222 1125
1127 0 4319 3089 1808 10.6491 1126
1128 0 4327 3097 1812 9.31371 1127
1129 0 4255 2913 1812 18 1116
1130 0 4235 2901 1812 20.6274 1129
1131 0 4171 2837 1924 9.31371 1113
1132 0 4155 2841 1912 9.31371 1131
1133 0 4139 2841 1908 6 1132
1134 0 4123 2845 1896 6 1133
1135 0 4107 2849 1892 6 1134
1136 0 4099 2857 1888 6 1135
1137 0 4091 2865 1880 9.31371 1136
1138 0 4083 2865 1864 6.94427 1137
1139 0 4079 2873 1848 6 1138
1140 0 4075 2877 1836 6.94427 1139
1141 0 4071 2877 1816 9.31371 1140
1142 0 4067 2873 1808 3.65685 1141
1143 0 4067 2865 1800 6 1142
1144 0 4063 2861 1796 6 1143
1145 0 4063 2857 1788 3.65685 1144
1146 0 4059 2857 1780 6 1145
1147 0 4051 2849 1772 6.94427 1146
1148 0 4039 2837 1760 9.31371 1147
1149 0 4039 2825 1756 6 1148
1150 0 4203 2785 1956 9.31371 1112
1151 0 4203 2769 1972 18 1150
1152 0 4203 2769 2032 30.249 1151
1153 0 4203 2789 2080 51.3667 1152
1154 2 4215.58 2763.85 2114.59 41.0164 1153
1155 0 4227 2741 2160 18 1154
1156 0 4223 2741 2180 6 1155
1157 0 4219 2733 2192 6 1156
1158 0 4211 2729 2204 10 1157
1159 0 4207 2729 2228 12.4222 1158
1160 0 4211 2733 2240 9.31371 1159
1161 0 4223 2717 2124 19.5407 1154
1162 0 4235 2677 2140 28.4631 1161
1163 2 4196.3 2813.56 2111.26 41.7948 1153
1164 2 4193.02 2825.58 2126.55 37.1141 1163
1165 0 4175 2865 2144 21.3238 1164
1166 0 4195 2897 2144 10 1165
1167 0 4251 2829 2168 19.5407 1164
1168 0 4267 2837 2180 6 1167
1169 0 4195 2885 2112 26.2843 1163
1170 0 4167 2885 2116 10 1169
1171 0 4155 2881 2116 6.94427 1170
1172 0 4183 2849 1816 10.6491 1003
1173 0 4179 2857 1832 10 1172
1174 0 4175 2865 1844 3.65685 1173
1175 0 4175 2869 1848 2 1174
1176 0 4263 2869 1672 6 1001
1177 0 4263 2877 1664 3.65685 1176
1178 0 4267 2881 1660 6 1177
1179 0 4275 2877 1648 6 1178
1180 0 4299 2857 1712 10.6491 1000
1181 0 4335 2861 1728 12.4222 1180
1182 0 4331 2877 1740 15.8885 1181
1183 2 4270.18 2829.68 1677.05 11.4407 999
1184 0 4247 2813 1672 6 1183
1185 0 4223 2805 1672 10 1184
1186 0 4211 2789 1668 18 1185
1187 0 4207 2773 1680 18 1186
1188 0 4223 2749 1684 9.31371 1187
1189 0 4235 2733 1684 14.4924 1188
1190 0 4255 2713 1684 9.31371 1189
1191 0 4279 2697 1692 12.4222 1190
1192 0 4311 2673 1700 14.4924 1191
1193 0 4331 2669 1688 15.8885 1192
1194 0 4331 2661 1672 9.31371 1193
1195 0 4183 2757 1692 6.94427 1187
1196 0 4171 2741 1700 6.94427 1195
1197 0 4151 2725 1704 10 1196
1198 0 4139 2725 1708 6 1197
1199 0 4123 2725 1724 6 1198
1200 0 4115 2725 1732 3.65685 1199
1201 0 4111 2721 1736 2 1200
1202 0 4291 2821 1652 6.94427 1183
1203 0 4299 2821 1652 6 1202
1204 0 4307 2825 1652 2 1203
1205 0 4311 2825 1652 2 1204
1206 0 4335 2821 1644 6.94427 997
1207 2 4331.62 2799.46 1633.85 11.5794 1206
1208 0 4339 2785 1632 12.4222 1207
1209 2 4351 2751 1618 26.9706 1208
1210 2 4351 2740.78 1610.7 30.5977 1209
1211 0 4319 2729 1600 18 1210
1212 0 4287 2705 1604 12.4222 1211
1213 0 4279 2697 1612 9.31371 1212
1214 0 4267 2681 1616 12.4222 1213
1215 0 4251 2665 1636 9.31371 1214
1216 0 4239 2653 1652 6.94427 1215
1217 0 4223 2641 1664 9.31371 1216
1218 0 4207 2625 1668 9.31371 1217
1219 0 4199 2609 1680 10 1218
1220 0 4195 2585 1692 6 1219
1221 0 4191 2577 1696 9.31371 1220
1222 0 4187 2569 1704 6 1221
1223 0 4171 2553 1708 6.94427 1222
1224 0 4163 2545 1712 6.94427 1223
1225 0 4143 2521 1720 18 1224
1226 0 4127 2513 1716 10 1225
1227 0 4099 2509 1716 9.31371 1226
1228 0 4079 2497 1720 9.31371 1227
1229 0 4067 2477 1728 9.31371 1228
1230 0 4051 2461 1732 3.65685 1229
1231 0 4043 2453 1736 6.94427 1230
1232 0 4023 2445 1748 6.94427 1231
1233 0 4011 2433 1748 6 1232
1234 0 3999 2429 1752 10 1233
1235 0 3979 2429 1756 10 1234
1236 0 3963 2425 1760 6.94427 1235
1237 0 3947 2417 1760 9.31371 1236
1238 0 3915 2409 1764 6.94427 1237
1239 0 3895 2397 1772 9.31371 1238
1240 0 3883 2381 1776 6.94427 1239
1241 0 3867 2365 1784 6.94427 1240
1242 0 3859 2353 1784 6.94427 1241
1243 0 3851 2341 1788 6 1242
1244 0 3843 2333 1788 3.65685 1243
1245 0 3839 2329 1792 6 1244
1246 0 3831 2321 1792 3.65685 1245
1247 0 3819 2317 1792 6 1246
1248 0 3807 2301 1788 9.31371 1247
1249 0 3791 2293 1788 6 1248
1250 0 3775 2293 1788 6 1249
1251 0 3763 2285 1788 6 1250
1252 0 3751 2277 1788 9.31371 1251
1253 0 3743 2273 1784 3.65685 1252
1254 0 3739 2269 1780 2 1253
1255 0 3735 2269 1780 2 1254
1256 0 4375 2709 1608 9.31371 1210
1257 0 4375 2697 1596 9.31371 1256
1258 0 4363 2689 1584 10.6491 1257
1259 0 4359 2681 1572 6 1258
1260 0 4391 2721 1640 22.3311 1209
1261 0 4407 2705 1652 18 1260
1262 0 4427 2681 1660 18 1261
1263 0 4439 2649 1664 6.94427 1262
1264 2 4445.68 2635.63 1664 12.8387 1263
1265 0 4447 2613 1672 14 1264
1266 0 4439 2581 1672 10.6491 1265
1267 0 4431 2549 1672 12.4222 1266
1268 0 4415 2525 1672 9.31371 1267
1269 0 4403 2509 1668 9.31371 1268
1270 0 4387 2485 1668 9.31371 1269
1271 0 4367 2465 1668 14.9706 1270
1272 0 4351 2457 1672 10 1271
1273 0 4327 2453 1688 10 1272
1274 0 4311 2453 1696 14 1273
1275 0 4291 2445 1716 10.6491 1274
1276 0 4287 2437 1732 10 1275
1277 0 4299 2421 1748 6 1276
1278 0 4299 2413 1752 3.65685 1277
1279 0 4303 2409 1752 2 1278
1280 0 4303 2405 1752 3.65685 1279
1281 0 4307 2401 1756 6 1280
1282 0 4315 2401 1756 6 1281
1283 0 4323 2393 1764 6 1282
1284 0 4323 2385 1768 6 1283
1285 0 4327 2373 1760 6 1284
1286 0 4335 2365 1752 10 1285
1287 0 4343 2349 1736 10 1286
1288 0 4339 2341 1728 6 1287
1289 0 4335 2333 1720 6 1288
1290 0 4327 2325 1712 6.94427 1289
1291 0 4315 2313 1700 6.94427 1290
1292 0 4299 2313 1704 6 1291
1293 0 4283 2309 1700 6 1292
1294 0 4267 2301 1692 6.94427 1293
1295 0 4251 2297 1680 10 1294
1296 0 4243 2297 1672 6 1295
1297 0 4243 2297 1664 6 1296
1298 0 4231 2301 1652 6 1297
1299 0 4339 2313 1696 6 1290
1300 0 4347 2305 1688 6.94427 1299
1301 0 4355 2293 1688 6.94427 1300
1302 0 4363 2289 1692 3.65685 1301
1303 0 4367 2293 1692 2 1302
1304 0 4455 2633 1636 6.94427 1264
1305 0 4467 2637 1624 6 1304
1306 0 4475 2645 1616 6 1305
1307 0 4479 2649 1612 3.65685 1306
1308 0 4483 2653 1612 3.65685 1307
1309 0 4487 2657 1612 2 1308
1310 0 4423 2701 1672 6 1261
1311 0 4423 2705 1684 6 1310
1312 0 4423 2709 1692 3.65685 1311
1313 0 4419 2717 1700 6.94427 1312
1314 0 4427 2721 1708 3.65685 1313
1315 0 4431 2721 1708 2 1314
1316 0 4319 2797 1652 9.31371 1207
1317 0 4299 2789 1664 10.6491 1316
1318 0 4287 2781 1672 12.4222 1317
1319 0 4275 2761 1668 15.8885 1318
1320 0 4363 2845 1692 6 996
1321 0 4359 2837 1692 6.94427 1320
1322 0 4355 2829 1704 10.6491 1321
1323 0 4351 2821 1712 6 1322
1324 0 4367 2857 1708 9.31371 995
1325 0 4371 2853 1724 6 1324
1326 0 4375 2845 1732 6 1325
1327 0 4382.81 2827.29 1745.9 11.1534 1326
1328 0 4395 2801 1748 10.6491 1327
1329 0 4403 2785 1736 9.31371 1328
1330 0 4407 2773 1736 10 1329
1331 0 4415 2761 1728 6.94427 1330
1332 0 4419 2749 1716 9.31371 1331
1333 0 4419 2745 1704 10 1332
1334 0 4415 2737 1696 6 1333
1335 0 4379 2829 1768 9.31371 1327
1336 0 4367 2825 1780 6 1335
1337 0 4363 2821 1784 6 1336
1338 0 4347 2825 1796 9.31371 1337
1339 0 4343 2829 1804 9.31371 1338
1340 0 4339 2837 1812 3.65685 1339
1341 0 4343 2841 1812 2 1340
1342 0 4343 2845 1812 2 1341
1343 0 4383 2913 1700 9.31371 994
1344 0 4379 2929 1712 6.94427 1343
1345 0 4363 2941 1720 6 1344
1346 0 4343 2949 1740 6.94427 1345
1347 0 4327 2949 1756 9.31371 1346
1348 0 4307 2937 1776 15.8885 1347
1349 0 4307 2921 1804 10 1348
1350 0 4383 2897 1768 9.31371 992
1351 0 4371 2897 1776 6 1350
1352 0 4339 2885 1792 14 1351
1353 0 4327 2881 1800 12.4222 1352
1354 0 4439 2913 1752 12.4222 991
1355 0 4451 2913 1744 6 1354
1356 0 4459 2909 1740 6 1355
1357 0 4471 2901 1736 10.6491 1356
1358 0 4495 2893 1716 9.31371 1357
1359 0 4503 2893 1708 10 1358
1360 0 4515 2893 1704 6 1359
1361 0 4531 2893 1700 6 1360
1362 0 4547 2893 1700 6.94427 1361
1363 0 4559 2897 1704 12.4222 1362
1364 0 4563 2909 1704 6.94427 1363
1365 0 4563 2917 1712 9.31371 1364
1366 0 4567 2929 1728 3.65685 1365
1367 0 4567 2933 1728 2 1366
1368 0 4459 2949 1852 6 659
1369 0 4471 2941 1836 6 1368
1370 0 4475 2937 1816 6 1369
1371 0 4419 2949 1900 9.31371 658
1372 0 4411 2969 1900 6.94427 1371
1373 0 4399 2997 1896 10 1372
1374 0 4399 3009 1896 6.94427 1373
1375 0 4387 3033 1892 10.6491 1374
1376 0 4387 3049 1888 10.6491 1375
1377 0 4407 3073 1864 6.94427 1376
1378 0 4419 3081 1848 19.5407 1377
1379 0 4439 3093 1840 9.31371 1378
1380 0 4443 3089 1824 6 1379
1381 0 4451 3097 1816 6.94427 1380
1382 0 4455 3097 1800 6 1381
1383 0 4459 3093 1792 6.94427 1382
1384 0 4455 3089 1784 9.31371 1383
1385 0 4411 2861 2056 15.8885 656
1386 0 4427 2857 2060 10.6491 1385
1387 0 4439 2853 2072 14 1386
1388 0 4455 2849 2080 10.6491 1387
1389 0 4479 2841 2092 14 1388
1390 0 4503 2825 2112 12.4222 1389
1391 2 4537.36 2809.55 2123.45 22.6978 1390
1392 2 4541.29 2811.86 2123.43 21.4912 1391
1393 0 4559 2837 2112 6.94427 1392
1394 0 4559 2849 2096 6.94427 1393
1395 2 4573.33 2863.33 2063.33 15.0707 1394
1396 2 4574.57 2866.3 2057.39 15.1739 1395
1397 0 4571 2877 2036 9.31371 1396
1398 0 4571 2877 2020 14.4924 1397
1399 0 4567 2889 2004 14 1398
1400 0 4559 2901 1992 6 1399
1401 0 4559 2909 1984 10 1400
1402 0 4551 2913 1960 9.31371 1401
1403 0 4559 2913 1936 6 1402
1404 0 4559 2913 1928 6 1403
1405 0 4571 2913 1912 6 1404
1406 0 4579 2917 1892 9.31371 1405
1407 0 4595 2917 1872 10.6491 1406
1408 0 4619 2917 1860 6 1407
1409 0 4639 2905 1860 6.94427 1408
1410 0 4659 2889 1860 6.94427 1409
1411 0 4675 2869 1864 10 1410
1412 0 4691 2837 1864 9.31371 1411
1413 0 4703 2825 1856 9.31371 1412
1414 0 4711 2817 1856 10.6491 1413
1415 0 4727 2809 1840 6 1414
1416 0 4735 2809 1828 6.94427 1415
1417 0 4751 2797 1824 9.31371 1416
1418 0 4767 2777 1824 6.94427 1417
1419 0 4779 2757 1828 10 1418
1420 0 4795 2745 1832 9.31371 1419
1421 0 4815 2733 1832 10.6491 1420
1422 0 4831 2713 1832 6 1421
1423 0 4835 2705 1832 2 1422
1424 0 4835 2701 1832 2 1423
1425 0 4587 2845 1996 10 1398
1426 0 4583 2833 1976 6 1425
1427 0 4579 2837 1968 6 1426
1428 0 4607 2877 2056 9.31371 1396
1429 0 4623 2881 2044 9.31371 1428
1430 0 4631 2885 2036 6.94427 1429
1431 0 4643 2885 2012 12.4222 1430
1432 0 4659 2869 1996 10.6491 1431
1433 0 4679 2853 1984 6.94427 1432
1434 0 4683 2845 1976 9.31371 1433
1435 0 4703 2833 1964 6 1434
1436 0 4711 2837 1952 6 1435
1437 0 4727 2837 1940 6.94427 1436
1438 0 4735 2841 1932 10 1437
1439 0 4743 2849 1928 9.31371 1438
1440 0 4751 2853 1932 6 1439
1441 0 4571 2849 2056 3.65685 1395
1442 0 4571 2845 2052 3.65685 1441
1443 0 4567 2841 2048 6 1442
1444 0 4555 2837 2040 6 1443
1445 2 4555.62 2800.83 2129.49 19.8069 1392
1446 0 4591.12 2779.97 2127.88 15.7927 1445
1447 2 4602.27 2777.18 2116.73 19.3112 1446
1448 0 4619 2765 2076 10 1447
1449 2 4635.8 2778.44 2065.92 20.3581 1448
1450 0 4663 2805 2060 29.241 1449
1451 0 4707 2805 2036 12.4222 1450
1452 0 4735 2813 2020 10.6491 1451
1453 0 4747 2825 2000 6.94427 1452
1454 0 4759 2829 1984 9.31371 1453
1455 0 4767 2829 1964 9.31371 1454
1456 0 4775 2833 1956 9.31371 1455
1457 0 4779 2845 1936 6.94427 1456
1458 0 4783 2845 1920 6 1457
1459 2 4794.18 2852.45 1908.82 6.87989 1458
1460 0 4799 2861 1900 6.94427 1459
1461 2 4810.71 2876.43 1880.86 13.6653 1460
1462 0 4819 2913 1856 6 1461
1463 0 4823 2925 1848 6 1462
1464 0 4823 2941 1840 6 1463
1465 0 4823 2953 1832 6 1464
1466 0 4823 2969 1820 14.9706 1465
1467 0 4847 2977 1820 10 1466
1468 0 4859 2981 1816 6 1467
1469 0 4827 2861 1872 6 1461
1470 0 4835 2841 1872 6.94427 1469
1471 0 4851 2817 1868 9.31371 1470
1472 0 4863 2801 1856 6.94427 1471
1473 0 4871 2793 1848 6 1472
1474 0 4875 2789 1844 3.65685 1473
1475 0 4875 2789 1840 3.65685 1474
1476 0 4879 2785 1836 2 1475
1477 0 4879 2785 1832 2 1476
1478 0 4795 2841 1904 2 1459
1479 0 4791 2837 1900 2 1478
1480 0 4783 2829 1896 9.31371 1479
1481 0 4771 2825 1884 6 1480
1482 2 4774 2831 1870 9 1481
1483 0 4783 2849 1868 9.31371 1482
1484 0 4779 2861 1868 10 1483
1485 0 4775 2861 1880 3.65685 1484
1486 0 4775 2857 1884 2 1485
1487 0 4787 2813 1872 9.31371 1482
1488 0 4795 2805 1872 6 1487
1489 0 4803 2797 1872 6 1488
1490 0 4811 2789 1868 2 1489
1491 0 4675 2821 2096 21.3238 1450
1492 0 4631 2761 2036 12.4222 1449
1493 0 4631 2753 2020 6 1492
1494 0 4635 2753 2012 6 1493
1495 0 4635 2753 2000 9.31371 1494
1496 0 4639 2757 1992 6 1495
1497 2 4642.6 2757 1984.8 6 1496
1498 0 4651 2757 1972 9.31371 1497
1499 0 4651 2753 1960 10 1498
1500 0 4647 2721 1952 14 1499
1501 0 4655 2705 1948 6.94427 1500
1502 0 4667 2689 1944 9.31371 1501
1503 0 4667 2677 1940 10 1502
1504 0 4655 2661 1940 10.6491 1503
1505 0 4655 2653 1932 6.94427 1504
1506 0 4659 2637 1920 6 1505
1507 0 4659 2629 1916 6 1506
1508 2 4620.92 2775.35 1973.12 17.0085 1497
1509 0 4591 2781 1960 14 1508
1510 0 4571 2789 1936 12.4222 1509
1511 0 4567 2789 1920 6 1510
1512 0 4615 2757 1960 3.65685 1508
1513 0 4615 2757 1956 3.65685 1512
1514 0 4611 2753 1952 6 1513
1515 0 4611 2753 1944 6 1514
1516 0 4611 2753 1932 9.31371 1515
1517 0 4611 2757 1920 6 1516
1518 0 4599 2805 2104 10.6491 1447
1519 0 4595 2821 2096 18 1518
1520 0 4611 2837 2092 6 1519
1521 0 4623 2845 2080 14 1520
1522 0 4619 2769 2140 12.4222 1446
1523 0 4631 2769 2152 6 1522
1524 0 4639 2765 2168 9.31371 1523
1525 0 4647 2769 2176 2 1524
1526 0 4651 2769 2176 2 1525
1527 0 4567 2789 2168 14.4924 1445
1528 0 4575 2773 2184 15.8885 1527
1529 2 4609.43 2716.54 2236.46 48.3631 1528
1530 2 4612.28 2710.02 2245.95 51.0441 1529
1531 2 4620.33 2691.23 2283.54 56.6675 1530
1532 2 4623.71 2683.94 2301.29 55.8779 1531
1533 0 4631 2673 2356 28.4631 1532
1534 0 4675 2657 2364 9.31371 1533
1535 0 4683 2649 2372 6 1534
1536 0 4683 2645 2388 6.94427 1535
1537 0 4679 2637 2404 6.94427 1536
1538 0 4683 2625 2420 6.94427 1537
1539 0 4687 2617 2436 6.94427 1538
1540 0 4675 2709 2328 10 1532
1541 0 4687 2717 2340 12.4222 1540
1542 0 4699 2713 2344 6.94427 1541
1543 0 4695 2669 2316 10.6491 1531
1544 0 4707 2669 2316 6 1543
1545 0 4715 2669 2316 6.94427 1544
1546 0 4723 2677 2308 9.31371 1545
1547 0 4731 2685 2304 3.65685 1546
1548 0 4735 2689 2300 2 1547
1549 0 4739 2689 2300 2 1548
1550 0 4671 2685 2232 12.4222 1530
1551 0 4683 2689 2224 6 1550
1552 0 4691 2689 2224 6 1551
1553 0 4703 2689 2212 9.31371 1552
1554 0 4711 2697 2208 9.31371 1553
1555 0 4579 2801 2296 28.4631 1529
1556 0 4555 2821 2296 6 1555
1557 0 4531 2813 2160 14 1391
1558 0 4527 2817 2176 10.6491 1557
1559 0 4523 2829 2188 14 1558
1560 0 4507 2837 2228 18 1559
1561 0 4487 2865 2308 48.1199 1560
1562 0 4479 2885 2368 58.531 1561
1563 0 4448.3 2917.65 2462.48 23.5616 1562
1564 0 4457.47 2953.95 2575.79 30.1412 1563
1565 0 4483 2949 2608 18 1564
1566 0 4507 2929 2600 10 1565
1567 0 4523 2925 2584 9.31371 1566
1568 0 4531 2917 2584 6 1567
1569 0 4487 2985 2584 14.9706 1564
1570 0 4515 2985 2588 6.94427 1569
1571 0 4523 2993 2592 3.65685 1570
1572 0 4527 2993 2588 2 1571
1573 0 4431 2893 2484 6.94427 1563
1574 0 4431 2881 2488 6.94427 1573
1575 0 4431 2869 2500 14 1574
1576 0 4483 2913 2336 43.607 1561
1577 0 4519 2953 2344 18 1576
1578 0 4523 2969 2364 10.6491 1577
1579 0 4519 2981 2380 18 1578
1580 0 4507 2973 2396 12.4222 1579
1581 0 4543 2849 2180 14.9706 1559
1582 0 4551 2845 2164 9.31371 1581
1583 0 4403 2941 2036 28.4631 655
1584 0 4443 2957 2028 3.65685 1583
1585 0 4447 2957 2028 2 1584
1586 0 4259 2917 2328 26 649
1587 0 4251 2889 2324 2 1586
1588 0 4251 2885 2324 2 1587
1589 0 4251 2881 2324 2 1588
1590 0 4255 2921 2364 38.1995 63
1591 0 4227 2893 2360 10 1590
1592 0 4223 2881 2356 6 1591
1593 0 4215 2961 2384 30.249 62
1594 2 4155.65 2980.23 2424.13 28.6687 1593
1595 0 4147 2985 2464 22.3311 1594
1596 0 4151 2985 2492 9.31371 1595
1597 0 4159 2985 2508 6 1596
1598 0 4167 2985 2516 3.65685 1597
1599 0 4171 2985 2524 6 1598
1600 0 4175 2981 2528 6 1599
1601 0 4191 2993 2544 10 1600
1602 0 4195 3021 2552 14.4924 1601
1603 0 4179 3041 2560 10 1602
1604 0 4179 3049 2568 6 1603
1605 0 4179 3065 2576 6 1604
1606 0 4179 3073 2576 6 1605
1607 0 4175 3085 2576 9.31371 1606
1608 0 4175 3097 2568 6.94427 1607
1609 0 4143 2957 2476 22 1595
1610 0 4139 2965 2500 10.6491 1609
1611 0 4151 2973 2520 3.65685 1610
1612 0 4151 2973 2524 3.65685 1611
1613 0 4155 2973 2528 2 1612
1614 0 4115 2929 2476 15.8885 1609
1615 0 4131 2933 2452 10.6491 1594
1616 0 4107 2937 2452 6 1615
1617 2 4181.67 2845.67 2700.67 47.9377 59
1618 0 4135 2865 2720 29.241 1617
1619 0 4131 2913 2728 9.31371 1618
1620 0 4135 2925 2728 6 1619
1621 0 4143 2933 2732 6.94427 1620
1622 0 4147 2953 2724 6.94427 1621
1623 0 4123 2813 2644 23.6125 1617
1624 0 4334.31 2853.35 2687.48 47.6645 58
1625 0 4363 2937 2716 10 1624
1626 0 4359 2965 2720 14 1625
1627 0 4355 2981 2716 10 1626
1628 2 4349.42 2868.22 2752.64 28.3699 1624
1629 0 4363 2893 2772 22 1628
1630 0 4387 2897 2776 12.4222 1629
1631 0 4399 2897 2772 3.65685 1630
1632 0 4403 2897 2772 2 1631
1633 0 4407 2889 2744 14.4924 1628
1634 0 4419 2881 2740 9.31371 1633
1635 0 4339 2789 2580 34 57
1636 0 4351 2769 2548 24.8328 1635
1637 0 4323 2817 2728 48.1199 56
1638 0 4311 2677 2728 24.8328 55
1639 0 4319 2653 2724 3.65685 1638
1640 0 4319 2649 2724 2 1639
1641 0 4319 2645 2724 2 1640
1642 0 4271 2645 2764 34.8782 54
1643 2 4249.75 2574.15 2760.46 64.0837 1642
1644 2 4247.14 2565.46 2760.02 67.6683 1643
1645 0 4243 2497 2768 19.5407 1644
1646 0 4251 2457 2776 10.6491 1645
1647 0 4254.6 2420 2792.2 17.8246 1646
1648 0 4247 2401 2796 14.4924 1647
1649 2 4229.25 2336.01 2787.75 30.0954 1648
1650 0 4199 2317 2760 21.3238 1649
1651 0 4179 2325 2748 9.31371 1650
1652 0 4167 2329 2744 10 1651
1653 0 4159 2325 2736 6.94427 1652
1654 0 4139 2305 2724 6.94427 1653
1655 0 4127 2305 2712 6.94427 1654
1656 0 4119 2301 2708 9.31371 1655
1657 0 4107 2305 2704 6 1656
1658 0 4099 2309 2696 9.31371 1657
1659 0 4095 2317 2688 6.94427 1658
1660 0 4091 2333 2680 10 1659
1661 0 4079 2345 2668 14.4924 1660
1662 0 4067 2353 2656 12.4222 1661
1663 0 4055 2353 2652 6 1662
1664 0 4287 2337 2816 14.4924 1649
1665 0 4315 2337 2816 10 1664
1666 0 4339 2333 2812 9.31371 1665
1667 0 4355 2321 2812 6.94427 1666
1668 0 4371 2317 2812 10 1667
1669 0 4379 2309 2804 9.31371 1668
1670 0 4403 2313 2788 10.6491 1669
1671 0 4423 2305 2752 18 1670
1672 0 4411 2309 2732 12.4222 1671
1673 2 4250.39 2424.29 2807.01 13.9437 1647
1674 0 4247 2429 2820 10.6491 1673
1675 0 4243 2437 2832 14 1674
1676 0 4227 2433 2852 6.94427 1675
1677 0 4231 2429 2864 6 1676
1678 0 4279 2421 2820 15.8885 1673
1679 0 4287 2529 2808 18.3961 1644
1680 0 4283 2529 2832 6.94427 1679
1681 0 4299 2533 2832 3.65685 1680
1682 0 4303 2529 2832 2 1681
1683 0 4311 2533 2776 39.7612 1643
1684 0 4379 2505 2820 30.9848 1683
1685 0 4427 2501 2824 6.94427 1684
1686 0 4435 2501 2824 6 1685
1687 0 4451 2501 2824 10.6491 1686
1688 0 4475 2505 2824 9.31371 1687
1689 0 4483 2513 2824 6.94427 1688
1690 0 4495 2517 2816 10 1689
1691 0 4503 2525 2812 6.94427 1690
1692 0 4511 2533 2808 9.31371 1691
1693 0 4523 2545 2808 6.94427 1692
1694 0 4535 2557 2808 6.94427 1693
1695 0 4547 2569 2812 6.94427 1694
1696 0 4559 2581 2812 6.94427 1695
1697 0 4567 2589 2808 10 1696
1698 0 4571 2589 2796 6 1697
1699 0 4575 2589 2784 6 1698
1700 0 4575 2585 2776 6 1699
1701 0 4575 2585 2768 2 1700
1702 0 4575 2585 2764 2 1701
1703 0 4355 2549 2756 26.8444 1683
1704 0 4367 2573 2752 3.65685 1703
1705 0 4367 2577 2748 2 1704
1706 0 4315 2677 2788 14 53
1707 0 4307 2665 2800 12.4222 1706
1708 0 4227 2701 3064 12.4222 48
1709 0 4239 2705 3064 6 1708
1710 0 4123 2697 3140 14.4924 47
1711 0 4091 2697 3140 10 1710
1712 2 4059.19 2710.49 3130.51 23.5914 1711
1713 0 4030.24 2734.52 3103.05 38.1274 1712
1714 0 4015 2765 3084 24.8328 1713
1715 0 4007 2813 3076 10.6491 1714
1716 0 4011 2825 3072 6 1715
1717 0 4011 2841 3072 6 1716
1718 0 4011 2857 3068 6 1717
1719 0 4011 2873 3064 6 1718
1720 0 4015 2881 3056 6.94427 1719
1721 0 4031 2881 3040 6.94427 1720
1722 0 4035 2873 3032 10 1721
1723 0 4043 2869 3016 6.94427 1722
1724 0 4047 2865 3004 6 1723
1725 0 4003 2789 3104 14 1714
1726 0 3991 2793 3112 6 1725
1727 0 3987 2789 3116 3.65685 1726
1728 0 3987 2789 3120 2 1727
1729 0 3983 2789 3132 6 1728
1730 0 3979 2789 3148 6 1729
1731 0 3975 2785 3156 9.31371 1730
1732 0 3967 2785 3164 6.94427 1731
1733 0 3959 2781 3172 2 1732
1734 0 3955 2777 3172 2 1733
1735 0 4011 2697 3072 24.8328 1713
1736 0 4019 2673 3072 10 1735
1737 0 4023 2665 3064 6 1736
1738 0 4027 2661 3060 6 1737
1739 0 4035 2661 3060 3.65685 1738
1740 0 4039 2665 3060 2 1739
1741 0 4031 2705 3160 26 1712
1742 0 4007 2669 3176 6.94427 1741
1743 0 3995 2649 3188 10 1742
1744 0 3983 2625 3200 10 1743
1745 0 3975 2597 3212 12.4222 1744
1746 0 3967 2585 3212 6.94427 1745
1747 0 3959 2577 3212 6 1746
1748 0 4139 2693 3176 23.2982 46
1749 0 4143 2693 3200 12.4222 1748
1750 2 4207.44 2677.44 3234.22 14.8391 44
1751 0 4211 2697 3236 6.94427 1750
1752 0 4211 2713 3236 12.4222 1751
1753 0 4203 2733 3236 10.6491 1752
1754 0 4199 2757 3236 14 1753
1755 0 4199 2769 3248 15.8885 1754
1756 0 4207 2769 3264 12.4222 1755
1757 0 4231 2669 3256 9.31371 1750
1758 0 4239 2665 3264 10.6491 1757
1759 0 4247 2657 3268 6 1758
1760 0 4187 2621 3268 6 43
1761 0 4195 2621 3268 6.94427 1760
1762 0 4199 2629 3268 6 1761
1763 0 4035 2621 3576 3.65685 36
1764 0 4031 2617 3576 2 1763
1765 0 4027 2613 3576 2 1764
1766 0 4019 2609 3568 6 1765
1767 0 4015 2605 3564 6 1766
1768 0 4023 2609 3612 6 35
1769 0 4007 2605 3600 6.94427 1768
1770 0 4003 2601 3584 9.31371 1769
1771 0 4003 2593 3576 6 1770
1772 0 4003 2585 3568 6 1771
1773 0 4015 2601 3640 6 34
1774 0 4007 2597 3640 3.65685 1773
1775 0 3999 2593 3640 3.65685 1774
1776 0 3991 2589 3640 6 1775
1777 0 3987 2585 3636 6 1776
1778 0 3979 2577 3632 2 1777
1779 0 3979 2573 3632 2 1778
1780 0 4007 2593 3672 3.65685 33
1781 0 3999 2589 3672 6 1780
1782 0 3987 2585 3660 6.94427 1781
1783 0 3979 2581 3652 6.94427 1782
1784 0 3975 2569 3644 2 1783
1785 0 4011 2597 3716 10 32
1786 0 3999 2593 3716 2 1785
1787 0 3995 2589 3716 2 1786
1788 0 3991 2589 3716 3.65685 1787
1789 0 3987 2585 3720 6 1788
1790 0 3979 2585 3736 6 1789
1791 0 3991 2597 3780 6 31
1792 0 3987 2593 3776 3.65685 1791
1793 0 3983 2589 3772 3.65685 1792
1794 0 3983 2589 3764 3.65685 1793
1795 0 3979 2585 3760 3.65685 1794
1796 0 3975 2581 3756 2 1795
1797 0 3979 2549 3964 18 28
1798 0 3999 2545 3988 6.94427 1797
1799 0 4003 2541 4024 18 1798
1800 2 3995.42 2529.62 4054.34 31.2169 1799
1801 2 3997.74 2530.37 4069.71 33.8112 1800
1802 2 4002.39 2532.7 4092.95 36.9799 1801
1803 2 4024.35 2536.05 4117.35 31.1766 1802
1804 2 4049 2537 4124 23.7846 1803
1805 2 4075 2537 4124 18.9629 1804
1806 2 4119.96 2529.87 4109.74 14.8737 1805
1807 2 4123.24 2528.03 4107.03 14.2202 1806
1808 0 4127 2513 4092 10 1807
1809 0 4131.44 2499.22 4056.89 15.521 1808
1810 2 4115 2485 4027 12.1746 1809
1811 0 4115 2493 4012 6.94427 1810
1812 0 4115 2497 4000 9.31371 1811
1813 0 4111 2501 3992 6.94427 1812
1814 0 4115 2513 3976 6 1813
1815 0 4115 2517 3964 6 1814
1816 0 4119 2521 3956 6.94427 1815
1817 0 4123 2529 3944 12.4222 1816
1818 0 4119 2529 3924 10 1817
1819 0 4103 2517 3908 6 1818
1820 0 4099 2517 3900 6 1819
1821 0 4091 2509 3892 6.94427 1820
1822 0 4087 2501 3892 6 1821
1823 0 4083 2497 3888 3.65685 1822
1824 0 4079 2493 3888 3.65685 1823
1825 0 4075 2485 3888 6 1824
1826 0 4075 2477 3880 3.65685 1825
1827 0 4075 2473 3880 2 1826
1828 0 4075 2469 3880 2 1827
1829 0 4071 2465 3880 3.65685 1828
1830 0 4071 2457 3880 6 1829
1831 0 4063 2441 3876 6 1830
1832 0 4063 2425 3876 10.6491 1831
1833 0 4047 2413 3896 9.31371 1832
1834 0 4043 2421 3912 6.94427 1833
1835 0 4039 2429 3920 6.94427 1834
1836 0 4075 2417 3860 6.94427 1832
1837 0 4079 2397 3860 6.94427 1836
1838 0 4079 2389 3864 6 1837
1839 0 4107 2437 4032 22 1810
1840 2 4108.04 2398.04 4032.49 32.0219 1839
1841 2 4090.62 2380.62 4035.4 21.6859 1840
1842 0 4071 2365 4036 6 1841
1843 0 4067 2357 4028 6 1842
1844 0 4063 2357 4020 6.94427 1843
1845 0 4059 2357 4012 3.65685 1844
1846 0 4059 2357 4004 6.94427 1845
1847 0 4059 2357 3996 6.94427 1846
1848 0 4051 2349 3984 10 1847
1849 0 4051 2349 3972 10.6491 1848
1850 0 4043 2333 3960 3.65685 1849
1851 0 4043 2329 3956 2 1850
1852 0 4083 2365 4056 9.31371 1841
1853 0 4079 2349 4072 14 1852
1854 0 4087 2377 4076 9.31371 1840
1855 0 4079 2369 4084 9.31371 1854
1856 0 4159 2501 4044 9.31371 1809
1857 0 4159 2513 4032 6.94427 1856
1858 0 4163 2521 4024 9.31371 1857
1859 0 4159 2525 4016 6 1858
1860 0 4143 2537 4100 10 1807
1861 0 4163 2541 4096 14 1860
1862 2 4200 2549 4099 10.6056 1861
1863 0 4207 2549 4112 6 1862
1864 0 4207 2561 4128 6.94427 1863
1865 0 4211 2569 4136 6 1864
1866 0 4211 2569 4152 6 1865
1867 0 4219 2569 4172 6.94427 1866
1868 0 4223 2581 4188 6 1867
1869 0 4223 2597 4200 6 1868
1870 0 4223 2613 4204 6 1869
1871 0 4223 2633 4208 6.94427 1870
1872 0 4227 2645 4208 9.31371 1871
1873 0 4239 2657 4216 6.94427 1872
1874 0 4259 2677 4232 6.94427 1873
1875 0 4267 2681 4240 6 1874
1876 0 4271 2689 4248 3.65685 1875
1877 0 4275 2689 4252 3.65685 1876
1878 0 4279 2693 4256 6 1877
1879 0 4291 2701 4264 3.65685 1878
1880 0 4295 2705 4264 2 1879
1881 0 4207 2585 4132 9.31371 1865
1882 0 4203 2593 4124 10.6491 1881
1883 0 4207 2561 4084 9.31371 1862
1884 0 4215 2565 4068 6.94427 1883
1885 0 4211 2565 4060 3.65685 1884
1886 0 4207 2561 4056 2 1885
1887 0 4207 2561 4052 2 1886
1888 0 4207 2561 4048 2 1887
1889 0 4207 2561 4044 2 1888
1890 0 4207 2561 4040 2 1889
1891 0 4207 2561 4036 2 1890
1892 0 4131 2509 4120 12.4222 1806
1893 2 4139 2499 4130 6.7082 1892
1894 0 4139 2493 4136 6 1893
1895 0 4135 2485 4148 9.31371 1894
1896 0 4127 2485 4156 6.94427 1895
1897 0 4115 2485 4156 6.94427 1896
1898 0 4103 2485 4156 2 1897
1899 0 4131 2481 4124 6 1893
1900 0 4127 2477 4120 6 1899
1901 0 4119 2477 4120 6 1900
1902 0 4111 2477 4112 6 1901
1903 0 4087 2565 4120 10 1805
1904 0 4091 2585 4124 10 1903
1905 0 4091 2597 4124 6 1904
1906 0 4091 2613 4124 10 1905
1907 0 4091 2621 4116 9.31371 1906
1908 0 4099 2633 4112 6.94427 1907
1909 0 4103 2649 4112 9.31371 1908
1910 2 4105.4 2668.2 4112 10.3895 1909
1911 0 4115 2681 4120 6.94427 1910
1912 0 4127 2697 4124 6.94427 1911
1913 0 4147 2713 4128 12.4222 1912
1914 0 4163 2725 4140 6.94427 1913
1915 0 4171 2733 4148 6.94427 1914
1916 0 4175 2741 4148 6 1915
1917 0 4179 2757 4148 9.31371 1916
1918 0 4183 2765 4152 6.94427 1917
1919 0 4187 2777 4164 6.94427 1918
1920 0 4195 2781 4168 6.94427 1919
1921 0 4091 2677 4088 10 1910
1922 0 4083 2689 4076 6.94427 1921
1923 0 4075 2701 4060 6.94427 1922
1924 0 4063 2709 4048 9.31371 1923
1925 0 4063 2729 4024 12.4222 1924
1926 0 4075 2733 4000 6.94427 1925
1927 0 4055 2541 4160 12.4222 1804
1928 0 4063 2549 4180 6.94427 1927
1929 0 4067 2553 4188 6 1928
1930 0 4071 2561 4200 10.6491 1929
1931 0 4079 2565 4208 10.6491 1930
1932 0 4103 2565 4212 6 1931
1933 0 4119 2557 4212 6 1932
1934 0 4127 2557 4212 6 1933
1935 0 4139 2557 4212 9.31371 1934
1936 0 4147 2557 4220 6 1935
1937 0 4163 2557 4228 6 1936
1938 0 4179 2561 4232 6 1937
1939 0 4199 2561 4240 10 1938
1940 0 4223 2569 4244 6 1939
1941 0 4243 2565 4244 6.94427 1940
1942 0 4255 2561 4244 12.4222 1941
1943 0 4267 2561 4240 10 1942
1944 0 4283 2565 4224 12.4222 1943
1945 0 4303 2573 4220 6 1944
1946 0 4311 2573 4220 6.94427 1945
1947 0 4323 2577 4212 6.94427 1946
1948 0 4335 2581 4204 6.94427 1947
1949 0 4335 2585 4188 6 1948
1950 0 4339 2597 4172 6 1949
1951 0 4343 2605 4164 9.31371 1950
1952 0 4351 2609 4156 6 1951
1953 0 4355 2613 4152 6 1952
1954 0 4119 2545 4216 6 1933
1955 0 4119 2533 4220 9.31371 1954
1956 0 4119 2521 4220 6 1955
1957 0 4123 2509 4224 10.6491 1956
1958 0 4067 2569 4228 6 1931
1959 0 4059 2581 4236 6.94427 1958
1960 0 4051 2593 4240 14 1959
1961 0 4051 2625 4236 6 1960
1962 0 4047 2641 4228 10 1961
1963 0 4051 2653 4228 6 1962
1964 0 4019 2589 4116 6 1803
1965 0 4019 2597 4116 2 1964
1966 0 4015 2601 4116 3.65685 1965
1967 0 4015 2605 4116 3.65685 1966
1968 0 4011 2609 4120 6 1967
1969 0 4003 2617 4132 6 1968
1970 0 3991 2621 4148 9.31371 1969
1971 0 3999 2633 4164 6 1970
1972 0 4003 2641 4172 3.65685 1971
1973 0 4007 2645 4180 6 1972
1974 0 4011 2649 4184 6 1973
1975 0 3959 2485 4136 21.3238 1802
1976 0 3959 2473 4156 10.6491 1975
1977 0 3959 2473 4168 10 1976
1978 0 3959 2465 4176 6 1977
1979 0 3959 2461 4192 6 1978
1980 0 3963 2449 4204 6 1979
1981 0 3967 2433 4216 6 1980
1982 0 3967 2425 4216 6 1981
1983 0 3967 2409 4228 6 1982
1984 0 3967 2389 4240 10 1983
1985 0 3963 2373 4244 14 1984
1986 0 3979 2357 4252 9.31371 1985
1987 2 3994.56 2341.44 4248.22 10.5749 1986
1988 0 4007 2333 4236 12.4222 1987
1989 0 4023 2321 4232 6.94427 1988
1990 0 4031 2305 4220 6.94427 1989
1991 0 4047 2285 4216 10.6491 1990
1992 2 4062.24 2281.19 4208.38 13.8404 1991
1993 0 4083 2269 4188 6 1992
1994 0 4087 2265 4176 6.94427 1993
1995 0 4087 2261 4164 6.94427 1994
1996 0 4091 2257 4156 3.65685 1995
1997 0 4095 2249 4152 9.31371 1996
1998 0 4071 2285 4224 3.65685 1992
1999 0 4079 2285 4232 9.31371 1998
2000 0 4087 2285 4240 6 1999
2001 0 4095 2281 4244 6.94427 2000
2002 0 4103 2277 4252 3.65685 2001
2003 0 4103 2273 4256 2 2002
2004 0 4003 2329 4272 6 1987
2005 0 3999 2325 4276 6 2004
2006 0 3999 2305 4276 6 2005
2007 0 3999 2297 4276 6 2006
2008 0 4003 2293 4272 6 2007
2009 0 4007 2289 4268 3.65685 2008
2010 0 4015 2281 4260 6.94427 2009
2011 0 4031 2281 4256 6 2010
2012 0 4039 2281 4256 6 2011
2013 0 4051 2281 4256 10.6491 2012
2014 0 4063 2293 4256 10.6491 2013
2015 0 4071 2301 4252 6 2014
2016 0 3939 2361 4244 10 1985
2017 0 3919 2353 4248 10.6491 2016
2018 0 3907 2353 4248 6 2017
2019 0 3891 2349 4248 9.31371 2018
2020 0 3875 2329 4248 6.94427 2019
2021 0 3859 2325 4252 6 2020
2022 0 3851 2329 4256 3.65685 2021
2023 0 3847 2329 4260 2 2022
2024 0 3967 2489 4108 29.241 1801
2025 0 3927 2457 4128 12.4222 2024
2026 0 3915 2445 4128 6.94427 2025
2027 0 3903 2429 4128 6.94427 2026
2028 0 3899 2417 4128 10 2027
2029 0 3895 2401 4132 10 2028
2030 0 3895 2389 4132 6.94427 2029
2031 0 3895 2365 4136 10 2030
2032 0 3895 2353 4136 6 2031
2033 0 3907 2333 4136 10.6491 2032
2034 0 3927 2337 4116 9.31371 2033
2035 0 3935 2333 4108 6 2034
2036 0 3947 2329 4096 6 2035
2037 0 3947 2329 4088 6 2036
2038 0 3951 2341 4080 10 2037
2039 0 3947 2357 4076 2 2038
2040 0 3911 2321 4152 6.94427 2033
2041 0 3919 2313 4168 6 2040
2042 0 3927 2313 4176 6 2041
2043 0 3935 2317 4184 2 2042
2044 0 3939 2317 4184 2 2043
2045 0 3951 2485 4060 18 1800
2046 0 3935 2473 4052 6 2045
2047 0 3927 2465 4052 2 2046
2048 0 3923 2465 4052 2 2047
2049 0 3959 2513 3940 6.94427 27
2050 0 3951 2505 3936 6.94427 2049
2051 0 3943 2497 3928 10 2050
2052 0 3935 2493 3920 6 2051
2053 0 3927 2485 3920 2 2052
2054 0 3919 2481 3916 9.31371 2053
2055 0 3919 2477 3896 9.31371 2054
2056 0 3919 2473 3880 6 2055
2057 0 3919 2465 3872 9.31371 2056
2058 0 3907 2453 3868 10.6491 2057
2059 0 3895 2449 3868 6.94427 2058
2060 0 3879 2433 3872 9.31371 2059
2061 0 3875 2413 3876 6.94427 2060
2062 0 3863 2401 3880 6.94427 2061
2063 0 3851 2389 3892 6.94427 2062
2064 0 3847 2385 3912 6.94427 2063
2065 0 3847 2385 3924 2 2064
2066 0 3919 2513 3984 6 26
2067 0 3919 2497 3972 6 2066
2068 0 3923 2489 3960 6 2067
2069 0 3915 2485 3944 9.31371 2068
2070 0 3903 2497 3932 9.31371 2069
2071 0 3899 2493 3924 6 2070
2072 0 3895 2573 3976 9.31371 25
2073 0 3895 2585 3976 6.94427 2072
2074 0 3877.24 2620.69 3985.76 17.1838 2073
2075 0 3863 2645 4004 15.8885 2074
2076 0 3843 2669 4040 20.6274 2075
2077 0 3811 2685 4072 22.3311 2076
2078 0 3779 2709 4088 12.4222 2077
2079 2 3768.09 2719.91 4095.27 12.4222 2078
2080 2 3766.14 2723.57 4097.71 12.7603 2079
2081 2 3763.86 2730.43 4102.29 13.6619 2080
2082 0 3759 2761 4112 6 2081
2083 0 3759 2769 4116 6 2082
2084 0 3759 2777 4116 2 2083
2085 0 3759 2781 4116 2 2084
2086 0 3763 2789 4116 6 2085
2087 0 3763 2809 4116 6 2086
2088 0 3763 2825 4116 6 2087
2089 0 3767 2841 4116 6 2088
2090 2 3767 2851.8 4112.4 8.98234 2089
2091 0 3772.15 2862.15 4106.85 6.46977 2090
2092 0 3779 2869 4100 3.65685 2091
2093 0 3779 2877 4096 3.65685 2092
2094 0 3779 2885 4092 6 2093
2095 0 3779 2893 4092 6 2094
2096 0 3787 2901 4084 6.94427 2095
2097 0 3799 2909 4084 6 2096
2098 0 3803 2913 4080 3.65685 2097
2099 0 3815 2913 4072 9.31371 2098
2100 0 3835 2921 4056 9.31371 2099
2101 0 3843 2929 4048 3.65685 2100
2102 0 3839 2933 4044 2 2101
2103 0 3775 2857 4088 6 2091
2104 0 3783 2857 4080 9.31371 2103
2105 0 3795 2861 4068 6.94427 2104
2106 0 3799 2869 4060 3.65685 2105
2107 0 3803 2873 4056 6 2106
2108 0 3755 2861 4128 6 2090
2109 0 3747 2861 4132 6 2108
2110 0 3739 2865 4140 9.31371 2109
2111 0 3751 2709 4116 6.94427 2081
2112 0 3751 2697 4124 6 2111
2113 0 3743 2685 4124 6.94427 2112
2114 0 3743 2673 4124 10.6491 2113
2115 0 3739 2645 4132 6 2114
2116 0 3739 2637 4136 6 2115
2117 0 3731 2621 4136 9.31371 2116
2118 0 3727 2609 4136 6 2117
2119 0 3727 2601 4136 6 2118
2120 0 3727 2589 4136 9.31371 2119
2121 0 3727 2577 4136 6.94427 2120
2122 0 3739 2565 4136 9.31371 2121
2123 0 3747 2553 4136 6 2122
2124 0 3747 2545 4136 3.65685 2123
2125 0 3751 2541 4136 2 2124
2126 0 3759 2737 4076 6 2080
2127 0 3755 2741 4060 6.94427 2126
2128 0 3743 2741 4048 9.31371 2127
2129 0 3735 2733 4040 6 2128
2130 0 3731 2725 4020 9.31371 2129
2131 0 3723 2717 4004 6.94427 2130
2132 0 3703 2721 3992 10.6491 2131
2133 0 3691 2717 3992 6 2132
2134 0 3751 2705 4088 6.94427 2079
2135 0 3739 2689 4088 6.94427 2134
2136 0 3875 2641 3964 10.6491 2074
2137 0 3875 2657 3952 6 2136
2138 0 3875 2665 3944 6.94427 2137
2139 0 3859 2681 3928 6 2138
2140 0 3843 2693 3912 6.94427 2139
2141 0 3827 2701 3892 10.6491 2140
2142 0 3823 2713 3892 6 2141
2143 0 3823 2729 3892 6 2142
2144 0 3815 2749 3900 10.6491 2143
2145 0 3819 2769 3912 6 2144
2146 0 3823 2781 3924 6 2145
2147 0 3827 2785 3932 2 2146
2148 0 3827 2785 3936 2 2147
2149 0 3815 2689 3880 6.94427 2141
2150 0 3807 2677 3880 6 2149
2151 0 3807 2669 3884 6 2150
2152 0 3835 2497 4008 9.31371 23
2153 0 3823 2497 4020 6 2152
2154 0 3819 2501 4028 9.31371 2153
2155 0 3803 2505 4044 9.31371 2154
2156 0 3795 2505 4052 6 2155
2157 0 3787 2501 4060 6 2156
2158 0 3783 2493 4068 6 2157
2159 0 3775 2489 4076 6 2158
2160 2 3761.4 2489.53 4082.93 10.154 2159
2161 0 3743 2493 4064 6 2160
2162 0 3727 2493 4052 6.94427 2161
2163 0 3719 2501 4048 10 2162
2164 0 3715 2529 4040 10 2163
2165 0 3719 2541 4016 6.94427 2164
2166 0 3719 2545 4000 6.94427 2165
2167 0 3723 2553 3992 3.65685 2166
2168 0 3723 2553 3984 6 2167
2169 0 3723 2553 3976 6 2168
2170 0 3727 2557 3968 9.31371 2169
2171 0 3731 2557 3948 10 2170
2172 0 3739 2553 3928 6.94427 2171
2173 0 3743 2553 3920 3.65685 2172
2174 0 3743 2553 3916 3.65685 2173
2175 0 3747 2549 3912 2 2174
2176 0 3743 2481 4104 6.94427 2160
2177 0 3739 2473 4116 6.94427 2176
2178 0 3731 2461 4124 10 2177
2179 0 3723 2445 4140 6.94427 2178
2180 0 3719 2441 4148 6 2179
2181 0 3711 2445 4160 10 2180
2182 0 3707 2441 4172 10 2181
2183 0 3711 2437 4188 6 2182
2184 0 3695 2437 4200 6 2183
2185 0 3687 2437 4212 6 2184
2186 0 3683 2441 4220 6.94427 2185
2187 0 3687 2441 4236 6.94427 2186
2188 0 3779 2417 3912 9.31371 21
2189 2 3759.92 2401.62 3916 12.1831 2188
2190 0 3755 2385 3916 12.4222 2189
2191 2 3747.07 2361.72 3916 21.1309 2190
2192 2 3729.16 2346.8 3916 28.3664 2191
2193 0 3683 2345 3924 6.94427 2192
2194 0 3675 2345 3932 6.94427 2193
2195 0 3663 2341 3936 10 2194
2196 0 3643 2345 3936 12.4222 2195
2197 0 3623 2341 3920 10 2196
2198 2 3609 2345 3914 10.5409 2197
2199 0 3583 2349 3892 10.6491 2198
2200 0 3575 2357 3888 6.94427 2199
2201 0 3555 2373 3888 9.31371 2200
2202 0 3535 2377 3904 6 2201
2203 0 3531 2381 3908 6 2202
2204 0 3523 2385 3920 10 2203
2205 0 3503 2389 3940 10 2204
2206 0 3491 2389 3960 6.94427 2205
2207 0 3599 2365 3924 12.4222 2198
2208 0 3595 2381 3932 10 2207
2209 0 3599 2401 3944 12.4222 2208
2210 0 3707 2361 3876 19.5407 2192
2211 0 3691 2377 3880 6 2210
2212 0 3751 2361 3872 26.8444 2191
2213 0 3759 2377 3848 12.4222 2212
2214 0 3771 2377 3840 6.94427 2213
2215 0 3743 2409 3936 6 2189
2216 0 3739 2409 3948 9.31371 2215
2217 0 3735 2401 3956 3.65685 2216
2218 0 3731 2397 3960 2 2217
2219 0 3815 2481 3908 12.4222 20
2220 0 3811 2493 3908 6.94427 2219
2221 0 3811 2501 3900 6 2220
2222 0 3819 2501 3892 9.31371 2221
2223 0 3827 2497 3888 6.94427 2222
2224 0 3803 2485 3820 21.3238 18
2225 0 3795 2505 3820 12.4222 2224
2226 0 3783 2509 3820 6.94427 2225
2227 0 3775 2521 3820 6 2226
2228 0 3767 2529 3828 9.31371 2227
2229 0 3755 2529 3828 6 2228
2230 0 3747 2529 3836 10 2229
2231 0 3723 2533 3840 14.4924 2230
2232 0 3711 2545 3852 9.31371 2231
2233 0 3707 2557 3860 10 2232
2234 0 3703 2565 3868 6.94427 2233
2235 0 3691 2557 3880 6 2234
2236 0 3671 2557 3896 10.6491 2235
2237 0 3663 2549 3904 6 2236
2238 0 3659 2537 3908 6 2237
2239 0 3655 2533 3912 3.65685 2238
2240 0 3655 2529 3912 3.65685 2239
2241 0 3651 2525 3916 6 2240
2242 0 3643 2521 3932 6 2241
2243 0 3635 2513 3940 6 2242
2244 0 3635 2513 3948 6 2243
2245 0 3627 2505 3956 6 2244
2246 0 3619 2497 3968 6.94427 2245
2247 0 3611 2493 3988 9.31371 2246
2248 0 3595 2481 4004 9.31371 2247
2249 0 3587 2477 4008 9.31371 2248
2250 0 3671 2541 3888 6 2236
2251 0 3667 2533 3880 6.94427 2250
2252 0 3663 2525 3880 3.65685 2251
2253 0 3659 2521 3876 3.65685 2252
2254 0 3659 2517 3876 2 2253
2255 0 3687 2501 3840 9.31371 2231
2256 0 3671 2485 3848 14.4924 2255
2257 0 3671 2469 3852 6 2256
2258 0 3667 2449 3860 9.31371 2257
2259 0 3663 2433 3864 10 2258
2260 0 3675 2417 3880 3.65685 2259
2261 0 3679 2413 3884 3.65685 2260
2262 0 3683 2409 3888 2 2261
2263 0 3767 2553 3820 6.94427 2228
2264 0 3767 2561 3812 9.31371 2263
2265 0 3767 2573 3808 6 2264
2266 0 3791 2433 3796 14 17
2267 0 3787 2409 3784 6 2266
2268 0 3803 2497 3768 12.4222 16
2269 0 3807 2509 3768 3.65685 2268
2270 0 3811 2513 3768 2 2269
2271 0 3811 2517 3768 2 2270
2272 0 3787 2421 3728 15.8885 14
2273 0 3771 2397 3728 12.4222 2272
2274 0 3759 2389 3724 6 2273
2275 0 3787 2365 3636 6 10
2276 0 3791 2365 3644 6 2275
2277 0 3787 2369 3652 6.94427 2276
2278 0 3783 2377 3660 3.65685 2277
2279 0 3779 2381 3664 2 2278
2280 0 3731 2353 3632 9.31371 9
2281 0 3723 2337 3632 10.6491 2280
2282 0 3719 2325 3632 6 2281
2283 0 3731 2405 3584 18 8
2284 0 3731 2417 3568 6.94427 2283
