# Generated by NeuTu (https://github.com/janelia-flyem/NeuTu)
1 0 4827 2781 3008 2 -1
2 0 4823 2781 3008 2 1
3 0 4815 2785 3004 6 2
4 0 4807 2785 3004 6.94427 3
5 0 4795 2773 3008 6.94427 4
6 0 4787 2761 3012 6.94427 5
7 0 4779 2749 3020 10 6
8 0 4771 2741 3020 6.94427 7
9 0 4763 2733 3028 3.65685 8
10 0 4759 2729 3032 3.65685 9
11 0 4759 2725 3036 3.65685 10
12 0 4759 2721 3044 6 11
13 0 4759 2717 3052 6 12
14 0 4759 2709 3064 10 13
15 0 4767 2705 3072 6.94427 14
16 0 4775 2697 3080 6.94427 15
17 0 4775 2685 3096 3.65685 16
18 0 4779 2677 3100 6.94427 17
19 0 4787 2669 3112 6 18
20 0 4791 2669 3120 6 19
21 0 4787 2661 3132 6 20
22 0 4783 2661 3140 3.65685 21
23 0 4783 2665 3148 3.65685 22
24 0 4783 2669 3160 6 23
25 0 4791 2677 3172 6 24
26 0 4799 2685 3184 6 25
27 0 4803 2685 3192 6 26
28 0 4811 2685 3204 2 27
