# Generated by NeuTu (https://github.com/janelia-flyem/NeuTu)
1 0 4812 2505 3183 2 -1
2 0 4812 2509 3195 6 1
3 0 4812 2509 3203 6 2
4 0 4835.1 2514.52 3214.38 10.039 3
5 0 4852 2501 3211 14 4
6 0 4840 2465 3207 20.6274 5
7 0 4800 2425 3195 30 6
8 2 4777.93 2372.17 3195 28.8268 7
9 2 4771.21 2356.48 3195 24.2045 8
10 0 4756 2329 3195 18 9
11 0 4728 2293 3195 18 10
12 2 4700.59 2257.73 3195 23.4072 11
13 0 4648 2245 3203 10 12
14 0 4624 2245 3207 10.6491 13
15 0 4616 2257 3207 6 14
16 2 4615.11 2266.79 3207 6.21115 15
17 0 4604 2277 3203 6 16
18 0 4592 2293 3203 6.94427 17
19 0 4588 2301 3203 6.94427 18
20 0 4588 2309 3203 2 19
21 0 4588 2313 3203 3.65685 20
22 0 4584 2321 3207 6 21
23 0 4584 2341 3215 6.94427 22
24 0 4584 2357 3227 6 23
25 0 4584 2373 3223 6 24
26 0 4584 2389 3223 6 25
27 0 4580 2405 3223 6 26
28 0 4580 2413 3223 6 27
29 0 4580 2425 3227 9.31371 28
30 0 4568 2437 3223 2 29
31 0 4568 2445 3223 6 30
32 0 4568 2453 3215 6 31
33 0 4564 2465 3211 6.94427 32
34 0 4556 2473 3207 6 33
35 0 4556 2493 3203 6 34
36 0 4560 2501 3203 6 35
37 0 4564 2513 3211 10 36
38 0 4560 2521 3219 6.94427 37
39 0 4608 2257 3227 9.31371 16
40 0 4600 2245 3247 9.31371 39
41 0 4600 2241 3263 6 40
42 0 4600 2237 3279 6 41
43 0 4600 2237 3291 6 42
44 0 4604 2241 3307 9.31371 43
45 0 4600 2233 3319 2 44
46 0 4600 2233 3323 2 45
47 0 4600 2233 3327 2 46
48 0 4728 2237 3203 6 12
49 0 4736 2237 3207 3.65685 48
50 0 4744 2241 3211 6.94427 49
51 0 4752 2245 3211 6 50
52 0 4764 2241 3207 6.94427 51
53 0 4772 2237 3207 2 52
54 0 4776 2237 3207 2 53
55 0 4760 2389 3175 15.8885 9
56 0 4744 2393 3171 6.94427 55
57 0 4732 2397 3163 6.94427 56
58 0 4724 2401 3159 6 57
59 0 4716 2405 3151 2 58
60 0 4716 2405 3147 2 59
61 0 4756 2381 3223 6.94427 8
62 0 4752 2381 3231 3.65685 61
63 0 4748 2381 3239 6 62
64 0 4744 2377 3247 6 63
65 0 4744 2381 3255 6.94427 64
66 0 4728 2385 3271 6 65
67 0 4716 2389 3287 6 66
68 0 4712 2389 3295 6 67
69 0 4704 2393 3303 3.65685 68
70 0 4704 2393 3307 2 69
71 0 4844 2517 3231 6 4
72 0 4852 2509 3239 6 71
73 0 4860 2493 3243 6 72
