# Generated by NeuTu (https://github.com/janelia-flyem/NeuTu)
1 0 4682 2589 3171 6 -1
2 0 4682 2589 3179 6 1
3 0 4690 2585 3187 3.65685 2
4 0 4702 2581 3191 6 3
5 0 4730 2585 3215 9.31371 4
6 0 4750 2585 3223 6.94427 5
7 0 4766 2585 3231 6.94427 6
8 0 4786 2573 3235 6.94427 7
9 2 4786.82 2571.37 3235.82 6.75152 8
10 0 4790 2553 3247 6 9
11 0 4794 2541 3259 9.31371 10
12 0 4794 2517 3263 10 11
13 0 4802 2505 3263 6.94427 12
14 0 4806 2493 3255 6 13
15 0 4802 2489 3251 3.65685 14
16 0 4802 2485 3247 3.65685 15
17 0 4794 2477 3239 6.94427 16
18 0 4786 2469 3235 3.65685 17
19 0 4782 2465 3231 6 18
20 0 4778 2461 3227 6 19
21 0 4786 2577 3251 6 9
22 0 4794 2573 3259 6 21
23 0 4794 2565 3267 6 22
24 0 4802 2581 3227 6 8
25 0 4810 2585 3227 3.65685 24
26 0 4814 2589 3231 6 25
27 0 4830 2577 3243 10 26
28 0 4842 2573 3247 9.31371 27
29 0 4850 2565 3251 3.65685 28
30 0 4858 2561 3251 6 29
31 0 4866 2549 3251 2 30
32 0 4866 2545 3251 2 31
