#Generated by NeuTu (https://github.com/janelia-flyem/NeuTu)
#<json>{"ds_intv": [3, 3, 3], "min_length": 40.0}</json>
1 0 4684 2950 3063 6 -1
2 0 4688 2958 3071 9.31371 1
3 0 4700 2982 3091 10.6491 2
4 0 4716 3006 3091 9.31371 3
5 0 4728 3014 3095 6.94427 4
6 0 4736 3018 3099 9.31371 5
7 0 4748 3030 3111 6.94427 6
8 0 4764 3042 3119 9.31371 7
9 2 4777.78 3055.78 3116.11 9.31371 8
10 0 4784 3074 3099 6 9
11 0 4780 3090 3103 6 10
12 0 4776 3098 3107 9.31371 11
13 0 4780 3110 3115 10 12
14 0 4788 3122 3123 6.94427 13
15 0 4796 3142 3119 6 14
16 0 4808 3154 3119 6.94427 15
17 2 4817.88 3164.82 3124.88 8.75619 16
18 0 4824 3174 3131 6.94427 17
19 0 4832 3182 3135 6.94427 18
20 0 4840 3190 3139 3.65685 19
21 0 4848 3198 3139 3.65685 20
22 0 4856 3210 3143 9.31371 21
23 0 4856 3222 3143 6.94427 22
24 0 4852 3230 3135 9.31371 23
25 0 4852 3238 3127 6 24
26 0 4820 3174 3151 10 18
27 0 4808 3178 3159 6 26
28 0 4800 3174 3167 2 27
29 0 4800 3170 3167 2 28
30 0 4804 3174 3131 6 17
31 0 4792 3174 3135 6 30
32 0 4772 3186 3139 9.31371 31
33 0 4764 3194 3139 6.94427 32
34 0 4788 3054 3135 6 9
35 0 4800 3062 3143 6 34
36 0 4808 3066 3151 6 35
37 0 4812 3070 3155 6 36
