# Generated by NeuTu (https://github.com/janelia-flyem/NeuTu)
1 0 4608 3158 3083 2 -1
2 0 4612 3162 3083 3.65685 1
3 0 4616 3166 3087 6 2
4 0 4608 3174 3087 6 3
5 0 4588 3178 3091 12.4222 4
6 0 4580 3186 3099 10 5
7 0 4580 3194 3107 2 6
8 0 4580 3194 3111 2 7
9 0 4580 3194 3115 3.65685 8
10 0 4572 3194 3123 6 9
11 0 4568 3194 3139 6.94427 10
12 0 4560 3190 3147 9.31371 11
13 0 4548 3202 3143 3.65685 12
14 0 4544 3202 3135 3.65685 13
15 0 4540 3202 3127 6 14
16 2 4536.33 3198.33 3119.67 6 15
17 0 4536 3198 3111 3.65685 16
18 0 4536 3198 3107 3.65685 17
19 0 4532 3194 3103 3.65685 18
20 0 4532 3190 3099 3.65685 19
21 0 4528 3186 3095 3.65685 20
22 0 4528 3182 3095 3.65685 21
23 0 4520 3174 3087 3.65685 22
24 0 4512 3170 3087 3.65685 23
25 0 4508 3166 3087 3.65685 24
26 0 4500 3162 3087 6 25
27 0 4484 3154 3095 6.94427 26
28 0 4476 3150 3099 9.31371 27
29 0 4460 3138 3111 6.94427 28
30 0 4448 3126 3119 10 29
31 0 4424 3138 3119 6 30
32 0 4416 3146 3127 6 31
33 0 4408 3154 3135 6 32
34 0 4404 3162 3139 9.31371 33
35 0 4400 3182 3159 9.31371 34
36 0 4392 3186 3167 3.65685 35
37 0 4388 3190 3171 2 36
38 0 4544 3214 3119 6 16
39 0 4548 3222 3127 6 38
40 0 4552 3230 3135 2 39
41 0 4552 3230 3139 3.65685 40
42 0 4552 3230 3143 3.65685 41
43 0 4548 3234 3147 2 42
44 0 4560 3174 3159 6.94427 12
45 0 4556 3154 3175 6 44
46 0 4556 3138 3187 6 45
47 0 4552 3126 3199 6.94427 46
