# Generated by NeuTu (https://github.com/janelia-flyem/NeuTu)
1 0 4664 2877 3075 6 -1
2 0 4656 2865 3075 6.94427 1
3 0 4648 2857 3075 6.94427 2
4 0 4640 2857 3075 3.65685 3
5 0 4636 2853 3079 3.65685 4
6 0 4628 2857 3083 6 5
7 0 4612 2857 3095 6 6
8 0 4600 2841 3107 6 7
9 0 4600 2837 3115 6 8
10 0 4592 2825 3123 12.4222 9
11 0 4589.85 2798.32 3123 19.8918 10
12 0 4576 2781 3123 10.6491 11
13 2 4561 2766 3123 15.5611 12
14 0 4544 2769 3119 9.31371 13
15 0 4518.82 2767.71 3099 11.7332 14
16 0 4500.86 2774.52 3096.62 16.6149 15
17 0 4504 2809 3095 12.4222 16
18 0 4516 2825 3099 14.4924 17
19 0 4532 2833 3095 6.94427 18
20 0 4544 2845 3103 9.31371 19
21 0 4544 2853 3111 6 20
22 0 4548 2857 3115 2 21
23 0 4548 2857 3119 2 22
24 2 4554.31 2863.31 3125.31 7.76814 23
25 2 4575.78 2877.89 3131.22 9.83024 24
26 0 4572 2901 3139 6.94427 25
27 0 4564 2909 3147 10.6491 26
28 0 4560 2913 3159 6 27
29 0 4560 2913 3167 6 28
30 0 4568 2925 3183 6.94427 29
31 0 4584 2929 3183 14.9706 30
32 0 4609.33 2917 3187 13.435 31
33 0 4648 2937 3179 9.31371 32
34 2 4659.82 2956.45 3182.82 12.2809 33
35 0 4692 2997 3187 12.4222 34
36 0 4704 3005 3187 6.94427 35
37 0 4720 3021 3179 6.94427 36
38 0 4732 3029 3175 6.94427 37
39 0 4752 3037 3159 12.4222 38
40 0 4764 3049 3159 9.31371 39
41 0 4764 3061 3159 3.65685 40
42 0 4768 3065 3155 3.65685 41
43 0 4772 3069 3155 3.65685 42
44 0 4772 3073 3155 3.65685 43
45 0 4776 3077 3155 2 44
46 0 4776 3081 3155 3.65685 45
47 0 4780 3089 3159 6.94427 46
48 0 4788 3097 3171 9.31371 47
49 0 4788 3105 3179 3.65685 48
50 0 4788 3105 3183 3.65685 49
51 0 4796 3113 3191 3.65685 50
52 0 4796 3117 3191 2 51
53 0 4796 3121 3191 2 52
54 0 4800 3129 3191 6 53
55 0 4800 3145 3183 10 54
56 0 4792 3153 3175 6.94427 55
57 0 4788 3161 3159 10 56
58 0 4796 3165 3151 6 57
59 0 4804 3173 3139 6 58
60 0 4776 3149 3191 6.94427 56
61 0 4768 3149 3207 6 60
62 0 4768 3153 3215 6 61
63 0 4768 3161 3219 3.65685 62
64 0 4772 3165 3215 2 63
65 0 4780 3093 3187 6 48
66 0 4772 3085 3191 6 65
67 0 4768 3081 3195 3.65685 66
68 0 4764 3081 3203 3.65685 67
69 0 4764 3081 3207 3.65685 68
70 0 4768 3085 3211 2 69
71 0 4768 3085 3215 2 70
72 0 4784 3065 3159 6 43
73 0 4792 3069 3159 6.94427 72
74 0 4804 3073 3171 9.31371 73
75 0 4808 3065 3179 6 74
76 0 4816 3065 3187 6.94427 75
77 0 4820 3053 3195 9.31371 76
78 0 4820 3037 3207 6 77
79 0 4820 3025 3211 6 78
80 0 4816 3017 3207 3.65685 79
81 0 4816 3013 3203 2 80
82 2 4755.65 3022.4 3155.35 4.42401 39
83 0 4748 3013 3147 3.65685 82
84 0 4744 3009 3143 6 83
85 2 4744 2990.03 3135.41 17.3793 84
86 2 4750 2983 3135 18.1188 85
87 0 4784 2953 3147 14 86
88 0 4800 2945 3155 12.4222 87
89 0 4796 2937 3167 6 88
90 0 4800 2933 3171 6 89
91 0 4792 2921 3183 9.31371 90
92 0 4788 2913 3199 6 91
93 0 4736 2965 3151 6.94427 86
94 0 4732 2953 3151 12.4222 93
95 0 4720 2945 3159 15.8885 94
96 0 4696 2937 3171 6.94427 95
97 0 4696 2933 3179 6.94427 96
98 0 4696 2925 3179 2 97
99 0 4696 2921 3179 2 98
100 0 4728 2997 3119 6.94427 85
101 0 4728 3005 3111 6 100
102 0 4724 3013 3103 10 101
103 0 4728 3021 3095 3.65685 102
104 0 4736 3025 3087 6 103
105 0 4744 3025 3087 3.65685 104
106 0 4748 3029 3083 2 105
107 0 4720 2981 3151 6 85
108 0 4720 2973 3163 6.94427 107
109 0 4764 3021 3147 6 82
110 0 4768 3017 3143 3.65685 109
111 0 4772 3017 3143 2 110
112 0 4776 3017 3143 2 111
113 0 4784 3013 3143 6 112
114 0 4792 3001 3139 12.4222 113
115 0 4800 2993 3131 9.31371 114
116 0 4808 2997 3115 6 115
117 0 4704 2985 3195 2 35
118 0 4704 2973 3199 9.31371 117
119 0 4684 2945 3199 12.4222 118
120 0 4660 2917 3195 10.6491 119
121 0 4656 2897 3187 6 120
122 0 4644 2965 3179 2 34
123 0 4632 2965 3175 10.6491 122
124 2 4614.67 2970.33 3165.67 10.4265 123
125 0 4608 2977 3159 9.31371 124
126 0 4600 2981 3151 2 125
127 0 4592 2981 3143 6.94427 126
128 0 4596 2973 3131 6 127
129 0 4596 2973 3123 6 128
130 0 4608 2989 3107 10.6491 129
131 0 4620 2993 3103 10 130
132 2 4620.87 2996.49 3104.75 9.33319 131
133 0 4624 3009 3111 6.94427 132
134 0 4624 3033 3111 20.6274 133
135 0 4612 3053 3111 10 134
136 0 4600 3081 3111 9.31371 135
137 0 4600 3093 3111 6 136
138 0 4604 3105 3103 10 137
139 0 4600 3109 3091 6 138
140 0 4600 3113 3083 6 139
141 0 4604 3113 3075 3.65685 140
142 0 4608 3109 3071 2 141
143 0 4644 3009 3095 9.31371 132
144 0 4656 3017 3095 10 143
145 0 4668 3013 3091 9.31371 144
146 0 4624 2973 3087 6 131
147 0 4632 2965 3079 6.94427 146
148 0 4644 2965 3067 6.94427 147
149 0 4640 2973 3059 6 148
150 0 4640 2973 3051 6 149
151 0 4632 2969 3043 2 150
152 0 4604 2961 3155 6 124
153 0 4592 2957 3143 6 152
154 0 4588 2953 3139 6 153
155 0 4588 2949 3131 3.65685 154
156 0 4588 2945 3123 3.65685 155
157 0 4588 2937 3119 6 156
158 2 4607.43 2906.33 3190.05 13.6566 32
159 0 4592 2865 3195 10 158
160 0 4592 2853 3191 12.4222 159
161 0 4608 2833 3195 2 160
162 0 4612 2833 3195 2 161
163 0 4636 2893 3171 6.94427 158
164 0 4640 2889 3163 9.31371 163
165 0 4644 2869 3151 3.65685 164
166 0 4644 2865 3151 2 165
167 0 4644 2861 3151 2 166
168 0 4548 2897 3167 6.94427 29
169 0 4544 2893 3159 3.65685 168
170 0 4536 2885 3151 3.65685 169
171 0 4532 2881 3147 3.65685 170
172 0 4528 2869 3143 6 171
173 0 4528 2861 3135 6 172
174 0 4524 2857 3131 3.65685 173
175 0 4520 2853 3127 3.65685 174
176 0 4516 2853 3123 3.65685 175
177 0 4512 2857 3119 3.65685 176
178 0 4500 2861 3119 9.31371 177
179 0 4484 2857 3131 6 178
180 0 4480 2861 3139 3.65685 179
181 0 4480 2861 3143 3.65685 180
182 0 4480 2857 3147 2 181
183 0 4584 2885 3119 6 25
184 2 4591.43 2888.71 3107.86 6.87682 183
185 0 4592 2881 3099 6.94427 184
186 0 4588 2873 3095 3.65685 185
187 0 4580 2869 3095 6.94427 186
188 0 4572 2865 3087 3.65685 187
189 0 4572 2865 3083 2 188
190 0 4604 2897 3115 6.94427 184
191 0 4616 2905 3111 6 190
192 0 4620 2909 3107 3.65685 191
193 0 4624 2909 3103 3.65685 192
194 0 4628 2909 3103 2 193
195 2 4541.91 2848.33 3133.53 6.68763 24
196 0 4528 2837 3147 9.31371 195
197 0 4520 2829 3155 9.31371 196
198 2 4514.13 2782.33 3165.93 16.9333 197
199 0 4520 2761 3175 9.31371 198
200 0 4536 2753 3179 10 199
201 0 4548 2757 3179 6 200
202 0 4568 2769 3175 6 201
203 0 4584 2769 3175 6 202
204 0 4592 2769 3171 6 203
205 0 4600 2761 3167 2 204
206 0 4604 2757 3167 3.65685 205
207 0 4604 2753 3167 2 206
208 0 4532 2789 3175 3.65685 198
209 0 4540 2797 3183 6.94427 208
210 0 4544 2813 3187 6 209
211 0 4532 2845 3123 6 195
212 0 4524 2837 3123 6.94427 211
213 0 4512 2833 3115 6 212
214 0 4488 2829 3119 9.31371 213
215 0 4472 2825 3107 6.94427 214
216 0 4460 2825 3099 12.4222 215
217 0 4448 2817 3095 6.94427 216
218 0 4440 2805 3103 3.65685 217
219 0 4436 2801 3103 2 218
220 0 4532 2865 3107 6 21
221 0 4528 2869 3103 6 220
222 0 4524 2877 3095 10 221
223 0 4540 2889 3095 6 222
224 0 4544 2893 3099 3.65685 223
225 0 4540 2897 3103 2 224
226 0 4540 2897 3107 2 225
227 2 4478.72 2760.8 3085.12 15.6734 16
228 0 4448 2745 3067 10 227
229 0 4436 2753 3059 6.94427 228
230 0 4436 2765 3059 2 229
231 0 4432 2769 3059 2 230
232 0 4428 2769 3059 2 231
233 0 4456 2777 3087 10.6491 227
234 0 4432 2785 3079 10.6491 233
235 0 4428 2785 3067 3.65685 234
236 0 4424 2785 3059 6 235
237 0 4520 2745 3115 6.94427 15
238 0 4532 2737 3123 6 237
239 0 4576 2757 3115 9.31371 13
240 0 4580 2749 3107 9.31371 239
241 0 4588 2737 3107 6 240
242 0 4596 2737 3107 3.65685 241
243 0 4600 2733 3103 2 242
244 0 4604 2733 3103 2 243
245 0 4608 2733 3099 2 244
246 0 4604 2781 3131 9.31371 11
247 0 4616 2773 3139 14 246
248 0 4640 2773 3155 10 247
249 0 4656 2765 3167 6 248
250 0 4656 2761 3183 6.94427 249
251 0 4656 2757 3191 6 250
252 0 4656 2757 3199 2 251
253 0 4656 2757 3203 2 252
