1 0 2064 2318 2996 2 -1
2 0 2064 2322 2996 2 1
3 0 2068 2330 2996 6 2
4 0 2072 2358 2992 10 3
5 0 2076 2374 2996 14 4
6 0 2072 2390 2996 10 5
7 0 2080 2410 2996 18 6
8 0 2076 2466 2996 14 7
9 0 2084 2510 2980 18 8
10 0 2100 2546 2972 26.2843 9
11 2 2132 2577.98 2914.76 37.5958 10
12 2 2132 2582.49 2895.19 37.8234 11
13 0 2132 2586 2880 38 12
14 2 2139.02 2587.76 2864.2 34.5991 13
15 0 2148 2590 2844 30.249 14
16 0 2176 2598 2832 22.3311 15
17 0 2204 2590 2816 14.4924 16
18 0 2220 2578 2780 15.8885 17
19 0 2228 2578 2760 15.8885 18
20 0 2240 2578 2728 10.6491 19
21 0 2248 2578 2704 10 20
22 0 2252 2570 2664 12.4222 21
23 0 2256 2570 2652 9.31371 22
24 0 2256 2566 2632 9.31371 23
25 0 2248.95 2560.48 2624.76 8.68253 24
26 0 2236 2554 2628 6 25
27 0 2224 2554 2644 6 26
28 0 2212 2554 2664 10 27
29 0 2188 2550 2684 9.31371 28
30 0 2176 2546 2688 3.65685 29
31 0 2168 2542 2688 6.94427 30
32 0 2156 2522 2692 6.94427 31
33 0 2148 2506 2696 6.94427 32
34 0 2144 2498 2704 6.94427 33
35 0 2148 2498 2720 6.94427 34
36 0 2152 2494 2732 9.31371 35
37 0 2160 2498 2744 6 36
38 0 2168 2506 2756 6 37
39 0 2196 2558 2704 6.94427 29
40 0 2200 2570 2716 6 39
41 2 2246.9 2558.5 2615.27 9.28898 25
42 2 2244.24 2558 2588.94 15.5803 41
43 0 2236 2562 2572 12.4222 42
44 0 2236 2578 2536 14 43
45 0 2236 2590 2500 10.6491 44
46 0 2264 2546 2584 6 42
47 0 2268 2538 2576 6 46
48 0 2272 2522 2576 6 47
49 0 2264 2570 2612 9.31371 41
50 0 2272 2578 2612 3.65685 49
51 0 2276 2578 2612 3.65685 50
52 0 2284 2586 2612 6 51
53 0 2304 2594 2608 6 52
54 0 2312 2598 2608 3.65685 53
55 0 2320 2598 2604 6 54
56 0 2332 2602 2600 6 55
57 0 2344 2602 2596 2 56
58 0 2352 2606 2588 6 57
59 0 2356 2610 2580 3.65685 58
60 0 2356 2610 2576 3.65685 59
61 0 2356 2610 2572 2 60
62 0 2240 2558 2776 10 19
63 0 2256 2542 2800 14.4924 62
64 0 2268 2546 2808 14 63
65 0 2288 2554 2816 6.94427 64
66 0 2304 2562 2820 6.94427 65
67 0 2320 2566 2836 6 66
68 0 2332 2566 2840 9.31371 67
69 0 2344 2566 2836 6 68
70 0 2352 2566 2836 6 69
71 0 2244 2514 2816 9.31371 63
72 2 2240.11 2502.32 2827.68 12.3404 71
73 0 2244 2494 2856 9.31371 72
74 0 2252 2498 2864 6 73
75 0 2252 2510 2872 6.94427 74
76 0 2244 2522 2876 2 75
77 0 2248 2482 2816 6.94427 72
78 0 2260 2462 2812 6 77
79 0 2216 2606 2836 10 17
80 0 2224 2614 2840 9.31371 79
81 0 2236 2622 2836 3.65685 80
82 0 2240 2626 2832 3.65685 81
83 0 2244 2630 2828 6 82
84 0 2256 2638 2816 6 83
85 0 2276 2650 2796 9.31371 84
86 0 2284 2658 2788 6 85
87 0 2292 2662 2780 6 86
88 0 2300 2678 2768 6 87
89 0 2308 2690 2764 10 88
90 0 2308 2702 2752 9.31371 89
91 2 2331.43 2705.54 2742.51 14 90
92 0 2344 2698 2740 14 91
93 0 2356 2710 2740 9.31371 92
94 0 2356 2726 2748 6 93
95 0 2356 2734 2756 6 94
96 0 2340 2714 2720 3.65685 91
97 0 2344 2718 2716 6 96
98 0 2356 2722 2700 6 97
99 0 2360 2718 2692 3.65685 98
100 0 2360 2718 2688 2 99
101 0 2200 2598 2884 14 16
102 0 2212 2602 2892 3.65685 101
103 0 2216 2602 2892 2 102
104 2 2135.49 2607.2 2829.92 25.4599 15
105 0 2116 2634 2800 18 104
106 0 2116 2634 2780 18 105
107 0 2116 2626 2760 10 106
108 0 2129.94 2614.48 2738.06 17.0303 107
109 0 2144 2618 2724 10 108
110 0 2148 2618 2708 10 109
111 0 2164 2630 2684 9.31371 110
112 0 2164 2630 2672 6 111
113 0 2164 2630 2656 9.31371 112
114 0 2164 2630 2640 6 113
115 0 2152 2622 2616 10 114
116 0 2126.29 2617.8 2590.29 15.9019 115
117 0 2112 2654 2584 6 116
118 0 2112 2662 2584 6 117
119 0 2132 2594 2564 6.94427 116
120 0 2136 2586 2556 3.65685 119
121 0 2140 2586 2552 3.65685 120
122 0 2144 2590 2548 2 121
123 0 2156 2614 2744 6 108
124 0 2164 2614 2744 6 123
125 0 2176 2614 2744 10.6491 124
126 0 2196 2626 2744 6 125
127 0 2208 2634 2744 2 126
128 0 2092 2614 2784 6 105
129 0 2092 2598 2784 6 128
130 0 2092 2582 2784 6 129
131 0 2096 2566 2784 6.94427 130
132 0 2100 2566 2820 12.4222 104
133 0 2096 2554 2824 6.94427 132
134 0 2096 2534 2824 6.94427 133
135 0 2092 2526 2824 3.65685 134
136 0 2088 2522 2820 2 135
137 0 2088 2518 2820 2 136
138 0 2088 2514 2820 2 137
139 0 2088 2510 2820 2 138
140 0 2140 2558 2808 6.94427 15
141 0 2132 2558 2808 2 140
142 0 2128 2554 2804 2 141
143 0 2120 2554 2800 6 142
144 0 2112 2546 2792 12.4222 143
145 0 2100 2534 2784 14 144
146 0 2096 2518 2784 9.31371 145
147 0 2096 2630 2872 6 14
148 0 2092 2638 2876 2 147
149 0 2092 2642 2876 2 148
150 0 2092 2646 2876 2 149
151 0 2092 2650 2876 2 150
152 0 2092 2654 2876 3.65685 151
153 0 2092 2658 2876 3.65685 152
154 0 2088 2662 2876 2 153
155 0 2088 2666 2876 2 154
156 0 2088 2670 2876 2 155
157 0 2088 2674 2876 2 156
158 0 2088 2678 2876 2 157
159 0 2108 2538 2872 14 13
160 0 2100 2526 2868 6.94427 159
161 0 2100 2510 2868 6 160
162 0 2168 2586 2920 28.4631 12
163 0 2216 2594 2956 30 162
164 0 2232 2618 2972 14.4924 163
165 0 2240 2638 2996 6 164
166 0 2100 2502 2916 18 11
167 0 2088 2474 2908 6 166
168 0 2088 2458 2908 6 167
169 0 2088 2450 2908 6 168
170 0 2076 2578 2972 6.94427 10
171 0 2076 2594 2972 6.94427 170
172 0 2076 2602 2980 6 171
173 0 2072 2610 2980 2 172
174 0 2072 2614 2980 2 173
175 0 2072 2618 2980 2 174
176 0 2072 2622 2980 2 175
