# Generated by NeuTu (https://github.com/janelia-flyem/NeuTu)
1 0 2123 2734 2504 6.94427 -1
2 0 2067.7 2673.73 2523.86 60.339 1
3 2 2044.3 2587.03 2602.97 67.3035 2
4 0 2035 2438 2772 58 3
5 2 2037.74 2365.91 2860.09 60.7446 4
6 0 2035 2322 2904 58 5
7 0 2027 2290 2956 50 6
8 0 2055 2262 2992 22 7
9 0 2031 2422 2960 54 7
10 0 2031 2570 2960 54 9
11 0 2031 2682 2964 54 10
12 0 2059 2722 2988 22 11
13 0 2083 2722 2988 6 12
14 0 2035 2298 2760 54 6
15 2 2041.82 2353.94 2642.41 64.8203 14
16 0 2055 2478 2512 70 15
17 2 2042.79 2308.45 2554.62 65.7926 15
18 0 2087 2274 2504 34 17
19 0 2115 2250 2504 10 18
20 0 2063 2378 2504 62 17
21 2 2040 2417.04 2874.98 63.0019 6
22 0 2042.75 2553.99 2832.01 65.7505 21
23 2 2039.5 2606.02 2779.98 62.499 22
24 0 2043 2674 2712 63.1153 23
25 0 2087 2722 2696 22 24
26 0 2043 2674 2752 65.0522 23
27 0 2091 2722 2748 22 26
28 0 2027 2694 2796 50 22
29 0 1991 2730 2788 14 28
30 0 2039 2586 2888 62 21
31 0 2043 2650 2888 62.1249 30
32 0 2099 2734 2884 10 31
33 0 2035 2390 2772 58 6
34 0 2043 2438 2640 66 33
35 0 2051 2534 2544 74 34
36 0 2103 2570 2504 26.2843 35
37 0 2035 2506 2760 58 5
38 0 2047 2626 2640 70 37
39 0 2031 2690 2616 54 38
40 0 1991 2730 2612 14 39
41 0 2063 2686 2572 54.1427 3
42 0 2103 2726 2572 18 41
43 0 2003 2718 2500 26 2
