# Generated by NeuTu (https://github.com/janelia-flyem/NeuTu)
1 0 4738 3233 3353 2 -1
2 0 4742 3229 3349 3.65685 1
3 0 4742 3225 3345 3.65685 2
4 0 4746 3221 3341 6 3
5 0 4746 3209 3333 2 4
6 0 4746 3205 3333 2 5
7 0 4746 3197 3333 6 6
8 0 4746 3185 3329 6 7
9 0 4746 3181 3321 6.94427 8
10 0 4742 3173 3313 3.65685 9
11 0 4738 3169 3309 3.65685 10
12 0 4734 3161 3301 10 11
13 0 4718 3145 3317 6.94427 12
14 0 4710 3141 3325 6.94427 13
15 0 4706 3141 3337 6 14
16 0 4698 3137 3349 10 15
17 0 4698 3129 3357 10 16
18 0 4746 3161 3281 6.94427 12
19 0 4754 3157 3273 9.31371 18
20 0 4758 3149 3269 3.65685 19
21 0 4758 3141 3265 6 20
22 0 4758 3133 3257 6 21
23 0 4762 3125 3261 2 22
24 0 4762 3121 3265 2 23
