# Generated by NeuTu (https://github.com/janelia-flyem/NeuTu)
1 0 4795 3594 3046 2 -1
2 0 4791 3594 3046 3.65685 1
3 0 4787 3590 3046 3.65685 2
4 0 4783 3586 3042 6 3
5 0 4779 3582 3038 3.65685 4
6 0 4775 3574 3038 3.65685 5
7 0 4767 3566 3038 6.94427 6
8 0 4759 3550 3046 6 7
9 0 4755 3538 3050 6.94427 8
10 0 4743 3518 3050 6.94427 9
11 0 4735 3510 3050 6.94427 10
12 0 4727 3502 3050 3.65685 11
13 0 4723 3494 3050 6.94427 12
14 0 4715 3486 3042 3.65685 13
15 0 4707 3478 3042 6 14
16 0 4703 3474 3038 6 15
17 0 4695 3466 3038 3.65685 16
18 0 4695 3462 3038 3.65685 17
19 0 4691 3458 3034 6 18
20 0 4683 3450 3042 2 19
21 0 4679 3450 3042 2 20
