# Generated by NeuTu (https://github.com/janelia-flyem/NeuTu)
1 0 4461 3733 3238 2 -1
2 0 4465 3729 3242 3.65685 1
3 0 4477 3717 3246 10 2
4 0 4477 3709 3254 10 3
5 0 4473 3697 3254 6.94427 4
6 0 4465 3689 3250 6.94427 5
7 0 4449 3677 3254 10 6
8 0 4437 3669 3270 6 7
9 0 4425 3665 3286 6.94427 8
10 0 4417 3657 3302 6 9
11 0 4417 3657 3310 6 10
12 2 4405.33 3649.33 3325.33 9.31371 11
13 0 4405 3641 3342 6 12
14 0 4401 3637 3350 2 13
15 0 4401 3637 3354 2 14
16 0 4401 3637 3358 3.65685 15
17 0 4401 3637 3366 3.65685 16
18 0 4397 3637 3370 3.65685 17
19 0 4397 3641 3374 2 18
20 0 4389 3669 3326 6.94427 12
21 0 4377 3689 3330 6.94427 20
