# Generated by NeuTu (https://github.com/janelia-flyem/NeuTu)
1 0 4594 3289 3457 2 -1
2 0 4594 3293 3453 3.65685 1
3 0 4594 3293 3445 3.65685 2
4 0 4594 3297 3437 6 3
5 0 4590 3301 3429 6 4
6 0 4586 3305 3421 3.65685 5
7 0 4582 3309 3417 3.65685 6
8 0 4582 3309 3413 3.65685 7
9 0 4578 3313 3409 6 8
10 0 4578 3317 3401 6 9
11 0 4582 3329 3397 6 10
12 0 4586 3341 3385 12.4222 11
13 0 4582 3365 3377 6.94427 12
14 0 4578 3373 3377 6 13
15 0 4574 3397 3377 10 14
16 0 4570 3413 3365 6 15
17 0 4570 3429 3357 6 16
18 0 4574 3433 3353 6 17
