# Generated by NeuTu (https://github.com/janelia-flyem/NeuTu)
1 0 2300 2784 3500 10 -1
2 0 2280 2796 3512 6 1
3 0 2276 2800 3516 3.65685 2
4 0 2276 2800 3524 3.65685 3
5 0 2272 2800 3532 6 4
6 0 2272 2800 3540 6 5
7 0 2288 2804 3560 6 6
8 0 2296 2808 3564 6 7
9 0 2300 2812 3568 3.65685 8
10 0 2308 2820 3576 3.65685 9
11 0 2316 2828 3584 6.94427 10
12 0 2320 2840 3596 6 11
13 0 2320 2848 3604 6 12
14 0 2324 2852 3612 9.31371 13
15 0 2336 2868 3628 6 14
16 0 2344 2880 3640 6 15
17 0 2348 2888 3640 3.65685 16
18 0 2352 2892 3640 3.65685 17
19 0 2356 2896 3644 6 18
20 0 2364 2904 3652 6.94427 19
21 0 2384 2916 3668 6.94427 20
22 0 2392 2924 3680 6 21
23 0 2404 2932 3692 6 22
24 0 2408 2936 3696 6 23
25 0 2412 2940 3700 3.65685 24
26 0 2416 2940 3704 3.65685 25
27 0 2420 2944 3708 3.65685 26
28 0 2428 2952 3712 6.94427 27
29 0 2444 2964 3712 6.94427 28
30 0 2456 2968 3708 6.94427 29
31 0 2468 2980 3708 6 30
32 0 2476 2984 3708 6.94427 31
33 0 2488 2984 3700 6 32
34 0 2504 2988 3688 6 33
35 0 2516 2996 3680 6.94427 34
36 0 2532 3004 3672 6 35
37 0 2548 3008 3664 6 36
