# Generated by NeuTu (https://github.com/janelia-flyem/NeuTu)
1 0 2348 2882 3500 6.94427 -1
2 0 2376 2890 3512 14 1
3 0 2388 2894 3524 6 2
4 0 2400 2882 3540 6 3
5 0 2408 2878 3556 6.94427 4
6 0 2412 2866 3572 6 5
7 0 2412 2850 3592 6 6
8 0 2404 2846 3600 3.65685 7
9 0 2400 2842 3600 3.65685 8
10 0 2396 2838 3604 6 9
11 0 2372 2834 3612 9.31371 10
12 0 2364 2834 3620 9.31371 11
13 0 2356 2838 3628 6 12
14 0 2356 2846 3636 6.94427 13
15 0 2344 2846 3656 6 14
16 0 2344 2842 3672 6 15
17 0 2344 2838 3692 6 16
18 0 2344 2846 3700 3.65685 17
19 0 2344 2850 3704 3.65685 18
20 0 2340 2858 3712 6 19
21 0 2336 2866 3720 6 20
22 0 2332 2878 3732 6.94427 21
23 0 2324 2886 3744 6 22
