# Generated by NeuTu (https://github.com/janelia-flyem/NeuTu)
1 0 2391 2703 3686 2 -1
2 0 2391 2699 3686 2 1
3 0 2391 2687 3686 6.94427 2
4 0 2395 2679 3682 9.31371 3
5 0 2407 2667 3670 3.65685 4
6 0 2415 2663 3666 6 5
7 0 2435 2651 3662 10 6
8 0 2439 2659 3674 6 7
9 0 2427 2667 3686 6.94427 8
10 0 2419 2675 3694 6 9
11 0 2415 2679 3698 2 10
12 0 2415 2683 3698 3.65685 11
13 0 2407 2691 3706 3.65685 12
14 0 2403 2691 3706 3.65685 13
15 0 2399 2695 3710 6 14
16 0 2395 2703 3718 6 15
17 0 2391 2711 3730 6 16
18 0 2387 2715 3738 6 17
19 0 2383 2715 3746 3.65685 18
20 0 2383 2719 3754 6 19
21 0 2383 2723 3766 6 20
22 0 2387 2727 3770 6 21
23 0 2387 2727 3778 3.65685 22
24 0 2387 2731 3790 6 23
25 0 2395 2735 3806 6 24
26 0 2407 2747 3822 6.94427 25
27 0 2415 2755 3830 6 26
28 0 2423 2763 3838 6 27
