# Generated by NeuTu (https://github.com/janelia-flyem/NeuTu)
1 0 2407 2975 3796 2 -1
2 0 2419 2971 3796 6.94427 1
3 0 2431 2967 3796 10 2
4 0 2443 2967 3792 6.94427 3
5 0 2451 2967 3784 6.94427 4
6 0 2459 2967 3784 6 5
7 0 2467 2963 3776 10 6
8 0 2471 2951 3772 6.94427 7
9 0 2479 2939 3768 6.94427 8
10 0 2483 2923 3756 6 9
11 0 2499 2919 3740 6.94427 10
12 0 2507 2927 3732 6 11
13 0 2511 2931 3728 3.65685 12
14 0 2515 2931 3720 6 13
15 0 2523 2927 3712 6 14
16 0 2531 2927 3696 6 15
17 0 2539 2939 3680 6 16
18 0 2539 2947 3664 6.94427 17
19 0 2547 2947 3656 6 18
