# Generated by NeuTu (https://github.com/janelia-flyem/NeuTu)
1 0 2337 2920 3676 2 -1
2 0 2341 2920 3676 3.65685 1
3 0 2345 2924 3684 6 2
4 0 2345 2920 3696 6 3
5 0 2353 2920 3704 3.65685 4
6 0 2353 2924 3712 3.65685 5
7 0 2357 2924 3720 6 6
8 0 2361 2916 3740 6 7
9 0 2361 2916 3756 6 8
10 0 2361 2920 3764 6 9
11 0 2361 2920 3772 3.65685 10
12 0 2361 2920 3776 3.65685 11
13 0 2361 2916 3780 2 12
14 0 2361 2916 3784 2 13
15 0 2361 2916 3796 6 14
16 0 2361 2916 3808 6 15
17 0 2357 2912 3812 3.65685 16
18 0 2353 2912 3812 3.65685 17
19 0 2349 2912 3816 2 18
