# Generated by NeuTu (https://github.com/janelia-flyem/NeuTu)
1 0 2444 2965 3829 2 -1
2 0 2444 2961 3829 2 1
3 0 2432 2957 3829 9.31371 2
4 0 2420 2953 3817 6 3
5 0 2396 2957 3805 9.31371 4
6 0 2388 2957 3797 9.31371 5
7 0 2376 2957 3797 6 6
8 0 2360 2953 3793 6 7
9 0 2352 2953 3789 6 8
10 0 2344 2953 3785 3.65685 9
11 0 2340 2953 3781 3.65685 10
12 0 2336 2949 3777 2 11
13 0 2332 2949 3773 3.65685 12
14 0 2324 2941 3765 3.65685 13
15 0 2324 2933 3757 3.65685 14
16 0 2324 2929 3745 6 15
17 0 2328 2933 3741 6 16
18 0 2328 2937 3733 3.65685 17
19 0 2328 2941 3729 3.65685 18
20 0 2324 2945 3725 2 19
