# Generated by NeuTu (https://github.com/janelia-flyem/NeuTu)
1 0 2606 3165 3812 6.94427 -1
2 0 2606 3177 3828 6 1
3 0 2606 3177 3836 3.65685 2
4 0 2602 3177 3844 3.65685 3
5 0 2598 3177 3852 6 4
6 0 2582 3177 3872 6.94427 5
7 0 2570 3177 3884 9.31371 6
8 0 2558 3157 3904 6 7
9 0 2554 3149 3912 6 8
10 0 2550 3145 3916 3.65685 9
11 0 2542 3141 3920 6 10
12 0 2526 3137 3932 6.94427 11
13 0 2508.24 3119.82 3945.18 9.77084 12
14 0 2498 3113 3952 12.4222 13
15 0 2490 3105 3964 6 14
16 0 2490 3105 3972 6 15
17 0 2494 3109 3976 3.65685 16
18 0 2494 3109 3984 3.65685 17
19 0 2490 3109 3992 3.65685 18
20 0 2490 3109 3996 3.65685 19
21 0 2482 3113 4004 6.94427 20
22 0 2474 3117 4016 6 21
23 0 2470 3121 4020 3.65685 22
24 0 2474 3125 4024 2 23
25 0 2474 3133 4032 6 24
26 0 2470 3141 4040 6 25
27 0 2462 3137 4052 6.94427 26
28 0 2454 3133 4056 9.31371 27
29 0 2442 3125 4060 6.94427 28
30 0 2430 3121 4072 6 29
31 0 2418 3121 4088 6 30
32 0 2414 3125 4092 3.65685 31
33 0 2414 3125 4096 3.65685 32
34 0 2402 3129 4112 10 33
35 0 2382 3133 4128 3.65685 34
36 0 2378 3137 4132 3.65685 35
37 0 2370 3137 4136 6 36
38 0 2362 3137 4144 6 37
39 0 2506 3105 3928 9.31371 13
40 0 2506 3101 3916 6 39
41 0 2502 3097 3908 6 40
42 0 2502 3097 3896 6 41
43 0 2510 3093 3888 3.65685 42
44 0 2510 3093 3880 3.65685 43
45 0 2514 3089 3876 2 44
