# Generated by NeuTu (https://github.com/janelia-flyem/NeuTu)
1 0 2762 3297 3521 2 -1
2 0 2762 3301 3525 2 1
3 0 2754 3309 3533 6.94427 2
4 0 2754 3317 3541 10 3
5 0 2742 3313 3557 3.65685 4
6 0 2742 3309 3561 2 5
7 0 2742 3309 3569 6 6
8 0 2738 3305 3573 3.65685 7
9 0 2738 3305 3581 6 8
10 0 2738 3297 3601 6.94427 9
11 0 2734 3281 3617 3.65685 10
12 0 2726 3273 3625 3.65685 11
13 0 2718 3273 3633 6 12
14 0 2706 3273 3649 6 13
15 0 2698 3273 3657 3.65685 14
16 0 2698 3273 3661 2 15
17 0 2698 3273 3665 2 16
18 0 2698 3273 3669 3.65685 17
19 0 2694 3277 3673 2 18
