# Generated by NeuTu (https://github.com/janelia-flyem/NeuTu)
1 0 2881 3464 3575 2 -1
2 0 2881 3460 3575 2 1
3 0 2885 3452 3575 6.94427 2
4 0 2889 3436 3571 6 3
5 0 2893 3420 3571 6 4
6 0 2893 3412 3567 6 5
7 0 2897 3404 3559 2 6
8 0 2897 3404 3555 2 7
9 2 2893.22 3396.44 3547.44 6.66959 8
10 0 2877 3380 3543 6.94427 9
11 0 2873 3372 3539 3.65685 10
12 0 2869 3368 3539 3.65685 11
13 0 2861 3360 3535 6.94427 12
14 0 2849 3352 3535 6 13
15 0 2833 3348 3539 6 14
16 0 2813 3344 3551 6 15
17 0 2801 3340 3555 6 16
18 0 2793 3336 3559 6.94427 17
19 0 2785 3336 3559 3.65685 18
20 0 2777 3332 3559 6 19
21 0 2765 3324 3563 6.94427 20
22 0 2749 3316 3563 6 21
23 0 2741 3312 3563 2 22
24 0 2733 3312 3563 6 23
25 0 2713 3304 3575 6.94427 24
26 0 2693 3292 3575 6 25
27 0 2685 3288 3575 6 26
28 0 2673 3292 3575 6 27
29 0 2665 3292 3579 6.94427 28
30 0 2661 3284 3583 6 29
31 0 2653 3276 3583 9.31371 30
32 0 2633 3272 3587 6 31
33 0 2905 3392 3547 6 9
34 0 2913 3384 3555 6 33
35 0 2921 3376 3559 9.31371 34
36 0 2929 3372 3567 9.31371 35
