# Generated by NeuTu (https://github.com/janelia-flyem/NeuTu)
1 0 2524 3243 3560 2 -1
2 0 2520 3247 3556 2 1
3 0 2516 3251 3552 6 2
4 0 2508 3251 3552 6 3
5 0 2496 3259 3556 6 4
6 0 2488 3263 3564 3.65685 5
7 0 2484 3267 3568 3.65685 6
8 0 2480 3267 3568 3.65685 7
9 2 2469.48 3270.51 3571.51 8.61729 8
10 0 2456 3271 3572 6 9
11 0 2448 3267 3568 2 10
12 0 2440 3267 3564 6 11
13 0 2428 3271 3556 6 12
14 0 2412 3275 3540 6 13
15 0 2484 3279 3580 6.94427 9
16 0 2500 3291 3580 6 15
17 0 2504 3287 3584 3.65685 16
18 0 2508 3287 3584 3.65685 17
19 0 2512 3287 3584 2 18
