1 0 3779 3035 2468 6 -1
2 0 3787 3031 2460 6 1
3 0 3795 3031 2452 6 2
4 0 3799 3027 2448 3.65685 3
5 0 3799 3027 2444 2 4
6 0 3799 3027 2432 9.31371 5
7 0 3803 3023 2412 6.94427 6
8 0 3815 3019 2400 6 7
9 0 3819 3019 2384 6 8
10 0 3823 3019 2376 6 9
11 0 3827 3019 2348 14.9706 10
12 0 3847 3019 2328 14 11
13 0 3847 3031 2316 10 12
14 0 3857.61 3057.08 2303.84 14.5754 13
15 0 3831 3095 2260 12.4222 14
16 0 3823 3107 2256 9.31371 15
17 0 3827 3123 2260 9.31371 16
18 0 3839 3135 2252 15.8885 17
19 0 3867 3159 2224 23.6125 18
20 0 3911 3195 2220 21.3238 19
21 0 3915 3227 2196 18 20
22 0 3891 3239 2172 26.2843 21
23 2 3894.54 3242.54 2159.02 25.1182 22
24 0 3903 3251 2128 22.3311 23
25 2 3893.03 3257.65 2104.74 28.0708 24
26 0 3865.89 3263 2074.06 28.1055 25
27 2 3853.34 3263 2052.09 24.0531 26
28 0 3829.77 3272.74 2025.03 18 27
29 2 3808.09 3278.73 1989.91 18 28
30 2 3799.22 3294.56 1972.44 21.8889 29
31 2 3792.78 3319.89 1978.22 25.1111 30
32 0 3775 3343 1996 22 31
33 0 3763 3351 2052 18 32
34 2 3746.3 3349.6 2078.28 24.0785 33
35 2 3743.37 3343.74 2104.65 26.0357 34
36 2 3731.73 3361.78 2141.81 26.8103 35
37 2 3731 3411.23 2202.79 24.7067 36
38 0 3731 3415 2216 23.2982 37
39 2 3731 3418.12 2237.84 23.5434 38
40 0 3719 3419 2268 15.8885 39
41 0 3712.24 3414.86 2313.52 16.2332 40
42 0 3707 3407 2324 19.5407 41
43 0 3687 3399 2360 14.9706 42
44 0 3687 3383 2380 23.6125 43
45 0 3699 3379 2400 23.2982 44
46 2 3699 3376.72 2418.22 26.2382 45
47 0 3699 3375 2432 28.4631 46
48 2 3695 3375 2436 26.7853 47
49 2 3650.56 3381.11 2462.11 18.0935 48
50 2 3634.2 3388.28 2471.04 21.52 49
51 0 3623 3395 2480 26 50
52 2 3619.84 3395 2530.12 23.2739 51
53 2 3616.3 3386.91 2552.17 19.8302 52
54 0 3615 3383 2560 18 53
55 2 3611.62 3372.85 2573.54 15.4366 54
56 2 3600.54 3367.51 2593.43 22.2275 55
57 2 3592.58 3357.37 2612.05 21.7135 56
58 2 3581.82 3345.82 2629.76 25.8645 57
59 2 3574.57 3340.3 2643.46 28.0258 58
60 2 3572.24 3347.27 2662.05 21.4938 59
61 0 3571 3351 2672 18 60
62 0 3559 3363 2684 10 61
63 0 3547 3375 2696 10 62
64 0 3527 3391 2708 14 63
65 2 3506.6 3391 2731.2 16.6039 64
66 0 3503.51 3367.17 2776.86 11.0768 65
67 0 3515 3371 2796 20.6274 66
68 2 3531.2 3383.96 2805.72 25.2095 67
69 2 3537.86 3395.57 2813.71 22.0729 68
70 0 3543 3411 2824 14.4924 69
71 0 3539 3407 2856 6.94427 70
72 0 3527 3403 2868 6 71
73 0 3519 3403 2876 6.94427 72
74 0 3519 3403 2892 6 73
75 0 3519 3403 2912 6.94427 74
76 0 3507 3395 2928 10.6491 75
77 0 3479 3395 2948 9.31371 76
78 0 3463 3387 2964 12.4222 77
79 0 3439 3387 2980 9.31371 78
80 0 3427 3391 2992 6.94427 79
81 2 3416 3395 3011 9.31371 80
82 0 3419 3399 3024 6 81
83 0 3415 3399 3040 6 82
84 0 3407 3403 3056 6.94427 83
85 0 3399 3395 3068 12.4222 84
86 0 3399 3387 3092 10.6491 85
87 0 3407 3371 3108 6.94427 86
88 0 3415 3363 3112 6.94427 87
89 0 3423 3359 3116 2 88
90 0 3427 3355 3116 2 89
91 0 3431 3351 3116 3.65685 90
92 0 3439 3347 3116 6 91
93 0 3447 3351 3124 6 92
94 0 3455 3351 3124 6 93
95 0 3463 3351 3124 6 94
96 0 3479 3359 3136 6 95
97 0 3483 3363 3140 6 96
98 0 3483 3363 3148 6 97
99 0 3479 3355 3160 6 98
100 0 3475 3351 3168 3.65685 99
101 0 3471 3351 3172 3.65685 100
102 0 3471 3351 3176 2 101
103 0 3471 3351 3180 2 102
104 0 3471 3351 3184 2 103
105 0 3487 3367 3132 3.65685 97
106 0 3491 3371 3128 6 105
107 0 3495 3371 3112 6 106
108 0 3495 3371 3104 6 107
109 0 3491 3367 3100 3.65685 108
110 0 3491 3363 3092 3.65685 109
111 0 3491 3355 3084 6 110
112 0 3475 3351 3108 6 95
113 0 3475 3351 3100 3.65685 112
114 0 3475 3347 3092 6 113
115 0 3467 3339 3080 6 114
116 0 3463 3335 3064 6 115
117 0 3455 3343 3108 3.65685 94
118 0 3451 3343 3100 6 117
119 2 3436.6 3343 3092.8 6 118
120 0 3423 3343 3084 6 119
121 0 3411 3343 3076 6 120
122 0 3407 3347 3080 6 121
123 0 3399 3351 3076 6.94427 122
124 0 3443 3335 3076 6 119
125 0 3431 3335 3060 6 124
126 0 3403 3399 2996 9.31371 81
127 0 3403 3407 2988 10 126
128 0 3411 3407 2972 10 127
129 0 3419 3407 2960 6.94427 128
130 0 3563 3423 2820 9.31371 70
131 0 3579 3431 2832 3.65685 130
132 0 3583 3431 2836 2 131
133 0 3587 3431 2836 2 132
134 0 3563 3407 2784 23.2982 69
135 0 3579 3431 2748 9.31371 134
136 0 3587 3439 2720 9.31371 135
137 0 3599 3427 2700 6.94427 136
138 0 3611 3427 2688 9.31371 137
139 0 3619 3423 2668 6 138
140 0 3623 3419 2652 6 139
141 0 3547 3351 2808 6.94427 68
142 0 3551 3343 2820 6.94427 141
143 0 3559 3335 2828 6 142
144 0 3563 3331 2836 6 143
145 2 3518.67 3341.67 2810.67 10.2565 67
146 0 3523 3323 2828 12.4222 145
147 0 3527 3311 2840 9.31371 146
148 0 3539 3311 2856 6.94427 147
149 0 3547 3315 2868 6 148
150 0 3551 3315 2892 10 149
151 0 3551 3319 2904 9.31371 150
152 2 3540.65 3300.65 2937.53 13.7012 151
153 0 3527 3287 2940 6.94427 152
154 0 3519 3271 2940 6 153
155 0 3515 3255 2948 6.94427 154
156 0 3519 3235 2968 10 155
157 0 3511 3211 2980 9.31371 156
158 0 3507 3195 2992 6 157
159 0 3507 3187 2996 3.65685 158
160 0 3503 3183 2996 2 159
161 0 3563 3299 2956 10 152
162 0 3563 3291 2972 6.94427 161
163 0 3563 3287 2988 6 162
164 0 3503 3327 2796 6.94427 145
165 0 3491 3311 2780 6.94427 164
166 0 3483 3303 2776 6 165
167 0 3487 3331 2772 9.31371 66
168 0 3483 3323 2768 6 167
169 0 3511 3411 2712 10 65
170 0 3511 3423 2704 10 169
171 0 3503 3431 2688 9.31371 170
172 0 3507 3423 2676 2 171
173 0 3511 3415 2668 6.94427 172
174 0 3515 3411 2652 9.31371 173
175 0 3515 3411 2640 6 174
176 0 3519 3411 2628 6 175
177 0 3555 3363 2648 9.31371 61
178 0 3543 3375 2636 6.94427 177
179 0 3531 3383 2624 6 178
180 0 3527 3387 2620 3.65685 179
181 0 3523 3391 2616 3.65685 180
182 0 3523 3395 2616 2 181
183 0 3523 3399 2616 2 182
184 0 3603 3363 2660 12.4222 61
185 0 3615 3383 2656 10.6491 184
186 0 3615 3395 2656 10 185
187 0 3591 3319 2684 14 60
188 0 3591 3303 2696 14 187
189 0 3599 3299 2712 6 188
190 2 3565.42 3301.32 2621.75 26.6489 59
191 2 3563.48 3287.64 2613.6 24.3302 190
192 0 3567 3263 2596 10 191
193 0 3575 3259 2576 12.4222 192
194 0 3583 3259 2564 9.31371 193
195 0 3527 3267 2608 12.4222 191
196 0 3523 3255 2612 10.6491 195
197 0 3591 3267 2660 10.6491 190
198 0 3599 3259 2668 6.94427 197
199 0 3603 3251 2676 10 198
200 0 3611 3243 2696 2 199
201 0 3611 3243 2700 2 200
202 0 3611 3243 2704 2 201
203 0 3615 3391 2628 10 58
204 0 3623 3407 2628 9.31371 203
205 0 3631 3423 2616 3.65685 204
206 0 3567 3375 2608 6.94427 57
207 0 3555 3379 2604 6 206
208 0 3551 3383 2600 6 207
209 0 3535 3387 2600 6 208
210 0 3527 3395 2596 10 209
211 0 3527 3407 2596 10 210
212 0 3527 3419 2592 6 211
213 0 3579 3383 2572 15.8885 56
214 0 3559.73 3363.73 2565.82 10.6606 213
215 0 3551 3355 2560 12.4222 214
216 0 3535 3331 2552 9.31371 215
217 0 3519 3311 2540 9.31371 216
218 2 3499.8 3299.4 2536 6.94427 217
219 0 3483 3287 2536 6 218
220 0 3475 3283 2544 9.31371 219
221 0 3459 3271 2544 9.31371 220
222 2 3448.09 3250.27 2546.91 10.4721 221
223 0 3443 3223 2548 10 222
224 2 3450.78 3207.44 2563.56 10.6311 223
225 2 3451 3204.54 2567.69 11.6802 224
226 0 3451 3199 2576 14 225
227 2 3440.66 3199 2600.14 18.7764 226
228 0 3439 3199 2604 19.5407 227
229 2 3420.98 3180.98 2625.63 14.5476 228
230 0 3411 3171 2640 10.6491 229
231 2 3393.59 3167.52 2643.48 10.0841 230
232 0 3379 3175 2644 9.31371 231
233 0 3371 3195 2648 10 232
234 2 3371 3216.79 2648.74 7.50583 233
235 0 3375 3235 2644 6 234
236 0 3387 3247 2636 6.94427 235
237 0 3399 3263 2632 9.31371 236
238 0 3403 3279 2644 6.94427 237
239 0 3403 3291 2652 6.94427 238
240 0 3403 3299 2656 6.94427 239
241 0 3411 3307 2656 6.94427 240
242 0 3415 3315 2664 6 241
243 0 3415 3319 2676 6 242
244 0 3415 3315 2692 6 243
245 0 3375 3239 2656 6 235
246 0 3375 3251 2660 9.31371 245
247 0 3383 3259 2668 6 246
248 2 3383 3268.6 2672.8 6 247
249 0 3383 3279 2684 6 248
250 0 3383 3287 2692 6 249
251 0 3383 3291 2708 6 250
252 0 3383 3287 2724 6 251
253 0 3383 3267 2740 6 252
254 0 3379 3263 2684 3.65685 248
255 0 3375 3259 2688 3.65685 254
256 0 3375 3259 2696 3.65685 255
257 0 3375 3259 2704 3.65685 256
258 0 3375 3255 2712 3.65685 257
259 0 3375 3251 2716 3.65685 258
260 0 3379 3247 2720 2 259
261 0 3379 3243 2720 2 260
262 0 3375 3223 2664 2 234
263 0 3375 3227 2668 2 262
264 0 3375 3231 2672 2 263
265 0 3375 3239 2680 6 264
266 0 3371 3243 2684 2 265
267 0 3371 3243 2688 2 266
268 0 3371 3243 2692 2 267
269 0 3371 3243 2696 2 268
270 0 3371 3243 2700 2 269
271 0 3395 3171 2676 14.4924 231
272 0 3387 3175 2692 6.94427 271
273 0 3383 3183 2700 9.31371 272
274 0 3375 3203 2720 6 273
275 0 3427 3163 2620 10 229
276 0 3411 3147 2604 6.94427 275
277 0 3399 3147 2600 2 276
278 2 3454.43 3206.71 2627.14 18.055 228
279 2 3457.38 3202.24 2637.52 15.9122 278
280 0 3471 3199 2660 6.94427 279
281 0 3471 3199 2668 6 280
282 0 3475 3199 2680 9.31371 281
283 0 3471 3203 2704 9.31371 282
284 0 3471 3211 2712 6 283
285 0 3483 3215 2652 6.94427 279
286 0 3491 3215 2668 6.94427 285
287 0 3491 3215 2676 6 286
288 0 3483 3231 2632 10 278
289 0 3499 3227 2648 6.94427 288
290 0 3415 3219 2600 10 227
291 0 3403 3219 2600 6 290
292 0 3395 3219 2600 6 291
293 0 3443 3167 2580 12.4222 226
294 0 3443 3151 2580 3.65685 293
295 0 3447 3147 2580 2 294
296 0 3475 3215 2572 6.94427 225
297 0 3491 3211 2556 9.31371 296
298 2 3505 3211 2542 16.9142 297
299 0 3519 3219 2528 10.6491 298
300 0 3531 3231 2528 6.94427 299
301 0 3555 3251 2524 22 300
302 0 3591 3263 2500 6 301
303 0 3491 3179 2536 10 298
304 0 3487 3167 2536 10 303
305 0 3483 3155 2540 6 304
306 0 3483 3147 2544 6 305
307 0 3479 3139 2544 2 306
308 0 3479 3135 2544 2 307
309 0 3439 3215 2576 6 224
310 0 3431 3223 2580 9.31371 309
311 0 3415 3227 2584 6 310
312 0 3407 3227 2584 6 311
313 2 3434.23 3211.31 2545.08 10 223
314 0 3419 3191 2540 10 313
315 0 3407 3187 2532 9.31371 314
316 0 3395 3175 2528 14.4924 315
317 0 3379 3175 2528 10 316
318 0 3367 3183 2516 9.31371 317
319 0 3363 3179 2508 9.31371 318
320 0 3351 3187 2492 9.31371 319
321 0 3351 3191 2480 12.4222 320
322 0 3331 3199 2460 9.31371 321
323 0 3323 3203 2452 6 322
324 2 3377.43 3165.61 2532.7 8.43478 317
325 0 3375 3151 2540 6 324
326 0 3367 3147 2548 2 325
327 0 3359 3143 2552 6 326
328 0 3355 3139 2556 6 327
329 0 3351 3131 2560 2 328
330 0 3351 3127 2560 2 329
331 0 3355 3167 2532 6.94427 324
332 0 3347 3155 2536 6.94427 331
333 0 3343 3147 2544 3.65685 332
334 0 3339 3143 2548 2 333
335 0 3415 3191 2508 9.31371 315
336 0 3415 3195 2492 9.31371 335
337 0 3423 3203 2484 9.31371 336
338 0 3423 3211 2460 9.31371 337
339 0 3419 3203 2452 6 338
340 0 3407 3163 2560 10 314
341 0 3391 3151 2556 3.65685 340
342 0 3387 3147 2560 2 341
343 0 3415 3219 2548 6 313
344 0 3403 3227 2560 6 343
345 0 3387 3227 2576 6 344
346 0 3375 3223 2584 6 345
347 0 3367 3223 2580 3.65685 346
348 0 3363 3219 2580 2 347
349 0 3359 3219 2580 2 348
350 0 3443 3243 2524 6 222
351 0 3447 3263 2500 14 350
352 0 3439 3267 2484 18 351
353 0 3491 3299 2552 6.94427 218
354 0 3487 3287 2564 6 353
355 0 3491 3283 2572 9.31371 354
356 0 3499 3271 2576 10 355
357 0 3499 3255 2572 2 356
358 0 3539 3375 2568 9.31371 214
359 0 3523 3383 2568 10 358
360 0 3567 3423 2580 6.94427 213
361 0 3563 3431 2584 6.94427 360
362 0 3591 3375 2560 10.6491 55
363 0 3587 3367.24 2539.06 10.5706 362
364 0 3587 3367 2500 10 363
365 0 3587 3343 2480 10 364
366 0 3587 3331 2480 10 365
367 0 3587 3319 2472 2 366
368 0 3587 3311 2464 6 367
369 0 3595 3303 2452 12.4222 368
370 0 3571 3351 2528 6.94427 363
371 0 3571 3343 2516 6.94427 370
372 0 3567 3327 2504 9.31371 371
373 0 3567 3319 2496 9.31371 372
374 0 3559 3311 2492 6 373
375 0 3627 3415 2588 9.31371 54
376 0 3627 3415 2600 6.94427 375
377 0 3627 3355 2528 9.31371 53
378 0 3639 3339 2528 10 377
379 0 3639 3327 2528 10 378
380 0 3631 3323 2536 6.94427 379
381 0 3615 3307 2536 6.94427 380
382 0 3603 3287 2536 6.94427 381
383 0 3603 3263 2536 10 382
384 0 3635 3315 2512 9.31371 379
385 0 3623 3311 2496 12.4222 384
386 0 3611 3311 2484 9.31371 385
387 0 3615 3427 2508 12.4222 52
388 0 3611 3439 2496 9.31371 387
389 0 3607 3455 2496 2 388
390 2 3605.07 3421.9 2456.14 13.408 51
391 0 3590.32 3442.51 2431.32 13.8559 390
392 0 3574.84 3452.39 2417.92 23.122 391
393 0 3555 3459 2408 14.9706 392
394 0 3539 3455 2396 15.8885 393
395 0 3511 3435 2400 12.4222 394
396 0 3503 3423 2408 9.31371 395
397 0 3567 3483 2400 21.3238 392
398 0 3571 3503 2392 12.4222 397
399 0 3583 3511 2384 6 398
400 0 3567 3423 2416 9.31371 391
401 0 3563 3415 2412 6.94427 400
402 0 3551 3407 2400 6.94427 401
403 0 3551 3415 2392 3.65685 402
404 0 3555 3415 2392 2 403
405 0 3599 3443 2464 10 390
406 0 3599 3455 2460 6 405
407 0 3599 3463 2452 6.94427 406
408 0 3607 3471 2448 2 407
409 0 3607 3475 2448 2 408
410 2 3629.36 3391.19 2450.7 21.7275 50
411 2 3623.32 3394.81 2425.33 21.9865 410
412 2 3620.46 3395 2408.76 19.4595 411
413 0 3615.44 3391.44 2372.89 13.5556 412
414 0 3591 3395 2344 24.8328 413
415 2 3589.87 3398.39 2337.22 21.9105 414
416 2 3587.26 3406.22 2321.57 15.1668 415
417 0 3587 3407 2320 14.4924 416
418 2 3587 3426.66 2302.89 8.3205 417
419 0 3583 3439 2292 9.31371 418
420 2 3582.62 3451.76 2278.48 13.9992 419
421 0 3579 3459 2264 9.31371 420
422 0 3595 3463 2248 9.31371 421
423 0 3607 3467 2236 10 422
424 0 3611 3467 2224 6 423
425 0 3615 3467 2208 6 424
426 0 3615 3467 2192 6 425
427 0 3611 3463 2188 6 426
428 0 3607 3463 2176 6 427
429 0 3607 3463 2168 3.65685 428
430 0 3603 3455 2156 10 429
431 0 3595 3459 2128 10.6491 430
432 0 3591 3451 2100 10 431
433 0 3591 3443 2088 6.94427 432
434 0 3591 3431 2064 9.31371 433
435 0 3591 3427 2052 6 434
436 0 3587 3423 2044 6.94427 435
437 0 3611 3483 2272 20.6274 420
438 0 3635 3483 2252 9.31371 437
439 0 3639 3479 2244 6.94427 438
440 0 3567 3451 2292 12.4222 419
441 0 3559 3451 2280 9.31371 440
442 0 3543 3455 2264 12.4222 441
443 0 3531 3451 2256 6.94427 442
444 0 3523 3447 2248 6 443
445 0 3607 3427 2296 6.94427 418
446 0 3615 3435 2288 10 445
447 0 3651 3431 2276 14.9706 446
448 0 3663 3415 2272 10 447
449 0 3667 3403 2268 3.65685 448
450 0 3667 3399 2264 2 449
451 0 3667 3395 2264 2 450
452 0 3567 3423 2320 10.6491 417
453 0 3547 3439 2308 10 452
454 0 3535 3455 2288 9.31371 453
455 0 3531 3463 2284 6 454
456 0 3531 3471 2284 6 455
457 0 3595 3391 2300 10 416
458 0 3607 3399 2296 10 457
459 0 3615 3411 2304 6 458
460 0 3555 3415 2340 9.31371 415
461 0 3535 3431 2340 10.6491 460
462 0 3531 3439 2332 6 461
463 0 3527 3443 2324 6.94427 462
464 0 3547 3375 2352 18 414
465 0 3511 3351 2348 14 464
466 0 3499 3347 2336 6.94427 465
467 0 3487 3347 2324 9.31371 466
468 2 3487 3347 2313 7.14172 467
469 0 3483 3355 2284 6 468
470 0 3483 3355 2276 6 469
471 0 3483 3363 2260 10 470
472 0 3484.96 3367 2236.16 11.9538 471
473 0 3499 3367 2208 6 472
474 0 3499 3375 2196 6 473
475 0 3499 3379 2188 6 474
476 0 3487 3387 2228 9.31371 472
477 0 3491 3395 2208 6 476
478 0 3491 3391 2200 3.65685 477
479 0 3495 3395 2196 2 478
480 0 3467 3347 2300 12.4222 468
481 0 3463 3363 2284 10 480
482 0 3455 3363 2272 2 481
483 0 3451 3363 2268 2 482
484 0 3443 3359 2264 6 483
485 0 3439 3367 2260 6 484
486 0 3639 3403 2360 10 413
487 0 3643 3415 2356 6.94427 486
488 0 3651 3423 2344 6 487
489 0 3651 3423 2328 6 488
490 0 3659 3427 2312 6 489
491 0 3663 3427 2304 6.94427 490
492 0 3591 3375 2420 12.4222 412
493 0 3579 3363 2420 2 492
494 0 3575 3363 2420 2 493
495 0 3563 3359 2420 10 494
496 0 3547 3359 2412 14.4924 495
497 0 3531 3367 2412 2 496
498 0 3527 3367 2416 2 497
499 0 3507 3371 2416 14 498
500 0 3491 3371 2412 10 499
501 0 3483 3367 2404 10.6491 500
502 0 3475 3355 2404 10.6491 501
503 0 3467 3339 2408 18 502
504 0 3459 3307 2428 10 503
505 0 3447 3299 2436 14.9706 504
506 0 3439 3275 2444 9.31371 505
507 0 3443 3259 2436 12.4222 506
508 0 3431 3243 2436 14.9706 507
509 0 3403 3239 2432 10 508
510 0 3379 3239 2432 10 509
511 0 3371 3231 2440 10 510
512 0 3347 3227 2444 10 511
513 0 3331 3227 2444 10.6491 512
514 0 3315 3231 2432 6 513
515 0 3303 3231 2428 2 514
516 0 3559 3319 2420 14.4924 495
517 0 3547 3287 2404 10.6491 516
518 0 3547 3275 2388 6 517
519 0 3551 3275 2380 2 518
520 0 3559 3275 2372 6 519
521 0 3559 3275 2364 6 520
522 0 3559 3283 2356 6.94427 521
523 0 3571 3287 2348 6 522
524 0 3579 3287 2344 6 523
525 0 3591 3303 2332 14 524
526 0 3607 3315 2328 6.94427 525
527 0 3623 3319 2324 6 526
528 0 3631 3319 2324 6.94427 527
529 0 3639 3327 2324 6.94427 528
530 0 3647 3335 2316 6.94427 529
531 0 3647 3343 2312 3.65685 530
532 0 3651 3347 2312 2 531
533 0 3567 3403 2432 12.4222 492
534 0 3547 3415 2424 6.94427 533
535 0 3535 3427 2424 10 534
536 0 3647 3391 2404 14 411
537 0 3655 3407 2388 10.6491 536
538 0 3651 3415 2380 6 537
539 0 3655 3419 2372 3.65685 538
540 0 3659 3423 2372 2 539
541 0 3647 3423 2436 6.94427 410
542 0 3655 3431 2432 6 541
543 0 3659 3435 2428 3.65685 542
544 0 3663 3439 2428 3.65685 543
545 0 3667 3439 2428 2 544
546 0 3671 3339 2484 18 49
547 0 3688.02 3295.88 2476.95 26.7748 546
548 0 3691 3275 2468 19.5407 547
549 0 3675 3263 2452 14 548
550 0 3659 3251 2436 19.5407 549
551 2 3643.33 3247.87 2429.73 15.9608 550
552 0 3619 3251 2424 6.94427 551
553 0 3607 3251 2424 6 552
554 0 3603 3247 2420 2 553
555 0 3599 3239 2412 6 554
556 0 3603 3239 2400 10 555
557 2 3609.82 3228.76 2393.18 10 556
558 0 3607 3207 2384 10.6491 557
559 2 3606.04 3189.72 2372 14.9323 558
560 0 3595 3175 2372 14.4924 559
561 2 3577.73 3163.09 2391.91 14.6438 560
562 0 3571 3147 2408 14 561
563 2 3559.88 3132.17 2422.83 20.1425 562
564 2 3549.07 3126.03 2431.45 18.9966 563
565 0 3511 3111 2436 20.6274 564
566 0 3492.58 3067.73 2454.42 10.5383 565
567 0 3487 3043 2452 10 566
568 0 3491 3019 2456 6.94427 567
569 2 3491 3008.84 2462.77 10.0811 568
570 2 3479.82 2995.82 2471.45 14.6759 569
571 0 3463 2999 2460 3.65685 570
572 0 3463 2999 2456 3.65685 571
573 0 3455 3003 2448 6 572
574 0 3439 3003 2436 6 573
575 0 3427 3003 2428 6.94427 574
576 0 3415 2999 2424 6.94427 575
577 0 3407 2999 2416 6 576
578 0 3399 2991 2412 3.65685 577
579 0 3395 2991 2412 3.65685 578
580 0 3391 2987 2412 2 579
581 0 3487 2967 2484 12.4222 570
582 0 3491 2967 2496 10.6491 581
583 0 3499 2983 2516 15.8885 582
584 0 3503 3011 2528 3.65685 583
585 0 3507 3015 2532 2 584
586 0 3511 2999 2452 10.6491 569
587 0 3523 2987 2440 9.31371 586
588 0 3511 3019 2440 6 568
589 0 3515 3019 2428 9.31371 588
590 0 3511 3027 2416 6 589
591 0 3487 3043 2428 9.31371 567
592 0 3471 3031 2404 14.9706 591
593 0 3499 3047 2496 9.31371 566
594 0 3491 3047 2508 6 593
595 0 3479 3043 2516 10 594
596 0 3451 3039 2512 10 595
597 0 3431 3035 2508 6 596
598 0 3427 3039 2504 6 597
599 0 3427 3047 2500 2 598
600 0 3427 3051 2500 2 599
601 0 3567 3143 2452 9.31371 564
602 0 3575 3135 2464 10 601
603 0 3583 3139 2472 6.94427 602
604 0 3587 3147 2472 6 603
605 0 3575 3115 2432 14.4924 563
606 0 3579 3103 2448 10 605
607 2 3589.9 3086.29 2458.9 10.6634 606
608 0 3591 3043 2472 10.6491 607
609 0 3587 3019 2476 9.31371 608
610 0 3583 3003 2484 10 609
611 0 3591 2995 2480 6.94427 610
612 0 3607 2995 2480 6.94427 611
613 0 3619 2995 2480 10 612
614 0 3627 2987 2480 6.94427 613
615 0 3635 2975 2476 9.31371 614
616 0 3647 2963 2460 6.94427 615
617 0 3655 2963 2452 10 616
618 0 3671 2963 2432 6 617
619 0 3679 2959 2424 6 618
620 0 3627 3015 2476 6 613
621 0 3631 3023 2464 9.31371 620
622 0 3579 3087 2480 6 607
623 0 3575 3091 2488 6 622
624 0 3575 3099 2492 6 623
625 0 3571 3107 2496 9.31371 624
626 0 3571 3119 2492 6 625
627 0 3563 3091 2460 6.94427 606
628 0 3559 3083 2468 9.31371 627
629 0 3551 3075 2484 6.94427 628
630 0 3543 3071 2488 9.31371 629
631 0 3527 3063 2492 6 630
632 2 3583.48 3103.69 2426.34 11.3167 605
633 0 3591 3075 2424 6.94427 632
634 0 3595 3063 2424 10 633
635 0 3599 3039 2412 10 634
636 0 3603 3039 2400 12.4222 635
637 0 3603 3031 2388 3.65685 636
638 0 3603 3027 2388 2 637
639 0 3603 3123 2444 6.94427 632
640 0 3611 3131 2448 6.94427 639
641 0 3623 3135 2444 12.4222 640
642 0 3631 3143 2436 12.4222 641
643 0 3554.52 3191.95 2413.9 19.6053 561
644 0 3543 3207 2472 26 643
645 0 3543 3203 2500 14.4924 644
646 0 3555 3211 2520 6.94427 645
647 0 3571 3231 2516 9.31371 646
648 0 3527 3163 2428 10 643
649 2 3610.21 3179.14 2358.97 15.3774 559
650 0 3615 3151 2340 14.4924 649
651 0 3619 3131 2328 18 650
652 0 3631 3115 2320 9.31371 651
653 0 3639 3107 2312 6.94427 652
654 0 3639 3079 2308 14 653
655 2 3629.33 3068.67 2328.67 9.31371 654
656 0 3631 3059 2340 6.94427 655
657 0 3639 3047 2340 6.94427 656
658 0 3651 3031 2340 14 657
659 0 3647 3015 2336 10 658
660 0 3643 3003 2344 6 659
661 0 3607 3071 2336 12.4222 655
662 0 3591 3047 2332 6 661
663 0 3591 3039 2332 6 662
664 0 3587 3035 2328 6 663
665 0 3587 3027 2332 2 664
666 0 3587 3027 2336 2 665
667 0 3571 3115 2332 12.4222 651
668 0 3559 3103 2340 9.31371 667
669 0 3531 3075 2368 12.4222 668
670 0 3523 3055 2388 6 669
671 0 3603 3163 2296 12.4222 651
672 2 3636.76 3182.27 2346.85 17.8218 649
673 0 3663 3163 2308 18 672
674 0 3643 3163 2300 9.31371 673
675 0 3631 3167 2288 12.4222 674
676 0 3635 3171 2276 12.4222 675
677 0 3639 3179 2256 3.65685 676
678 0 3643 3183 2252 2 677
679 0 3651 3207 2368 14.9706 672
680 0 3659 3219 2380 12.4222 679
681 0 3663 3219 2392 3.65685 680
682 0 3667 3219 2396 2 681
683 0 3631 3243 2380 6 557
684 0 3647 3235 2372 9.31371 683
685 0 3655 3243 2368 9.31371 684
686 0 3595 3271 2412 10 553
687 0 3587 3271 2404 10.6491 686
688 0 3579 3271 2396 6.94427 687
689 0 3647 3271 2404 2 551
690 0 3647 3279 2396 6.94427 689
691 0 3639 3287 2392 6 690
692 0 3667 3227 2440 2 550
693 0 3675 3215 2440 14 692
694 0 3675 3199 2440 10.6491 693
695 2 3699.49 3260.14 2476.49 16.8607 548
696 2 3703.05 3253.91 2480.05 15.7389 695
697 0 3707 3247 2484 14.4924 696
698 0 3711 3239 2508 6.94427 697
699 0 3711 3235 2528 9.31371 698
700 0 3719 3223 2552 10 699
701 0 3719 3223 2564 10 700
702 0 3723 3215 2576 3.65685 701
703 0 3731 3207 2584 6.94427 702
704 0 3723 3179 2604 18 703
705 0 3723 3155 2624 9.31371 704
706 0 3731 3155 2636 6.94427 705
707 0 3735 3151 2644 9.31371 706
708 0 3723 3135 2652 6 707
709 0 3719 3131 2648 6 708
710 0 3719 3123 2648 3.65685 709
711 0 3711 3115 2648 6 710
712 0 3711 3099 2648 6 711
713 0 3703 3083 2656 6 712
714 0 3703 3067 2660 6 713
715 0 3699 3051 2672 6.94427 714
716 0 3695 3035 2680 10 715
717 0 3691 3019 2684 6.94427 716
718 0 3687 3011 2684 6 717
719 0 3675 2995 2696 6 718
720 0 3675 2987 2696 6 719
721 0 3663 2971 2700 6.94427 720
722 0 3647 2959 2696 6.94427 721
723 0 3635 2951 2688 6.94427 722
724 0 3619 2943 2680 6 723
725 0 3607 2939 2664 10 724
726 0 3611 2935 2652 6 725
727 0 3739 3159 2672 14.4924 707
728 0 3759 3159 2692 6.94427 727
729 0 3767 3151 2700 6 728
730 0 3711 3159 2632 6 705
731 0 3711 3163 2652 9.31371 730
732 0 3715 3167 2660 9.31371 731
733 0 3711 3219 2488 12.4222 697
734 0 3719 3207 2500 9.31371 733
735 0 3723 3203 2520 6.94427 734
736 0 3723 3203 2528 6.94427 735
737 0 3713.91 3220.09 2459.39 15.2962 696
738 0 3739 3195 2444 10.6491 737
739 0 3763 3187 2432 14.4924 738
740 0 3787 3203 2408 10.6491 739
741 0 3799 3187 2388 16 740
742 0 3795 3171 2368 10 741
743 2 3783.78 3174.22 2353.55 6.18301 742
744 0 3775 3179 2340 10.6491 743
745 0 3771 3171 2332 9.31371 744
746 0 3775 3159 2320 14.9706 745
747 0 3779 3167 2304 12.4222 746
748 0 3791 3171 2292 14.9706 747
749 0 3815.8 3191.53 2288.27 11.9931 748
750 0 3835 3203 2300 2 749
751 0 3843 3207 2300 6 750
752 0 3851 3223 2296 6.94427 751
753 0 3863 3235 2292 9.31371 752
754 0 3879 3243 2276 10.6491 753
755 0 3887 3251 2272 6 754
756 0 3823 3207 2264 6.94427 749
757 0 3819 3223 2248 6 756
758 0 3815 3231 2240 3.65685 757
759 0 3815 3235 2232 3.65685 758
760 0 3815 3235 2228 3.65685 759
761 0 3815 3235 2224 2 760
762 2 3764.23 3152.85 2320 13.9904 746
763 0 3735 3135 2320 9.31371 762
764 0 3723 3135 2316 6 763
765 0 3759 3155 2296 9.31371 762
766 0 3759 3147 2288 10 765
767 0 3763 3135 2284 6 766
768 0 3751 3159 2340 9.31371 745
769 0 3735 3143 2348 9.31371 768
770 0 3731 3135 2352 6 769
771 0 3727 3127 2352 6 770
772 0 3787 3163 2348 6 743
773 0 3787 3159 2340 6 772
774 0 3787 3147 2328 12.4222 773
775 0 3762.11 3115.67 2316 12.1755 774
776 0 3751 3099 2328 14.4924 775
777 0 3715 3103 2348 10 776
778 0 3691 3103 2352 10.6491 777
779 0 3679 3099 2352 12.4222 778
780 0 3655 3087 2360 9.31371 779
781 0 3647 3079 2356 3.65685 780
782 0 3647 3075 2356 2 781
783 0 3759 3107 2292 10 775
784 0 3767 3103 2284 2 783
785 0 3771 3103 2280 2 784
786 0 3779 3103 2280 6 785
787 0 3783 3099 2284 6 786
788 0 3799 3151 2372 6.94427 742
789 0 3807 3143 2376 6.94427 788
790 0 3815 3119 2384 12.4222 789
791 0 3819 3091 2400 6 790
792 0 3779 3195 2368 6.94427 741
793 0 3767 3195 2364 10 792
794 0 3739 3171 2364 10.6491 793
795 0 3731 3159 2364 10.6491 794
796 0 3727 3147 2368 6 795
797 0 3751 3211 2384 9.31371 793
798 0 3751 3219 2392 6.94427 797
799 0 3751 3227 2404 9.31371 798
800 0 3751 3235 2412 6 799
801 0 3721.1 3186.62 2472.19 16.0952 737
802 0 3727 3167 2496 14 801
803 0 3731 3171 2520 12.4222 802
804 0 3743 3167 2532 6.94427 803
805 0 3751 3167 2544 6.94427 804
806 0 3763 3159 2556 6 805
807 0 3775 3151 2568 6.94427 806
808 0 3787 3143 2568 6.94427 807
809 0 3795 3135 2568 6.94427 808
810 0 3799 3123 2580 6.94427 809
811 0 3803 3107 2580 9.31371 810
812 0 3803 3083 2580 10.6491 811
813 0 3803 3067 2576 14.4924 812
814 0 3807 3055 2568 9.31371 813
815 0 3739 3163 2568 10 805
816 0 3723 3151 2572 9.31371 815
817 0 3699 3135 2568 9.31371 816
818 0 3683 3139 2564 6.94427 817
819 0 3759 3159 2524 6.94427 804
820 0 3771 3155 2520 9.31371 819
821 0 3791 3159 2504 10 820
822 0 3803 3167 2492 14.4924 821
823 0 3807 3163 2476 9.31371 822
824 0 3779 3151 2532 6 820
825 0 3791 3147 2540 6 824
826 0 3799 3147 2548 6 825
827 0 3731 3131 2504 10.6491 802
828 0 3739 3103 2504 6.94427 827
829 0 3747 3087 2504 6.94427 828
830 0 3751 3079 2508 9.31371 829
831 0 3763.44 3066.56 2510.22 8.26063 830
832 0 3775 3047 2528 10 831
833 0 3779 3035 2540 9.31371 832
834 0 3779 3031 2552 3.65685 833
835 0 3779 3035 2556 2 834
836 0 3779 3039 2560 2 835
837 0 3779 3047 2564 6 836
838 0 3779 3047 2576 2 837
839 0 3763 3059 2488 9.31371 831
840 0 3763 3051 2476 9.31371 839
841 0 3759 3047 2468 3.65685 840
842 0 3755 3043 2464 2 841
843 0 3703 3171 2460 6.94427 801
844 0 3695 3171 2452 9.31371 843
845 2 3695 3144.6 2428.8 6 844
846 0 3695 3127 2416 6 845
847 0 3687 3119 2412 6.94427 846
848 0 3683 3099 2412 10 847
849 0 3683 3091 2420 9.31371 848
850 0 3691 3087 2428 6 849
851 0 3695 3079 2436 6 850
852 0 3699 3071 2444 6.94427 851
853 0 3699 3071 2460 6.94427 852
854 0 3703 3071 2476 6 853
855 0 3679 3071 2412 10 849
856 0 3679 3047 2420 10 855
857 0 3679 3031 2420 2 856
858 0 3699 3143 2408 6 845
859 0 3695 3131 2392 6 858
860 0 3719 3243 2448 14 695
861 0 3727 3255 2424 10 860
862 0 3731 3267 2424 6 861
863 0 3683 3275 2504 10.6491 547
864 0 3703 3279 2532 9.31371 863
865 0 3711 3271 2536 10 864
866 0 3719 3263 2544 6 865
867 0 3719 3247 2560 6 866
868 0 3723 3243 2564 3.65685 867
869 0 3727 3243 2564 2 868
870 2 3713.05 3403.88 2457.66 18.8566 48
871 2 3723.48 3412.66 2471.31 15.1724 870
872 0 3731 3439 2500 10 871
873 0 3739 3447 2512 6.94427 872
874 2 3746.26 3464.79 2512 6.17353 873
875 0 3747 3475 2512 6 874
876 0 3743 3491 2512 10 875
877 0 3739 3511 2520 21.3238 876
878 2 3766.48 3515.17 2558.96 18.6229 877
879 2 3774.51 3511.24 2582.54 16.0414 878
880 0 3783 3511 2600 10.6491 879
881 0 3799 3503 2612 6 880
882 0 3811 3495 2620 6 881
883 0 3827 3491 2624 6 882
884 0 3835 3483 2632 6 883
885 0 3843 3475 2640 6 884
886 0 3851 3467 2644 6.94427 885
887 0 3851 3451.71 2656.82 8.63147 886
888 0 3851 3439 2660 6 887
889 0 3847 3423 2672 6.94427 888
890 0 3843 3407 2680 10 889
891 0 3839 3387 2688 10.6491 890
892 0 3855 3359 2696 14 891
893 0 3855 3343 2696 10 892
894 0 3875 3335 2692 10.6491 893
895 0 3891 3343 2688 14 894
896 0 3907 3335 2680 6.94427 895
897 0 3923 3339 2664 12.4222 896
898 0 3867 3439 2644 6 887
899 0 3867 3427 2644 6 898
900 0 3867 3411 2644 6 899
901 0 3863 3403 2648 2 900
902 0 3863 3399 2648 2 901
903 0 3775 3523 2628 18 880
904 0 3771 3511 2664 15.8885 903
905 0 3755 3503 2692 12.4222 904
906 0 3739 3499 2720 6 905
907 0 3739 3499 2728 2 906
908 0 3739 3499 2732 2 907
909 0 3799 3507 2580 6 879
910 0 3811 3507 2584 6 909
911 0 3819 3511 2576 2 910
912 0 3823 3511 2576 2 911
913 0 3827 3511 2576 2 912
914 0 3791 3515 2552 6 878
915 0 3807 3515 2548 6 914
916 0 3815 3515 2548 6 915
917 0 3823 3511 2556 2 916
918 0 3823 3511 2560 2 917
919 0 3731 3491 2484 10 876
920 0 3723 3487 2472 6 919
921 0 3723 3483 2464 6 920
922 0 3723 3475 2456 3.65685 921
923 0 3727 3471 2456 2 922
924 0 3751 3467 2528 6 874
925 0 3755 3479 2544 6 924
926 0 3755 3479 2568 10 925
927 0 3751 3467 2584 6 926
928 0 3751 3459 2592 2 927
929 0 3751 3459 2596 2 928
930 0 3735 3447 2528 6 873
931 0 3735 3451 2540 6 930
932 0 3735 3455 2548 6 931
933 0 3735 3451 2564 6 932
934 0 3739 3455 2572 6 933
935 2 3751.45 3400.15 2475.05 25.0219 871
936 0 3784.54 3399.31 2476 18.2032 935
937 0 3806.9 3405.93 2472.1 16.4035 936
938 0 3819 3415.16 2459.03 17.9144 937
939 0 3819 3419 2436 15.8885 938
940 0 3815 3407 2420 9.31371 939
941 0 3839.19 3380.71 2414.1 12.4222 940
942 0 3859 3359 2428 6.94427 941
943 0 3867 3351 2436 9.31371 942
944 0 3883 3351 2452 19.5407 943
945 0 3899 3355 2464 6.94427 944
946 0 3915 3351 2468 10 945
947 0 3927 3351 2468 6 946
948 0 3939 3347 2468 10 947
949 0 3951 3323 2452 12.4222 948
950 0 3935 3299 2456 12.4222 949
951 0 3927 3283 2464 14 950
952 0 3939 3275 2468 3.65685 951
953 0 3943 3271 2472 2 952
954 0 3827 3363 2404 6.94427 941
955 0 3827 3355 2396 10 954
956 0 3835 3347 2392 6 955
957 0 3843 3347 2392 6.94427 956
958 0 3855 3347 2380 14.4924 957
959 0 3871 3351 2376 10.6491 958
960 0 3894.85 3348.96 2365.96 11.9524 959
961 0 3915 3355 2368 6 960
962 0 3931 3355 2368 6 961
963 0 3943 3359 2372 9.31371 962
964 0 3947 3355 2380 6 963
965 0 3959 3351 2396 6.94427 964
966 0 3971 3355 2412 6 965
967 0 3919 3323 2368 9.31371 960
968 0 3939 3307 2376 12.4222 967
969 0 3959 3295 2392 6 968
970 0 3815 3331 2420 12.4222 955
971 0 3807 3311 2432 12.4222 970
972 2 3822.48 3436.38 2422.1 10.1747 939
973 0 3823 3451 2420 6.94427 972
974 0 3831 3463 2408 6.94427 973
975 0 3847 3467 2396 6 974
976 0 3851 3471 2380 9.31371 975
977 0 3867 3467 2364 10 976
978 0 3875 3463 2356 6 977
979 0 3879 3459 2348 6 978
980 0 3851 3435 2416 18 972
981 0 3867 3451 2408 6.94427 980
982 0 3875 3455 2404 6 981
983 0 3823 3455 2456 6 938
984 0 3823 3463 2456 2 983
985 0 3823 3471 2452 6 984
986 0 3823 3479 2448 3.65685 985
987 0 3819 3483 2452 2 986
988 0 3807 3431 2480 6 937
989 0 3807 3439 2484 6 988
990 0 3807 3463 2488 12.4222 989
991 0 3815 3475 2492 6.94427 990
992 2 3819 3487.89 2498.45 6.57771 991
993 0 3823 3499 2508 10.6491 992
994 0 3844.6 3506.47 2529.07 10.154 993
995 0 3855 3503 2536 6.94427 994
996 0 3871 3491 2556 6.94427 995
997 0 3875 3483 2568 6.94427 996
998 0 3879 3467 2584 6 997
999 0 3879 3459 2592 3.65685 998
1000 0 3879 3451 2600 6 999
1001 0 3871 3431 2620 6.94427 1000
1002 0 3871 3423 2620 3.65685 1001
1003 0 3875 3419 2624 6 1002
1004 0 3851 3515 2548 9.31371 994
1005 0 3851 3511 2568 6.94427 1004
1006 0 3851 3507 2588 6 1005
1007 0 3851 3499 2600 9.31371 1006
1008 0 3855 3487 2612 6.94427 1007
1009 0 3863 3479 2612 6.94427 1008
1010 0 3863 3471 2620 6 1009
1011 0 3867 3463 2620 6 1010
1012 0 3819 3491 2484 6.94427 992
1013 0 3803 3507 2484 6 1012
1014 0 3795 3507 2484 6 1013
1015 0 3791 3511 2480 2 1014
1016 0 3787 3511 2476 2 1015
1017 0 3843 3407 2484 10.6491 937
1018 2 3861.36 3414.45 2495.45 7.26738 1017
1019 0 3871 3423 2504 10 1018
1020 0 3879 3455 2512 14 1019
1021 0 3871 3467 2516 10 1020
1022 0 3867 3483 2516 10 1021
1023 0 3859 3491 2516 6.94427 1022
1024 0 3863 3407 2512 6 1018
1025 0 3875 3403 2528 6 1024
1026 0 3883 3411 2536 2 1025
1027 2 3797.41 3385.05 2493.53 11.5572 936
1028 0 3815 3375 2504 14 1027
1029 0 3831 3379 2508 6.94427 1028
1030 0 3843 3387 2520 9.31371 1029
1031 0 3851 3387 2528 6 1030
1032 0 3783 3379 2520 15.8885 1027
1033 0 3775 3367 2528 10.6491 1032
1034 0 3739 3379 2492 10.6491 935
1035 2 3739.65 3359.11 2496 15.0389 1034
1036 2 3742.3 3343.22 2496 11.5696 1035
1037 0 3755 3323 2492 6 1036
1038 0 3755 3311 2488 10 1037
1039 0 3775 3299 2488 6 1038
1040 0 3783 3299 2484 6.94427 1039
1041 0 3795 3299 2476 12.4222 1040
1042 0 3799 3295 2452 10.6491 1041
1043 0 3795 3287 2444 6.94427 1042
1044 0 3791 3279 2444 6 1043
1045 0 3783 3287 2428 6 1043
1046 0 3779 3287 2420 6 1045
1047 0 3771 3283 2408 9.31371 1046
1048 0 3739 3335 2516 6.94427 1036
1049 0 3731 3327 2528 6 1048
1050 0 3727 3323 2532 6 1049
1051 0 3719 3323 2540 9.31371 1050
1052 0 3747 3362.17 2534.07 14.4138 1035
1053 0 3747 3355 2552 18 1052
1054 0 3747 3339 2568 10 1053
1055 0 3755 3319 2572 6.94427 1054
1056 0 3763 3307 2584 6.94427 1055
1057 0 3763 3299 2588 3.65685 1056
1058 0 3759 3295 2588 2 1057
1059 0 3735 3383 2548 9.31371 1052
1060 0 3735 3395 2552 6 1059
1061 0 3735 3407 2564 6 1060
1062 0 3747 3407 2508 12.4222 935
1063 0 3739 3419 2520 6 1062
1064 0 3735 3423 2524 3.65685 1063
1065 0 3735 3423 2528 3.65685 1064
1066 0 3731 3427 2532 3.65685 1065
1067 0 3731 3427 2540 6.94427 1066
1068 0 3731 3427 2560 6 1067
1069 0 3735 3431 2576 6 1068
1070 0 3755 3375 2452 21.3238 870
1071 0 3771 3359 2432 14.4924 1070
1072 0 3771 3363 2416 6.94427 1071
1073 0 3779 3371 2408 12.4222 1072
1074 0 3791 3399 2412 6 1073
1075 0 3731 3335 2424 15.8885 47
1076 0 3759 3335 2432 6 1075
1077 0 3711 3323 2388 14 46
1078 0 3727 3399 2396 9.31371 45
1079 0 3739 3399 2384 10 1078
1080 0 3751 3411 2372 18 1079
1081 2 3763.8 3403 2354.4 18 1080
1082 2 3796.08 3387 2350.62 18 1081
1083 0 3823 3379 2356 2 1082
1084 0 3827 3375 2360 6 1083
1085 0 3831 3355 2360 18 1084
1086 0 3807 3335 2368 9.31371 1085
1087 0 3791 3319 2388 10 1086
1088 0 3787 3315 2400 10 1087
1089 0 3783 3307 2412 6 1088
1090 0 3851 3363 2352 2 1085
1091 0 3859 3363 2344 9.31371 1090
1092 0 3879 3379 2344 6 1091
1093 0 3887 3379 2344 6 1092
1094 0 3803 3363 2324 6 1082
1095 0 3799 3355 2308 6.94427 1094
1096 0 3775 3411 2336 9.31371 1081
1097 0 3779 3411 2324 12.4222 1096
1098 0 3779 3407 2296 9.31371 1097
1099 0 3787 3411 2284 6 1098
1100 2 3760.23 3423.31 2375.08 18 1080
1101 0 3778.67 3460.33 2388.33 14.5563 1100
1102 0 3775 3475 2392 10 1101
1103 0 3763 3491 2396 9.31371 1102
1104 2 3751 3506.9 2408.88 17.0244 1103
1105 0 3755 3523 2440 9.31371 1104
1106 0 3735 3519 2464 10.6491 1105
1107 0 3727 3511 2464 9.31371 1106
1108 0 3727 3491 2424 6 1104
1109 0 3723 3475 2440 6 1108
1110 0 3799 3475 2408 10.6491 1101
1111 2 3812.76 3488.76 2418.35 12.1615 1110
1112 0 3823 3503 2444 9.31371 1111
1113 0 3811 3507 2460 6 1112
1114 0 3803 3511 2464 2 1113
1115 0 3799 3511 2464 2 1114
1116 0 3795 3511 2464 2 1115
1117 0 3791 3511 2464 2 1116
1118 0 3795 3499 2428 6 1111
1119 0 3787 3503 2436 6 1118
1120 0 3783 3507 2440 3.65685 1119
1121 0 3787 3507 2448 6 1120
1122 0 3731 3459 2372 18 1100
1123 0 3731 3475 2388 14 1122
1124 0 3667 3343 2364 6.94427 44
1125 0 3663 3327 2364 6 1124
1126 0 3655 3303 2368 12.4222 1125
1127 0 3667 3295 2364 9.31371 1126
1128 0 3679 3299 2360 6 1127
1129 0 3715 3371 2308 19.5407 42
1130 0 3723 3331 2324 12.4222 1129
1131 0 3731 3323 2340 6.94427 1130
1132 0 3711 3443 2324 6.94427 41
1133 0 3723 3459 2324 6.94427 1132
1134 0 3731 3467 2320 6 1133
1135 0 3739 3467 2316 2 1134
1136 0 3743 3467 2312 3.65685 1135
1137 0 3747 3463 2312 2 1136
1138 0 3763 3415 2232 14.4924 39
1139 0 3799 3431 2228 14.4924 1138
1140 0 3811 3439 2220 12.4222 1139
1141 0 3823 3443 2216 6 1140
1142 0 3803.55 3382.45 2217.42 27.5313 38
1143 0 3819 3367 2220 32.4093 1142
1144 0 3823 3315 2248 18 1143
1145 0 3823.74 3290.26 2279.7 18 1144
1146 0 3828.53 3286.08 2298.45 18.4055 1145
1147 2 3845.78 3275.73 2326.04 22.9738 1146
1148 2 3854.06 3267.94 2337.41 22.1368 1147
1149 0 3867 3247 2372 22.3311 1148
1150 0 3883 3239 2392 22 1149
1151 2 3903.54 3224.15 2423.38 12.1605 1150
1152 0 3915 3231 2436 6.94427 1151
1153 0 3923 3235 2440 6.94427 1152
1154 0 3935 3235 2444 10.6491 1153
1155 0 3945.52 3232.48 2421.93 13.4534 1154
1156 0 3961 3231 2398 6.7082 1155
1157 0 3967 3231 2392 6 1156
1158 0 3979 3239 2372 10 1157
1159 0 3979 3235 2348 9.31371 1158
1160 0 3983 3223 2328 6 1159
1161 0 3983 3219 2312 6.94427 1160
1162 0 3987 3215 2300 6 1161
1163 0 3987 3215 2292 6 1162
1164 0 3987 3219 2276 6 1163
1165 0 3983 3223 2268 9.31371 1164
1166 0 3963 3239 2252 12.4222 1165
1167 0 3951 3251 2244 14.9706 1166
1168 0 3935 3263 2240 6.94427 1167
1169 0 3987 3199 2292 6.94427 1163
1170 0 3987 3183 2280 9.31371 1169
1171 0 3987 3163 2280 3.65685 1170
1172 0 3983 3155 2276 6 1171
1173 0 3983 3227 2404 6.94427 1156
1174 0 3995 3223 2412 6 1173
1175 0 4003 3223 2412 6 1174
1176 0 3951 3207 2424 10.6491 1155
1177 0 3963 3183 2424 6.94427 1176
1178 0 3943 3243 2468 6.94427 1154
1179 0 3959 3263 2472 10 1178
1180 0 3971 3279 2460 10 1179
1181 0 3979 3287 2452 9.31371 1180
1182 0 4003 3295 2432 14 1181
1183 0 4015 3299 2424 10 1182
1184 0 4027 3299 2408 10.6491 1183
1185 0 4031 3307 2400 6 1184
1186 0 3935 3239 2484 10 1178
1187 0 3927 3243 2496 6.94427 1186
1188 0 3923 3247 2504 2 1187
1189 0 3919 3247 2508 2 1188
1190 0 3899 3191 2436 15.8885 1151
1191 0 3895 3171 2456 15.8885 1190
1192 0 3895 3155 2464 9.31371 1191
1193 0 3899 3147 2460 6 1192
1194 0 3903 3139 2460 6 1193
1195 0 3911 3131 2460 10 1194
1196 0 3919 3123 2464 10.6491 1195
1197 0 3931 3123 2464 10.6491 1196
1198 0 3943 3135 2460 10.6491 1197
1199 0 3939 3163 2448 12.4222 1198
1200 0 3927 3111 2484 12.4222 1196
1201 0 3931 3099 2508 6 1200
1202 0 3867 3199 2396 10 1150
1203 0 3867 3187 2408 12.4222 1202
1204 0 3875 3179 2416 9.31371 1203
1205 0 3859 3219 2372 10 1149
1206 0 3851 3199 2372 10.6491 1205
1207 0 3839 3183 2360 9.31371 1206
1208 0 3843 3179 2352 6 1207
1209 0 3847 3179 2332 6 1208
1210 0 3847 3191 2316 6 1209
1211 0 3875 3287 2308 6 1148
1212 0 3879 3287 2292 6 1211
1213 0 3887 3287 2276 9.31371 1212
1214 0 3899 3287 2248 10.6491 1213
1215 0 3819 3279 2344 10 1147
1216 0 3799 3287 2360 10 1215
1217 0 3779 3291 2368 12.4222 1216
1218 0 3751 3295 2364 10 1217
1219 0 3731 3291 2368 3.65685 1218
1220 0 3727 3291 2368 2 1219
1221 0 3839 3303 2312 9.31371 1146
1222 0 3847 3311 2320 9.31371 1221
1223 0 3847 3327 2324 6 1222
1224 0 3847 3343 2328 6 1223
1225 0 3847 3351 2328 6 1224
1226 0 3843 3359 2320 2 1225
1227 0 3803 3275 2296 12.4222 1145
1228 0 3795 3271 2320 9.31371 1227
1229 0 3787 3275 2328 6 1228
1230 0 3779 3275 2336 6 1229
1231 0 3775 3279 2340 3.65685 1230
1232 0 3771 3283 2344 6 1231
1233 0 3759 3287 2344 2 1232
1234 2 3871 3389 2214 23.8641 1143
1235 2 3904.16 3394.53 2219.53 28.1 1234
1236 2 3908.68 3393.95 2218.95 27.6188 1235
1237 0 3945.91 3368.09 2195.39 13.8894 1236
1238 2 3964.66 3352.07 2192 15.5975 1237
1239 2 3970.27 3347.59 2192 15.855 1238
1240 2 3973.22 3338.11 2194.22 13.9628 1239
1241 0 3975 3319 2200 9.31371 1240
1242 0 3975 3311 2208 6 1241
1243 0 3975 3303 2220 6.94427 1242
1244 0 3979 3299 2232 12.4222 1243
1245 0 3991 3299 2240 14 1244
1246 0 3991 3291 2260 9.31371 1245
1247 0 3972.47 3274.16 2274.53 10.5125 1246
1248 0 3951 3275 2288 12.4222 1247
1249 0 3939 3275 2300 10 1248
1250 0 3943 3267 2316 6.94427 1249
1251 0 3955 3259 2332 6 1250
1252 0 3955 3291 2264 10 1247
1253 0 3963 3311 2256 6 1252
1254 2 3989.05 3304.95 2189.46 9.31371 1241
1255 2 4018.56 3291.11 2184.11 12.373 1254
1256 0 4051 3295 2176 14.9706 1255
1257 0 4067 3315 2192 9.31371 1256
1258 0 4079 3331 2192 6.94427 1257
1259 0 4083 3343 2200 6 1258
1260 0 4027 3283 2208 9.31371 1255
1261 0 4039 3299 2220 6.94427 1260
1262 0 4039 3307 2228 6.94427 1261
1263 0 4047 3315 2228 3.65685 1262
1264 0 4051 3315 2224 2 1263
1265 0 3983 3291 2204 6.94427 1254
1266 0 3991 3283 2212 6 1265
1267 0 3999 3283 2220 6 1266
1268 0 3979 3335 2172 10 1240
1269 0 3987 3327 2164 9.31371 1268
1270 0 3999 3327 2148 9.31371 1269
1271 0 4019 3323 2136 6 1270
1272 0 4031 3327 2124 6 1271
1273 2 3985.17 3368.61 2177.68 11.1912 1239
1274 2 3987 3374.8 2164.6 12.3336 1273
1275 0 3991 3359 2140 14 1274
1276 0 4015 3371 2116 6.94427 1275
1277 0 4035 3375 2100 12.4222 1276
1278 0 4051 3379 2096 6 1277
1279 0 4003 3387 2156 10 1274
1280 0 4007 3387 2140 6 1279
1281 0 4011 3391 2136 3.65685 1280
1282 0 4015 3395 2132 6 1281
1283 0 4023 3403 2124 6 1282
1284 0 4003 3383 2204 12.4222 1273
1285 0 4015 3379 2228 6 1284
1286 0 3979 3335 2220 6 1238
1287 0 3987 3327 2236 6 1286
1288 0 3935 3351 2184 6 1237
1289 0 3931 3343 2168 6.94427 1288
1290 0 3931 3339 2160 6 1289
1291 2 3913.42 3396.06 2219.57 26.4295 1236
1292 0 3967 3419 2224 15.8885 1291
1293 0 3991 3427 2208 12.4222 1292
1294 0 4026.27 3428.58 2185.58 11.468 1293
1295 0 4055 3419 2196 14.4924 1294
1296 0 4067 3395 2208 6.94427 1295
1297 0 4067 3371 2224 9.31371 1296
1298 0 4071 3359 2228 12.4222 1297
1299 0 4051 3335 2240 10 1298
1300 0 4039 3327 2248 6 1299
1301 0 4027.95 3431 2153.15 8.75175 1294
1302 0 4031 3431 2128 6.94427 1301
1303 0 4043 3435 2108 9.31371 1302
1304 0 4043 3435 2080 6 1303
1305 0 4043 3435 2072 6 1304
1306 0 4043 3443 2064 6 1305
1307 0 4047 3447 2060 3.65685 1306
1308 0 4051 3447 2060 2 1307
1309 0 4055 3447 2056 2 1308
1310 0 4051 3447 2152 6 1301
1311 0 4067 3447 2148 6 1310
1312 0 4075 3447 2140 6 1311
1313 0 4079 3451 2132 9.31371 1312
1314 0 4083 3451 2120 6 1313
1315 2 3930.12 3406.45 2246.58 18.4204 1291
1316 0 3939 3395 2260 10.6491 1315
1317 2 3935.94 3387 2279.76 9.83852 1316
1318 0 3947 3387 2304 6 1317
1319 0 3947 3383 2316 6 1318
1320 0 3947 3383 2332 9.31371 1319
1321 0 3955 3383 2348 15.8885 1320
1322 0 3963 3395 2360 6.94427 1321
1323 0 3959 3403 2368 3.65685 1322
1324 0 3955 3403 2368 2 1323
1325 0 3935 3363 2288 6 1317
1326 0 3935 3347 2288 6 1325
1327 0 3939 3335 2296 6 1326
1328 0 3951 3319 2308 6.94427 1327
1329 0 3904.65 3431.7 2277.4 13.4739 1315
1330 0 3899 3439 2300 9.31371 1329
1331 0 3891 3435 2312 6.94427 1330
1332 0 3883 3423 2328 10 1331
1333 0 3871 3403 2336 6.94427 1332
1334 0 3911 3455 2276 6.94427 1329
1335 0 3911 3475 2268 6 1334
1336 0 3907 3363 2216 12.4222 1235
1337 0 3907 3355 2192 6 1336
1338 0 3907 3347 2176 6 1337
1339 0 3907 3351 2152 12.4222 1338
1340 0 3915 3359 2144 10 1339
1341 0 3911 3359 2248 9.31371 1235
1342 0 3915 3351 2256 6.94427 1341
1343 0 3923 3351 2264 6 1342
1344 0 3923 3343 2272 3.65685 1343
1345 0 3923 3339 2276 2 1344
1346 0 3887 3407 2188 10.6491 1234
1347 0 3895 3407 2180 9.31371 1346
1348 0 3903 3403 2172 6 1347
1349 0 3907 3403 2156 6.94427 1348
1350 0 3907 3407 2144 12.4222 1349
1351 0 3907 3423 2112 10 1350
1352 0 3899 3423 2100 6.94427 1351
1353 0 3891 3419 2096 3.65685 1352
1354 0 3887 3423 2096 2 1353
1355 0 3883 3391 2168 6.94427 1347
1356 0 3887 3383 2160 10 1355
1357 0 3891 3371 2160 6 1356
1358 0 3851 3335 2200 14.9706 1143
1359 0 3867 3323 2200 14.4924 1358
1360 0 3879 3315 2204 6.94427 1359
1361 0 3811 3355 2252 18 1142
1362 0 3787 3363 2284 12.4222 1361
1363 0 3767 3355 2304 6 1362
1364 0 3775 3371 2180 22 37
1365 0 3815 3355 2152 18 1364
1366 0 3819 3355 2132 18 1365
1367 0 3831 3375 2112 6.94427 1366
1368 0 3839 3383 2104 6 1367
1369 0 3843 3391 2096 6.94427 1368
1370 0 3698.33 3336.78 2108.22 21.5988 36
1371 0 3689.94 3323.29 2091.76 25.5503 1370
1372 2 3683.38 3300.32 2065.5 29.9944 1371
1373 0 3695 3303 2032 33.7771 1372
1374 0 3715.37 3323.74 1973.41 23.5747 1373
1375 2 3717.81 3328.63 1956.3 25.3995 1374
1376 2 3721.55 3332.45 1944.36 26.9654 1375
1377 2 3744.45 3345.55 1911.64 33.0959 1376
1378 2 3748.64 3349.19 1901.97 35.6538 1377
1379 2 3750.7 3351.93 1894.44 37.9997 1378
1380 2 3758.1 3361.79 1867.32 46.4451 1379
1381 0 3759 3363 1864 47.4773 1380
1382 2 3758.23 3376.01 1853.28 48.0771 1381
1383 2 3758.18 3376.99 1852.48 48.1222 1382
1384 2 3757.16 3394.2 1838.3 48.9155 1383
1385 2 3755.26 3426.66 1811.57 50.4118 1384
1386 2 3756.47 3435.42 1803.58 50.2842 1385
1387 2 3772.05 3482.16 1756.84 46.8215 1386
1388 0 3847 3563 1672 54.5685 1387
1389 2 3936.87 3610.91 1605.62 45.7947 1388
1390 2 3972.57 3641.29 1563.86 53.0682 1389
1391 2 3986.75 3678.02 1530.15 44.6254 1390
1392 0 3975 3731 1504 18 1391
1393 0 3967 3747 1500 3.65685 1392
1394 0 3967 3751 1500 2 1393
1395 0 4035 3659 1500 41.2666 1391
1396 0 3947 3603 1520 9.31371 1390
1397 0 3939 3611 1512 6 1396
1398 0 3923 3623 1500 9.31371 1397
1399 0 3931 3595 1556 18.3961 1389
1400 0 3915 3603 1540 6.94427 1399
1401 0 3907 3611 1540 6.94427 1400
1402 0 3899 3619 1540 10.6491 1401
1403 0 3883 3635 1540 9.31371 1402
1404 0 3875 3647 1540 10 1403
1405 0 3923 3571 1540 6.94427 1399
1406 0 3911 3563 1532 14 1405
1407 0 3899 3551 1528 9.31371 1406
1408 0 3803 3515 1772 34.8782 1387
1409 0 3827 3539 1788 14.4924 1408
1410 0 3835 3551 1808 10 1409
1411 0 3827 3563 1820 6.94427 1410
1412 0 3819 3563 1836 6 1411
1413 0 3807 3559 1848 6 1412
1414 0 3791 3559 1864 6 1413
1415 0 3787 3563 1868 6 1414
1416 0 3779 3559 1876 10 1415
1417 0 3767 3563 1888 6.94427 1416
1418 0 3763 3571 1896 2 1417
1419 0 3763 3571 1900 2 1418
1420 0 3763 3571 1904 2 1419
1421 2 3721.65 3502.59 1808 16.5212 1386
1422 0 3719 3527 1812 9.31371 1421
1423 0 3731 3539 1824 10.6491 1422
1424 0 3747 3559 1840 6.94427 1423
1425 0 3763 3559 1840 6 1424
1426 0 3779 3559 1840 6 1425
1427 0 3783 3563 1836 2 1426
1428 0 3783 3563 1832 2 1427
1429 0 3707 3503 1832 10.6491 1421
1430 0 3711 3515 1848 6 1429
1431 0 3707 3519 1856 6 1430
1432 0 3687 3427 1808 14.4924 1385
1433 0 3675 3419 1804 10.6491 1432
1434 0 3659 3403 1792 14.4924 1433
1435 0 3631 3407 1796 6 1434
1436 0 3615 3407 1808 10 1435
1437 0 3607 3415 1824 6.94427 1436
1438 0 3599 3415 1840 6 1437
1439 0 3639 3383 1820 9.31371 1434
1440 0 3635 3383 1832 6 1439
1441 0 3743 3443 1844 33.7771 1384
1442 0 3743 3475 1856 10.6491 1441
1443 0 3727 3495 1856 6 1442
1444 0 3775 3447 1876 10 1383
1445 0 3783 3443 1888 6 1444
1446 0 3791 3443 1896 6 1445
1447 0 3795 3447 1900 2 1446
1448 0 3795 3447 1904 2 1447
1449 0 3795 3447 1908 2 1448
1450 0 3799 3447 1912 2 1449
1451 0 3695 3375 1840 6 1382
1452 0 3679 3375 1840 6 1451
1453 0 3663 3375 1840 6 1452
1454 0 3659 3379 1836 6 1453
1455 0 3651 3379 1840 6 1454
1456 0 3771 3315 1816 3.65685 1381
1457 0 3771 3311 1804 6 1456
1458 0 3779 3303 1784 6 1457
1459 0 3779 3303 1776 6 1458
1460 0 3783 3291 1760 10 1459
1461 0 3791 3283 1736 6.94427 1460
1462 0 3799 3275 1720 18.3961 1461
1463 0 3787 3259 1716 9.31371 1462
1464 0 3783 3243 1716 6.94427 1463
1465 0 3783 3227 1716 6 1464
1466 0 3779 3315 1840 3.65685 1380
1467 0 3783 3311 1836 2 1466
1468 0 3787 3307 1836 2 1467
1469 0 3795 3303 1832 6 1468
1470 0 3803 3303 1832 6.94427 1469
1471 0 3807 3311 1828 6 1470
1472 0 3807 3319 1828 3.65685 1471
1473 0 3811 3323 1828 2 1472
1474 0 3811 3327 1828 2 1473
1475 0 3783 3323 1876 26.2843 1379
1476 0 3791 3299 1868 3.65685 1475
1477 0 3795 3295 1864 3.65685 1476
1478 0 3795 3295 1860 3.65685 1477
1479 0 3795 3295 1852 6 1478
1480 0 3795 3291 1844 3.65685 1479
1481 0 3791 3287 1840 3.65685 1480
1482 0 3787 3283 1840 2 1481
1483 0 3739 3387 1900 18 1378
1484 0 3735 3407 1900 18 1483
1485 0 3719 3423 1908 6.94427 1484
1486 0 3791 3339 1924 34 1377
1487 0 3815 3359 1940 18 1486
1488 0 3843 3387 1960 14.4924 1487
1489 0 3791 3291 1924 22.3311 1486
1490 0 3779 3267 1900 6 1489
1491 0 3775 3259 1892 2 1490
1492 0 3775 3255 1888 2 1491
1493 0 3775 3251 1884 2 1492
1494 0 3775 3247 1880 2 1493
1495 0 3735 3383 1912 14.4924 1377
1496 0 3719 3399 1928 10.6491 1495
1497 0 3703 3395 1948 9.31371 1496
1498 0 3695 3391 1956 3.65685 1497
1499 0 3691 3391 1956 2 1498
1500 0 3715 3319 1892 14 1376
1501 0 3699 3307 1876 3.65685 1500
1502 0 3695 3303 1872 2 1501
1503 0 3695 3299 1944 15.8885 1375
1504 0 3695 3279 1924 6.94427 1503
1505 0 3703 3363 1964 6 1374
1506 0 3703 3371 1964 6 1505
1507 0 3699 3375 1968 6 1506
1508 0 3699 3383 1968 6 1507
1509 2 3675 3281.12 1979.53 20.9281 1373
1510 2 3664.11 3257.22 1954.22 25.7605 1509
1511 2 3659.68 3235.06 1935.39 20.6827 1510
1512 0 3651 3212.12 1920.16 13.0443 1511
1513 0 3655 3195 1900 3.65685 1512
1514 0 3659 3191 1896 6 1513
1515 0 3659 3183 1896 6 1514
1516 0 3659 3171 1880 6 1515
1517 0 3667 3163 1868 9.31371 1516
1518 0 3679 3167 1852 6.94427 1517
1519 0 3691 3171 1836 10.6491 1518
1520 0 3691 3167 1808 9.31371 1519
1521 0 3679 3147 1800 6.94427 1520
1522 0 3679 3135 1796 10.6491 1521
1523 0 3671 3115 1792 9.31371 1522
1524 0 3671 3087 1788 6.94427 1523
1525 2 3671 3073.4 1790.8 6 1524
1526 0 3671 3059 1804 6 1525
1527 0 3671 3051 1820 6 1526
1528 0 3671 3055 1836 6.94427 1527
1529 0 3663 3055 1844 9.31371 1528
1530 0 3663 3063 1852 6.94427 1529
1531 0 3679 3063 1780 6 1525
1532 0 3683 3055 1784 3.65685 1531
1533 0 3687 3051 1788 6 1532
1534 0 3703 3051 1792 6 1533
1535 0 3711 3051 1792 6 1534
1536 0 3723 3055 1792 9.31371 1535
1537 0 3731 3063 1796 2 1536
1538 0 3731 3067 1796 2 1537
1539 2 3665.67 3153.67 1869.33 8.5239 1517
1540 0 3663 3135 1872 6.94427 1539
1541 0 3667 3119 1872 14.9706 1540
1542 0 3683 3119 1872 10 1541
1543 0 3691 3143 1864 9.31371 1539
1544 0 3699 3135 1860 10.6491 1543
1545 0 3647 3183 1932 14 1512
1546 0 3643 3175 1956 3.65685 1545
1547 0 3643 3171 1968 6 1546
1548 0 3643 3171 1976 6 1547
1549 0 3659 3207 1968 6 1511
1550 0 3659 3199 1976 3.65685 1549
1551 0 3655 3191 1980 6 1550
1552 0 3647 3183 1988 2 1551
1553 0 3635 3255 1964 10 1510
1554 0 3623 3255 1964 6.94427 1553
1555 0 3611 3247 1964 9.31371 1554
1556 0 3595 3239 1956 3.65685 1555
1557 0 3591 3239 1956 2 1556
1558 0 3651 3267 1988 10 1509
1559 0 3623 3267 1992 9.31371 1558
1560 0 3611 3267 1992 6 1559
1561 2 3648.65 3292.47 2067.86 12.7371 1372
1562 0 3631 3291 2068 6.94427 1561
1563 0 3619 3283 2068 6.94427 1562
1564 0 3611 3279 2076 10 1563
1565 0 3607 3271 2088 2 1564
1566 0 3607 3271 2092 2 1565
1567 0 3647 3323 2072 6 1561
1568 0 3647 3335 2068 9.31371 1567
1569 0 3655 3343 2072 9.31371 1568
1570 0 3663 3351 2076 6 1569
1571 0 3667 3283 2088 29.241 1371
1572 0 3659 3255 2096 19.5407 1571
1573 0 3631 3215 2120 18.3961 1572
1574 0 3623 3195 2116 12.4222 1573
1575 0 3607 3171 2120 14 1574
1576 0 3599 3147 2120 21.3238 1575
1577 2 3559.39 3115.39 2148.29 36.7056 1576
1578 2 3557.11 3113.11 2149.92 36.4518 1577
1579 2 3550.74 3106.74 2154.47 35.7411 1578
1580 0 3543 3099 2160 34.8782 1579
1581 2 3548.85 3075.6 2174.62 25.4619 1580
1582 2 3549.76 3057.04 2186.22 21.2349 1581
1583 0 3547 3035 2200 19.5407 1582
1584 2 3547 3031.8 2209.6 18.9244 1583
1585 2 3547 3028.6 2219.2 18.3081 1584
1586 2 3535.92 3030.69 2238.77 10.6154 1585
1587 0 3527 3019 2252 10 1586
1588 0 3527 3007 2272 10 1587
1589 0 3531 2987 2304 12.4222 1588
1590 2 3540.11 2964.78 2326.22 20.1183 1589
1591 2 3543 2953.35 2341.41 19.8113 1590
1592 0 3543 2947 2352 15.8885 1591
1593 0 3535 2959 2368 9.31371 1592
1594 0 3535 2979 2376 18 1593
1595 0 3515 2991 2396 12.4222 1594
1596 0 3491 2967 2396 10 1595
1597 0 3487 2943 2396 10 1596
1598 0 3475 2931 2396 6 1597
1599 0 3471 2923 2404 2 1598
1600 0 3471 2919 2404 2 1599
1601 0 3551 2927 2376 15.8885 1592
1602 0 3571 2927 2396 9.31371 1601
1603 0 3575 2927 2408 3.65685 1602
1604 0 3575 2927 2412 3.65685 1603
1605 0 3575 2927 2420 6 1604
1606 0 3575 2927 2436 6.94427 1605
1607 0 3567 2927 2448 10.6491 1606
1608 0 3555 2919 2468 6 1607
1609 0 3571 2951 2344 6 1591
1610 0 3583 2947 2352 12.4222 1609
1611 0 3567 2991 2324 10 1590
1612 0 3583 2991 2324 12.4222 1611
1613 0 3603 2975 2352 18 1612
1614 0 3615 2983 2364 10 1613
1615 0 3539 3047 2248 6.94427 1586
1616 0 3523 3067 2260 14.9706 1615
1617 0 3499 3071 2248 2 1616
1618 0 3495 3071 2248 2 1617
1619 0 3491 3071 2244 2 1618
1620 0 3583 3035 2220 10.6491 1585
1621 0 3599 3039 2220 15.8885 1620
1622 0 3619 3047 2220 15.8885 1621
1623 0 3635 3055 2220 10.6491 1622
1624 0 3651 3067 2212 10.6491 1623
1625 0 3639 3091 2208 14 1624
1626 0 3631 3103 2196 14 1625
1627 0 3623 3115 2196 3.65685 1626
1628 0 3619 3119 2196 2 1627
1629 0 3539 2999 2220 14 1584
1630 0 3543 2999 2236 6.94427 1629
1631 0 3543 2999 2244 6.94427 1630
1632 0 3547 2999 2192 12.4222 1583
1633 0 3539 2991 2184 9.31371 1632
1634 0 3539 2987 2164 9.31371 1633
1635 0 3527 2987 2144 10 1634
1636 0 3519 2991 2136 10 1635
1637 0 3499 2983 2136 6.94427 1636
1638 0 3491 2979 2140 9.31371 1637
1639 0 3483 2971 2144 6 1638
1640 0 3527 2975 2180 6 1633
1641 0 3523 2971 2176 3.65685 1640
1642 0 3515 2967 2168 6.94427 1641
1643 0 3499 2963 2160 9.31371 1642
1644 0 3471 2967 2160 6.94427 1643
1645 0 3463 2967 2156 3.65685 1644
1646 0 3459 2967 2160 2 1645
1647 0 3551 3023 2164 6 1582
1648 0 3551 3011 2156 9.31371 1647
1649 0 3559 3007 2148 6 1648
1650 0 3511 3083 2200 9.31371 1581
1651 0 3503 3083 2208 6 1650
1652 0 3495 3083 2212 6 1651
1653 0 3487 3079 2220 2 1652
1654 0 3483 3079 2224 2 1653
1655 0 3479 3095 2172 18 1580
1656 0 3455 3083 2188 14.9706 1655
1657 0 3427 3063 2184 6 1656
1658 0 3427 3055 2184 6 1657
1659 0 3427 3047 2192 3.65685 1658
1660 0 3427 3047 2196 3.65685 1659
1661 0 3419 3039 2204 3.65685 1660
1662 0 3415 3027 2216 9.31371 1661
1663 0 3423 3015 2212 3.65685 1662
1664 0 3427 3007 2212 3.65685 1663
1665 0 3431 2999 2216 6 1664
1666 0 3435 2979 2208 6 1665
1667 0 3439 2967 2200 9.31371 1666
1668 0 3551 3051 2144 10 1579
1669 0 3547 3039 2140 6 1668
1670 0 3547 3023 2140 6 1669
1671 0 3543 3015 2140 3.65685 1670
1672 0 3487 3115 2148 14 1578
1673 0 3471 3111 2128 6.94427 1672
1674 0 3471 3107 2112 6 1673
1675 0 3475 3099 2096 6 1674
1676 2 3487.53 3082.47 2085.16 13.9853 1675
1677 0 3499 3063 2088 14 1676
1678 0 3511 3039 2104 6 1677
1679 0 3503 3099 2068 10.6491 1676
1680 0 3515 3107 2052 6 1679
1681 0 3551 3075 2116 14.9706 1577
1682 0 3539 3047 2112 12.4222 1681
1683 0 3543 3023 2120 6.94427 1682
1684 0 3547 2999 2116 12.4222 1683
1685 0 3567 3011 2096 10 1684
1686 0 3575 3015 2088 6.94427 1685
1687 0 3599 3023 2076 12.4222 1686
1688 0 3615 3015 2068 10 1687
1689 0 3627 3019 2068 6 1688
1690 0 3523 2991 2116 6.94427 1684
1691 0 3515 2991 2116 6 1690
1692 0 3503 2995 2116 9.31371 1691
1693 0 3495 3003 2112 9.31371 1692
1694 0 3491 3011 2104 3.65685 1693
1695 0 3491 3015 2104 2 1694
1696 2 3638.69 3191.92 2139.23 12.652 1573
1697 0 3651 3183 2144 6.94427 1696
1698 2 3661.86 3166.43 2138.29 9.12693 1697
1699 0 3659 3159 2120 6.94427 1698
1700 0 3655 3155 2108 10 1699
1701 0 3655 3163 2100 6.94427 1700
1702 0 3651 3167 2092 6.94427 1701
1703 0 3651 3175 2084 3.65685 1702
1704 0 3651 3175 2080 3.65685 1703
1705 0 3651 3179 2076 2 1704
1706 0 3679 3171 2148 6 1698
1707 0 3687 3159 2156 10 1706
1708 0 3691 3151 2148 9.31371 1707
1709 0 3699 3151 2132 6.94427 1708
1710 0 3619 3179 2152 9.31371 1696
1711 0 3611 3171 2164 10.6491 1710
1712 0 3615 3171 2180 9.31371 1711
1713 0 3615 3159 2192 12.4222 1712
1714 0 3603 3155 2192 9.31371 1713
1715 0 3636.23 3228.85 2072 21.0241 1572
1716 2 3623.31 3221.46 2072 27.1868 1715
1717 2 3619.86 3219.49 2072 28.8302 1716
1718 2 3598.54 3208.77 2085.64 17.8586 1717
1719 0 3583 3203 2100 10.6491 1718
1720 0 3559 3199 2100 9.31371 1719
1721 0 3535 3195 2096 9.31371 1720
1722 0 3519 3183 2096 9.31371 1721
1723 0 3511 3183 2088 3.65685 1722
1724 0 3507 3183 2088 2 1723
1725 0 3603 3183 2076 10 1718
1726 0 3599 3159 2088 6.94427 1725
1727 0 3587 3219 2060 9.31371 1717
1728 0 3575 3219 2060 6 1727
1729 0 3555 3207 2056 9.31371 1728
1730 0 3555 3195 2048 6 1729
1731 0 3619 3183 2052 14.4924 1716
1732 0 3619 3167 2040 6.94427 1731
1733 0 3619 3163 2032 6 1732
1734 0 3611 3155 2024 2 1733
1735 2 3614.99 3225.22 2061.06 21.9868 1715
1736 2 3595.49 3229.92 2040.69 14.2136 1735
1737 2 3568.26 3227.42 2032 6.347 1736
1738 0 3543 3211 2036 6 1737
1739 0 3535 3207 2036 3.65685 1738
1740 0 3527 3199 2036 3.65685 1739
1741 0 3523 3195 2036 2 1740
1742 0 3559 3235 2020 3.65685 1737
1743 0 3555 3231 2016 3.65685 1742
1744 0 3551 3231 2012 3.65685 1743
1745 0 3547 3227 2008 3.65685 1744
1746 0 3543 3227 2004 3.65685 1745
1747 0 3539 3223 2000 3.65685 1746
1748 0 3535 3219 2000 2 1747
1749 0 3599 3247 2020 12.4222 1736
1750 0 3591 3255 1988 6.94427 1749
1751 0 3591 3251 1980 3.65685 1750
1752 0 3587 3251 1976 2 1751
1753 0 3651 3247 2032 9.31371 1735
1754 0 3667 3239 2016 9.31371 1753
1755 0 3671 3227 2016 9.31371 1754
1756 0 3675 3219 2012 6 1755
1757 0 3650.2 3302.52 2156.64 24.6211 1370
1758 2 3639.2 3295.92 2165.44 21.7104 1757
1759 2 3628.62 3289.22 2176.16 19.3116 1758
1760 2 3619 3282 2193 18.3852 1759
1761 2 3606.48 3275.59 2208.52 16.506 1760
1762 2 3598.89 3272.56 2216.11 15.1745 1761
1763 0 3566.71 3266.14 2234.57 18.3301 1762
1764 2 3554.43 3263.69 2241.94 19.2765 1763
1765 2 3545.51 3261.9 2249.49 21.99 1764
1766 2 3539.24 3260.65 2255.76 24.7891 1765
1767 0 3531 3259 2264 28.4631 1766
1768 2 3522.25 3261.19 2277.13 25.637 1767
1769 2 3518.32 3262.17 2283.02 24.3702 1768
1770 2 3507.38 3266.81 2326.1 18.2523 1769
1771 0 3483 3263 2356 14 1770
1772 2 3457.21 3255.74 2377.79 12.4222 1771
1773 0 3443 3251 2392 10.6491 1772
1774 0 3415 3259 2396 10 1773
1775 0 3399 3259 2392 10 1774
1776 0 3387 3239 2384 12.4222 1775
1777 0 3375 3227 2376 6 1776
1778 0 3367 3227 2368 3.65685 1777
1779 0 3363 3227 2368 2 1778
1780 0 3447 3231 2368 14 1772
1781 0 3455 3215 2368 15.8885 1780
1782 0 3479 3287 2368 10 1771
1783 0 3471 3291 2384 10.6491 1782
1784 0 3471 3283 2392 6 1783
1785 0 3491 3243 2332 6 1770
1786 0 3495 3231 2332 10.6491 1785
1787 0 3507 3231 2332 10 1786
1788 0 3515 3235 2324 6 1787
1789 0 3511 3231 2292 14 1769
1790 0 3507 3207 2304 14.4924 1789
1791 0 3483 3199 2332 10 1790
1792 0 3471 3199 2352 10 1791
1793 0 3463 3187 2364 10 1792
1794 0 3531 3287 2288 12.4222 1768
1795 0 3539 3303 2288 14 1794
1796 0 3531 3319 2292 2 1795
1797 0 3523 3327 2300 6.94427 1796
1798 0 3515 3323 2312 14 1797
1799 0 3507 3319 2328 2 1798
1800 0 3503 3319 2332 2 1799
1801 0 3519 3211 2260 6 1767
1802 0 3519 3199 2260 2 1801
1803 0 3519 3195 2260 2 1802
1804 0 3519 3191 2260 2 1803
1805 0 3519 3187 2260 2 1804
1806 2 3523.44 3259.84 2240.2 25.3826 1766
1807 2 3507.82 3259.04 2224.81 25.9692 1806
1808 2 3486.62 3262.4 2210.42 22.8849 1807
1809 2 3481.86 3262.77 2207.31 21.9629 1808
1810 2 3478.43 3262.09 2205.26 20.8585 1809
1811 2 3469 3260.2 2199.6 17.8213 1810
1812 0 3451 3259 2168 6.94427 1811
1813 0 3433.2 3271 2159.4 10.4488 1812
1814 0 3415 3275 2152 6 1813
1815 0 3403 3279 2144 6.94427 1814
1816 0 3391 3299 2124 6.94427 1815
1817 0 3387 3315 2124 6 1816
1818 0 3387 3323 2124 6.94427 1817
1819 0 3395 3331 2124 6 1818
1820 0 3403 3339 2116 2 1819
1821 0 3407 3339 2116 2 1820
1822 0 3411 3339 2116 2 1821
1823 0 3403 3295 2108 6 1816
1824 0 3411 3295 2100 9.31371 1823
1825 0 3411 3295 2088 6 1824
1826 0 3431 3267 2136 6.94427 1813
1827 0 3435 3267 2120 6 1826
1828 0 3435 3267 2112 3.65685 1827
1829 0 3431 3271 2108 2 1828
1830 0 3427 3271 2104 2 1829
1831 0 3423 3275 2100 6 1830
1832 0 3415 3271 2100 2 1831
1833 0 3411 3271 2100 2 1832
1834 0 3463 3259 2148 9.31371 1812
1835 0 3467 3263 2124 6.94427 1834
1836 0 3467 3263 2116 6.94427 1835
1837 2 3466.2 3263 2113.6 6.75542 1836
1838 0 3459 3267 2100 6 1837
1839 0 3451 3267 2100 6 1838
1840 0 3443 3275 2088 6 1839
1841 0 3435 3279 2080 9.31371 1840
1842 0 3423 3279 2076 6 1841
1843 0 3415 3279 2076 6 1842
1844 0 3407 3283 2068 2 1843
1845 0 3407 3283 2064 2 1844
1846 0 3471 3279 2104 6 1837
1847 0 3479 3295 2104 6 1846
1848 0 3479 3303 2096 3.65685 1847
1849 0 3479 3307 2092 2 1848
1850 0 3483 3243 2104 10.6491 1836
1851 0 3467 3235 2092 2 1850
1852 0 3463 3235 2092 2 1851
1853 0 3451 3259 2220 14 1811
1854 0 3427 3275 2224 6.94427 1853
1855 0 3415 3279 2212 6.94427 1854
1856 2 3405.67 3279.67 2206.67 6.15738 1855
1857 0 3387 3295 2188 6.94427 1856
1858 0 3379 3311 2164 10 1857
1859 0 3379 3319 2156 6.94427 1858
1860 0 3387 3327 2148 6.94427 1859
1861 0 3399 3291 2220 6.94427 1856
1862 0 3391 3299 2212 6 1861
1863 0 3387 3307 2208 3.65685 1862
1864 0 3387 3315 2204 6 1863
1865 0 3483 3239 2180 2 1810
1866 0 3483 3239 2172 6 1865
1867 0 3483 3239 2156 6 1866
1868 0 3487 3235 2152 3.65685 1867
1869 0 3487 3231 2152 2 1868
1870 0 3471 3287 2196 6.94427 1809
1871 0 3479 3295 2180 3.65685 1870
1872 0 3479 3295 2172 3.65685 1871
1873 0 3479 3295 2168 3.65685 1872
1874 0 3487 3303 2160 3.65685 1873
1875 0 3487 3303 2156 3.65685 1874
1876 0 3487 3303 2152 2 1875
1877 0 3487 3303 2148 2 1876
1878 0 3491 3307 2144 2 1877
1879 0 3467 3271 2240 14.9706 1808
1880 0 3479 3299 2244 6.94427 1879
1881 2 3514.27 3223.6 2220.64 11.2211 1807
1882 0 3515 3207 2220 6 1881
1883 0 3511 3195 2220 9.31371 1882
1884 0 3499 3183 2224 6.94427 1883
1885 0 3491 3175 2232 6.94427 1884
1886 0 3479 3163 2232 6 1885
1887 0 3467 3147 2236 6.94427 1886
1888 0 3459 3139 2240 6 1887
1889 0 3535 3207 2208 14 1881
1890 0 3555 3187 2200 9.31371 1889
1891 0 3571 3171 2188 9.31371 1890
1892 0 3531 3291 2232 10 1806
1893 0 3531 3303 2232 10 1892
1894 0 3523 3315 2236 6 1893
1895 0 3523 3327 2252 6 1894
1896 0 3519 3331 2260 2 1895
1897 0 3519 3331 2264 2 1896
1898 0 3567 3263 2276 6 1765
1899 0 3579 3267 2292 6 1898
1900 0 3579 3267 2300 3.65685 1899
1901 0 3575 3271 2304 2 1900
1902 0 3575 3271 2308 2 1901
1903 0 3575 3271 2312 2 1902
1904 0 3563 3283 2252 14 1764
1905 0 3559 3299 2252 10 1904
1906 0 3551 3315 2260 10 1905
1907 0 3543 3323 2264 6 1906
1908 0 3543 3335 2264 6 1907
1909 0 3551 3347 2252 6.94427 1908
1910 0 3555 3351 2244 9.31371 1909
1911 0 3555 3359 2236 6 1910
1912 0 3555 3359 2228 3.65685 1911
1913 0 3551 3359 2224 2 1912
1914 0 3567 3235 2248 9.31371 1763
1915 0 3583 3227 2268 14.9706 1914
1916 0 3591 3203 2268 14 1915
1917 0 3587 3191 2280 3.65685 1916
1918 0 3587 3187 2284 2 1917
1919 0 3603 3291 2236 9.31371 1762
1920 0 3595 3295 2244 6 1919
1921 0 3587 3299 2244 6 1920
1922 0 3615 3247 2212 12.4222 1761
1923 0 3623 3235 2212 14 1922
1924 2 3637.88 3223.84 2193.4 17.72 1923
1925 0 3655 3223 2172 15.8885 1924
1926 0 3683 3207 2152 9.31371 1925
1927 0 3683 3203 2136 6.94427 1926
1928 0 3687 3199 2128 9.31371 1927
1929 0 3691 3191 2120 6.94427 1928
1930 0 3615 3199 2196 6.94427 1924
1931 0 3611 3187 2204 10 1930
1932 0 3615 3175 2212 9.31371 1931
1933 0 3639 3271 2192 6.94427 1760
1934 0 3651 3259 2192 6.94427 1933
1935 0 3655 3251 2200 3.65685 1934
1936 0 3659 3251 2204 2 1935
1937 0 3599 3267 2168 14.9706 1759
1938 2 3577.48 3265.76 2183.05 14.6702 1937
1939 0 3563 3275 2200 14.4924 1938
1940 2 3544.6 3294.2 2200 18.4325 1939
1941 2 3535.48 3306.36 2200 14.2216 1940
1942 0 3523 3319 2200 6.94427 1941
1943 0 3515 3327 2196 10 1942
1944 0 3511 3347 2172 10 1943
1945 0 3507 3351 2152 10 1944
1946 0 3507 3347 2140 6.94427 1945
1947 0 3503 3347 2128 9.31371 1946
1948 0 3495 3339 2120 6.94427 1947
1949 0 3479 3351 2104 9.31371 1948
1950 0 3451 3347 2088 14 1949
1951 0 3419 3319 2084 14 1950
1952 0 3515 3307 2208 6.94427 1941
1953 0 3503 3319 2220 15.8885 1952
1954 0 3487 3319 2240 6.94427 1953
1955 0 3487 3315 2252 2 1954
1956 0 3547 3315 2176 6.94427 1940
1957 0 3539 3327 2164 6 1956
1958 0 3563 3295 2160 9.31371 1938
1959 0 3547 3315 2140 6.94427 1958
1960 0 3539 3323 2132 6 1959
1961 0 3567 3263 2144 12.4222 1937
1962 0 3555 3271 2132 3.65685 1961
1963 0 3547 3271 2124 6 1962
1964 0 3531 3267 2108 6 1963
1965 0 3523 3263 2104 6 1964
1966 0 3619 3291 2152 18 1758
1967 0 3603 3299 2144 6 1966
1968 0 3595 3303 2140 6 1967
1969 0 3583 3299 2132 6 1968
1970 0 3575 3299 2128 6 1969
1971 0 3567 3299 2120 9.31371 1970
1972 0 3647 3311 2192 19.5407 1757
1973 0 3631 3307 2208 12.4222 1972
1974 0 3767 3379 2072 30.249 35
1975 2 3787.57 3384.14 2061.71 22.6293 1974
1976 0 3799 3387 2056 18.3961 1975
1977 0 3824.25 3368.06 2037.06 17.614 1976
1978 2 3851 3363 2032 19.5407 1977
1979 0 3855 3363 2032 19.5407 1978
1980 2 3883.67 3362.67 2048.33 17.5624 1979
1981 0 3911 3339 2056 15.8885 1980
1982 0 3925.06 3291.39 2059.48 23.1571 1981
1983 0 3939 3267 2056 30.9848 1982
1984 0 3979 3255 2040 12.4222 1983
1985 2 3987 3238.86 2030.34 15.9161 1984
1986 2 3987 3224.72 2024.69 19.1467 1985
1987 0 3971 3207 2016 12.4222 1986
1988 0 3967 3207 2004 9.31371 1987
1989 0 3940.05 3200.68 1973.05 15.0803 1988
1990 0 3911 3191 1952 9.31371 1989
1991 0 3895 3183 1940 3.65685 1990
1992 0 3895 3183 1936 3.65685 1991
1993 0 3891 3183 1932 2 1992
1994 0 3915 3223 1976 6 1989
1995 0 3911 3223 1968 6 1994
1996 0 4031 3223 2016 15.8885 1986
1997 0 4055 3215 2016 18 1996
1998 0 4079 3219 2044 10 1997
1999 0 4083 3231 2060 3.65685 1998
2000 0 4087 3235 2064 2 1999
2001 0 3987 3251 2008 10.6491 1985
2002 0 3987 3255 1996 3.65685 2001
2003 0 3987 3255 1992 3.65685 2002
2004 0 3983 3251 1980 9.31371 2003
2005 0 3971 3267 1964 12.4222 2004
2006 0 3963 3267 1952 3.65685 2005
2007 0 3959 3267 1948 2 2006
2008 0 3943 3227 2060 27.1204 1983
2009 0 3935 3199 2056 14.9706 2008
2010 0 3951 3187 2052 18.3961 2009
2011 0 3963 3175 2060 9.31371 2010
2012 0 3967 3163 2080 12.4222 2011
2013 0 3979 3163 2092 6 2012
2014 0 3987 3163 2100 6 2013
2015 0 3927 3171 2068 10 2009
2016 0 3931 3147 2076 9.31371 2015
2017 0 3935 3139 2092 3.65685 2016
2018 0 3935 3135 2096 2 2017
2019 0 3959 3307 2032 10.6491 1982
2020 0 3963 3311 2020 9.31371 2019
2021 2 3889.97 3384.41 2033.7 20.6123 1980
2022 2 3894.46 3390.37 2030.08 21.0658 2021
2023 0 3923 3411 1992 19.5407 2022
2024 0 3947 3375 1988 9.31371 2023
2025 0 3951 3359 1992 6.94427 2024
2026 0 3887 3415 2056 10 2022
2027 0 3891 3423 2076 6.94427 2026
2028 0 3891 3431 2084 6 2027
2029 0 3923 3371 2032 14.4924 2021
2030 0 3943 3355 2016 6.94427 2029
2031 0 3955 3339 2016 10 2030
2032 0 3963 3331 2012 6.94427 2031
2033 0 3859 3331 2036 10 1979
2034 0 3859 3319 2036 10 2033
2035 0 3863 3311 2048 6 2034
2036 0 3867 3307 2052 6 2035
2037 2 3861.47 3352.53 2014.56 11.7864 1978
2038 0 3859 3351 1992 12.4222 2037
2039 2 3859 3340.2 1977.6 10.8264 2038
2040 0 3863 3315 1964 18 2039
2041 0 3847 3283 1952 10 2040
2042 0 3847 3267 1956 6 2041
2043 0 3843 3263 1960 6 2042
2044 0 3887 3355 1936 18 2039
2045 0 3899 3363 1924 9.31371 2044
2046 0 3879 3375 2004 9.31371 2037
2047 0 3887 3383 1992 10.6491 2046
2048 0 3895 3383 1984 6.94427 2047
2049 0 3827 3371 2000 18 1977
2050 0 3827 3359 1980 9.31371 2049
2051 0 3815 3371 2068 9.31371 1976
2052 0 3835 3367 2080 12.4222 2051
2053 0 3851 3391 2076 10 2052
2054 0 3855 3403 2068 6 2053
2055 0 3799 3407 2032 12.4222 1975
2056 0 3827 3403 2008 14.9706 2055
2057 0 3843 3411 2004 3.65685 2056
2058 0 3847 3415 2004 2 2057
2059 0 3735 3411 2060 18.3961 1974
2060 0 3715 3411 2060 12.4222 2059
2061 0 3703 3431 2072 6.94427 2060
2062 0 3731 3331 2056 18 34
2063 0 3747 3319 2032 6 2062
2064 0 3791 3267 1952 22 31
2065 0 3793.42 3215.38 1979.4 19.0233 2064
2066 0 3807 3195 1976 10 2065
2067 0 3819 3187 1964 14.4924 2066
2068 2 3822.88 3171.47 1964 14.4924 2067
2069 0 3819 3151 1976 10 2068
2070 0 3843 3147 1988 10 2069
2071 0 3867 3139 1992 14.4924 2070
2072 0 3875 3123 1992 9.31371 2071
2073 0 3879 3115 1984 6 2072
2074 2 3883 3105 1974 6 2073
2075 0 3883 3095 1964 6 2074
2076 0 3891 3087 1960 10 2075
2077 0 3907 3087 1964 12.4222 2076
2078 0 3911 3107 1984 10 2077
2079 0 3883 3115 1960 6 2074
2080 0 3883 3115 1952 6 2079
2081 0 3883 3123 1944 6 2080
2082 0 3883 3127 1936 3.65685 2081
2083 0 3887 3127 1928 6 2082
2084 0 3887 3135 1924 2 2083
2085 0 3887 3139 1924 2 2084
2086 0 3795 3131 1964 10.6491 2069
2087 0 3791 3119 1952 10 2086
2088 0 3795 3107 1948 6 2087
2089 0 3795 3095 1948 6 2088
2090 2 3849.81 3174.87 1964 6.3589 2068
2091 0 3863 3187 1972 10 2090
2092 0 3875 3191 1980 6.94427 2091
2093 0 3895 3183 1984 6 2092
2094 0 3899 3183 1992 2 2093
2095 0 3899 3183 1996 2 2094
2096 0 3859 3155 1960 6 2090
2097 0 3863 3151 1952 3.65685 2096
2098 0 3863 3151 1944 3.65685 2097
2099 0 3867 3147 1940 2 2098
2100 0 3787 3187 1964 10 2065
2101 0 3775 3171 1976 14 2100
2102 0 3771 3159 1988 12.4222 2101
2103 0 3787 3231 1932 10 2064
2104 0 3783 3211 1936 6 2103
2105 0 3783 3203 1932 2 2104
2106 0 3779 3199 1928 2 2105
2107 0 3791 3259 1972 21.3238 30
2108 0 3791 3227.93 2017.2 23.0859 2107
2109 2 3784.69 3223 2063.54 27.6951 2108
2110 2 3783.23 3223 2070.85 28.3584 2109
2111 2 3790.84 3217.77 2090.29 25.0893 2110
2112 0 3792.14 3209.29 2143.43 27.4286 2111
2113 0 3787.58 3194.97 2166.3 29.0806 2112
2114 2 3789.18 3183.73 2172.73 26.5159 2113
2115 2 3790.79 3172.48 2179.15 23.9512 2114
2116 2 3804 3158 2180 17.3644 2115
2117 0 3819 3139 2176 10.6491 2116
2118 0 3823 3123 2176 15.8885 2117
2119 2 3812.71 3117.86 2178.57 12.1031 2118
2120 0 3795 3111 2180 9.31371 2119
2121 0 3775 3095 2172 12.4222 2120
2122 0 3755 3063 2168 18 2121
2123 0 3731 3031 2160 10 2122
2124 0 3731 2999 2160 6.94427 2123
2125 0 3727 2987 2156 10.6491 2124
2126 0 3711 2971 2152 3.65685 2125
2127 0 3703 2963 2152 3.65685 2126
2128 0 3699 2959 2152 2 2127
2129 0 3803 3111 2164 6.94427 2119
2130 0 3795 3091 2148 14.4924 2129
2131 0 3803 3083 2136 9.31371 2130
2132 0 3839 3095 2188 12.4222 2118
2133 0 3827 3083 2196 9.31371 2132
2134 0 3779 3131 2176 9.31371 2116
2135 0 3783 3123 2168 6 2134
2136 0 3783 3115 2160 6 2135
2137 0 3755 3163 2188 9.31371 2115
2138 0 3743 3143 2188 12.4222 2137
2139 0 3747 3107 2192 12.4222 2138
2140 0 3727 3099 2204 10 2139
2141 0 3715 3099 2204 9.31371 2140
2142 0 3703 3091 2196 6.94427 2141
2143 0 3691 3079 2184 9.31371 2142
2144 0 3691 3079 2172 6 2143
2145 0 3759 3179 2212 18 2114
2146 0 3735 3155 2252 24.8328 2145
2147 2 3727 3122.6 2245.2 10.2463 2146
2148 0 3731 3107 2236 9.31371 2147
2149 0 3747 3099 2232 10.6491 2148
2150 0 3767 3095 2248 10 2149
2151 0 3775 3095 2256 10 2150
2152 0 3787 3095 2260 6 2151
2153 0 3711 3127 2232 12.4222 2147
2154 0 3703 3123 2216 10.6491 2153
2155 0 3695 3155 2296 21.3238 2146
2156 0 3695 3147 2316 12.4222 2155
2157 0 3759 3175 2164 14 2113
2158 0 3743 3179 2156 14.9706 2157
2159 0 3731 3179 2140 9.31371 2158
2160 0 3715 3167 2124 6.94427 2159
2161 0 3699 3159 2104 6.94427 2160
2162 0 3767 3215 2184 20.6274 2112
2163 0 3735 3227 2196 10.6491 2162
2164 0 3719 3243 2196 9.31371 2163
2165 0 3695 3255 2204 14 2164
2166 0 3679 3255 2228 9.31371 2165
2167 0 3759 3199 2096 9.31371 2111
2168 0 3751 3195 2104 6 2167
2169 0 3747 3191 2108 6 2168
2170 0 3739 3191 2116 9.31371 2169
2171 0 3755 3203 2076 12.4222 2110
2172 0 3727 3187 2072 9.31371 2171
2173 0 3711 3171 2060 6.94427 2172
2174 0 3703 3163 2060 6.94427 2173
2175 0 3703 3151 2060 10.6491 2174
2176 0 3711 3143 2068 9.31371 2175
2177 0 3799 3199 2076 14.9706 2109
2178 0 3811 3175 2092 12.4222 2177
2179 0 3819 3163 2100 12.4222 2178
2180 0 3827 3151 2100 6 2179
2181 2 3806.2 3181 2027.6 15.6059 2108
2182 0 3815 3151 2028 15.8885 2181
2183 0 3815 3091 2032 35.7359 2182
2184 2 3815 3089.88 2033.8 34.8871 2183
2185 2 3815 3088.75 2035.6 34.0383 2184
2186 2 3815 3075.16 2057.35 23.7679 2185
2187 2 3819.21 3066.79 2069.26 19.936 2186
2188 0 3831 3055 2084 18 2187
2189 0 3827 3051 2104 9.31371 2188
2190 0 3835 3039 2124 9.31371 2189
2191 0 3839 3035 2132 6 2190
2192 0 3839 3035 2148 6.94427 2191
2193 0 3843 3023 2160 14.4924 2192
2194 2 3841 3021 2164 12.3693 2193
2195 0 3835 3013 2178 6 2194
2196 0 3827 2995 2196 6 2195
2197 0 3819 2983 2204 6.94427 2196
2198 0 3819 2971 2224 10 2197
2199 2 3827.21 2964.26 2244.21 14.1658 2198
2200 0 3847 2967 2260 10.6491 2199
2201 0 3867 2987 2268 6 2200
2202 0 3807 2963 2260 9.31371 2199
2203 0 3799 2955 2272 6.94427 2202
2204 0 3795 2951 2280 3.65685 2203
2205 0 3795 2951 2284 3.65685 2204
2206 0 3795 2947 2288 2 2205
2207 0 3835 3019 2196 6 2195
2208 0 3835 3003 2216 6 2207
2209 0 3835 3003 2228 6 2208
2210 0 3839 3003 2240 9.31371 2209
2211 0 3847 3007 2248 6.94427 2210
2212 0 3859 3007 2260 9.31371 2211
2213 0 3871 3007 2268 12.4222 2212
2214 0 3883 3015 2272 6 2213
2215 0 3839 2995 2156 6.94427 2194
2216 0 3831 2983 2156 6 2215
2217 0 3823 2975 2164 6 2216
2218 0 3819 2963 2172 6 2217
2219 0 3855 3051 2188 12.4222 2193
2220 0 3871 3047 2212 6.94427 2219
2221 0 3875 3047 2220 6.94427 2220
2222 0 3875 3043 2228 3.65685 2221
2223 0 3875 3043 2236 3.65685 2222
2224 0 3879 3043 2240 2 2223
2225 0 3855 3031 2092 12.4222 2188
2226 0 3859 3019 2104 10 2225
2227 0 3859 3019 2116 10.6491 2226
2228 0 3871 3031 2120 15.8885 2227
2229 0 3903 3027 2132 6.94427 2228
2230 0 3911 3027 2132 2 2229
2231 0 3919 3031 2140 6.94427 2230
2232 0 3923 3035 2156 6.94427 2231
2233 0 3919 3039 2172 9.31371 2232
2234 0 3931 3047 2196 14 2233
2235 0 3939 3051 2212 6.94427 2234
2236 0 3939 3043 2224 2 2235
2237 0 3935 3039 2228 2 2236
2238 0 3851 3003 2124 6.94427 2227
2239 0 3835 2983 2124 6 2238
2240 0 3831 2971 2136 6 2239
2241 0 3831 2967 2144 3.65685 2240
2242 0 3827 2963 2148 2 2241
2243 0 3887 3007 2092 10 2226
2244 0 3895 3007 2084 10.6491 2243
2245 0 3907 3007 2084 6.94427 2244
2246 0 3799 3067 2088 6 2187
2247 0 3783 3071 2104 6 2246
2248 0 3771 3075 2120 6 2247
2249 0 3787 3067 2064 10.6491 2186
2250 0 3763 3071 2084 6 2249
2251 0 3755 3071 2092 6 2250
2252 0 3743 3071 2104 9.31371 2251
2253 0 3727 3059 2120 9.31371 2252
2254 0 3723 3047 2120 6 2253
2255 0 3851 3067 2020 14.4924 2185
2256 0 3863 3071 2012 6 2255
2257 0 3871 3075 2004 6 2256
2258 2 3784.69 3074.28 2032.89 29.1907 2184
2259 0 3755 3059 2032 23.6125 2258
2260 2 3749.75 3043.25 2034.62 19.9297 2259
2261 0 3742.56 3009.22 2035.56 12.1531 2260
2262 0 3739 2995 2032 10 2261
2263 0 3747 2979 2020 9.31371 2262
2264 0 3755 2971 2024 10.6491 2263
2265 0 3767 2971 2024 9.31371 2264
2266 0 3783 2971 2036 6 2265
2267 0 3799 2975 2036 6 2266
2268 0 3807 2983 2028 6.94427 2267
2269 0 3815 2987 2020 9.31371 2268
2270 0 3811 2991 2000 6 2269
2271 0 3751 2943 2036 12.4222 2264
2272 0 3735 2935 2048 3.65685 2271
2273 0 3731 2931 2048 2 2272
2274 0 3719 2995 2056 6.94427 2261
2275 0 3719 2983 2056 6 2274
2276 0 3715 2971 2056 9.31371 2275
2277 0 3719 2963 2052 6 2276
2278 2 3728.18 3039.58 2062.58 9.89213 2260
2279 0 3727 3027 2064 6 2278
2280 2 3716.69 3016.69 2070.31 6.67168 2279
2281 0 3707 2999 2088 6 2280
2282 0 3707 2983 2104 6 2281
2283 0 3715 2971 2116 6.94427 2282
2284 0 3723 2967 2120 6 2283
2285 0 3715 3023 2088 3.65685 2280
2286 0 3715 3027 2096 3.65685 2285
2287 0 3715 3027 2100 3.65685 2286
2288 0 3715 3027 2108 6 2287
2289 0 3715 3027 2116 3.65685 2288
2290 0 3715 3019 2124 6 2289
2291 2 3715.44 3052.46 2066.13 12.3136 2278
2292 0 3699 3067 2072 14.4924 2291
2293 0 3671 3067 2080 9.31371 2292
2294 0 3651 3051 2088 10.6491 2293
2295 0 3651 3039 2088 6 2294
2296 0 3695 3039 2044 12.4222 2291
2297 0 3683 3035 2036 9.31371 2296
2298 0 3671 3039 2036 9.31371 2297
2299 0 3663 3043 2028 6 2298
2300 0 3735 3107 2040 10.6491 2259
2301 0 3715 3127 2048 9.31371 2300
2302 0 3779 3079 1988 14.4924 2258
2303 0 3763 3075 1968 10 2302
2304 0 3755 3071 1960 6 2303
2305 0 3747 3067 1960 2 2304
2306 0 3739 3067 1956 6 2305
2307 0 3771 3063 2008 18 2183
2308 0 3751 3047 1984 6 2307
2309 0 3747 3043 1976 6 2308
2310 0 3735 3043 1952 12.4222 2309
2311 0 3715 3031 1940 6 2310
2312 0 3819 3163 2064 10.6491 2181
2313 0 3823 3135 2080 10 2312
2314 0 3823 3123 2092 6.94427 2313
2315 0 3827 3119 2100 6 2314
2316 0 3827 3291 2000 9.31371 29
2317 0 3839 3299 1996 10 2316
2318 0 3847 3291 1988 6.94427 2317
2319 0 3847 3283 1988 6.94427 2318
2320 0 3847 3275 1980 6.94427 2319
2321 0 3847 3255 2012 10 28
2322 0 3847 3243 1996 9.31371 2321
2323 0 3851 3231 1992 6 2322
2324 0 3855 3215 1992 6 2323
2325 0 3859 3207 1996 6 2324
2326 0 3863 3199 1996 3.65685 2325
2327 0 3867 3195 1996 3.65685 2326
2328 0 3887 3231 2052 18 27
2329 0 3895 3199 2044 12.4222 2328
2330 0 3895 3183 2036 2 2329
2331 0 3851 3255 2124 14 26
2332 0 3843 3255 2140 10 2331
2333 0 3919 3215 2104 14 25
2334 0 3919 3199 2108 6 2333
2335 0 3911 3175 2108 10.6491 2334
2336 2 3908.23 3244.72 2130.09 20.6461 24
2337 0 3923 3227 2136 15.8885 2336
2338 0 3919 3199 2140 18 2337
2339 2 3915 3167 2144 12.8167 2338
2340 0 3915 3135.8 2141.6 10.6491 2339
2341 0 3923 3119 2140 9.31371 2340
2342 0 3927 3107 2144 12.4222 2341
2343 0 3943 3087 2140 9.31371 2342
2344 0 3951 3075 2136 12.4222 2343
2345 0 3963 3059 2152 9.31371 2344
2346 0 3971 3051 2160 9.31371 2345
2347 2 3967.62 3040.87 2170.13 7.31361 2346
2348 0 3955 3027 2184 14 2347
2349 0 3951 3003 2208 6.94427 2348
2350 0 3951 2995 2216 6 2349
2351 0 3951 2995 2224 6 2350
2352 0 3943 2987 2240 6 2351
2353 0 3943 2971 2248 6 2352
2354 0 3975 3015 2160 14 2347
2355 0 3983 2999 2148 18 2354
2356 0 3987 2979 2152 10 2355
2357 0 3987 2967 2152 10 2356
2358 0 3987 2947 2152 3.65685 2357
2359 0 3983 2943 2152 2 2358
2360 0 3895 3147 2108 14 2340
2361 0 3895 3171 2132 10.6491 2339
2362 0 3883 3175 2112 12.4222 2361
2363 0 3871 3175 2092 6 2362
2364 0 3949.79 3257.33 2129.67 19.8381 2336
2365 0 3967 3247 2140 14.9706 2364
2366 0 3963 3219 2160 9.31371 2365
2367 0 3971 3211 2188 10 2366
2368 0 3967 3199 2204 9.31371 2367
2369 0 3963 3191 2208 6 2368
2370 0 3963 3179 2216 10.6491 2369
2371 0 3975 3155 2212 10.6491 2370
2372 0 3983 3143 2204 15.8885 2371
2373 0 3995 3139 2188 6 2372
2374 0 3995 3131 2172 6 2373
2375 0 3995 3131 2156 6 2374
2376 0 3995 3127 2132 9.31371 2375
2377 0 3995 3127 2120 9.31371 2376
2378 0 3991 3131 2112 6 2377
2379 0 4011 3159 2192 9.31371 2372
2380 0 4015 3167 2184 6 2379
2381 0 3995 3259 2100 22 2364
2382 0 4007 3287 2068 12.4222 2381
2383 2 4019.36 3297.91 2055.64 8.4521 2382
2384 0 4035 3311 2044 6 2383
2385 0 4043 3315 2044 3.65685 2384
2386 0 4051 3323 2036 6.94427 2385
2387 0 4063 3335 2028 9.31371 2386
2388 0 4071 3343 2020 12.4222 2387
2389 0 4079 3339 2008 6 2388
2390 0 4035 3303 2064 3.65685 2383
2391 0 4039 3303 2064 3.65685 2390
2392 0 4047 3311 2064 6 2391
2393 0 4059 3319 2056 6 2392
2394 0 4075 3319 2052 6 2393
2395 0 4079 3323 2048 6 2394
2396 2 4013 3259 2106 19.1847 2381
2397 2 4026.2 3259 2110.4 17.1201 2396
2398 0 4043 3259 2116 14.4924 2397
2399 0 4059 3243 2116 6.94427 2398
2400 0 4071 3235 2112 10 2399
2401 0 4083 3239 2112 10 2400
2402 0 4091 3251 2116 3.65685 2401
2403 0 4091 3255 2112 2 2402
2404 0 4043 3287 2104 6.94427 2397
2405 0 4055 3299 2100 6 2404
2406 0 4059 3303 2096 6 2405
2407 0 4063 3307 2092 3.65685 2406
2408 0 4063 3307 2088 3.65685 2407
2409 0 4067 3307 2084 2 2408
2410 0 4071 3311 2080 6 2409
2411 0 4027 3223 2076 14 2396
2412 0 4047 3215 2060 10 2411
2413 0 3859 3259 2176 22 23
2414 0 3835 3263 2184 9.31371 2413
2415 0 3823 3263 2196 6 2414
2416 0 3819 3259 2200 3.65685 2415
2417 0 3819 3259 2204 3.65685 2416
2418 0 3815 3255 2208 3.65685 2417
2419 0 3815 3255 2216 6 2418
2420 0 3815 3255 2224 3.65685 2419
2421 0 3815 3255 2228 3.65685 2420
2422 0 3819 3251 2232 2 2421
2423 0 3819 3251 2236 2 2422
2424 0 3875 3207 2184 10.6491 22
2425 0 3871 3195 2184 10 2424
2426 0 3855 3187 2204 10 2425
2427 0 3895 3259 2224 10.6491 22
2428 0 3887 3259 2236 6 2427
2429 0 3887 3259 2244 2 2428
2430 0 3887 3259 2248 2 2429
2431 0 3823 3119 2232 9.31371 18
2432 0 3819 3119 2220 12.4222 2431
2433 0 3819 3127 2208 10.6491 2432
2434 0 3823 3111 2280 9.31371 17
2435 0 3835 3107 2300 6.94427 2434
2436 0 3835 3107 2308 6 2435
2437 0 3827 3087 2316 10 2436
2438 0 3831 3067 2328 14 2437
2439 0 3831 3047 2344 6.94427 2438
2440 0 3831 3051 2352 6 2439
2441 0 3847 3099 2312 6 2436
2442 0 3855 3099 2320 10 2441
2443 0 3855 3115 2344 12.4222 2442
2444 0 3859 3127 2344 6 2443
2445 0 3863 3131 2340 2 2444
2446 0 3863 3135 2340 2 2445
2447 0 3883 3043 2312 14 14
2448 0 3879 3027 2328 3.65685 2447
2449 0 3879 3023 2332 3.65685 2448
2450 0 3875 3019 2336 2 2449
