# Generated by NeuTu (https://github.com/janelia-flyem/NeuTu)
1 0 2581 3298 3863 2 -1
2 0 2581 3302 3863 3.65685 1
3 0 2581 3310 3855 6.94427 2
4 0 2581 3318 3855 6.94427 3
5 0 2593 3322 3863 6 4
6 0 2597 3326 3867 3.65685 5
7 2 2609.55 3342.28 3893.41 11.8811 6
8 0 2621 3350 3903 2 7
9 2 2628.21 3353.6 3913.81 8.58886 8
10 0 2633 3346 3927 10 9
11 0 2629 3350 3947 6.94427 10
12 0 2629 3370 3899 6 9
13 0 2625 3382 3891 6 12
14 0 2621 3406 3883 10.6491 13
15 0 2629 3414 3879 6 14
16 0 2581 3366 3879 6 7
17 0 2577 3378 3879 9.31371 16
18 0 2573 3390 3879 6 17
