# Generated by NeuTu (https://github.com/janelia-flyem/NeuTu)
1 0 2307 4083 3500 2 -1
2 0 2303 4087 3500 3.65685 1
3 0 2299 4091 3500 2 2
4 0 2295 4091 3500 2 3
5 0 2263 4059 3904 2 -1
6 0 2263 4059 3908 2 5
7 0 2263 4059 3912 2 6
8 0 2267 4055 3920 6 7
9 0 2267 4055 3936 6 8
10 0 2275 4051 3952 6.94427 9
11 0 2283 4051 3964 9.31371 10
12 0 2291 4047 3972 6 11
13 0 2303 4043 3984 6.94427 12
14 0 2311 4043 3992 9.31371 13
15 0 2319 4047 3996 6 14
16 0 2263 4067 3876 2 5
17 0 2263 4067 3872 2 16
18 0 2267 4071 3868 3.65685 17
19 0 2267 4071 3860 6 18
20 0 2267 4075 3840 6 19
21 0 2267 4075 3824 6 20
22 0 2275 4075 3800 10.6491 21
23 0 2275 4071 3772 12.4222 22
24 0 2279 4079 3744 12.4222 23
25 0 2283 4091 3712 14 24
26 0 2291 4083 3672 23.2982 25
27 0 2299 4107 3624 10 26
28 0 2295 4111 3612 6 27
29 0 2295 4111 3596 6 28
30 0 2295 4111 3580 6 29
31 0 2295 4111 3572 6 30
32 0 2295 4111 3564 3.65685 31
33 0 2291 4111 3560 3.65685 32
34 0 2287 4115 3556 2 33
