# Generated by NeuTu (https://github.com/janelia-flyem/NeuTu)
1 0 3045 2609 3858 6 -1
2 0 3057 2601 3842 6 1
3 0 3065 2597 3830 6 2
4 0 3069 2589 3818 6 3
5 0 3073 2581 3802 6 4
6 0 3077 2581 3794 6 5
7 0 3081 2581 3786 3.65685 6
8 0 3081 2577 3778 6 7
9 0 3089 2573 3762 6.94427 8
10 0 3097 2569 3750 10 9
11 0 3105 2561 3746 6 10
12 0 3109 2549 3738 6 11
13 0 3113 2537 3726 6 12
14 0 3117 2533 3718 6 13
15 0 3125 2529 3710 3.65685 14
16 0 3129 2529 3706 2 15
17 0 3133 2529 3698 6 16
18 0 3145 2537 3682 6 17
19 0 3153 2541 3670 6 18
20 0 3165 2541 3654 6 19
21 0 3169 2541 3646 3.65685 20
22 0 3169 2541 3638 6 21
23 0 3169 2541 3622 6 22
24 0 3173 2541 3614 6 23
25 0 3173 2525 3598 6 24
26 0 3169 2517 3594 3.65685 25
27 0 3165 2509 3586 6 26
28 0 3165 2497 3582 6 27
29 0 3165 2489 3586 6 28
30 0 3161 2485 3590 3.65685 29
31 0 3161 2485 3598 3.65685 30
32 0 3161 2485 3602 2 31
