# Generated by NeuTu (https://github.com/janelia-flyem/NeuTu)
1 0 3100 2608 3923 6 -1
2 0 3100 2592 3915 6 1
3 0 3100 2584 3903 9.31371 2
4 0 3108 2580 3895 9.31371 3
5 0 3112 2568 3887 6 4
6 0 3112 2548 3883 6 5
7 0 3116 2540 3875 9.31371 6
8 0 3116 2532 3867 6 7
9 0 3112 2528 3859 6 8
10 0 3116 2520 3851 3.65685 9
11 0 3116 2512 3843 6 10
12 0 3124 2504 3835 9.31371 11
13 0 3132 2496 3827 6 12
14 0 3148 2492 3823 6 13
15 2 3160.46 2486.62 3813.62 9.04192 14
16 0 3164 2468 3799 6 15
17 0 3164 2452 3791 6 16
18 0 3164 2436 3775 6 17
19 0 3164 2416 3767 6.94427 18
20 0 3164 2400 3763 6 19
21 0 3164 2392 3763 6 20
22 0 3164 2384 3759 2 21
23 0 3164 2376 3759 6 22
24 0 3164 2360 3755 6 23
25 0 3164 2352 3755 6 24
26 0 3164 2344 3751 2 25
27 0 3164 2340 3751 2 26
28 0 3168 2332 3747 9.31371 27
29 0 3180 2316 3743 6.94427 28
30 0 3196 2296 3747 6.94427 29
31 0 3204 2284 3747 6.94427 30
32 0 3220 2268 3743 6 31
33 0 3244 2244 3735 9.31371 32
34 0 3248 2236 3727 6 33
35 0 3184 2496 3811 6.94427 15
36 0 3204 2512 3819 9.31371 35
37 0 3220 2500 3843 9.31371 36
38 0 3232 2496 3843 6 37
39 0 3240 2496 3843 6 38
40 0 3244 2492 3847 6 39
41 0 3248 2488 3843 3.65685 40
42 0 3252 2488 3843 3.65685 41
43 0 3256 2488 3843 2 42
