# Generated by NeuTu (https://github.com/janelia-flyem/NeuTu)
1 0 2817 2621 3945 2 -1
2 0 2821 2621 3945 2 1
3 0 2825 2625 3949 6 2
4 0 2841 2625 3961 6 3
5 0 2865 2625 3977 9.31371 4
6 0 2869 2617 3985 6.94427 5
7 0 2869 2617 3993 6 6
8 0 2865 2605 4005 6.94427 7
9 0 2858.59 2596.2 4022.6 6.80178 8
10 0 2849 2593 4029 10 9
11 0 2829 2613 4025 9.31371 10
12 0 2813 2621 4029 6 11
13 0 2805 2625 4029 6.94427 12
14 0 2805 2641 4037 6 13
15 0 2809 2649 4045 6 14
16 0 2813 2657 4061 6 15
17 0 2817 2661 4069 9.31371 16
18 0 2813 2669 4081 9.31371 17
19 0 2805 2685 4085 6 18
20 0 2805 2705 4089 6 19
21 0 2801 2721 4089 6 20
22 0 2797 2737 4097 6.94427 21
23 0 2793 2753 4097 9.31371 22
24 0 2789 2765 4097 6 23
25 0 2777 2777 4097 6 24
26 0 2769 2781 4097 6 25
27 0 2761 2785 4089 6.94427 26
28 0 2753 2793 4089 6.94427 27
29 0 2757 2809 4077 6.94427 28
30 0 2765 2825 4069 6 29
31 0 2773 2841 4069 6 30
32 0 2773 2849 4069 6 31
33 0 2777 2853 4065 6 32
34 0 2781 2861 4065 2 33
35 0 2781 2865 4065 3.65685 34
36 0 2781 2869 4065 3.65685 35
37 0 2793 2881 4053 9.31371 36
38 0 2809 2893 4049 2 37
39 0 2813 2893 4049 2 38
40 0 2873 2581 4033 6 9
41 0 2889 2569 4033 6.94427 40
42 0 2897 2553 4029 6.94427 41
43 0 2901 2545 4025 9.31371 42
44 0 2897 2537 4017 3.65685 43
45 0 2897 2537 4013 3.65685 44
46 0 2897 2529 4005 6 45
