# Generated by NeuTu (https://github.com/janelia-flyem/NeuTu)
1 0 3130 2613 3576 2 -1
2 0 3134 2617 3580 2 1
3 0 3134 2621 3588 6 2
4 0 3126 2633 3596 6.94427 3
5 0 3106 2641 3604 6 4
6 0 3090 2649 3608 6.94427 5
7 0 3082 2653 3612 6 6
8 0 3078 2649 3616 6 7
9 0 3062 2649 3620 6.94427 8
10 0 3054 2649 3628 6 9
11 0 3046 2649 3628 6 10
12 0 3030 2649 3624 10.6491 11
13 0 3018 2657 3608 6 12
14 0 3006 2661 3596 6 13
15 0 2998 2657 3584 6 14
16 0 2990 2657 3576 3.65685 15
17 0 2990 2657 3568 6 16
18 0 2978 2657 3552 6 17
19 0 2978 2653 3532 3.65685 18
20 0 2978 2657 3524 6 19
21 0 2978 2653 3512 3.65685 20
22 0 2978 2649 3504 6 21
