# Generated by NeuTu (https://github.com/janelia-flyem/NeuTu)
1 0 3211 2830 3500 6 -1
2 0 3219 2822 3512 6 1
3 0 3215 2810 3520 6.94427 2
4 0 3207 2794 3532 6 3
5 0 3203 2782 3540 10.6491 4
6 0 3195 2774 3540 6.94427 5
7 0 3179 2762 3536 9.31371 6
8 0 3163 2746 3536 3.65685 7
9 0 3155 2742 3536 3.65685 8
10 0 3147 2738 3536 6 9
11 0 3131 2730 3532 6 10
12 0 3123 2730 3528 6 11
13 0 3107 2726 3536 6 12
14 0 3087 2722 3544 6.94427 13
15 0 3087 2718 3560 9.31371 14
16 0 3099 2722 3572 6.94427 15
17 0 3099 2726 3588 6 16
18 0 3095 2718 3600 6 17
19 0 3091 2714 3604 3.65685 18
20 0 3087 2710 3608 3.65685 19
21 0 3087 2706 3608 3.65685 20
22 0 3083 2702 3612 2 21
23 0 3079 2702 3608 3.65685 22
24 0 3075 2698 3604 6 23
25 0 3063 2698 3592 6 24
26 0 3063 2698 3584 3.65685 25
27 0 3063 2698 3576 3.65685 26
28 0 3063 2702 3568 6 27
29 0 3059 2698 3552 6.94427 28
30 0 3051 2690 3552 3.65685 29
31 0 3047 2686 3552 3.65685 30
32 0 3047 2682 3552 2 31
