# Generated by NeuTu (https://github.com/janelia-flyem/NeuTu)
1 0 3144 2681 3638 2 -1
2 0 3144 2685 3642 3.65685 1
3 0 3148 2685 3650 6 2
4 0 3148 2681 3658 6.94427 3
5 0 3164 2669 3662 6 4
6 0 3172 2669 3662 6.94427 5
7 0 3188 2665 3658 10 6
8 0 3200 2665 3650 6 7
9 0 3216 2665 3638 6.94427 8
10 0 3224 2669 3630 6 9
11 0 3236 2669 3626 9.31371 10
12 0 3252 2677 3610 6.94427 11
13 0 3256 2681 3602 3.65685 12
14 0 3256 2681 3598 3.65685 13
15 0 3260 2685 3594 2 14
16 0 3260 2685 3590 2 15
17 0 3168 2645 3698 2 6
18 0 3164 2645 3702 3.65685 17
19 0 3164 2645 3706 3.65685 18
20 0 3160 2645 3714 6.94427 19
21 0 3160 2645 3726 2 20
22 0 3160 2645 3730 2 21
23 0 3160 2645 3734 2 22
24 2 3163.33 2641.67 3746.33 7.14172 23
25 0 3172 2633 3746 6 24
26 0 3180 2633 3746 6 25
27 0 3192 2629 3730 6 26
28 0 3196 2637 3718 6.94427 27
29 0 3200 2645 3710 9.31371 28
30 0 3208 2653 3702 3.65685 29
31 0 3212 2657 3698 3.65685 30
32 0 3220 2665 3698 3.65685 31
33 0 3224 2665 3698 3.65685 32
34 0 3232 2673 3698 6 33
35 0 3236 2677 3702 3.65685 34
36 0 3240 2681 3710 6 35
37 0 3240 2677 3722 6 36
38 0 3240 2673 3730 6 37
39 0 3144 2661 3762 10.6491 24
40 0 3144 2673 3770 6.94427 39
