# Generated by NeuTu (https://github.com/janelia-flyem/NeuTu)
1 0 2763 3001 3700 2 -1
2 0 2767 2997 3696 3.65685 1
3 0 2775 2993 3696 6 2
4 0 2791 2993 3692 6.94427 3
5 0 2803 2993 3680 12.4222 4
6 0 2827 3001 3680 6.94427 5
7 0 2843 3005 3676 6 6
8 0 2859 3005 3672 6 7
9 0 2871 3001 3672 6 8
10 0 2875 2997 3668 6 9
11 0 2883 2997 3668 6 10
12 0 2891 2997 3664 3.65685 11
13 0 2899 2993 3664 6 12
14 0 2915 2985 3652 6 13
15 0 2927 2985 3652 6 14
16 0 2939 2989 3652 9.31371 15
17 0 2951 2989 3652 3.65685 16
18 0 2955 2985 3652 2 17
