# Generated by NeuTu (https://github.com/janelia-flyem/NeuTu)
1 0 2949 2964 3675 2 -1
2 0 2953 2964 3675 2 1
3 0 2957 2964 3675 3.65685 2
4 0 2965 2968 3683 6.94427 3
5 0 2973 2976 3683 3.65685 4
6 0 2981 2984 3683 3.65685 5
7 0 2985 2992 3683 3.65685 6
8 0 3001 3004 3687 15.8885 7
9 0 3009 3024 3687 6.94427 8
10 0 3009 3040 3691 6.94427 9
11 0 3005 3056 3695 6 10
12 0 3005 3068 3711 6 11
13 0 3001 3072 3719 3.65685 12
14 0 3001 3072 3723 3.65685 13
15 0 3005 3076 3727 3.65685 14
16 0 3005 3076 3731 3.65685 15
17 0 3001 3076 3735 2 16
18 0 3001 3076 3739 3.65685 17
19 0 3001 3076 3747 3.65685 18
20 0 3001 3076 3755 6 19
21 0 2993 3076 3763 2 20
22 0 2993 3076 3767 2 21
23 0 2993 3076 3771 2 22
24 0 2993 3076 3775 2 23
25 0 2993 3076 3787 6 24
26 0 2993 3076 3795 6 25
27 0 2981 3076 3807 6.94427 26
28 0 2973 3076 3823 6 27
