# Generated by NeuTu (https://github.com/janelia-flyem/NeuTu)
1 0 3249 3333 3580 6 -1
2 0 3245 3349 3580 6 1
3 0 3237 3361 3580 6.94427 2
4 0 3229 3369 3580 3.65685 3
5 0 3209 3373 3580 10 4
6 0 3201 3365 3588 6 5
7 0 3197 3361 3592 6 6
8 0 3189 3365 3604 9.31371 7
9 0 3177 3373 3612 6.94427 8
10 0 3169 3381 3616 6 9
11 0 3161 3397 3612 6.94427 10
12 0 3157 3405 3612 6 11
13 0 3157 3413 3608 2 12
14 0 3157 3417 3608 2 13
15 0 3157 3421 3604 3.65685 14
16 0 3161 3425 3600 3.65685 15
17 0 3161 3429 3600 2 16
18 0 3161 3437 3600 6 17
19 0 3161 3445 3600 2 18
20 0 3161 3449 3600 2 19
