# Generated by NeuTu (https://github.com/janelia-flyem/NeuTu)
1 0 2803 3621 3536 6 -1
2 0 2799 3641 3540 6 1
3 0 2799 3657 3536 6 2
4 0 2807 3673 3532 12.4222 3
5 0 2827 3673 3540 3.65685 4
6 0 2831 3673 3544 2 5
7 0 2835 3673 3544 2 6
8 0 2839 3673 3544 2 7
9 0 2843 3673 3544 2 8
10 0 2851 3673 3552 6 9
11 0 2867 3681 3556 9.31371 10
12 0 2883 3693 3560 10.6491 11
13 0 2895 3697 3552 6 12
14 0 2903 3697 3548 6 13
15 0 2911 3697 3544 3.65685 14
16 0 2915 3701 3544 2 15
17 0 2799 3689 3520 10 4
18 0 2807 3705 3504 6 17
19 0 2807 3713 3500 6 18
