# Generated by NeuTu (https://github.com/janelia-flyem/NeuTu)
1 0 3301 4020 3630 6 -1
2 0 3281 4000 3646 12.4222 1
3 0 3269 4000 3658 6 2
4 0 3265 4004 3662 6 3
5 0 3245 4000 3666 6 4
6 0 3225 4004 3662 6 5
7 0 3213 4000 3650 6 6
8 0 3201 3996 3650 6 7
9 0 3197 3992 3654 3.65685 8
10 0 3189 3992 3654 6 9
11 0 3173 3992 3658 6 10
12 0 3161 3996 3658 6 11
13 0 3153 4000 3666 10 12
14 0 3137 4008 3662 6 13
15 0 3121 4008 3654 6 14
16 0 3113 4008 3654 6 15
17 0 3097 4008 3654 10 16
18 0 3085 4008 3654 6 17
19 0 3081 4004 3650 6 18
20 0 3061 4004 3646 3.65685 19
21 0 3057 4000 3642 3.65685 20
22 0 3045 3996 3642 6 21
23 0 3025 3984 3642 6.94427 22
24 0 3017 3976 3646 6 23
25 0 3017 3968 3646 6 24
26 0 3001 3956 3650 6.94427 25
27 0 2981 3944 3642 6.94427 26
28 0 2969 3928 3642 6.94427 27
29 2 2957.31 3924.1 3642 10.5541 28
30 2 2954.6 3924 3641.2 9.90814 29
31 0 2945 3924 3638 6.94427 30
32 0 2933 3924 3626 6 31
33 0 2917 3924 3610 6.94427 32
34 0 2905 3928 3602 6 33
35 0 2897 3932 3602 6 34
36 0 2885 3928 3594 6.94427 35
37 0 2873 3924 3590 6 36
38 0 2861 3924 3590 9.31371 37
39 0 2845 3916 3594 6.94427 38
40 0 2837 3912 3598 6 39
41 0 2953 3908 3654 9.31371 30
42 0 2949 3900 3662 6 41
43 0 2949 3892 3670 6.94427 42
44 0 2941 3884 3666 3.65685 43
45 0 2937 3880 3666 2 44
46 0 2957 3928 3630 2 29
47 0 2957 3928 3626 2 46
48 0 2957 3924 3618 6.94427 47
49 0 2953 3920 3610 6.94427 48
50 0 2949 3912 3602 2 49
51 0 2949 3912 3598 2 50
52 0 2949 3912 3594 2 51
53 0 2949 3912 3586 6 52
54 0 2953 3912 3578 6 53
