# Generated by NeuTu (https://github.com/janelia-flyem/NeuTu)
1 0 3374 3850 3573 6.94427 -1
2 0 3366 3846 3585 6.94427 1
3 0 3354 3850 3601 6 2
4 0 3350 3858 3609 6 3
5 0 3342 3874 3617 6.94427 4
6 0 3330 3882 3617 6 5
7 0 3314 3886 3605 6 6
8 0 3306 3898 3601 10.6491 7
9 0 3306 3910 3605 6 8
10 0 3306 3918 3605 6 9
11 0 3302 3930 3613 6 10
12 0 3294 3938 3617 6 11
13 0 3294 3946 3617 3.65685 12
14 0 3290 3950 3621 3.65685 13
15 0 3290 3954 3621 3.65685 14
16 0 3282 3962 3621 6.94427 15
17 0 3262 3982 3633 9.31371 16
18 0 3254 3990 3641 9.31371 17
19 0 3246 3994 3649 6 18
20 0 3230 3998 3665 6 19
21 0 3226 4002 3669 3.65685 20
22 0 3222 4006 3673 3.65685 21
23 0 3226 4010 3677 6 22
24 0 3230 4022 3689 6 23
25 0 3230 4038 3693 6 24
26 0 3226 4042 3697 6 25
27 0 3230 4058 3697 6 26
28 0 3226 4070 3701 6.94427 27
29 0 3222 4086 3701 6 28
30 0 3222 4102 3701 6 29
31 0 3226 4110 3697 6 30
