# Generated by NeuTu (https://github.com/janelia-flyem/NeuTu)
1 0 2895 3800 3829 2 -1
2 0 2891 3800 3829 2 1
3 0 2887 3800 3829 3.65685 2
4 0 2879 3804 3825 6.94427 3
5 0 2871 3808 3825 6.94427 4
6 0 2851 3816 3825 14.4924 5
7 0 2835 3796 3829 6.94427 6
8 0 2823 3780 3833 6 7
9 0 2819 3772 3841 6 8
10 0 2815 3764 3841 3.65685 9
11 0 2807 3756 3841 6.94427 10
12 0 2803 3740 3841 6 11
13 0 2803 3724 3837 6.94427 12
14 0 2803 3716 3829 6 13
15 0 2803 3716 3821 3.65685 14
16 0 2803 3712 3813 6 15
17 0 2803 3708 3805 3.65685 16
18 0 2803 3704 3797 6.94427 17
19 0 2803 3696 3777 6 18
20 0 2803 3696 3765 9.31371 19
21 0 2807 3704 3757 6 20
22 0 2811 3716 3741 9.31371 21
23 0 2819 3724 3721 6 22
24 0 2823 3728 3717 6 23
