# Generated by NeuTu (https://github.com/janelia-flyem/NeuTu)
1 0 3114 3793 3810 6 -1
2 0 3114 3793 3802 6.94427 1
3 0 3106 3797 3794 6.94427 2
4 0 3106 3797 3786 3.65685 3
5 0 3106 3793 3782 2 4
6 0 3106 3793 3778 2 5
7 0 3106 3789 3774 3.65685 6
8 0 3110 3785 3770 6 7
9 0 3122 3777 3762 6 8
10 0 3138 3761 3754 6 9
11 0 3146 3753 3754 6 10
12 0 3162 3753 3750 14 11
13 0 3178 3745 3750 6 12
14 0 3186 3737 3750 3.65685 13
15 0 3190 3733 3750 3.65685 14
16 0 3198 3725 3750 6.94427 15
17 0 3206 3717 3754 3.65685 16
18 0 3210 3713 3754 3.65685 17
19 0 3218 3705 3754 6 18
20 0 3222 3701 3758 6 19
21 0 3222 3693 3766 6 20
22 0 3222 3677 3766 6 21
23 0 3234 3665 3770 6 22
24 0 3242 3661 3766 6.94427 23
25 0 3254 3661 3762 2 24
26 0 3234 3697 3746 6 20
27 0 3242 3689 3746 6 26
28 0 3258 3685 3750 6 27
