# Generated by NeuTu (https://github.com/janelia-flyem/NeuTu)
1 0 3470 2494 3997 2 -1
2 0 3470 2514 3997 12.4222 1
3 0 3458 2518 3997 6.94427 2
4 0 3450 2522 3989 6 3
5 0 3438 2522 3985 9.31371 4
6 0 3422 2538 3973 6.94427 5
7 0 3410 2546 3961 9.31371 6
8 0 3394 2534 3949 6.94427 7
9 0 3378 2518 3949 6.94427 8
10 0 3370 2506 3937 6 9
11 0 3378 2502 3925 6.94427 10
12 0 3386 2498 3925 6 11
13 0 3402 2494 3937 6 12
14 0 3422 2482 3957 6.94427 13
15 0 3442 2466 3973 6.94427 14
16 0 3382 2494 3909 6 12
17 0 3378 2490 3905 6 16
18 0 3378 2490 3897 6 17
19 0 3382 2486 3893 3.65685 18
20 0 3378 2482 3889 6 19
21 0 3366 2478 3873 6 20
22 0 3354 2474 3865 6 21
23 0 3366 2514 3913 6 11
24 0 3366 2526 3913 6 23
25 0 3362 2542 3909 6 24
26 0 3366 2554 3897 6 25
27 0 3366 2562 3893 2 26
28 0 3366 2566 3893 2 27
