# Generated by NeuTu (https://github.com/janelia-flyem/NeuTu)
1 0 3412 2116 3941 6 -1
2 0 3416 2120 3933 9.31371 1
3 0 3420 2120 3921 6.94427 2
4 0 3436 2120 3901 10 3
5 0 3456 2128 3897 18 4
6 2 3486 2132 3903 18.7565 5
7 0 3504 2132 3921 22 6
8 2 3518 2132 3935 20.799 7
9 0 3528 2128 3965 18 8
10 0 3532 2092 4001 37.3954 9
11 0 3528 2028 4069 32.4093 10
12 2 3565.22 2014.47 4079.15 27.9355 11
13 0 3604 2012 4081 30 12
14 0 3656 2008 4053 23.6125 13
15 2 3683.12 2004 4015.1 21.3238 14
16 2 3705.33 2000.53 4002.07 15.4033 15
17 0 3724 1992 4001 9.31371 16
18 0 3732 1988 4009 6 17
19 0 3712 1996 4033 14 16
20 0 3728 1988 4053 6 19
21 0 3736 1988 4061 3.65685 20
22 0 3740 1984 4065 2 21
23 0 3740 1984 4069 2 22
24 0 3740 1984 4073 2 23
25 0 3744 1984 4077 2 24
26 0 3692 1996 4057 14 15
27 0 3700 1992 4069 9.31371 26
28 0 3708 1988 4073 3.65685 27
29 0 3712 1984 4077 2 28
30 0 3584 2008 4109 26 13
31 0 3556 1988 4141 6 30
32 0 3516 1996 4125 14 12
33 0 3500 1992 4129 6.94427 32
34 0 3484 1988 4137 3.65685 33
35 0 3480 1984 4141 2 34
36 0 3476 1984 4141 2 35
37 0 3472 1984 4141 2 36
38 0 3468 1984 4141 2 37
39 0 3464 1984 4141 2 38
40 0 3470.9 1993.73 4041 11.0449 11
41 0 3452 1988 4045 6 40
42 0 3444 1988 4045 6 41
43 0 3436 1988 4049 3.65685 42
44 0 3428 1988 4053 6 43
45 0 3420 1984 4061 2 44
46 0 3416 1984 4061 2 45
47 0 3412 1984 4061 2 46
48 0 3408 1984 4061 2 47
49 0 3464 2016 4021 10.6491 40
50 0 3472 2024 4013 9.31371 49
51 0 3480 2040 4013 2 50
52 0 3504 2180 3933 12.4222 8
53 0 3484 2204 3933 19.5407 52
54 0 3484 2224 3937 6.94427 53
55 0 3484 2232 3933 3.65685 54
56 0 3480 2236 3933 2 55
57 0 3492 2180 3953 12.4222 52
58 0 3484 2160 3977 6 57
59 0 3512 2128 3885 18 7
60 0 3516 2120 3853 6 59
61 0 3524 2116 3837 6 60
62 0 3528 2116 3821 6 61
63 0 3524 2116 3813 6 62
64 0 3480 2128 3877 18 6
65 0 3460 2120 3849 10 64
66 0 3460 2120 3837 9.31371 65
67 0 3444 2112 3821 2 66
68 0 3440 2112 3817 2 67
