# Generated by NeuTu (https://github.com/janelia-flyem/NeuTu)
1 0 3390 2691 3680 6 -1
2 0 3382 2675 3696 9.31371 1
3 0 3374 2651 3720 14.4924 2
4 0 3370 2635 3736 12.4222 3
5 0 3366 2623 3744 6 4
6 0 3362 2615 3752 6 5
7 0 3362 2599 3752 6.94427 6
8 0 3362 2591 3760 10 7
9 0 3358 2571 3768 10 8
10 0 3354 2555 3776 6.94427 9
11 0 3346 2543 3788 6 10
12 0 3346 2531 3788 6 11
13 0 3346 2515 3788 6 12
14 0 3342 2503 3788 9.31371 13
15 0 3334 2483 3784 6 14
16 0 3334 2467 3784 6 15
17 0 3330 2451 3784 6 16
18 0 3330 2435 3784 10 17
19 0 3334 2423 3784 10 18
20 0 3342 2411 3780 6 19
21 0 3342 2395 3760 6 20
22 0 3346 2387 3748 10 21
23 0 3354 2367 3736 9.31371 22
24 0 3358 2351 3724 9.31371 23
25 0 3358 2343 3712 10.6491 24
26 0 3362 2339 3700 6 25
