# Generated by NeuTu (https://github.com/janelia-flyem/NeuTu)
1 0 4024 2999 1851 6 -1
2 0 4004 2979 1859 6 1
3 0 4000 2975 1863 3.65685 2
4 0 3992 2971 1867 6 3
5 0 3988 2967 1871 6 4
6 0 3980 2963 1875 9.31371 5
7 2 3965.33 2965.67 1885.67 8.66667 6
8 0 3960 2971 1891 6 7
9 0 3960 2979 1891 6 8
10 0 3952 2991 1899 6 9
11 0 3952 2999 1899 6 10
12 0 3952 3007 1899 2 11
13 0 3948 3015 1899 6 12
14 0 3948 3023 1899 6 13
15 0 3944 3031 1907 6.94427 14
16 0 3936 3039 1915 3.65685 15
17 0 3940 3043 1919 2 16
18 0 3940 3047 1919 2 17
19 0 3944 2943 1891 9.31371 7
20 0 3936 2935 1895 3.65685 19
21 0 3932 2935 1899 2 20
