# Generated by NeuTu (https://github.com/janelia-flyem/NeuTu)
1 0 3700 2629 3560 2 -1
2 0 3700 2629 3556 2 1
3 0 3704 2629 3552 3.65685 2
4 0 3704 2629 3548 3.65685 3
5 0 3712 2625 3540 6.94427 4
6 0 3724 2625 3540 10.6491 5
7 0 3744 2633 3524 6.94427 6
8 0 3756 2641 3516 6 7
9 0 3756 2645 3508 3.65685 8
10 0 3752 2649 3504 3.65685 9
11 0 3752 2657 3500 6 10
12 0 3752 2665 3500 6 11
13 0 3748 2673 3504 3.65685 12
14 0 3748 2677 3508 3.65685 13
15 0 3752 2681 3512 6 14
16 0 3760 2689 3516 2 15
17 0 3760 2693 3516 2 16
18 0 3760 2697 3516 2 17
