# Generated by NeuTu (https://github.com/janelia-flyem/NeuTu)
1 0 3662 2656 3619 6 -1
2 0 3666 2660 3623 3.65685 1
3 0 3666 2668 3631 6 2
4 0 3666 2684 3635 6 3
5 0 3666 2696 3639 10 4
6 0 3674 2708 3639 9.31371 5
7 0 3686 2716 3627 6 6
8 0 3698 2724 3619 6 7
9 0 3702 2728 3615 3.65685 8
10 0 3706 2732 3611 3.65685 9
11 0 3710 2740 3611 3.65685 10
12 0 3718 2748 3611 3.65685 11
13 2 3722 2762.12 3604.88 9.28241 12
14 0 3718 2772 3595 6 13
15 0 3710 2776 3591 3.65685 14
16 0 3706 2780 3587 3.65685 15
17 0 3706 2784 3579 3.65685 16
18 0 3706 2784 3575 2 17
19 0 3742 2772 3611 6 13
20 0 3754 2780 3607 6 19
