# Generated by NeuTu (https://github.com/janelia-flyem/NeuTu)
1 0 3516 2802 3787 2 -1
2 0 3516 2806 3783 3.65685 1
3 0 3520 2810 3779 3.65685 2
4 0 3524 2810 3771 6 3
5 0 3528 2814 3767 6 4
6 0 3532 2818 3763 3.65685 5
7 0 3540 2822 3763 3.65685 6
8 0 3556 2834 3759 6.94427 7
9 0 3568 2838 3759 10 8
10 0 3580 2854 3747 6.94427 9
11 0 3584 2862 3747 3.65685 10
12 0 3592 2870 3743 6.94427 11
13 0 3596 2882 3739 6 12
14 0 3600 2898 3727 6 13
15 0 3604 2914 3723 6 14
16 0 3604 2922 3723 6 15
17 0 3604 2934 3715 10 16
18 0 3604 2946 3719 6 17
19 0 3604 2954 3719 6 18
20 0 3608 2958 3723 3.65685 19
21 0 3616 2966 3731 6.94427 20
22 0 3632 2982 3739 6 21
23 0 3640 2990 3739 9.31371 22
24 0 3652 3010 3743 6.94427 23
25 0 3664 3018 3743 9.31371 24
26 0 3676 3022 3735 9.31371 25
27 0 3688 3022 3739 6 26
28 0 3696 3022 3743 6 27
29 0 3704 3022 3747 3.65685 28
30 0 3708 3018 3751 6 29
31 0 3720 3022 3763 6 30
32 0 3728 3026 3767 6 31
33 0 3740 3026 3771 10 32
34 0 3756 3018 3783 6 33
