# Generated by NeuTu (https://github.com/janelia-flyem/NeuTu)
1 0 3502 3539 3836 6.94427 -1
2 0 3486 3519 3840 9.31371 1
3 0 3482 3499 3848 6 2
4 0 3486 3487 3860 6 3
5 0 3486 3479 3872 10 4
6 0 3490 3463 3888 3.65685 5
7 0 3490 3459 3892 3.65685 6
8 0 3494 3455 3900 6 7
9 0 3498 3451 3904 6 8
10 0 3502 3443 3912 9.31371 9
11 0 3502 3423 3940 6.94427 10
12 0 3498 3411 3960 6.94427 11
13 0 3498 3403 3976 6.94427 12
14 0 3502 3399 3984 9.31371 13
15 0 3518 3387 3996 3.65685 14
16 0 3522 3383 3996 3.65685 15
17 0 3522 3379 3996 2 16
