# Generated by NeuTu (https://github.com/janelia-flyem/NeuTu)
1 0 3645 3190 2256 6 -1
2 0 3645 3198 2240 6 1
3 0 3645 3198 2232 6 2
4 0 3645 3198 2224 2 3
5 0 3649 3194 2220 3.65685 4
6 0 3649 3190 2212 6 5
7 0 3649 3182 2204 6 6
8 0 3649 3182 2188 6.94427 7
9 0 3637 3178 2172 6 8
10 0 3629 3178 2160 9.31371 9
11 0 3629 3170 2144 6.94427 10
12 0 3625 3166 2128 9.31371 11
13 0 3621 3154 2104 9.31371 12
14 0 3605 3150 2084 9.31371 13
15 0 3589 3134 2056 6.94427 14
16 0 3589 3122 2040 12.4222 15
17 0 3589 3098 2016 28.4631 16
18 2 3599.35 3056.59 2016 36.7477 17
19 2 3603.94 3038.24 2016 40.4193 18
20 2 3586.23 3005.85 2016 26.1991 19
21 0 3553 2950 2004 9.31371 20
22 0 3545 2924.4 1980.8 13.8154 21
23 0 3569 2906 1960 10.6491 22
24 0 3616.79 2903.64 1956 17.3868 23
25 0 3653 2910 1956 6.94427 24
26 0 3665 2914 1956 10 25
27 0 3677 2914 1952 6 26
28 0 3685 2914 1952 6 27
29 0 3689 2918 1948 3.65685 28
30 0 3709 2926 1948 10.6491 29
31 2 3730.52 2915.62 1948.76 15.3234 30
32 0 3753 2902 1968 15.8885 31
33 2 3783.84 2901.71 1985.86 16.3733 32
34 0 3817 2906 1988 10 33
35 0 3829 2906 1988 10.6491 34
36 0 3845 2898 1992 6 35
37 0 3865 2918 2004 9.31371 36
38 0 3877 2922 2004 9.31371 37
39 0 3889 2922 2004 6 38
40 0 3901 2926 2008 6 39
41 0 3905 2930 2004 6 40
42 0 3909 2934 2008 3.65685 41
43 0 3913 2938 2012 3.65685 42
44 2 3923 2945 2022 6.7082 43
45 2 3973.97 2949.66 2042.32 24.9907 44
46 0 4005 2954 2056 14 45
47 0 4037 2962 2068 14.9706 46
48 0 4045 2974 2080 14 47
49 0 4061 2990 2088 23.2982 48
50 0 4109 3010 2096 10 49
51 0 4133 3014 2108 10 50
52 0 4153 3010 2112 10 51
53 0 4173 3018 2128 12.4222 52
54 0 4197 3026 2136 26.2843 53
55 0 4241 3046 2140 15.8885 54
56 0 4269 3042 2148 6.94427 55
57 0 4277 3050 2156 6 56
58 0 4293 3062 2160 6.94427 57
59 0 4301 3070 2160 9.31371 58
60 0 4317 3082 2144 6.94427 59
61 0 4337 3094 2144 10 60
62 0 4361 3110 2152 9.31371 61
63 0 4369 3118 2160 6 62
64 0 4393 3122 2164 12.4222 63
65 0 4429 3138 2172 18.3961 64
66 0 4445 3134 2184 10.6491 65
67 0 4473 3118 2180 10 66
68 0 4493 3118 2184 10 67
69 0 4521 3094 2184 14.9706 68
70 0 4549 3078 2184 10.6491 69
71 0 4573 3066 2176 10.6491 70
72 0 4585 3062 2172 12.4222 71
73 0 4601 3046 2172 9.31371 72
74 2 4622.07 3038.98 2168.49 19.2477 73
75 0 4625 3038 2168 20.6274 74
76 0 4661 3034 2192 10 75
77 0 4689 3026 2200 6 76
78 0 4697 3026 2204 6 77
79 0 4709 3026 2204 10 78
80 0 4733 3030 2208 10 79
81 0 4757 3030 2212 10 80
82 0 4769 3034 2220 12.4222 81
83 0 4793 3050 2224 9.31371 82
84 0 4809 3058 2216 10 83
85 0 4829 3066 2204 6.94427 84
86 0 4841 3070 2196 6.94427 85
87 0 4857 3082 2192 9.31371 86
88 0 4873 3094 2180 10.6491 87
89 0 4873 3102 2172 6.94427 88
90 0 4881 3110 2160 9.31371 89
91 0 4897 3122 2136 6.94427 90
92 0 4913 3134 2120 6.94427 91
93 0 4929 3138 2120 6 92
94 0 4945 3134 2116 6 93
95 0 4953 3134 2116 6 94
96 0 4961 3130 2112 9.31371 95
97 0 4985 3138 2108 6.94427 96
98 0 5005 3150 2108 6.94427 97
99 2 5014.86 3156.57 2104.71 8.89059 98
100 0 5041 3178 2104 6.94427 99
101 0 5057 3194 2104 9.31371 100
102 0 5081 3214 2100 12.4222 101
103 0 5105 3226 2096 6 102
104 0 5121 3234 2092 6.94427 103
105 0 5141 3242 2092 9.31371 104
106 0 5157 3242 2088 6 105
107 0 5165 3242 2088 6 106
108 0 5173 3250 2080 9.31371 107
109 0 5197 3258 2080 10 108
110 0 5213 3266 2084 14 109
111 0 5241 3286 2084 10.6491 110
112 0 5253 3314 2080 12.4222 111
113 0 5261 3326 2080 9.31371 112
114 0 5265 3338 2080 12.4222 113
115 0 5285 3350 2080 14 114
116 0 5313 3362 2068 6.94427 115
117 0 5333 3370 2064 10 116
118 0 5345 3370 2064 6 117
119 0 5353 3370 2064 6 118
120 0 5380.31 3367.81 2064 18.5909 119
121 0 5429 3398 2056 10.6491 120
122 0 5467.27 3401.62 2032 18.8598 121
123 2 5487.38 3398.27 2032 22.967 122
124 0 5505 3414 2020 9.31371 123
125 0 5505 3418 2008 3.65685 124
126 0 5505 3418 2004 3.65685 125
127 0 5509 3422 2000 6 126
128 0 5473 3386 2052 9.31371 123
129 0 5449 3366 2068 10.6491 128
130 0 5445 3358 2076 3.65685 129
131 0 5445 3354 2080 2 130
132 0 5453 3418 2004 14 122
133 0 5441 3430 2000 3.65685 132
134 0 5437 3430 2000 2 133
135 0 5369 3338 2048 14 120
136 0 5169 3246 2108 9.31371 107
137 0 5161 3242 2120 6 136
138 0 5145 3242 2136 6.94427 137
139 0 5141 3238 2148 6 138
140 0 5141 3246 2156 3.65685 139
141 0 5145 3246 2160 2 140
142 0 5145 3246 2164 2 141
143 0 5145 3246 2168 2 142
144 0 5001 3158 2092 6 99
145 0 4993 3162 2084 9.31371 144
146 0 4989 3170 2076 6 145
147 0 4985 3182 2068 9.31371 146
148 0 4997 3202 2060 6.94427 147
149 0 5013 3218 2052 6 148
150 0 5017 3226 2048 2 149
151 0 5017 3230 2048 2 150
152 0 5017 3234 2048 2 151
153 0 4601 2990 2144 10.6491 75
154 0 4585 2970 2140 6.94427 153
155 0 4589 2954 2140 6.94427 154
156 0 4597 2946 2144 10 155
157 0 4609 2942 2144 6.94427 156
158 0 4621 2938 2144 9.31371 157
159 0 4633 2934 2156 10 158
160 0 4645 2930 2160 6.94427 159
161 0 4657 2914 2172 6 160
162 0 4665 2910 2176 3.65685 161
163 0 4669 2910 2176 2 162
164 0 4637 3074 2152 6.94427 74
165 0 4641 3082 2152 3.65685 164
166 0 4637 3086 2156 2 165
167 0 4637 3090 2156 2 166
168 0 4421 3166 2176 6.94427 65
169 0 4409 3182 2188 6 168
170 0 4409 3198 2196 6 169
171 0 4405 3206 2200 9.31371 170
172 0 4397 3226 2212 10.6491 171
173 0 4393 3258 2212 9.31371 172
174 0 4386 3285 2220 12.4222 173
175 0 4377 3294 2220 12.4222 174
176 0 4373 3306 2220 6.94427 175
177 0 4373 3314 2220 6 176
178 0 4377 3322 2212 6.94427 177
179 0 4385 3338 2212 6.94427 178
180 0 4389 3350 2220 6.94427 179
181 0 4389 3358 2224 6.94427 180
182 0 4381 3370 2232 12.4222 181
183 0 4381 3382 2228 6.94427 182
184 0 4381 3398 2228 6 183
185 0 4381 3414 2228 6 184
186 0 4385 3426 2216 6 185
187 0 4397 3442 2200 6 186
188 0 4405 3454 2184 6 187
189 0 4409 3458 2168 6 188
190 0 4417 3466 2156 6 189
191 0 4421 3478 2144 9.31371 190
192 0 4429 3490 2136 12.4222 191
193 0 4441 3502 2136 6.94427 192
194 0 4457 3522 2136 9.31371 193
195 0 4461 3534 2136 12.4222 194
196 0 4473 3546 2156 18 195
197 0 4493 3554 2152 10 196
198 2 4514.32 3573.53 2145.79 13.7052 197
199 0 4529 3590 2144 9.31371 198
200 0 4545 3602 2144 14.9706 199
201 0 4565 3630 2156 14.4924 200
202 0 4569 3666 2156 10.6491 201
203 0 4581 3682 2152 9.31371 202
204 0 4605 3710 2148 6.94427 203
205 0 4641 3730 2148 19.5407 204
206 2 4668.37 3756.21 2120.63 19.9779 205
207 0 4689 3778 2104 24.8328 206
208 0 4717 3806 2104 6.94427 207
209 0 4725 3814 2104 6.94427 208
210 0 4729 3822 2104 3.65685 209
211 0 4737 3830 2108 6.94427 210
212 0 4745 3842 2108 6.94427 211
213 0 4773 3874 2104 18.3961 212
214 0 4785 3890 2112 18 213
215 0 4801 3898 2120 10.6491 214
216 0 4645 3762 2096 14.4924 206
217 0 4645 3774 2084 9.31371 216
218 2 4535.44 3573.7 2170.5 15.6761 198
219 0 4549 3562 2176 12.4222 218
220 0 4561 3566 2188 3.65685 219
221 0 4565 3566 2192 3.65685 220
222 0 4569 3566 2192 2 221
223 0 4557 3602 2172 9.31371 218
224 0 4569 3602 2172 3.65685 223
225 0 4573 3598 2172 2 224
226 0 4377 3298 2240 9.31371 174
227 0 4369 3318 2252 6.94427 226
228 0 4365 3342 2256 6.94427 227
229 0 4365 3358 2256 6 228
230 0 4369 3370 2256 6.94427 229
231 0 4377 3382 2256 2 230
232 0 4301 3062 2176 6.94427 59
233 0 4309 3054 2200 6.94427 232
234 0 3973 2962 2012 18 45
235 0 3997 2966 1992 6 234
236 0 3905 2934 2028 3.65685 44
237 0 3897 2930 2028 3.65685 236
238 0 3893 2926 2028 3.65685 237
239 0 3885 2922 2024 6 238
240 0 3877 2926 2028 3.65685 239
241 0 3877 2930 2028 2 240
242 0 3773 2902 2036 12.4222 33
243 0 3761 2898 2056 6.94427 242
244 0 3749 2894 2080 6.94427 243
245 0 3745 2886 2092 10.6491 244
246 0 3749 2874 2100 6 245
247 0 3713 2922 1920 12.4222 31
248 0 3701 2926 1908 6.94427 247
249 0 3697 2926 1892 6 248
250 0 3693 2926 1880 3.65685 249
251 0 3693 2926 1872 3.65685 250
252 0 3693 2926 1864 3.65685 251
253 0 3693 2930 1856 3.65685 252
254 0 3693 2930 1852 3.65685 253
255 0 3693 2930 1844 6 254
256 0 3701 2934 1824 6 255
257 0 3705 2938 1816 9.31371 256
258 0 3661 2898 1972 6 26
259 0 3653 2898 1976 6 258
260 0 3645 2894 1984 9.31371 259
261 0 3653 2886 1992 6 260
262 0 3621 2930 1984 6 24
263 0 3629 2946 1996 9.31371 262
264 0 3633 2958 2000 10 263
265 0 3633 2970 1996 6 264
266 0 3633 2982 1992 10 265
267 0 3629 3018 1980 37.3954 266
268 0 3633 3034 1944 14.9706 267
269 0 3645 3046 1936 6 268
270 0 3645 3058 1924 9.31371 269
271 0 3637 3062 1908 10 270
272 0 3657 3062 1884 10 271
273 0 3669 3062 1872 14.9706 272
274 0 3693 3066 1844 9.31371 273
275 0 3701 3074 1840 2 274
276 0 3701 3078 1840 2 275
277 0 3521 2946 1964 18.3961 22
278 0 3509 2974 1960 3.65685 277
279 0 3509 2978 1960 2 278
280 0 3509 2982 1960 2 279
281 0 3521 2922 1996 14 22
282 0 3509 2934 1996 6.94427 281
283 0 3497 2950 1996 6 282
284 0 3633 3010 2040 22.3311 20
285 0 3649 2994 2044 14.9706 284
286 0 3649 2978 2048 9.31371 285
287 0 3661 2954 2072 9.31371 286
288 0 3653 2936.46 2082.31 10 287
289 0 3653 2925.28 2099.08 11.4285 288
290 0 3641 2918 2132 9.31371 289
291 0 3641 2914 2144 6 290
292 0 3649 2914 2156 6 291
293 0 3657 2914 2164 6 292
294 0 3657 2918 2172 3.65685 293
295 0 3657 2922 2172 2 294
296 0 3673 2922 2104 6 289
297 0 3681 2922 2108 6 296
298 0 3685 2926 2116 6 297
299 0 3685 2926 2128 9.31371 298
300 0 3681 2934 2136 6 299
301 0 3629 2934 2084 10.6491 288
302 0 3617 2934 2088 9.31371 301
303 0 3665 2994 2060 9.31371 285
304 0 3677 2970 2076 9.31371 303
305 0 3709 2958 2080 10 304
306 0 3725 2958 2080 10 305
307 0 3737 2950 2068 14 306
308 0 3745 2962 2048 10 307
309 0 3737 2978 2028 3.65685 308
310 0 3733 2978 2024 2 309
311 0 3741 2954 2100 9.31371 306
312 0 3761 2954 2104 3.65685 311
313 0 3765 2954 2108 2 312
314 0 3609 3082 1984 32.176 19
315 0 3629 3122 1992 6.94427 314
316 0 3633 3134 1996 6 315
317 0 3633 3158 1992 9.31371 316
318 0 3621 3162 1976 6.94427 317
319 0 3609 3162 1968 9.31371 318
320 0 3601 3170 1960 6 319
321 0 3573 3070 1960 18 18
322 0 3573 3070 1940 15.8885 321
323 0 3581 3062 1920 6.94427 322
324 0 3573 3058 1920 3.65685 323
325 0 3569 3058 1916 2 324
