# Generated by NeuTu (https://github.com/janelia-flyem/NeuTu)
1 0 3649 3227 3801 6 -1
2 0 3653 3231 3809 9.31371 1
3 0 3661 3235 3817 6 2
4 0 3665 3239 3821 6 3
5 0 3673 3239 3829 3.65685 4
6 0 3681 3235 3833 6 5
7 0 3701 3239 3833 6 6
8 0 3717 3251 3829 6 7
9 0 3729 3263 3825 9.31371 8
10 0 3737 3263 3817 6 9
11 0 3745 3255 3805 6 10
12 0 3749 3247 3793 6 11
13 0 3757 3243 3785 6 12
14 0 3761 3239 3777 2 13
15 0 3761 3239 3773 2 14
16 0 3761 3239 3769 2 15
17 0 3721 3279 3833 6 9
18 0 3725 3287 3833 3.65685 17
19 0 3733 3295 3833 6.94427 18
20 0 3741 3303 3829 6 19
