# Generated by NeuTu (https://github.com/janelia-flyem/NeuTu)
1 0 3695 3587 1793 2 -1
2 0 3699 3583 1797 3.65685 1
3 0 3703 3583 1805 6 2
4 0 3715 3583 1817 6 3
5 0 3719 3579 1825 3.65685 4
6 0 3719 3579 1833 3.65685 5
7 0 3719 3579 1837 3.65685 6
8 0 3727 3579 1845 6.94427 7
9 0 3735 3571 1853 6 8
10 0 3739 3567 1857 6 9
11 0 3739 3567 1873 6 10
12 0 3739 3567 1889 6 11
13 0 3743 3571 1901 6 12
14 0 3743 3571 1921 6.94427 13
15 0 3739 3571 1937 6 14
16 0 3735 3567 1953 6 15
17 0 3735 3563 1961 6 16
18 0 3723 3567 1981 6 17
19 0 3707 3567 1993 6 18
20 0 3691 3571 1993 6.94427 19
21 0 3683 3579 1997 2 20
22 0 3679 3579 1997 2 21
