# Generated by NeuTu (https://github.com/janelia-flyem/NeuTu)
1 0 3443 3794 3583 2 -1
2 0 3447 3790 3583 3.65685 1
3 0 3451 3786 3579 6 2
4 0 3459 3786 3571 6 3
5 0 3471 3782 3563 10 4
6 0 3487 3778 3575 10 5
7 0 3499 3782 3575 10.6491 6
8 0 3515 3802 3575 3.65685 7
9 0 3523 3806 3575 3.65685 8
10 0 3527 3810 3575 3.65685 9
11 0 3535 3814 3575 6.94427 10
12 0 3543 3822 3575 3.65685 11
13 0 3551 3830 3575 3.65685 12
14 0 3555 3838 3575 6 13
15 0 3563 3846 3571 3.65685 14
16 0 3571 3854 3571 3.65685 15
17 0 3579 3862 3571 6.94427 16
18 0 3599 3874 3563 6 17
19 0 3619 3874 3555 6 18
20 0 3635 3878 3551 6 19
21 0 3643 3874 3543 9.31371 20
22 0 3651 3866 3539 6 21
23 0 3651 3854 3523 6 22
24 0 3647 3850 3519 6 23
25 0 3643 3842 3511 2 24
26 0 3643 3838 3507 2 25
