# Generated by NeuTu (https://github.com/janelia-flyem/NeuTu)
1 0 3455 3742 3608 9.31371 -1
2 0 3455 3742 3628 6 1
3 0 3455 3742 3636 6 2
4 0 3467 3738 3648 6.94427 3
5 0 3479 3730 3664 10 4
6 0 3491 3742 3680 6 5
7 0 3499 3754 3692 6.94427 6
8 0 3503 3762 3696 6 7
9 0 3511 3770 3696 3.65685 8
10 0 3515 3778 3696 3.65685 9
11 0 3523 3786 3696 6 10
12 0 3543 3794 3696 6.94427 11
13 0 3559 3802 3696 6 12
14 0 3575 3806 3696 6 13
15 0 3591 3810 3696 6 14
16 0 3599 3818 3696 3.65685 15
17 0 3603 3818 3692 2 16
