# Generated by NeuTu (https://github.com/janelia-flyem/NeuTu)
1 0 4202 2576 3924 2 -1
2 0 4202 2572 3924 3.65685 1
3 0 4210 2568 3932 9.31371 2
4 0 4214 2560 3940 6.94427 3
5 0 4230 2544 3948 14 4
6 0 4242 2532 3960 10.6491 5
7 0 4250 2528 3968 2 6
8 0 4254 2524 3976 6 7
9 0 4262 2520 3988 6 8
10 0 4262 2520 4010.67 8.26063 9
11 0 4254 2520 4024 6.94427 10
12 0 4242 2532 4036 6.94427 11
13 0 4238 2548 4052 3.65685 12
14 0 4234 2552 4052 2 13
15 0 4234 2556 4052 2 14
16 0 4266 2500 4004 6.94427 10
17 0 4262 2492 4000 6 16
18 0 4254 2488 4000 6 17
19 0 4246 2488 4000 3.65685 18
20 0 4242 2484 4000 2 19
