# Generated by NeuTu (https://github.com/janelia-flyem/NeuTu)
1 0 4110 2606 3822 6 -1
2 0 4118 2598 3830 6 1
3 0 4126 2586 3842 6 2
4 0 4126 2578 3850 3.65685 3
5 0 4130 2574 3854 6 4
6 0 4130 2566 3858 6 5
7 0 4134 2554 3862 9.31371 6
8 0 4138 2542 3862 6.94427 7
9 0 4138 2530 3866 12.4222 8
10 0 4154 2510 3874 6 9
11 0 4162 2498 3878 6.94427 10
12 0 4170 2486 3882 6 11
13 0 4178 2470 3886 10 12
14 0 4178 2450 3902 9.31371 13
15 0 4178 2434 3918 2 14
16 0 4178 2426 3926 6 15
17 0 4178 2410 3942 6 16
18 0 4174 2402 3950 6 17
19 0 4174 2382 3966 9.31371 18
20 0 4170 2366 3982 6 19
21 0 4170 2366 3990 6 20
22 0 4166 2358 3994 6 21
