# Generated by NeuTu (https://github.com/janelia-flyem/NeuTu)
1 0 3986 2020 4001 10.6491 -1
2 0 3974 2012 4013 14 1
3 0 3974 2004 4025 10.6491 2
4 0 3994 2008 4061 18 3
5 2 4013.45 2037.93 4081.97 17.686 4
6 2 4033 2059 4085 14.118 5
7 0 4038 2076 4081 10 6
8 0 4037.45 2102.74 4078.1 11.9966 7
9 0 4034 2120 4085 9.31371 8
10 0 4034 2140 4089 10.6491 9
11 0 4034 2148 4097 10 10
12 0 4042 2168 4105 9.31371 11
13 0 4050 2184 4105 9.31371 12
14 0 4066 2200 4117 9.31371 13
15 0 4074 2208 4121 6.94427 14
16 0 4090 2220 4125 6.94427 15
17 0 4106 2224 4125 6 16
18 0 4122 2228 4113 6.94427 17
19 0 4070 2224 4101 6 15
20 0 4058 2220 4085 6.94427 19
21 0 4050 2212 4077 6 20
22 0 4018 2160 4085 6 11
23 0 4010 2168 4081 6.94427 22
24 0 4002 2172 4073 3.65685 23
25 0 3998 2176 4073 2 24
26 0 4042 2120 4057 9.31371 8
27 0 4038 2136 4041 6 26
28 0 4030 2144 4025 9.31371 27
29 0 4026 2148 4017 6.94427 28
30 0 4026 2156 4009 9.31371 29
31 0 4030 2164 4005 6.94427 30
32 0 4038 2172 4005 9.31371 31
33 0 4046 2044 4101 6.94427 6
34 0 4054 2040 4113 9.31371 33
35 0 4070 2036 4125 6 34
36 0 4078 2032 4133 6 35
37 0 4086 2036 4141 6 36
38 0 4094 2032 4153 6 37
39 0 4098 2024 4165 9.31371 38
40 0 4102 2016 4181 9.31371 39
41 0 4102 2008 4193 6 40
42 0 4042 2024 4065 10 5
43 0 4058 2024 4061 14 42
44 0 4086 2020 4069 9.31371 43
