# Generated by NeuTu (https://github.com/janelia-flyem/NeuTu)
1 0 3834 2116 4172 15.8885 -1
2 0 3846 2132 4160 23.2982 1
3 0 3851.56 2183.42 4114.04 27.3928 2
4 2 3836.67 2204.27 4102.13 35.876 3
5 0 3790 2204 4052 40.5206 4
6 2 3804.25 2179.07 4019.95 38.4539 5
7 2 3822.54 2150.01 4013.64 42.008 6
8 2 3824.99 2146.15 4013.29 42.5737 7
9 2 3828.6 2140.49 4012.77 43.4032 8
10 0 3834 2132 4012 44.6476 9
11 2 3860.7 2134.43 4019.28 31.6913 10
12 0 3898 2136 4040 18 11
13 0 3945.12 2137.66 4071.12 18.7805 12
14 0 3958 2128 4084 22 13
15 0 3970 2088 4088 12.4222 14
16 0 3986 2072 4088 18 15
17 2 4019.58 2064.61 4074.42 9.78469 16
18 0 4026 2056 4068 9.31371 17
19 0 4042 2040 4084 6.94427 18
20 0 4054 2032 4100 10 19
21 0 4074 2024 4120 10.6491 20
22 0 4086 2032 4128 6 21
23 0 4086 2044 4140 6 22
24 0 4078 2052 4152 6 23
25 0 4078 2044 4168 6 24
26 0 4082 2036 4184 6 25
27 0 4074 2032 4208 12.4222 26
28 0 4030 2080 4084 3.65685 17
29 0 4030 2084 4084 3.65685 28
30 0 4034 2088 4088 6 29
31 0 4038 2108 4092 6 30
32 0 4038 2116 4096 6 31
33 0 4042 2124 4096 2 32
34 0 4042 2128 4096 2 33
35 0 4046 2132 4096 2 34
36 2 3972.78 2058.78 4117.08 16.6047 16
37 0 3958.11 2043.68 4144.32 12.278 36
38 0 3962 2032 4156 6.94427 37
39 0 3962 2012 4164 6 38
40 0 3966 2000 4176 9.31371 39
41 0 3974 1992 4184 10 40
42 0 3978 1988 4196 6 41
43 0 3978 1988 4204 6 42
44 0 3982 1984 4208 2 43
45 0 3986 1984 4212 2 44
46 0 3938 2024 4140 12.4222 37
47 0 3926 2000 4140 6 46
48 0 3922 1992 4140 3.65685 47
49 0 3918 1988 4136 3.65685 48
50 0 3914 1984 4132 2 49
51 0 3910 1984 4132 2 50
52 0 3906 1984 4132 2 51
53 2 3952.54 2081.19 4119.67 12.8891 36
54 0 3934 2080 4120 9.31371 53
55 0 3926 2068 4116 12.4222 54
56 0 3918 2056 4108 9.31371 55
57 0 3902 2048 4112 9.31371 56
58 0 3950 2088 4136 12.4222 53
59 0 3942 2100 4140 3.65685 58
60 0 3938 2108 4152 9.31371 59
61 0 3942 2104 4164 6 60
62 0 3942 2128 4108 12.4222 14
63 0 3934 2140 4124 6.94427 62
64 0 3926 2156 4140 6.94427 63
65 0 3910 2152 4144 9.31371 64
66 0 3902 2144 4148 10.6491 65
67 0 3898 2136 4156 6.94427 66
68 0 3890 2128 4164 6 67
69 0 3962 2164 4044 6.94427 13
70 0 3970 2172 4036 6 69
71 0 3978 2180 4028 10 70
72 2 3987.14 2182.57 3997.71 13.4365 71
73 0 4006 2176 3992 9.31371 72
74 0 4022 2180 3992 6 73
75 0 4026 2176 3988 6 74
76 0 3954 2180 3992 14 72
77 0 3942 2176 3980 6.94427 76
78 0 3938 2164 3972 2 77
79 0 3842 2140 3932 26.8444 11
80 2 3841.68 2131.68 3902.11 21.6842 79
81 0 3834 2120 3860 10 80
82 0 3834 2120 3848 10 81
83 0 3830 2116 3836 6 82
84 0 3870 2128 3884 15.8885 80
85 0 3882 2120 3872 6 84
86 0 3882 2116 3864 6 85
87 0 3870 2164 3960 18 10
88 0 3874 2196 3964 12.4222 87
89 0 3874 2220 3984 10.6491 88
90 0 3882 2220 3996 6.94427 89
91 0 3782 2120 3952 10 9
92 0 3770 2112 3952 2 91
93 0 3766 2112 3952 2 92
94 0 3818 2136 3936 26 8
95 0 3786 2120 3904 6.94427 94
96 0 3794 2160 4056 12.4222 7
97 0 3798 2148 4072 9.31371 96
98 0 3810 2140 4100 12.4222 97
99 0 3814 2140 4112 10 98
100 0 3826 2224 4016 18 6
101 0 3850 2252 4016 18 100
102 2 3886 2268 4004 13.5777 101
103 0 3902 2276 3984 6 102
104 0 3910 2276 3984 6 103
105 0 3914 2280 3980 6 104
106 0 3902 2268 4024 10 102
107 0 3914 2268 4028 10 106
108 0 3926 2264 4032 6 107
109 0 3838 2240 4052 12.4222 5
110 0 3846 2260 4048 6 109
111 0 3850 2268 4048 6 110
112 0 3754 2212 4100 23.6125 5
113 0 3882 2216 4104 10 4
114 0 3902 2228 4092 6 113
115 0 3910 2232 4076 6 114
116 0 3882 2200 4128 20.6274 3
117 0 3906 2200 4128 6.94427 116
118 0 3918 2200 4128 9.31371 117
119 0 3930 2184 4136 6 118
