# Generated by NeuTu (https://github.com/janelia-flyem/NeuTu)
1 0 4290 2351 4994 2 -1
2 0 4290 2347 4994 2 1
3 0 4290 2343 4994 2 2
4 0 4286 2339 4998 2 3
5 0 4282 2335 4998 2 4
6 0 4282 2355 4994 2 1
7 0 4278 2355 4994 2 6
8 0 4274 2359 4990 2 7
9 0 4270 2359 4986 3.65685 8
10 0 4266 2363 4982 3.65685 9
11 0 4266 2375 4982 2 10
12 0 4262 2379 4978 2 11
13 0 4274 2379 4974 2 11
14 0 4270 2379 4966 2 13
15 0 4274 2375 4966 2 14
16 0 4270 2371 4962 2 15
17 0 4266 2371 4962 2 16
18 0 4262 2367 4958 2 17
19 0 4266 2383 4962 2 14
20 0 4262 2383 4962 2 19
21 0 4258 2383 4962 3.65685 20
22 0 4254 2387 4966 6 21
23 0 4254 2395 4966 2 22
24 0 4254 2399 4966 2 23
25 0 4266 2411 4982 6 24
26 0 4266 2423 4994 6 25
27 0 4270 2427 4998 2 26
28 0 4274 2427 4998 2 27
29 0 4274 2383 4974 2 13
30 0 4302 2395 4990 2 29
31 0 4306 2395 4990 2 30
32 0 4262 2363 4978 2 10
33 0 4266 2359 4970 2 32
34 0 4270 2359 4970 2 33
35 0 4274 2359 4966 2 34
36 0 4278 2355 4962 2 35
37 0 4266 2351 4974 2 33
38 0 4262 2347 4970 2 37
39 0 4266 2343 4970 2 38
40 0 4266 2339 4966 2 39
41 0 4270 2351 4974 2 37
42 0 4278 2347 4978 2 41
43 0 4282 2351 4982 2 42
44 0 4286 2355 4978 2 43
45 0 4286 2355 4974 2 44
46 0 4278 2343 4982 2 42
47 0 4282 2339 4982 2 46
48 0 4282 2335 4978 2 47
49 0 4286 2335 4974 2 48
50 0 4290 2335 4962 2 49
51 0 4286 2331 4958 2 50
52 0 4282 2331 4946 3.65685 51
53 0 4282 2335 4946 2 52
54 0 4286 2339 4942 2 53
55 0 4290 2339 4938 2 54
56 0 4294 2343 4934 2 55
57 0 4294 2343 4930 3.65685 56
58 0 4282 2351 4918 15.8885 57
59 0 4302 2355 4938 2 58
60 0 4306 2351 4942 2 59
61 0 4310 2343 4950 6 60
62 0 4306 2339 4958 2 61
63 0 4310 2335 4958 2 62
64 0 4314 2343 4962 2 61
65 0 4318 2347 4962 2 64
66 0 4322 2347 4962 2 65
67 2 4274.75 2375.68 4888.03 23.5242 58
68 0 4298 2379 4898 10 67
69 0 4310 2383 4898 6.94427 68
70 0 4318 2387 4894 9.31371 69
71 0 4334 2395 4878 6 70
72 0 4342 2403 4870 6 71
73 0 4346 2407 4866 6 72
74 0 4270 2375 4886 26.2843 67
75 0 4254 2377.67 4935.33 9.65169 74
76 0 4262 2411 4926 14.4924 75
77 0 4274 2423 4926 3.65685 76
78 0 4278 2423 4926 2 77
79 0 4258 2411 4950 2 76
80 0 4258 2407 4950 2 79
81 0 4254 2403 4950 2 80
82 0 4242 2395 4938 2 75
83 0 4238 2391 4942 2 82
84 0 4234 2387 4942 2 83
85 0 4246 2379 4942 2 75
86 0 4242 2379 4942 2 85
87 0 4270 2411 4894 14 74
88 0 4282 2419 4894 6 87
89 0 4294 2423 4894 2 88
90 0 4298 2423 4894 2 89
91 0 4302 2423 4894 2 90
92 0 4306 2423 4894 2 91
93 0 4310 2423 4890 2 92
94 0 4314 2423 4886 2 93
95 0 4318 2427 4882 2 94
96 2 4266.19 2367.37 4859.3 19.8529 74
97 0 4278 2407 4862 6.94427 96
98 0 4282 2419 4850 6 97
99 0 4286 2427 4842 6 98
100 0 4294 2439 4830 6 99
101 0 4294 2447 4822 6 100
102 0 4298 2451 4818 3.65685 101
103 0 4302 2451 4818 2 102
104 0 4266 2359 4834 10.6491 96
105 2 4258.32 2345.48 4809.36 16.6072 104
106 0 4246 2323 4802 10 105
107 0 4250 2303 4818 6 106
108 0 4238 2343 4834 22.3311 105
109 2 4218.58 2358.11 4840.47 23.0225 108
110 0 4210 2331 4870 10 109
111 0 4206 2299 4878 14 110
112 0 4210 2263 4866 14 111
113 0 4210 2219 4850 14 112
114 2 4203.45 2178.37 4820.41 20.5584 113
115 2 4202 2157 4818 17.2474 114
116 0 4218 2119 4818 21.3238 115
117 0 4228.05 2044.63 4818 26.5453 116
118 0 4222 1987 4818 18 117
119 0 4218 1967 4826 18.3961 118
120 0 4194 1943 4834 9.31371 119
121 0 4190 1935 4838 6.94427 120
122 0 4230 1947 4806 10.6491 119
123 0 4230 1935 4810 6.94427 122
124 0 4198 2031 4834 10 117
125 0 4190 2023 4838 6.94427 124
126 0 4182 2015 4842 6.94427 125
127 0 4178 2007 4850 3.65685 126
128 0 4178 2003 4850 2 127
129 0 4178 1999 4850 2 128
130 0 4206 2147 4782 10.6491 115
131 0 4198 2139 4758 6.94427 130
132 0 4202 2131 4754 3.65685 131
133 0 4202 2127 4754 3.65685 132
134 0 4202 2123 4750 2 133
135 0 4202 2119 4750 2 134
136 0 4174 2203 4826 14 114
137 0 4158 2207 4826 6 136
138 0 4154 2211 4830 3.65685 137
139 0 4150 2215 4830 3.65685 138
140 0 4150 2219 4830 2 139
141 0 4150 2223 4830 2 140
142 2 4212.1 2363.14 4842.63 23.253 109
143 0 4208.48 2363.95 4896.1 16.4762 142
144 0 4200.69 2353.62 4947.24 12.0217 143
145 0 4198 2359 4958 6.94427 144
146 0 4190 2371 4970 9.31371 145
147 0 4194 2383 4974 10 146
148 0 4202 2391 4982 3.65685 147
149 0 4202 2391 4986 2 148
150 0 4194 2339 4966 3.65685 144
151 0 4194 2339 4970 2 150
152 0 4190 2331 4978 6.94427 151
153 0 4182 2335 4986 3.65685 152
154 0 4178 2335 4990 2 153
155 2 4187.64 2392.55 4915.55 10.373 143
156 0 4182 2399 4926 2 155
157 0 4182 2399 4930 2 156
158 0 4186 2395 4942 9.31371 157
159 0 4210 2399 4922 3.65685 155
160 0 4214 2399 4930 3.65685 159
161 0 4214 2403 4938 6 160
162 0 4218 2407 4942 3.65685 161
163 0 4222 2407 4942 2 162
164 0 4202 2371 4846 23.6125 142
165 0 4182 2403 4886 12.4222 164
166 0 4166 2415 4902 9.31371 165
167 0 4166 2415 4914 9.31371 166
168 0 4170 2411 4926 2 167
169 0 4170 2411 4930 2 168
170 0 4186 2399 4838 31.9411 164
171 2 4172.26 2436.78 4841.43 25.8373 170
172 0 4178 2443 4866 12.4222 171
173 0 4166 2439 4898 9.31371 172
174 0 4158 2435 4906 6 173
175 0 4166 2471 4842 26.8444 171
176 0 4183.48 2492.93 4881.85 22.4444 175
177 2 4185.31 2500.23 4896.47 27.9259 176
178 2 4185.56 2501.22 4898.44 28.6667 177
179 0 4186 2503 4902 30 178
180 2 4189.51 2492.46 4930.11 20.8127 179
181 0 4194 2479 4950 14.4924 180
182 0 4186 2479 4974 20.6274 181
183 0 4186 2455 4998 26.2843 182
184 0 4198 2431 4990 10.6491 183
185 0 4194 2407 4966 12.4222 184
186 0 4214 2503 4950 15.8885 180
187 0 4214 2503 4982 14.4924 186
188 0 4238 2491 4990 6 187
189 0 4242 2475 4986 6.94427 188
190 0 4226 2507 4910 9.31371 179
191 0 4234 2503 4914 6.94427 190
192 0 4254 2487 4926 12.4222 191
193 0 4266 2483 4942 6 192
194 0 4266 2479 4950 6.94427 193
195 0 4270 2475 4958 3.65685 194
196 0 4274 2479 4962 2 195
197 0 4222 2495 4894 10.6491 178
198 2 4235.66 2491 4895.11 8.98513 197
199 0 4246 2491 4902 6.94427 198
200 0 4262 2491 4906 14 199
201 0 4290 2495 4894 6.94427 200
202 0 4306 2495 4886 3.65685 201
203 0 4310 2499 4886 2 202
204 0 4242 2471 4878 10 198
205 0 4242 2459 4886 3.65685 204
206 0 4242 2455 4890 2 205
207 0 4242 2451 4894 2 206
208 0 4170 2455 4934 12.4222 177
209 0 4170 2443 4938 6 208
210 0 4174 2431 4946 6 209
211 0 4164.27 2541.9 4894 13.3484 176
212 0 4162 2579 4898 10 211
213 0 4166 2599 4898 6.94427 212
214 0 4174 2607 4894 6 213
215 0 4150 2555 4918 10 211
216 0 4146 2567 4922 9.31371 215
217 0 4150 2533.67 4838 16.0515 175
218 0 4166 2547 4854 6 217
219 0 4170 2559 4866 6 218
220 0 4170 2567 4870 6 219
221 0 4146 2563 4834 18 217
222 0 4126.99 2650.44 4828.58 45.4544 221
223 2 4128.42 2695.95 4824.41 34.9727 222
224 2 4128.77 2723.31 4826.92 31.5831 223
225 2 4126.82 2742.79 4834.72 30.6443 224
226 0 4170 2851 4858 30.249 225
227 0 4226 2907 4866 22 226
228 0 4242 2923 4878 6 227
229 0 4250 2927 4882 2 228
230 0 4254 2927 4882 2 229
231 0 4258 2927 4882 2 230
232 0 4262 2927 4882 2 231
233 0 4114 2731 4866 14 225
234 0 4126 2747 4894 6.94427 233
235 0 4102 2743 4810 12.4222 224
236 0 4078 2747 4806 6 235
237 0 4070 2743 4810 3.65685 236
238 0 4066 2743 4810 3.65685 237
239 0 4062 2739 4810 2 238
240 0 4058 2739 4810 2 239
241 0 4074 2695 4846 2 223
242 0 4070 2695 4846 3.65685 241
243 0 4062 2687 4846 9.31371 242
244 0 4046 2687 4842 6 243
245 0 4038 2691 4842 6.94427 244
246 0 4034 2699 4842 2 245
247 0 4034 2703 4842 2 246
248 0 4066 2695 4834 2 243
249 0 4066 2699 4834 2 248
250 0 4066 2703 4834 2 249
251 0 4066 2687 4830 2 248
252 0 4066 2683 4830 2 251
253 2 4108.77 2671.27 4844.2 29.2954 222
254 0 4074 2659 4846 9.31371 253
255 0 4062 2659 4846 6.94427 254
256 0 4046 2643 4842 6 255
257 0 4106 2687 4878 21.3238 253
258 2 4145.96 2708.11 4926.55 32.1085 257
259 0 4154 2687 4958 26.8444 258
260 0 4138 2707 4974 10.6491 259
261 0 4122 2723 4982 14 260
262 0 4122 2743 4978 14 261
263 2 4163.26 2744.11 4934.47 18.8875 258
264 0 4154 2747 4962 14 263
265 0 4154 2755 4978 3.65685 264
266 0 4158 2755 4982 2 265
267 2 4202.28 2806.03 4927.52 13.498 263
268 0 4198 2827 4914 10.6491 267
269 0 4214 2847 4906 6.94427 268
270 0 4218 2855 4906 6 269
271 0 4217.18 2822.18 4949.29 11.7838 267
272 0 4234 2799 4954 6.94427 271
273 0 4238 2783 4954 6 272
274 0 4242 2775 4950 6.94427 273
275 0 4250 2775 4950 6 274
276 0 4254 2779 4954 2 275
277 0 4258 2779 4954 2 276
278 0 4214 2819 4962 9.31371 271
279 0 4190 2827 4970 10 278
280 0 4158 2835 4970 9.31371 279
281 0 4146 2835 4974 9.31371 280
282 0 4134 2831 4978 6 281
283 0 4130 2827 4982 2 282
284 0 4126 2827 4982 2 283
285 2 4271.49 2354.16 4776.7 15.6051 105
286 0 4282 2383 4802 6.94427 285
287 0 4290 2391 4810 6.94427 286
288 0 4290 2395 4818 6 287
289 0 4290 2403 4822 3.65685 288
290 0 4286 2407 4826 2 289
291 0 4286 2411 4826 2 290
292 0 4286 2415 4822 2 291
293 0 4286 2419 4818 2 292
294 0 4286 2419 4814 2 293
295 0 4286 2423 4810 2 294
296 0 4278 2363 4754 14 285
297 0 4266 2339 4750 6 296
298 0 4262 2327 4750 10 297
299 0 4254 2319 4750 6.94427 298
300 0 4246 2311 4750 10 299
301 0 4246 2299 4746 9.31371 300
302 0 4258 2287 4758 3.65685 301
303 0 4262 2287 4762 2 302
304 2 4277.03 2366.88 4747.21 15.7755 296
305 0 4290 2351 4742 3.65685 304
306 0 4294 2347 4742 3.65685 305
307 0 4294 2339 4746 6 306
308 0 4298 2327 4738 6.94427 307
309 0 4302 2323 4730 3.65685 308
310 0 4306 2319 4726 3.65685 309
311 0 4310 2315 4722 2 310
312 0 4310 2311 4722 2 311
313 2 4275.39 2373.42 4735.76 18.7716 304
314 0 4298 2391 4754 9.31371 313
315 0 4310.89 2391 4775.79 5.47606 314
316 0 4314 2391 4782 3.65685 315
317 0 4318 2391 4790 3.65685 316
318 0 4322 2391 4798 3.65685 317
319 0 4326 2391 4806 6 318
320 0 4326 2391 4814 3.65685 319
321 0 4326 2391 4822 3.65685 320
322 0 4326 2391 4830 6 321
323 0 4322 2387 4838 3.65685 322
324 0 4322 2387 4846 3.65685 323
325 0 4322 2387 4850 2 324
326 0 4318 2383 4854 3.65685 325
327 0 4318 2383 4858 3.65685 326
328 0 4314 2379 4862 2 327
329 0 4322 2391 4774 3.65685 315
330 0 4330 2399 4774 3.65685 329
331 0 4334 2403 4778 3.65685 330
332 0 4342 2407 4778 6 331
333 0 4346 2411 4774 3.65685 332
334 0 4354 2419 4774 3.65685 333
335 0 4358 2423 4770 6 334
336 0 4366 2427 4774 2 335
337 0 4370 2427 4774 2 336
338 0 4374 2427 4774 2 337
339 0 4378 2427 4774 2 338
340 0 4274 2379 4726 21.3238 313
341 0 4246 2403 4742 6.94427 340
342 0 4246 2407 4758 6 341
343 0 4246 2411 4766 6.94427 342
344 0 4254 2411 4774 3.65685 343
345 0 4258 2415 4774 2 344
346 0 4262 2419 4778 2 345
347 2 4273.12 2377.25 4717.24 22.4104 340
348 0 4302 2391 4726 6.94427 347
349 0 4310 2387 4730 6 348
350 0 4318 2391 4738 3.65685 349
351 0 4322 2391 4738 3.65685 350
352 0 4326 2391 4738 2 351
353 0 4330 2395 4738 3.65685 352
354 0 4334 2399 4742 3.65685 353
355 0 4338 2403 4742 3.65685 354
356 0 4346 2411 4750 3.65685 355
357 0 4350 2411 4750 2 356
358 0 4238 2411 4718 6.94427 347
359 0 4234 2423 4710 6 358
360 0 4226 2423 4710 6 359
361 0 4222 2419 4706 6 360
362 2 4271.98 2374.96 4705.81 23.8277 347
363 0 4306 2387 4706 6.94427 362
364 0 4322 2387 4706 3.65685 363
365 0 4330 2395 4706 3.65685 364
366 0 4338 2395 4702 6 365
367 0 4346 2407 4702 2 366
368 2 4271.52 2374.05 4701.24 24.3946 362
369 2 4280.43 2405.45 4698.49 12.1629 368
370 0 4286 2423 4702 6 369
371 0 4294 2431 4710 6 370
372 0 4294 2439 4706 6 371
373 0 4294 2447 4698 6 372
374 2 4303.85 2455 4681.23 9.31371 373
375 0 4314 2459 4674 6.94427 374
376 0 4334 2467 4654 6.94427 375
377 0 4342 2483 4642 6.94427 376
378 0 4350 2495 4638 6.94427 377
379 0 4362 2507 4622 6 378
380 0 4366 2511 4618 3.65685 379
381 0 4370 2507 4614 2 380
382 0 4298 2479 4682 6 374
383 0 4310 2495 4670 6 382
384 0 4322 2499 4662 6 383
385 0 4326 2503 4658 6 384
386 0 4302 2443 4714 3.65685 372
387 0 4306 2451 4730 6.94427 386
388 0 4302 2451 4746 6.94427 387
389 0 4302 2451 4762 6.94427 388
390 0 4298 2451 4778 6.94427 389
391 0 4298 2455 4794 6 390
392 0 4294 2451 4802 6 391
393 0 4278 2407 4678 6 369
394 0 4282 2419 4666 6 393
395 0 4286 2423 4662 6 394
396 0 4294 2427 4662 2 395
397 0 4298 2431 4662 2 396
398 0 4298 2435 4662 2 397
399 0 4298 2439 4662 2 398
400 2 4270.38 2371.76 4689.81 25.8118 368
401 0 4302 2383 4690 6.94427 400
402 0 4318 2383 4690 6 401
403 0 4326 2383 4682 3.65685 402
404 0 4326 2383 4678 3.65685 403
405 0 4330 2387 4674 3.65685 404
406 0 4338 2391 4670 6 405
407 0 4346 2395 4662 2 406
408 2 4267.61 2363.83 4671.65 23.9209 400
409 0 4234 2387 4690 14.9706 408
410 0 4206 2403 4690 2 409
411 0 4206 2407 4690 2 410
412 0 4202 2419 4694 9.31371 411
413 0 4258 2351 4638 20.6274 408
414 0 4254 2323 4658 10.6491 413
415 0 4254 2315 4670 10 414
416 0 4262 2311 4682 3.65685 415
417 0 4266 2311 4682 2 416
418 2 4253.71 2353.15 4625.12 21.0011 413
419 0 4294 2375 4638 18 418
420 0 4298 2407 4634 6 419
421 0 4298 2415 4634 3.65685 420
422 0 4302 2419 4638 3.65685 421
423 0 4306 2427 4638 3.65685 422
424 0 4310 2431 4634 6 423
425 0 4322 2443 4630 6.94427 424
426 0 4330 2451 4638 6 425
427 0 4306 2351 4658 9.31371 419
428 0 4302 2335 4666 6.94427 427
429 0 4302 2327 4674 6.94427 428
430 0 4310 2319 4682 3.65685 429
431 0 4310 2319 4690 3.65685 430
432 0 4306 2319 4694 2 431
433 2 4250.39 2354.8 4615.17 21.2898 418
434 0 4234 2319 4630 12.4222 433
435 0 4230 2307 4634 10.6491 434
436 0 4234 2287 4618 6 435
437 0 4230 2283 4614 6 436
438 0 4230 2283 4606 3.65685 437
439 0 4230 2279 4602 2 438
440 2 4242.85 2365.73 4578.25 23.3695 433
441 0 4242 2391 4594 14 440
442 0 4230 2403 4598 6 441
443 0 4214 2415 4602 6.94427 442
444 0 4206 2419 4602 3.65685 443
445 0 4202 2423 4606 2 444
446 0 4198 2423 4606 2 445
447 2 4231.43 2367 4554.98 26.987 440
448 0 4222 2339 4582 10.6491 447
449 0 4218 2319 4578 6 448
450 0 4218 2311 4578 2 449
451 0 4218 2307 4578 2 450
452 2 4223.98 2367 4541.57 29.3673 447
453 0 4178 2379 4558 6.94427 452
454 0 4170 2387 4562 6 453
455 0 4170 2399 4562 2 454
456 0 4166 2403 4566 2 455
457 2 4222 2367.86 4531.11 29.1997 452
458 0 4206 2323 4542 6.94427 457
459 0 4202 2307 4542 6 458
460 0 4206 2299 4542 6 459
461 2 4222 2370.45 4510.43 26.7988 457
462 0 4186 2363 4514 9.31371 461
463 0 4178 2351 4514 6 462
464 0 4170 2343 4514 9.31371 463
465 0 4174 2335 4506 6 464
466 0 4222 2371 4506 26.2843 461
467 0 4226 2403 4522 18.3961 466
468 0 4246 2419 4518 10 467
469 2 4224.16 2371 4496.26 26.2074 466
470 2 4254.47 2354.98 4516.88 17.2073 469
471 0 4262 2351 4522 14.9706 470
472 0 4262 2343 4538 9.31371 471
473 0 4270 2319 4550 10 472
474 0 4270 2303 4562 9.31371 473
475 0 4270 2295 4570 10.6491 474
476 0 4278 2287 4578 6 475
477 0 4282 2283 4582 6 476
478 0 4274 2331 4510 12.4222 471
479 2 4274 2303 4510 10 478
480 0 4274 2291 4518 10 479
481 0 4270 2287 4542 10 480
482 0 4270 2279 4550 6 481
483 0 4274 2275 4554 6 482
484 0 4278 2295 4498 12.4222 479
485 0 4290 2275 4490 6 484
486 0 4286 2267 4498 3.65685 485
487 0 4282 2263 4498 2 486
488 0 4278 2263 4498 2 487
489 0 4290 2375 4506 18 470
490 0 4294 2411 4502 12.4222 489
491 0 4302 2423 4510 3.65685 490
492 0 4302 2427 4514 2 491
493 2 4227.93 2371 4479.32 26.0736 469
494 0 4218 2395 4490 14.4924 493
495 0 4218 2411 4494 12.4222 494
496 0 4226 2423 4490 9.31371 495
497 0 4222 2431 4470 6 496
498 0 4218 2435 4462 2 497
499 0 4218 2435 4458 2 498
500 0 4218 2439 4454 2 499
501 2 4228.87 2371 4475.08 26.0401 493
502 0 4270 2379 4486 14.4924 501
503 0 4274 2399 4486 14 502
504 0 4278 2419 4478 6 503
505 0 4278 2427 4474 6 504
506 0 4282 2435 4474 3.65685 505
507 0 4286 2451 4466 15.8885 506
508 0 4294 2455 4450 10 507
509 0 4294 2459 4438 10 508
510 0 4294 2467 4430 2 509
511 0 4294 2475 4422 6 510
512 0 4262 2471 4486 10 507
513 0 4242 2459 4486 2 512
514 0 4238 2459 4486 2 513
515 0 4230 2371 4470 26 501
516 0 4274 2355 4470 14.9706 515
517 0 4290 2323 4462 6 516
518 0 4226 2367 4438 23.2982 515
519 0 4214 2395 4450 6 518
520 0 4210 2411 4446 6 519
521 0 4218 2423 4450 6 520
522 2 4250.62 2353.46 4387.85 34.8864 518
523 2 4267.83 2365.95 4371.81 24.9484 522
524 2 4262.01 2348.71 4368.83 37.4821 523
525 2 4264.02 2347.56 4364.24 37.5254 524
526 2 4265.07 2346.96 4361.85 37.548 525
527 2 4280.9 2337.92 4325.66 37.8898 526
528 2 4286.76 2335 4309.46 36.9709 527
529 2 4290.86 2335 4284.81 31.3841 528
530 2 4293.19 2335 4270.86 28.2231 529
531 2 4301.43 2320.14 4243.71 18.6515 530
532 0 4315.33 2298.33 4237.33 15.0471 531
533 2 4325.33 2293.33 4232.33 15.6208 532
534 0 4350 2299 4238 9.31371 533
535 0 4366 2319 4242 6.94427 534
536 2 4380 2333 4242 8.72135 535
537 2 4392 2335 4242 4.59966 536
538 0 4398 2335 4242 2 537
539 0 4402 2331 4246 2 538
540 0 4414 2331 4246 6 539
541 0 4426 2327 4250 9.31371 540
542 0 4438 2311 4246 6.94427 541
543 0 4450.74 2302.26 4248.37 9.13973 542
544 0 4466 2291 4250 9.31371 543
545 0 4496.36 2276.64 4250.24 16.1399 544
546 2 4502 2247.46 4273.69 9.3401 545
547 0 4500.55 2232.82 4280.18 12.8855 546
548 0 4494 2223 4290 14.9706 547
549 2 4500.67 2206.33 4306.67 17.4951 548
550 2 4502 2185.06 4320.76 19.3821 549
551 0 4509.66 2153.31 4324.99 20.6478 550
552 0 4502 2131 4310 2 551
553 0 4502 2127 4302 6 552
554 0 4498 2123 4298 3.65685 553
555 0 4494 2115 4290 6.94427 554
556 2 4495.68 2109.95 4284.95 6.94427 555
557 0 4498 2103 4278 6.94427 556
558 0 4506 2095 4270 12.4222 557
559 2 4516.42 2084.58 4266.53 12.4222 558
560 0 4542 2071 4246 6.94427 559
561 0 4558.6 2071 4233.8 10 560
562 0 4570.4 2071 4228.8 10 561
563 0 4594 2075 4194 10 562
564 0 4602 2107 4166 12.4222 563
565 0 4606 2123 4154 14.4924 564
566 0 4638 2127 4138 6.94427 565
567 0 4642 2135 4134 9.31371 566
568 0 4650 2147 4126 6.94427 567
569 0 4658 2155 4122 6.94427 568
570 0 4682 2187 4118 18 569
571 0 4694 2203 4106 6.94427 570
572 0 4698 2215 4102 10 571
573 2 4698 2232.79 4090.74 6.60897 572
574 0 4698 2261 4090 6 573
575 0 4698 2281 4090 6.55228 574
576 0 4698 2291 4090 9.31371 575
577 0 4702 2311 4090 3.65685 576
578 0 4706 2315 4090 2 577
579 0 4706 2319 4090 2 578
580 0 4706 2323 4090 2 579
581 0 4702 2275 4074 6 575
582 0 4702 2267 4070 6 581
583 0 4702 2251 4070 6 582
584 0 4702 2235 4066 6 583
585 0 4702 2219 4050 6 584
586 0 4702 2271 4058 6 582
587 0 4702 2267 4046 6 586
588 0 4702 2255 4030 6 587
589 0 4694 2259 4102 6 574
590 0 4694 2243 4118 6 589
591 0 4698 2215 4074 6 573
592 0 4698 2199 4074 6 591
593 0 4698 2191 4070 2 592
594 0 4698 2187 4070 2 593
595 0 4618 2095 4158 6.94427 564
596 0 4626 2091 4150 3.65685 595
597 0 4638 2091 4146 6 596
598 0 4646 2091 4146 2 597
599 0 4658 2091 4146 9.31371 598
600 2 4664 2097 4149 7.53663 599
601 0 4666 2103 4162 6.94427 600
602 0 4662 2119 4186 14 601
603 0 4666 2131 4198 9.31371 602
604 0 4674 2143 4210 18 603
605 2 4674 2154 4221 15.5885 604
606 0 4668.93 2167.53 4240.67 14.5333 605
607 0 4658.35 2170.39 4259.83 16.8814 606
608 0 4638 2167 4270 10.6491 607
609 0 4615.33 2156.33 4270 11.3965 608
610 0 4598 2147 4270 10 609
611 0 4586 2147 4278 6 610
612 2 4571.21 2147 4274.3 9.06332 611
613 0 4562 2147 4266 9.31371 612
614 0 4558 2151 4254 6 613
615 0 4558 2163 4238 6 614
616 0 4554 2171 4230 9.31371 615
617 0 4554 2179 4218 6.94427 616
618 0 4559.93 2190.85 4198.15 10 617
619 0 4574 2203 4190 6.94427 618
620 0 4582 2211 4186 10 619
621 0 4590 2215 4166 6 620
622 0 4598 2219 4158 2 621
623 0 4574 2199 4214 6.94427 618
624 0 4586 2207 4226 6 623
625 0 4574 2175 4274 12.4222 612
626 0 4558 2195 4266 10 625
627 0 4546 2207 4250 6 626
628 0 4610 2155 4290 6.94427 609
629 0 4602 2147 4298 6.94427 628
630 0 4598 2131 4314 6 629
631 0 4598 2131 4322 3.65685 630
632 0 4594 2127 4326 3.65685 631
633 0 4590 2127 4326 2 632
634 2 4659.1 2160.9 4272.71 16.6351 607
635 2 4663.78 2151.47 4284.44 17.5611 634
636 0 4670 2131 4306 10 635
637 0 4674 2103 4326 18 636
638 0 4674 2079 4326 18.3961 637
639 0 4686 2063 4314 12.4222 638
640 0 4686 2055 4302 6 639
641 0 4682 2059 4294 3.65685 640
642 0 4682 2059 4290 3.65685 641
643 0 4678 2063 4286 3.65685 642
644 0 4674 2067 4286 2 643
645 0 4678 2167 4298 6.94427 635
646 0 4682 2175 4306 3.65685 645
647 0 4686 2179 4310 3.65685 646
648 0 4686 2187 4314 6 647
649 0 4686 2195 4310 2 648
650 0 4690 2199 4306 2 649
651 0 4634 2151 4286 6.94427 634
652 0 4626 2143 4294 9.31371 651
653 0 4618 2135 4294 6 652
654 0 4618 2127 4298 2 653
655 0 4614 2123 4302 2 654
656 0 4614 2119 4302 2 655
657 0 4674 2191 4254 9.31371 606
658 0 4686 2207 4270 3.65685 657
659 0 4690 2211 4274 3.65685 658
660 0 4694 2215 4278 2 659
661 0 4694 2219 4278 2 660
662 0 4658 2195 4194 10 605
663 0 4650 2207 4178 6.94427 662
664 0 4650 2207 4162 6 663
665 0 4642 2207 4146 6 664
666 0 4638 2211 4142 2 665
667 0 4638 2215 4142 2 666
668 0 4698 2143 4202 6 604
669 0 4702 2143 4194 6 668
670 0 4702 2147 4186 2 669
671 0 4702 2147 4182 2 670
672 0 4702 2147 4178 2 671
673 0 4698 2151 4174 3.65685 672
674 0 4694 2155 4170 3.65685 673
675 0 4690 2159 4166 2 674
676 0 4682 2075 4162 10 600
677 0 4686 2055 4186 14 676
678 0 4694 2031 4182 6.94427 677
679 0 4682 2031 4178 2 678
680 2 4661.13 2084.73 4130.33 11.7487 599
681 2 4663.6 2083 4122.8 12.7378 680
682 0 4674 2083 4082 14.4924 681
683 0 4690 2083 4058 3.65685 682
684 0 4694 2083 4050 3.65685 683
685 0 4698 2083 4042 3.65685 684
686 0 4702 2083 4034 3.65685 685
687 0 4702 2083 4030 3.65685 686
688 0 4706 2087 4026 2 687
689 0 4662 2059 4122 10 681
690 0 4662 2047 4118 10 689
691 0 4658 2039 4126 3.65685 690
692 0 4658 2039 4130 3.65685 691
693 0 4658 2039 4134 2 692
694 0 4678 2111 4118 14 680
695 0 4690 2115 4106 14.4924 694
696 0 4702 2107 4094 6 695
697 2 4589.33 2055.56 4233.78 12.3377 562
698 0 4594.33 2054.67 4246.67 6 697
699 0 4602 2051 4270 6.94427 698
700 0 4602 2051 4278 6.94427 699
701 0 4602 2051 4290 10.6491 700
702 0 4594 2051 4298 6.94427 701
703 0 4592.34 2061.34 4325.02 7.66163 702
704 0 4594 2063 4338 3.65685 703
705 0 4590 2063 4342 3.65685 704
706 2 4582.83 2044.24 4364.34 17.4565 705
707 2 4578.88 2041.44 4375.37 13.5562 706
708 0 4574 2039 4390 6 707
709 0 4570 2031 4410 9.31371 708
710 0 4554 2023 4426 12.4222 709
711 0 4538 2011 4430 18 710
712 0 4518 2011 4434 10 711
713 0 4498 2007 4450 9.31371 712
714 0 4490 2019 4450 6 713
715 0 4590 2023 4386 9.31371 707
716 0 4582 2011 4390 14.4924 715
717 0 4582 1991 4406 6 716
718 0 4590 1987 4414 2 717
719 0 4594 1987 4418 2 718
720 0 4558 2055 4366 10 706
721 0 4542 2067 4378 10.6491 720
722 0 4590 2079 4334 6 703
723 0 4582 2091 4338 6.94427 722
724 0 4578 2099 4342 2 723
725 0 4578 2103 4342 2 724
726 0 4574 2107 4342 2 725
727 0 4578 2119 4342 6 726
728 0 4586 2039 4314 9.31371 702
729 0 4590 2027 4330 9.31371 728
730 0 4598 2023 4346 2 729
731 0 4598 2019 4354 6.94427 730
732 0 4606 1995 4362 9.31371 731
733 0 4606 1991 4350 6 732
734 0 4618 2043 4266 9.31371 699
735 0 4626 2035 4270 10.6491 734
736 0 4618 2023 4274 6 735
737 0 4614 2019 4278 2 736
738 0 4610 2015 4278 2 737
739 0 4606 2055 4242 6 698
740 0 4618 2055 4242 6 739
741 0 4638 2047 4250 9.31371 740
742 0 4646 2039 4250 9.31371 741
743 0 4666 2039 4250 9.31371 742
744 0 4682 2023 4266 10 743
745 0 4690 2023 4278 6 744
746 0 4698 2023 4286 6 745
747 0 4698 2019 4294 6.94427 746
748 0 4690 2011 4302 6.94427 747
749 0 4674 1995 4302 6 748
750 0 4598 2063 4218 6 697
751 0 4602 2059 4222 6 750
752 0 4618 2059 4222 6.94427 751
753 0 4645.47 2071.27 4214 12.382 752
754 0 4666 2055 4214 12.4222 753
755 2 4682 2026.29 4213.18 15.8885 754
756 0 4666 2011 4246 9.31371 755
757 0 4662 2011 4258 3.65685 756
758 0 4658 2015 4262 2 757
759 0 4690 2015 4194 10 755
760 0 4678 2003 4178 6 759
761 0 4654 2099 4214 10 753
762 0 4654 2111 4218 3.65685 761
763 0 4658 2115 4222 3.65685 762
764 0 4662 2119 4226 2 763
765 0 4662 2123 4230 2 764
766 0 4550 2091 4230 6.94427 561
767 0 4550 2103 4214 6.94427 766
768 0 4498 2067 4282 9.31371 559
769 0 4494 2063 4290 6 768
770 2 4469.86 2057.71 4311.43 12.8278 769
771 0 4462 2059 4330 6.94427 770
772 0 4462 2059 4338 6 771
773 0 4454 2055 4350 9.31371 772
774 0 4450 2043 4370 10.6491 773
775 0 4438 2047 4386 14.4924 774
776 0 4426 2059 4386 6.94427 775
777 0 4407.33 2063 4378 7.99735 776
778 0 4394 2055 4374 9.31371 777
779 0 4394 2031 4366 23.2982 778
780 0 4418 2003 4374 12.4222 779
781 0 4442 1991 4370 6 780
782 0 4406 2079 4394 6 777
783 0 4406 2091 4398 10.6491 782
784 0 4406 2095 4418 9.31371 783
785 0 4410 2095 4438 6.94427 784
786 0 4418 2103 4446 6.94427 785
787 2 4423.08 2022.23 4417.69 16.457 775
788 0 4422 1999 4450 12.4222 787
789 0 4434 1991 4470 3.65685 788
790 0 4438 1987 4474 2 789
791 0 4454 2011 4434 6.94427 787
792 0 4466 2007 4446 6 791
793 0 4470 2003 4450 3.65685 792
794 0 4474 1999 4450 3.65685 793
795 0 4454 2027 4386 10.6491 774
796 0 4470 2007 4410 9.31371 795
797 0 4482 1995 4430 6 796
798 0 4486 1991 4438 3.65685 797
799 0 4486 1991 4442 3.65685 798
800 0 4482 1987 4446 2 799
801 0 4470 2039 4322 6.94427 770
802 0 4466 2023 4338 6 801
803 0 4466 2007 4350 6 802
804 0 4466 2003 4362 3.65685 803
805 0 4470 1999 4366 3.65685 804
806 0 4470 1995 4366 2 805
807 0 4474 2023 4314 6 801
808 0 4474 2007 4326 6 807
809 0 4474 1999 4330 3.65685 808
810 0 4478 1995 4334 2 809
811 0 4490 2087 4282 9.31371 558
812 0 4482 2091 4290 6.94427 811
813 0 4466 2087 4306 9.31371 812
814 0 4450 2087 4326 10 813
815 0 4434 2087 4338 6.94427 814
816 0 4426 2087 4342 6.94427 815
817 0 4418 2079 4346 3.65685 816
818 0 4414 2079 4354 3.65685 817
819 0 4410 2079 4358 2 818
820 0 4402 2083 4366 6.94427 819
821 0 4394 2091 4374 3.65685 820
822 0 4394 2095 4378 3.65685 821
823 0 4398 2099 4382 2 822
824 0 4482 2103 4298 9.31371 556
825 0 4478 2111 4318 6.94427 824
826 0 4478 2111 4326 3.65685 825
827 0 4482 2111 4334 3.65685 826
828 0 4486 2107 4338 2 827
829 2 4516.5 2130.88 4350.04 20.4441 551
830 0 4522 2115 4370 21.3238 829
831 0 4530 2111 4390 12.4222 830
832 0 4534 2091 4414 10 831
833 0 4522 2075 4434 14 832
834 0 4530 2047 4434 10.6491 833
835 0 4534 2039 4442 3.65685 834
836 0 4534 2039 4446 3.65685 835
837 0 4538 2039 4450 2 836
838 0 4498 2155 4366 19.5407 829
839 0 4470 2175 4358 9.31371 838
840 0 4458 2171 4362 2 839
841 0 4454 2171 4362 2 840
842 0 4491.81 2215.38 4344.57 10.3555 550
843 0 4490 2227 4358 6 842
844 0 4486 2231 4362 6 843
845 0 4490 2235 4366 6 844
846 0 4478 2251 4378 10.6491 845
847 2 4463 2261 4388 7 846
848 0 4462 2283 4402 18 847
849 0 4450 2295 4410 14 848
850 0 4434 2299 4406 6 849
851 0 4426 2295 4406 3.65685 850
852 0 4418 2287 4406 3.65685 851
853 0 4410 2279 4402 6.94427 852
854 0 4398 2279 4402 10.6491 853
855 0 4390 2271 4402 6.94427 854
856 0 4382 2259 4390 9.31371 855
857 0 4382 2247 4386 6 856
858 0 4446 2247 4386 6 847
859 0 4438 2239 4386 3.65685 858
860 0 4430 2235 4386 3.65685 859
861 0 4426 2231 4386 3.65685 860
862 0 4418 2227 4386 6.94427 861
863 0 4406 2227 4374 6 862
864 0 4390 2227 4374 6 863
865 0 4386 2235 4370 6 864
866 0 4386 2255 4370 12.4222 865
867 0 4398 2267 4370 6 866
868 0 4474 2227 4338 6.94427 842
869 0 4454 2227 4342 6 868
870 0 4446 2223 4342 6 869
871 0 4438 2219 4342 3.65685 870
872 0 4430 2207 4342 9.31371 871
873 0 4426 2195 4354 2 872
874 0 4430 2195 4354 2 873
875 0 4434 2195 4354 2 874
876 0 4426 2183 4354 2 873
877 0 4422 2179 4354 2 876
878 0 4514 2231 4306 6.94427 549
879 0 4522 2247 4298 3.65685 878
880 0 4526 2251 4294 3.65685 879
881 0 4530 2251 4290 3.65685 880
882 0 4538 2263 4282 6.94427 881
883 0 4546 2267 4282 3.65685 882
884 0 4550 2263 4282 2 883
885 0 4554 2263 4282 2 884
886 2 4465.11 2218.78 4285.78 13.9123 548
887 2 4463.33 2218.33 4285.33 13.737 886
888 0 4438 2199 4282 9.31371 887
889 0 4434 2191 4274 6.94427 888
890 2 4415.89 2183.63 4255.89 13.6747 889
891 0 4414 2183 4254 14.4924 890
892 0 4386 2175 4254 6.94427 891
893 0 4370 2179 4258 6 892
894 2 4360.22 2178.11 4248.22 6.20984 893
895 0 4349.33 2170.33 4232.67 6.94427 894
896 2 4342.4 2163 4210.8 6 895
897 0 4346 2163 4202 6 896
898 0 4354 2155 4194 6 897
899 0 4358 2147 4182 6.94427 898
900 0 4362 2143 4174 6 899
901 0 4358 2143 4162 10.6491 900
902 0 4342 2135 4158 14.4924 901
903 0 4322 2123 4146 10 902
904 0 4314 2115 4134 9.31371 903
905 0 4306 2103 4130 12.4222 904
906 0 4290 2087 4122 9.31371 905
907 0 4286 2075 4122 3.65685 906
908 0 4278 2067 4122 6 907
909 0 4270 2059 4118 10 908
910 0 4270 2047 4118 6 909
911 0 4270 2039 4118 6 910
912 2 4273.79 2027.63 4106.63 6.89457 911
913 0 4274 2027 4082 6.94427 912
914 0 4270 2027 4066 6 913
915 0 4262 2027 4058 10 914
916 0 4258 2019 4046 10.6491 915
917 0 4254 2019 4030 6.94427 916
918 0 4242 2027 4018 10.6491 917
919 0 4222 2007 4002 10.6491 918
920 0 4222 1995 4002 10 919
921 0 4234 1987 4002 2 920
922 0 4238 1987 4002 2 921
923 0 4282 2015 4022 9.31371 917
924 0 4298 1999 4018 6.94427 923
925 0 4294 1991 4018 2 924
926 0 4294 1987 4018 2 925
927 0 4262 2015 4106 6.94427 912
928 0 4258 2007 4098 3.65685 927
929 0 4254 2003 4094 3.65685 928
930 0 4254 2003 4090 2 929
931 0 4250 1999 4086 3.65685 930
932 0 4250 1995 4082 2 931
933 0 4250 1991 4078 2 932
934 2 4266.44 2031.89 4125.11 6 911
935 0 4266 2023 4138 6.94427 934
936 0 4274 2015 4154 10.6491 935
937 0 4274 2015 4166 9.31371 936
938 0 4254 2027 4182 18 937
939 0 4222 2035 4198 9.31371 938
940 0 4214 2027 4202 6 939
941 0 4246 2023 4122 12.4222 934
942 0 4234 2015 4126 14.4924 941
943 0 4234 1999 4126 10.6491 942
944 0 4246 1987 4134 2 943
945 0 4250 1987 4138 2 944
946 0 4254 1987 4142 2 945
947 0 4258 1987 4146 2 946
948 0 4294 2079 4098 10 906
949 0 4286 2071 4086 6.94427 948
950 0 4286 2063 4078 3.65685 949
951 0 4282 2063 4074 2 950
952 0 4278 2059 4070 3.65685 951
953 0 4270 2055 4062 6.94427 952
954 0 4270 2055 4054 6.94427 953
955 0 4266 2043 4038 6 954
956 0 4370 2159 4142 6.94427 901
957 0 4378 2167 4130 6 956
958 0 4358 2167 4186 6.94427 898
959 0 4362 2183 4166 10.6491 958
960 0 4370 2195 4154 6.94427 959
961 0 4374 2203 4150 6.94427 960
962 0 4346 2151 4210 6 896
963 0 4346 2139 4202 6.94427 962
964 0 4354 2131 4194 6 963
965 0 4358 2127 4190 6 964
966 0 4334 2159 4238 3.65685 895
967 0 4330 2155 4238 3.65685 966
968 0 4322 2147 4238 6.94427 967
969 0 4334 2179 4262 6 894
970 2 4319.88 2168.88 4262 6.72252 969
971 0 4310 2159 4258 10 970
972 0 4302 2139 4258 6 971
973 0 4294 2131 4262 6 972
974 0 4310 2179 4278 6.94427 970
975 0 4302 2187 4278 10.6491 974
976 0 4298 2199 4278 3.65685 975
977 0 4302 2203 4282 2 976
978 0 4422 2167 4242 6.94427 891
979 0 4422 2155 4230 6 978
980 0 4422 2139 4214 6.94427 979
981 0 4422 2127 4198 6.94427 980
982 0 4422 2123 4190 3.65685 981
983 0 4422 2119 4186 3.65685 982
984 0 4418 2115 4182 6 983
985 0 4418 2115 4174 6 984
986 0 4422 2154.2 4257.4 7.09706 890
987 0 4422 2139 4246 10 986
988 0 4426 2131 4234 6.94427 987
989 0 4426 2119 4222 9.31371 988
990 0 4422 2107 4210 6 989
991 0 4418.78 2091.86 4200.35 7.54355 990
992 0 4434 2059 4226 14.4924 991
993 0 4442 2047 4230 2 992
994 0 4450 2039 4234 6.94427 993
995 2 4457 2039 4227 6.94427 994
996 0 4466 2039 4218 9.31371 995
997 0 4478 2039 4194 9.31371 996
998 2 4488.67 2036.33 4183.33 6.31476 997
999 0 4494 2047 4170 10 998
1000 2 4500.89 2053.89 4163.11 7.3695 999
1001 0 4510 2055 4154 6.94427 1000
1002 0 4522 2051 4150 6 1001
1003 0 4530 2043 4150 6 1002
1004 2 4552.98 2023.51 4146.25 13.7021 1003
1005 0 4570 2015 4146 6 1004
1006 0 4578 2007 4138 6.94427 1005
1007 0 4586 1995 4126 6.94427 1006
1008 0 4594 1991 4118 6 1007
1009 0 4602 1991 4110 2 1008
1010 0 4602 1991 4106 3.65685 1009
1011 0 4602 1991 4102 2 1010
1012 0 4602 1991 4098 2 1011
1013 0 4606 1991 4090 6 1012
1014 0 4610 1999 4078 6 1013
1015 0 4534 1995 4154 9.31371 1004
1016 0 4522 1991 4150 6 1015
1017 0 4518 1987 4146 2 1016
1018 0 4518 1987 4142 2 1017
1019 0 4514 1987 4138 2 1018
1020 0 4510 2075 4138 6.94427 1001
1021 0 4514 2083 4130 6.94427 1020
1022 0 4494 2075 4158 6.94427 1000
1023 0 4494 2087 4146 6.94427 1022
1024 0 4498 2099 4130 6.94427 1023
1025 0 4510 2115 4114 6.94427 1024
1026 0 4482 2027 4170 6.94427 998
1027 2 4482 2023 4146 10 1026
1028 0 4482 2023 4142 10 1027
1029 0 4474 2027 4134 6.94427 1028
1030 0 4470 2027 4118 6 1029
1031 0 4462 2023 4106 6 1030
1032 0 4458 2019 4102 6 1031
1033 0 4478 2007 4130 6.94427 1028
1034 0 4470 1999 4122 6 1033
1035 0 4466 1999 4114 6 1034
1036 0 4466 2035 4146 3.65685 1027
1037 0 4458 2043 4146 3.65685 1036
1038 0 4458 2047 4146 3.65685 1037
1039 0 4454 2051 4142 3.65685 1038
1040 0 4454 2055 4138 3.65685 1039
1041 0 4450 2059 4138 3.65685 1040
1042 0 4450 2063 4134 2 1041
1043 0 4446 2023 4218 6 995
1044 0 4446 2027 4206 3.65685 1043
1045 0 4446 2031 4198 3.65685 1044
1046 0 4446 2031 4194 2 1045
1047 0 4450 2023 4254 6 994
1048 0 4454 2011 4266 6 1047
1049 0 4450 2003 4274 6.94427 1048
1050 0 4442 1995 4282 2 1049
1051 0 4438 1991 4282 2 1050
1052 0 4426 2083 4190 6.94427 991
1053 0 4430 2083 4174 6.94427 1052
1054 0 4434 2091 4158 6 1053
1055 0 4438 2095 4150 3.65685 1054
1056 0 4442 2099 4146 2 1055
1057 0 4422 2139 4266 6 986
1058 0 4426 2123 4262 6 1057
1059 0 4430 2115 4262 6 1058
1060 0 4426 2183 4286 9.31371 889
1061 0 4426 2171 4290 6 1060
1062 0 4426 2155 4302 6 1061
1063 0 4430 2143 4302 2 1062
1064 0 4442 2239 4310 14.4924 887
1065 0 4438 2255 4310 12.4222 1064
1066 0 4442 2267 4306 6.94427 1065
1067 0 4454 2271 4298 6 1066
1068 0 4450 2207 4298 6 886
1069 0 4446 2203 4302 6 1068
1070 0 4442 2199 4306 3.65685 1069
1071 0 4434 2199 4314 3.65685 1070
1072 0 4422 2191 4326 9.31371 1071
1073 0 4418 2187 4334 6 1072
1074 0 4406 2187 4342 10.6491 1073
1075 0 4398 2187 4350 2 1074
1076 0 4398 2187 4358 6.94427 1075
1077 0 4402 2179 4370 6.94427 1076
1078 0 4414 2179 4378 6 1077
1079 0 4526 2219 4266 9.31371 547
1080 0 4530 2227 4246 6.94427 1079
1081 0 4530 2235 4238 10 1080
1082 0 4546 2243 4230 6 1081
1083 0 4486 2259 4278 9.31371 546
1084 0 4478 2267 4274 6.94427 1083
1085 0 4466 2279 4278 6.94427 1084
1086 0 4454 2279 4278 2 1085
1087 0 4450 2279 4278 2 1086
1088 0 4446 2279 4278 2 1087
1089 2 4497.74 2286.61 4233.19 18.4895 545
1090 2 4500.4 2295.8 4214 18.6163 1089
1091 0 4492.62 2295 4175.08 23.6584 1090
1092 0 4486 2295 4142 30 1091
1093 2 4462 2288.6 4090.8 18.4035 1092
1094 0 4434 2275 4062 10 1093
1095 0 4426 2275 4054 10.6491 1094
1096 0 4406 2275 4054 10.6491 1095
1097 0 4390 2267 4070 9.31371 1096
1098 0 4382 2255 4074 10 1097
1099 0 4378 2239 4070 6.94427 1098
1100 0 4370 2212.6 4069.2 10.4844 1099
1101 0 4370 2203 4066 12.4222 1100
1102 2 4376.36 2193.45 4056.45 9.94954 1101
1103 0 4382 2175 4038 6 1102
1104 0 4386 2159 4026 6 1103
1105 0 4386 2147 4034 6 1104
1106 0 4390 2135 4034 6.94427 1105
1107 0 4390 2119 4038 15.8885 1106
1108 0 4398 2103 4034 12.4222 1107
1109 2 4407.23 2074.08 4034.31 17.3318 1108
1110 2 4418.54 2065.6 4037.13 11.1934 1109
1111 0 4430 2059 4046 9.31371 1110
1112 2 4442 2065 4060 9.87426 1111
1113 0 4442 2055 4070 6 1112
1114 0 4450 2043 4074 6.94427 1113
1115 0 4466 2027 4062 6.94427 1114
1116 0 4482 2007 4054 15.8885 1115
1117 0 4498 1999 4050 12.4222 1116
1118 0 4510 1991 4050 3.65685 1117
1119 0 4514 1987 4050 2 1118
1120 0 4446 2075 4082 6 1112
1121 0 4446 2079 4090 6 1120
1122 0 4450 2079 4098 2 1121
1123 0 4450 2079 4102 2 1122
1124 0 4450 2079 4106 2 1123
1125 0 4426 2067 4010 9.31371 1110
1126 0 4442 2059 4006 14 1125
1127 0 4458 2055 4006 10.6491 1126
1128 0 4470 2055 4006 3.65685 1127
1129 0 4474 2051 4006 3.65685 1128
1130 0 4478 2047 4002 2 1129
1131 2 4398.88 2049.59 4030.41 7.9372 1109
1132 0 4406 2035 4018 9.31371 1131
1133 0 4414 2031 4010 10.6491 1132
1134 0 4422 2023 4014 3.65685 1133
1135 0 4422 2019 4018 2 1134
1136 0 4426 2011 4022 9.31371 1135
1137 0 4446 1999 4026 6.94427 1136
1138 0 4454 1991 4034 6 1137
1139 0 4462 1991 4042 3.65685 1138
1140 0 4466 1987 4042 2 1139
1141 2 4384.72 2047.79 4040.29 10.386 1131
1142 0 4362 2027 4042 6.94427 1141
1143 0 4354 2019 4046 10.6491 1142
1144 0 4342 2015 4050 9.31371 1143
1145 0 4382 2031 4022 3.65685 1141
1146 0 4378 2023 4014 6.94427 1145
1147 0 4370 2015 4014 6.94427 1146
1148 0 4362 2007 4014 3.65685 1147
1149 0 4358 2003 4014 2 1148
1150 0 4358 2179 4058 6.94427 1102
1151 0 4350 2171 4058 6 1150
1152 0 4338 2163 4050 10 1151
1153 0 4342 2151 4042 6 1152
1154 0 4354 2135 4042 6.94427 1153
1155 0 4362 2127 4042 9.31371 1154
1156 0 4358 2187 4078 6.94427 1101
1157 0 4350 2175 4078 9.31371 1156
1158 0 4350 2163 4086 6.94427 1157
1159 0 4350 2147 4090 6 1158
1160 0 4346 2131 4094 6 1159
1161 0 4346 2123 4106 6 1160
1162 0 4342 2115 4110 3.65685 1161
1163 0 4338 2111 4110 3.65685 1162
1164 0 4362 2171 4098 6 1158
1165 0 4362 2159 4106 6 1164
1166 0 4362 2151 4114 6 1165
1167 0 4354 2147 4122 2 1166
1168 0 4390 2203 4086 9.31371 1100
1169 0 4414 2199 4078 6.94427 1168
1170 0 4430 2187 4078 6.94427 1169
1171 0 4438 2187 4070 6 1170
1172 0 4442 2183 4066 3.65685 1171
1173 0 4446 2175 4062 9.31371 1172
1174 0 4462 2163 4074 6.94427 1173
1175 0 4470 2163 4074 6 1174
1176 0 4474 2159 4070 6 1175
1177 0 4482 2155 4062 6 1176
1178 0 4490 2151 4058 6 1177
1179 0 4498 2147 4054 3.65685 1178
1180 0 4502 2147 4054 3.65685 1179
1181 0 4506 2147 4054 2 1180
1182 0 4514 2143 4054 6 1181
1183 0 4526 2139 4050 10 1182
1184 0 4547.26 2140.75 4050 8.03976 1183
1185 0 4570 2139 4034 6.94427 1184
1186 0 4578 2135 4026 3.65685 1185
1187 0 4582 2135 4026 3.65685 1186
1188 0 4586 2131 4022 3.65685 1187
1189 0 4590 2127 4018 2 1188
1190 0 4546 2123 4042 6 1184
1191 0 4546 2115 4042 6 1190
1192 0 4542 2107 4034 6 1191
1193 0 4490 2155 4082 6.94427 1176
1194 0 4498 2155 4082 2 1193
1195 0 4502 2155 4082 3.65685 1194
1196 0 4510 2147 4086 9.31371 1195
1197 0 4518 2139 4086 6.94427 1196
1198 0 4526 2139 4082 6.94427 1197
1199 0 4534 2151 4074 9.31371 1198
1200 0 4542 2155 4066 3.65685 1199
1201 0 4546 2159 4062 2 1200
1202 0 4458 2147 4078 9.31371 1174
1203 2 4454.18 2135.55 4081.82 9.31371 1202
1204 0 4454 2123 4090 6 1203
1205 0 4446 2107 4102 6 1204
1206 0 4450 2099 4114 6 1205
1207 0 4446 2095 4118 6 1206
1208 0 4446 2083 4118 2 1207
1209 0 4446 2079 4118 2 1208
1210 0 4450 2075 4118 2 1209
1211 0 4454 2071 4122 2 1210
1212 0 4462 2123 4066 6.94427 1203
1213 0 4462 2115 4058 6.94427 1212
1214 0 4466 2107 4050 2 1213
1215 0 4466 2103 4050 2 1214
1216 0 4442 2171 4090 3.65685 1170
1217 0 4442 2167 4090 2 1216
1218 0 4446 2163 4086 2 1217
1219 0 4442 2159 4086 2 1218
1220 0 4438 2155 4082 2 1219
1221 0 4391.79 2207 4102.89 6.20918 1168
1222 0 4398 2207 4106 3.65685 1221
1223 0 4402 2207 4110 3.65685 1222
1224 0 4410 2207 4110 6 1223
1225 0 4414 2215 4118 6 1224
1226 0 4414 2227 4122 10.6491 1225
1227 0 4426 2231 4126 6.94427 1226
1228 0 4442 2223 4134 9.31371 1227
1229 0 4450 2211 4142 6 1228
1230 0 4450 2191 4138 6 1229
1231 0 4450 2183 4138 6 1230
1232 0 4450 2175 4130 6 1231
1233 0 4450 2167 4118 2 1232
1234 0 4390 2199 4118 6.94427 1221
1235 0 4394 2215 4134 9.31371 1234
1236 0 4394 2227 4134 10 1235
1237 0 4394 2239 4146 6.94427 1236
1238 0 4382 2251 4150 6 1237
1239 0 4378 2255 4154 3.65685 1238
1240 0 4370 2259 4154 6 1239
1241 0 4354 2263 4158 6 1240
1242 0 4346 2267 4158 2 1241
1243 0 4342 2267 4158 3.65685 1242
1244 0 4338 2271 4154 3.65685 1243
1245 0 4338 2275 4150 2 1244
1246 0 4459.33 2280.33 4059.33 16.0513 1093
1247 0 4422 2279 4030 14 1246
1248 0 4402 2271 4014 23.6125 1247
1249 0 4386 2239 4014 6.94427 1248
1250 0 4386 2227 4022 6 1249
1251 0 4382 2211 4030 6 1250
1252 0 4378 2203 4030 2 1251
1253 0 4378 2199 4030 2 1252
1254 0 4374 2195 4030 2 1253
1255 0 4382 2299 4002 18.3961 1248
1256 0 4382 2319 4002 12.4222 1255
1257 0 4478 2271 4042 3.65685 1246
1258 0 4486 2271 4034 3.65685 1257
1259 0 4494 2271 4026 6 1258
1260 0 4502 2271 4026 6 1259
1261 0 4510 2275 4022 3.65685 1260
1262 0 4514 2275 4022 2 1261
1263 0 4510 2259 4166 15.8885 1091
1264 0 4522 2247 4166 6.94427 1263
1265 0 4530 2243 4166 6 1264
1266 0 4538 2239 4162 2 1265
1267 0 4542 2239 4162 2 1266
1268 0 4466 2307 4218 12.4222 1090
1269 0 4446 2323 4214 2 1268
1270 0 4442 2327 4214 2 1269
1271 0 4434 2327 4214 6.94427 1270
1272 0 4426 2327 4214 6 1271
1273 2 4515.41 2273.12 4212.59 12.1372 1089
1274 0 4526 2259 4202 10 1273
1275 0 4534 2255 4194 6 1274
1276 0 4534 2251 4186 3.65685 1275
1277 0 4534 2247 4182 3.65685 1276
1278 0 4534 2243 4182 2 1277
1279 0 4498 2255 4206 9.31371 1273
1280 0 4502 2247 4202 6 1279
1281 0 4506 2243 4198 6 1280
1282 0 4442 2299 4266 6.94427 543
1283 0 4422 2311 4282 6.94427 1282
1284 0 4414 2315 4286 6 1283
1285 0 4406 2315 4282 2 1284
1286 0 4402 2315 4282 2 1285
1287 0 4390 2331 4226 3.65685 537
1288 0 4390 2327 4218 3.65685 1287
1289 0 4394 2327 4206 6 1288
1290 0 4370 2343 4254 6 536
1291 0 4370 2355 4266 9.31371 1290
1292 0 4370 2367 4278 6 1291
1293 0 4370 2375 4286 6 1292
1294 0 4370 2375 4298 6 1293
1295 0 4366 2371 4306 6 1294
1296 0 4354 2315 4258 6 535
1297 0 4350 2303 4270 6 1296
1298 0 4342 2295 4274 10.6491 1297
1299 0 4323.21 2293.3 4292.79 14.804 1298
1300 2 4314.48 2291.12 4301.52 20.9807 1299
1301 0 4319.71 2275.58 4327.28 18.7808 1300
1302 0 4334 2247 4338 12.4222 1301
1303 0 4350 2223 4338 10.6491 1302
1304 0 4358 2215 4342 9.31371 1303
1305 0 4366 2211 4350 3.65685 1304
1306 0 4370 2211 4350 2 1305
1307 0 4302 2259 4338 6 1301
1308 0 4290 2239 4342 10 1307
1309 0 4286 2227 4338 6 1308
1310 0 4350 2315 4314 6.94427 1300
1311 0 4358 2323 4310 3.65685 1310
1312 0 4358 2327 4310 3.65685 1311
1313 0 4362 2331 4306 2 1312
1314 0 4362 2335 4306 2 1313
1315 0 4322 2251 4298 10.6491 1299
1316 0 4314 2243 4306 3.65685 1315
1317 0 4310 2243 4310 3.65685 1316
1318 0 4306 2243 4314 2 1317
1319 2 4312.24 2308.01 4228.95 16.5481 533
1320 2 4297.56 2334.11 4210.89 21.1181 1319
1321 0 4294 2343 4202 23.6125 1320
1322 0 4290 2367 4202 9.31371 1321
1323 0 4290 2387 4198 3.65685 1322
1324 0 4294 2391 4194 3.65685 1323
1325 0 4294 2391 4190 3.65685 1324
1326 0 4294 2391 4182 6 1325
1327 0 4286 2403 4170 6 1326
1328 0 4286 2411 4170 6 1327
1329 0 4286 2419 4170 2 1328
1330 0 4282 2423 4170 2 1329
1331 0 4278 2427 4174 6 1330
1332 0 4270 2431 4166 6.94427 1331
1333 0 4258 2427 4154 6 1332
1334 0 4254 2423 4150 3.65685 1333
1335 0 4250 2419 4146 3.65685 1334
1336 0 4246 2407 4142 6 1335
1337 0 4242 2395 4138 6 1336
1338 0 4242 2391 4122 6 1337
1339 0 4246 2395 4118 3.65685 1338
1340 0 4246 2399 4106 6 1339
1341 0 4246 2415 4090 6 1340
1342 0 4254 2419 4078 6 1341
1343 0 4254 2419 4062 6 1342
1344 0 4258 2419 4046 6.94427 1343
1345 2 4263.12 2424.12 4042.59 7.9546 1344
1346 0 4270 2431 4038 9.31371 1345
1347 0 4286 2447 4026 3.65685 1346
1348 0 4290 2451 4022 6 1347
1349 0 4294 2455 4018 3.65685 1348
1350 0 4298 2463 4014 6 1349
1351 0 4302 2471 4010 6.94427 1350
1352 0 4310 2479 4014 6 1351
1353 0 4318 2483 4022 2 1352
1354 0 4322 2483 4026 2 1353
1355 0 4254 2427 4018 14.4924 1345
1356 0 4262 2439 3998 2 1355
1357 0 4262 2439 3994 2 1356
1358 0 4266 2443 3990 6 1357
1359 0 4270 2443 3982 6 1358
1360 0 4242 2387 4150 6.94427 1337
1361 0 4250 2379 4158 6.94427 1360
1362 0 4254 2387 4174 6 1361
1363 0 4258 2391 4178 6 1362
1364 0 4258 2399 4178 2 1363
1365 0 4258 2403 4178 2 1364
1366 2 4281.56 2428.78 4177.56 6 1331
1367 0 4286 2431 4182 6 1366
1368 0 4286 2435 4194 6 1367
1369 0 4294 2447 4202 10 1368
1370 0 4294 2459 4206 12.4222 1369
1371 0 4302 2471 4214 6.94427 1370
1372 0 4306 2479 4222 6 1371
1373 0 4278 2455 4182 10 1366
1374 0 4286 2475 4182 10 1373
1375 0 4298 2479 4186 6 1374
1376 2 4297.27 2344.96 4196.78 22.1235 1321
1377 2 4311.04 2353.22 4174.73 15.8418 1376
1378 2 4330 2371 4154 17.2985 1377
1379 0 4351.66 2397.63 4111.37 19.9473 1378
1380 2 4354 2425.69 4079.57 18.3701 1379
1381 0 4346 2419 4010 10.6491 1380
1382 2 4352.67 2408.33 3979.33 20.8874 1381
1383 0 4334 2387 3962 9.31371 1382
1384 0 4330 2387 3938 6.94427 1383
1385 0 4330 2387 3922 6.94427 1384
1386 0 4334 2383 3906 6.94427 1385
1387 0 4338 2383 3898 2 1386
1388 0 4342 2383 3894 2 1387
1389 0 4382 2447 3966 23.2982 1382
1390 0 4418 2463 3966 9.31371 1389
1391 0 4366 2463 4050 18 1380
1392 0 4374 2467 4034 12.4222 1391
1393 0 4386 2475 3990 15.8885 1392
1394 0 4398 2507 3986 10 1393
1395 0 4398 2519 3986 9.31371 1394
1396 0 4398 2531 3982 3.65685 1395
1397 0 4394 2535 3982 2 1396
1398 0 4354 2375 4094 2 1379
1399 0 4358 2371 4090 6 1398
1400 0 4358 2363 4082 6 1399
1401 0 4358 2363 4074 3.65685 1400
1402 0 4354 2359 4070 3.65685 1401
1403 0 4354 2359 4062 3.65685 1402
1404 0 4354 2359 4058 2 1403
1405 0 4338 2395 4174 19.5407 1378
1406 0 4342 2415 4178 14 1405
1407 0 4330 2431 4182 3.65685 1406
1408 0 4326 2435 4182 2 1407
1409 0 4302 2343 4146 22 1377
1410 2 4292.67 2345.67 4112.67 18 1409
1411 2 4290.67 2343.67 4098.67 18 1410
1412 2 4281.69 2334.69 4085.69 11.9852 1411
1413 0 4270 2323 4078 6.94427 1412
1414 0 4258 2311 4078 6.94427 1413
1415 0 4250 2303 4078 3.65685 1414
1416 0 4250 2299 4078 3.65685 1415
1417 0 4242 2283 4090 10.6491 1416
1418 0 4242 2267 4114 14.9706 1417
1419 0 4222 2263 4142 9.31371 1418
1420 0 4214 2263 4158 6.94427 1419
1421 0 4214 2259 4174 6 1420
1422 0 4266 2255 4106 9.31371 1418
1423 0 4286 2251 4098 3.65685 1422
1424 0 4290 2247 4098 2 1423
1425 2 4286.42 2340.32 4081.43 15.4077 1412
1426 2 4289.82 2346.67 4055.36 17.8717 1425
1427 0 4286 2343.32 4024.8 18 1426
1428 0 4278 2323 4002 14.4924 1427
1429 0 4262 2311 4002 6 1428
1430 0 4254 2303 4002 3.65685 1429
1431 0 4250 2299 4002 2 1430
1432 0 4246 2299 4002 2 1431
1433 0 4238 2291 4002 6.94427 1432
1434 0 4230 2283 4002 6 1433
1435 0 4274 2323 4026 6.94427 1427
1436 0 4266 2315 4026 6.94427 1435
1437 0 4258 2311 4026 3.65685 1436
1438 0 4250 2303 4026 3.65685 1437
1439 0 4242 2295 4026 3.65685 1438
1440 0 4238 2291 4030 3.65685 1439
1441 0 4234 2291 4034 3.65685 1440
1442 0 4230 2287 4034 3.65685 1441
1443 0 4230 2283 4034 2 1442
1444 0 4278 2323 4042 10 1426
1445 0 4266 2315 4042 6 1444
1446 0 4262 2311 4046 3.65685 1445
1447 0 4254 2307 4046 3.65685 1446
1448 0 4250 2299 4046 3.65685 1447
1449 0 4246 2295 4050 3.65685 1448
1450 0 4246 2291 4050 2 1449
1451 0 4306 2367 4078 9.31371 1425
1452 0 4322 2387 4082 3.65685 1451
1453 0 4322 2391 4082 3.65685 1452
1454 0 4322 2395 4082 2 1453
1455 0 4294 2319 4106 6 1411
1456 0 4294 2311 4106 2 1455
1457 0 4290 2307 4106 3.65685 1456
1458 0 4286 2303 4110 3.65685 1457
1459 0 4282 2299 4114 6 1458
1460 0 4278 2295 4118 3.65685 1459
1461 0 4278 2291 4118 2 1460
1462 0 4278 2331 4110 6 1410
1463 0 4270 2331 4110 6 1462
1464 0 4266 2327 4106 3.65685 1463
1465 0 4262 2323 4106 3.65685 1464
1466 0 4254 2315 4106 6 1465
1467 0 4246 2303 4114 6 1466
1468 0 4274 2331 4174 10.6491 1376
1469 0 4266 2331 4166 6 1468
1470 0 4258 2331 4158 6 1469
1471 0 4254 2327 4150 3.65685 1470
1472 0 4246 2319 4142 3.65685 1471
1473 0 4246 2315 4142 3.65685 1472
1474 0 4242 2311 4138 3.65685 1473
1475 0 4242 2303 4134 6 1474
1476 0 4238 2291 4134 6.94427 1475
1477 0 4230 2287 4142 3.65685 1476
1478 0 4230 2287 4150 3.65685 1477
1479 0 4230 2287 4154 2 1478
1480 0 4254 2327 4206 6 1321
1481 0 4250 2323 4210 6 1480
1482 0 4246 2319 4206 3.65685 1481
1483 0 4242 2311 4206 6 1482
1484 0 4234 2303 4206 3.65685 1483
1485 0 4234 2299 4206 3.65685 1484
1486 0 4226 2291 4198 3.65685 1485
1487 0 4226 2287 4194 3.65685 1486
1488 0 4222 2283 4190 3.65685 1487
1489 0 4222 2275 4182 3.65685 1488
1490 0 4222 2275 4174 3.65685 1489
1491 0 4226 2275 4170 2 1490
1492 0 4274 2315 4206 6 1320
1493 0 4274 2307 4206 2 1492
1494 0 4274 2303 4206 2 1493
1495 0 4274 2299 4206 2 1494
1496 0 4274 2291 4198 6 1495
1497 0 4274 2275 4202 6.94427 1496
1498 0 4278 2267 4206 3.65685 1497
1499 0 4278 2263 4206 2 1498
1500 2 4310.97 2314.22 4206.93 15.386 1319
1501 0 4310 2323 4162 14.4924 1500
1502 0 4322 2315 4150 6.94427 1501
1503 0 4334 2311 4142 6.94427 1502
1504 0 4342 2303 4138 10.6491 1503
1505 0 4342 2287 4134 6 1504
1506 0 4334 2279 4134 3.65685 1505
1507 0 4330 2275 4134 3.65685 1506
1508 0 4322 2271 4134 6.94427 1507
1509 0 4314 2263 4142 10 1508
1510 0 4298 2251 4146 6 1509
1511 0 4282 2255 4150 6.94427 1510
1512 0 4266 2247 4162 6.94427 1511
1513 0 4258 2243 4174 6.94427 1512
1514 0 4250 2243 4194 6 1513
1515 0 4242 2243 4202 6 1514
1516 0 4334 2315 4122 10 1503
1517 0 4334 2319 4110 6.94427 1516
1518 0 4334 2323 4098 10 1517
1519 0 4334 2331 4086 6.94427 1518
1520 0 4330 2335 4066 6 1519
1521 0 4338 2343 4058 6.94427 1520
1522 0 4338 2351 4050 6.94427 1521
1523 0 4338 2355 4034 6.94427 1522
1524 0 4342 2363 4026 6 1523
1525 0 4350 2323 4110 6 1516
1526 0 4362 2331 4102 14.9706 1525
1527 0 4374 2347 4106 12.4222 1526
1528 0 4386 2359 4106 6 1527
1529 2 4319.45 2303.87 4201.17 11.2028 1500
1530 0 4330 2291 4194 6 1529
1531 0 4330 2283 4186 3.65685 1530
1532 0 4330 2279 4186 2 1531
1533 0 4334 2275 4182 2 1532
1534 0 4334 2271 4182 3.65685 1533
1535 0 4326 2263 4178 6 1534
1536 0 4306 2259 4174 6.94427 1535
1537 0 4298 2251 4174 6.94427 1536
1538 0 4290 2251 4182 2 1537
1539 0 4286 2251 4186 2 1538
1540 0 4334 2315 4190 6 1529
1541 0 4342 2315 4186 2 1540
1542 0 4346 2319 4186 3.65685 1541
1543 0 4350 2319 4182 3.65685 1542
1544 0 4354 2319 4182 2 1543
1545 0 4358 2323 4182 3.65685 1544
1546 0 4362 2327 4182 2 1545
1547 0 4314 2291 4262 10 532
1548 0 4314 2283 4274 12.4222 1547
1549 0 4314 2271 4278 6.94427 1548
1550 0 4310 2251 4278 6.94427 1549
1551 0 4302 2243 4270 2 1550
1552 0 4298 2243 4266 2 1551
1553 0 4278 2307 4242 6 531
1554 0 4278 2299 4242 2 1553
1555 0 4278 2295 4242 2 1554
1556 0 4274 2291 4238 3.65685 1555
1557 0 4270 2283 4238 6.94427 1556
1558 0 4270 2275 4234 3.65685 1557
1559 0 4274 2271 4230 3.65685 1558
1560 0 4282 2267 4222 6 1559
1561 0 4326 2367 4278 12.4222 530
1562 0 4342 2391 4246 22 1561
1563 0 4354 2403 4226 23.6125 1562
1564 0 4370 2423 4218 12.4222 1563
1565 0 4382 2427 4218 3.65685 1564
1566 0 4386 2427 4218 2 1565
1567 0 4322 2367 4298 15.8885 529
1568 0 4334 2395 4298 14 1567
1569 0 4322 2411 4302 10.6491 1568
1570 2 4304 2417 4306 6.94427 1569
1571 0 4298 2423 4306 6.94427 1570
1572 0 4294 2423 4298 6 1571
1573 2 4294 2423 4292 6 1572
1574 0 4294 2435 4278 6 1573
1575 0 4298 2439 4270 6 1574
1576 0 4298 2427 4250 6 1575
1577 0 4290 2423 4242 6.94427 1576
1578 0 4278 2419 4246 6 1577
1579 0 4270 2415 4250 3.65685 1578
1580 0 4266 2415 4250 3.65685 1579
1581 0 4262 2411 4254 2 1580
1582 0 4290 2439 4294 2 1573
1583 0 4290 2447 4290 6.94427 1582
1584 0 4286 2455 4286 6 1583
1585 0 4286 2459 4278 6 1584
1586 0 4286 2467 4278 2 1585
1587 0 4286 2471 4274 2 1586
1588 0 4290 2475 4270 6 1587
1589 0 4294 2479 4266 6 1588
1590 0 4298 2475 4258 6 1589
1591 0 4298 2467 4254 6 1590
1592 0 4278 2419 4298 6 1572
1593 0 4262 2415 4298 6.94427 1592
1594 0 4254 2411 4290 6.94427 1593
1595 2 4298.34 2426.43 4317.31 6.94427 1570
1596 0 4286 2435 4322 10 1595
1597 0 4258 2439 4322 6.94427 1596
1598 0 4250 2447 4322 3.65685 1597
1599 0 4246 2451 4322 3.65685 1598
1600 0 4234 2459 4322 10 1599
1601 0 4234 2471 4326 9.31371 1600
1602 0 4238 2483 4330 2 1601
1603 0 4242 2483 4330 2 1602
1604 0 4302 2427 4334 9.31371 1595
1605 0 4302 2435 4342 6 1604
1606 0 4302 2439 4350 6 1605
1607 0 4294 2447 4358 6.94427 1606
1608 0 4290 2463 4362 6 1607
1609 0 4262 2279 4334 10.6491 528
1610 0 4254 2271 4330 6.94427 1609
1611 0 4254 2263 4326 3.65685 1610
1612 0 4258 2259 4322 2 1611
1613 0 4242 2359 4330 2 527
1614 0 4238 2363 4326 2 1613
1615 0 4238 2371 4326 6 1614
1616 0 4242 2375 4322 2 1615
1617 0 4242 2379 4322 3.65685 1616
1618 0 4246 2383 4318 3.65685 1617
1619 0 4246 2383 4314 3.65685 1618
1620 0 4246 2387 4306 6.94427 1619
1621 0 4250 2387 4286 6.94427 1620
1622 0 4254 2383 4270 6.94427 1621
1623 0 4254 2383 4250 6 1622
1624 0 4254 2379 4234 6 1623
1625 2 4248 2375 4228 6 1624
1626 0 4242 2375 4222 6 1625
1627 0 4238 2375 4214 3.65685 1626
1628 0 4238 2371 4206 6 1627
1629 0 4234 2371 4190 6 1628
1630 0 4234 2371 4182 6 1629
1631 0 4254 2383 4222 3.65685 1625
1632 0 4254 2387 4214 3.65685 1631
1633 0 4254 2391 4206 3.65685 1632
1634 0 4258 2395 4202 3.65685 1633
1635 0 4258 2399 4198 2 1634
1636 0 4258 2403 4194 2 1635
1637 0 4262 2407 4190 2 1636
1638 2 4229.51 2377.79 4331.09 9.39411 1615
1639 0 4218 2387 4338 14 1638
1640 0 4214 2403 4334 6 1639
1641 0 4214 2411 4334 6 1640
1642 0 4214 2427 4334 6 1641
1643 0 4218 2431 4338 6 1642
1644 0 4218 2439 4342 3.65685 1643
1645 0 4222 2443 4346 2 1644
1646 0 4214 2411 4322 6 1641
1647 0 4218 2415 4318 6 1646
1648 0 4218 2427 4318 6 1647
1649 0 4222 2435 4318 6.94427 1648
1650 0 4214 2359 4322 9.31371 1638
1651 0 4214 2351 4314 6 1650
1652 0 4218 2339 4306 6 1651
1653 0 4270 2295 4378 6.94427 526
1654 0 4266 2283 4390 6.94427 1653
1655 0 4258 2279 4398 9.31371 1654
1656 0 4250 2283 4402 2 1655
1657 0 4246 2283 4406 2 1656
1658 0 4234 2303 4366 6.94427 525
1659 0 4214 2287 4358 6.94427 1658
1660 0 4210 2275 4358 2 1659
1661 0 4278 2303 4418 12.4222 524
1662 0 4282 2299 4430 9.31371 1661
1663 0 4286 2299 4442 10 1662
1664 0 4294 2279 4450 10 1663
1665 0 4302 2263 4462 14 1664
1666 0 4294 2243 4474 6 1665
1667 0 4286 2243 4474 6 1666
1668 0 4282 2239 4478 3.65685 1667
1669 0 4278 2239 4478 3.65685 1668
1670 0 4274 2243 4482 2 1669
1671 0 4278 2395 4374 6.94427 523
1672 0 4282 2403 4378 3.65685 1671
1673 0 4282 2407 4378 2 1672
1674 0 4282 2411 4378 2 1673
1675 0 4286 2415 4382 6 1674
1676 2 4297.37 2426.37 4378.21 12.0842 1675
1677 0 4298 2447 4378 6 1676
1678 0 4298 2455 4378 6 1677
1679 0 4294 2467 4390 6 1678
1680 0 4294 2475 4398 6 1679
1681 0 4306 2427 4394 9.31371 1676
1682 0 4306 2435 4402 6 1681
1683 0 4306 2435 4410 3.65685 1682
1684 0 4306 2443 4418 6 1683
1685 0 4302 2451 4418 2 1684
1686 0 4302 2455 4418 2 1685
1687 0 4302 2459 4418 3.65685 1686
1688 0 4306 2463 4418 2 1687
1689 0 4226 2383 4402 10.6491 522
1690 0 4222 2403 4390 6 1689
1691 0 4222 2411 4386 6 1690
1692 0 4214 2419 4386 2 1691
1693 0 4214 2423 4386 2 1692
1694 0 4214 2427 4386 2 1693
1695 0 4214 2431 4386 2 1694
1696 0 4214 2451 4390 2 1695
1697 0 4218 2451 4390 2 1696
1698 0 4214 2475 4366 2 1696
1699 0 4214 2479 4366 2 1698
1700 0 4214 2483 4366 2 1699
1701 0 4278 2327 4946 2 52
1702 0 4270 2319 4950 2 1701
1703 0 4266 2323 4954 2 1702
1704 0 4266 2307 4950 2 1702
1705 0 4270 2303 4946 2 1704
1706 0 4266 2307 4954 2 1704
1707 0 4266 2303 4962 2 1706
1708 0 4270 2303 4962 2 1707
1709 0 4274 2303 4962 2 1708
1710 0 4290 2283 4958 6 1709
1711 0 4290 2267 4962 6 1710
1712 0 4298 2259 4958 3.65685 1711
1713 0 4306 2251 4950 6.94427 1712
1714 2 4312 2239 4928 6 1713
1715 0 4306 2243 4922 6 1714
1716 0 4306 2243 4914 3.65685 1715
1717 0 4306 2243 4906 3.65685 1716
1718 0 4310 2243 4898 6.94427 1717
1719 0 4314 2243 4890 6 1718
1720 0 4322 2247 4882 2 1719
1721 0 4328 2239 4944 6.23607 1714
1722 0 4326 2239 4966 6 1721
1723 0 4318 2243 4982 9.31371 1722
1724 2 4334.99 2238.67 4950.99 7.19587 1721
1725 0 4350 2239 4938 6 1724
1726 0 4362 2243 4934 6 1725
1727 0 4366 2247 4930 6 1726
1728 0 4366 2247 4922 6 1727
1729 0 4358 2231 4978 10 1724
1730 0 4366 2227 4986 6 1729
1731 0 4374 2223 4994 6 1730
1732 0 4258 2311 4966 2 1707
1733 0 4254 2315 4966 2 1732
1734 0 4254 2315 4954 2 1733
1735 0 4250 2315 4950 2 1734
1736 0 4250 2307 4938 2 1735
1737 0 4250 2307 4934 3.65685 1736
1738 0 4246 2311 4930 2 1737
1739 0 4262 2299 4966 2 1707
1740 0 4274 2291 4994 6 1739
1741 0 4274 2283 4994 6 1740
