# Generated by NeuTu (https://github.com/janelia-flyem/NeuTu)
1 0 3967 2133 3652 6 -1
2 0 3967 2153 3652 6 1
3 0 3975 2165 3652 10 2
4 0 3971 2185 3648 6 3
5 0 3975 2197 3648 6 4
6 0 3975 2205 3640 6 5
7 0 3971 2217 3636 9.31371 6
8 0 3963 2229 3624 3.65685 7
9 0 3959 2233 3620 3.65685 8
10 0 3955 2233 3616 3.65685 9
11 0 3951 2237 3612 3.65685 10
12 0 3951 2245 3608 6.94427 11
13 0 3947 2253 3600 6 12
14 0 3951 2257 3596 3.65685 13
15 0 3951 2261 3588 3.65685 14
16 0 3947 2265 3584 3.65685 15
17 0 3947 2269 3580 3.65685 16
18 0 3943 2273 3576 2 17
19 0 3943 2277 3568 6 18
20 0 3939 2281 3564 3.65685 19
21 0 3935 2285 3560 6 20
22 0 3927 2293 3548 6 21
23 0 3923 2301 3540 6.94427 22
24 0 3915 2305 3528 6 23
25 0 3911 2309 3524 6 24
26 0 3911 2309 3516 6 25
27 0 3903 2309 3508 6 26
28 0 3895 2305 3500 2 27
29 0 3891 2305 3500 2 28
