# Generated by NeuTu (https://github.com/janelia-flyem/NeuTu)
1 0 4136 2372 3663 6.94427 -1
2 0 4144 2380 3675 9.31371 1
3 0 4152 2380 3687 9.31371 2
4 0 4164 2384 3699 3.65685 3
5 0 4172 2392 3707 3.65685 4
6 0 4176 2400 3715 6 5
7 0 4184 2408 3723 6 6
8 0 4196 2412 3731 6 7
9 0 4216 2408 3751 6.94427 8
10 0 4220 2400 3755 3.65685 9
11 0 4220 2396 3759 3.65685 10
12 0 4216 2392 3763 3.65685 11
13 0 4212 2388 3767 6 12
14 0 4208 2376 3783 6 13
15 0 4208 2368 3791 6 14
16 0 4212 2356 3795 6 15
17 0 4212 2340 3795 6 16
18 0 4204 2324 3799 6 17
19 0 4192 2312 3803 6.94427 18
20 0 4180 2308 3803 10.6491 19
21 0 4168 2296 3795 6.94427 20
22 0 4164 2288 3787 6 21
23 0 4160 2284 3783 3.65685 22
24 0 4160 2276 3779 6.94427 23
25 0 4152 2260 3763 6 24
26 0 4136 2260 3747 6 25
27 0 4132 2264 3743 3.65685 26
28 0 4132 2264 3739 2 27
29 0 4160 2424 3743 12.4222 7
30 0 4148 2416 3755 6 29
31 0 4144 2412 3759 2 30
32 0 4144 2408 3759 2 31
