# Generated by NeuTu (https://github.com/janelia-flyem/NeuTu)
1 0 3869 2279 3923 2 -1
2 0 3865 2279 3923 2 1
3 0 3861 2279 3923 3.65685 2
4 0 3857 2279 3919 3.65685 3
5 0 3853 2279 3915 2 4
6 0 3845 2279 3911 6 5
7 0 3833 2275 3907 10 6
8 0 3825 2283 3907 6 7
9 0 3821 2287 3903 2 8
10 0 3821 2291 3903 2 9
11 0 3817 2295 3903 3.65685 10
12 0 3813 2299 3899 6 11
13 0 3829 2311 3883 6 12
14 0 3829 2311 3867 9.31371 13
15 0 3829 2319 3859 6 14
16 0 3829 2319 3843 6 15
17 0 3825 2319 3831 6 16
18 0 3817 2315 3823 9.31371 17
19 0 3813 2311 3811 6 18
20 0 3809 2311 3803 2 19
21 0 3805 2311 3795 6 20
22 0 3801 2311 3787 3.65685 21
23 0 3797 2307 3783 6 22
24 0 3833 2327 3867 6 15
25 0 3833 2335 3875 6.94427 24
26 0 3841 2339 3887 6.94427 25
27 0 3841 2343 3895 6.94427 26
28 0 3837 2343 3903 3.65685 27
29 0 3837 2343 3911 3.65685 28
30 0 3837 2343 3915 2 29
31 0 3837 2339 3919 3.65685 30
32 0 3837 2335 3923 2 31
