# Generated by NeuTu (https://github.com/janelia-flyem/NeuTu)
1 0 3845 2213 3960 2 -1
2 0 3845 2213 3956 3.65685 1
3 0 3841 2213 3948 3.65685 2
4 0 3833 2209 3944 6.94427 3
5 0 3825 2201 3952 3.65685 4
6 0 3809 2193 3952 6.94427 5
7 0 3801 2185 3952 9.31371 6
8 0 3797 2169 3944 6 7
9 0 3797 2165 3936 6 8
10 0 3793 2149 3924 6 9
11 0 3793 2141 3904 6 10
12 0 3789 2137 3900 6 11
13 0 3797 2129 3880 6.94427 12
14 0 3801 2125 3868 6 13
15 0 3801 2125 3860 3.65685 14
16 0 3801 2125 3856 3.65685 15
17 0 3801 2121 3848 6.94427 16
18 0 3797 2117 3836 6 17
