# Generated by NeuTu (https://github.com/janelia-flyem/NeuTu)
1 0 4043 2727 3919 6 -1
2 0 4047 2727 3907 10 1
3 0 4055 2719 3883 12.4222 2
4 0 4059 2715 3855 9.31371 3
5 0 4067 2715 3839 9.31371 4
6 0 4087 2731 3823 6 5
7 0 4095 2735 3823 3.65685 6
8 0 4103 2739 3823 6 7
9 0 4119 2731 3823 6 8
10 0 4135 2727 3823 6 9
11 0 4147 2719 3823 6.94427 10
12 0 4159 2711 3827 6.94427 11
13 0 4167 2703 3831 3.65685 12
14 0 4179 2699 3835 10.6491 13
15 0 4191 2695 3839 6 14
16 0 4207 2695 3843 6 15
17 0 4219 2691 3843 6 16
18 0 4235 2679 3847 6.94427 17
19 0 4239 2671 3851 3.65685 18
20 0 4243 2663 3851 6 19
21 0 4247 2647 3855 6 20
22 0 4259 2623 3859 10.6491 21
23 0 4263 2603 3867 2 22
24 0 4263 2599 3871 2 23
25 0 4263 2595 3875 2 24
26 0 4263 2591 3875 2 25
27 0 4175 2675 3835 6 14
28 0 4175 2663 3835 6 27
29 0 4175 2655 3835 6 28
30 0 4171 2647 3839 2 29
31 0 4171 2643 3839 2 30
32 0 4171 2639 3839 2 31
