# Generated by NeuTu (https://github.com/janelia-flyem/NeuTu)
1 0 4168 2845 3826 6 -1
2 0 4156 2849 3830 10 1
3 0 4148 2865 3838 6 2
4 0 4140 2873 3838 3.65685 3
5 0 4136 2881 3842 6.94427 4
6 0 4128 2893 3846 6.94427 5
7 0 4120 2901 3858 6 6
8 0 4116 2901 3866 3.65685 7
9 0 4120 2901 3874 6.94427 8
10 0 4116 2909 3886 6.94427 9
11 0 4108 2913 3898 6 10
12 0 4096 2917 3910 6.94427 11
13 0 4088 2921 3914 9.31371 12
14 0 4080 2933 3942 6.94427 13
15 0 4076 2937 3954 6 14
16 0 4068 2941 3966 6 15
17 0 4064 2941 3974 3.65685 16
18 0 4064 2937 3982 3.65685 17
19 0 4060 2933 3986 3.65685 18
20 0 4056 2933 3990 3.65685 19
21 0 4052 2929 3994 6 20
