# Generated by NeuTu (https://github.com/janelia-flyem/NeuTu)
1 0 4049 3113 3524 2 -1
2 0 4045 3109 3524 3.65685 1
3 0 4041 3105 3520 6 2
4 0 4033 3097 3516 3.65685 3
5 0 4025 3093 3516 3.65685 4
6 0 4021 3089 3512 6 5
7 0 4009 3081 3512 6.94427 6
8 0 4001 3077 3512 6.94427 7
9 0 3985 3061 3528 6.94427 8
10 0 3973 3049 3532 9.31371 9
11 0 3965 3041 3540 10.6491 10
12 0 3965 3021 3544 6 11
13 0 3969 3005 3552 6 12
14 0 3973 2997 3564 6 13
15 0 3977 2989 3576 6 14
16 0 3977 2985 3592 6.94427 15
17 0 3981 2977 3600 6 16
18 0 3981 2973 3616 6 17
19 0 3981 2973 3624 6 18
20 0 3981 2957 3640 6 19
21 0 3985 2953 3648 3.65685 20
22 0 3985 2949 3652 3.65685 21
23 0 3989 2945 3656 3.65685 22
24 0 3989 2937 3668 9.31371 23
25 0 3997 2925 3684 6 24
26 0 3997 2917 3696 6 25
27 0 4005 2913 3704 2 26
28 0 4005 2913 3708 2 27
