# Generated by NeuTu (https://github.com/janelia-flyem/NeuTu)
1 0 3846 2715 3511 2 -1
2 0 3842 2715 3511 2 1
3 0 3838 2715 3511 2 2
4 0 3830 2711 3511 6 3
5 0 3818 2707 3519 6 4
6 0 3818 2703 3527 6 5
7 0 3818 2699 3539 2 6
8 0 3818 2699 3543 2 7
9 0 3818 2699 3547 2 8
10 0 3818 2699 3551 2 9
11 0 3818 2703 3555 3.65685 10
12 0 3818 2703 3559 3.65685 11
13 0 3822 2703 3563 2 12
14 0 3822 2703 3571 6 13
15 0 3818 2711 3591 6 14
16 0 3810 2707 3599 6 15
17 0 3802 2699 3603 6 16
18 0 3802 2691 3603 2 17
19 0 3802 2687 3603 2 18
