# Generated by NeuTu (https://github.com/janelia-flyem/NeuTu)
1 0 4011 2909 3590 6 -1
2 0 4023 2909 3610 10 1
3 0 4031 2917 3622 2 2
4 0 4035 2917 3626 3.65685 3
5 0 4039 2925 3634 6.94427 4
6 2 4046.33 2928.67 3641.33 6.07869 5
7 0 4059 2937 3642 6.94427 6
8 0 4075 2941 3642 6 7
9 0 4087 2945 3642 3.65685 8
10 0 4095 2949 3642 6 9
11 0 4103 2957 3634 6.94427 10
12 0 4119 2965 3634 6 11
13 0 4123 2969 3638 2 12
14 0 4123 2973 3638 2 13
15 0 4031 2925 3658 6 6
16 0 4023 2921 3666 6 15
17 0 4019 2925 3670 6 16
