# Generated by NeuTu (https://github.com/janelia-flyem/NeuTu)
1 0 3883 3416 1746 2 -1
2 0 3883 3412 1746 2 1
3 0 3883 3404 1750 6 2
4 0 3883 3404 1758 2 3
5 0 3883 3404 1762 2 4
6 0 3883 3404 1766 2 5
7 0 3883 3404 1738 6 3
8 0 3883 3412 1734 6 7
9 0 3883 3412 1726 3.65685 8
10 0 3883 3416 1718 3.65685 9
11 0 3883 3416 1710 3.65685 10
12 0 3883 3416 1702 3.65685 11
13 0 3883 3416 1698 3.65685 12
14 0 3883 3408 1690 6 13
15 0 3883 3400 1690 6 14
16 0 3887 3388 1682 10 15
17 0 3891 3380 1674 3.65685 16
18 0 3895 3380 1670 2 17
