# Generated by NeuTu (https://github.com/janelia-flyem/NeuTu)
1 0 3907 3485 4126 6.94427 -1
2 0 3899 3493 4118 9.31371 1
3 0 3887 3509 4110 6.94427 2
4 0 3875 3525 4106 6 3
5 0 3871 3545 4094 10.6491 4
6 0 3875 3553 4086 6.94427 5
7 0 3883 3561 4074 6.94427 6
8 0 3887 3565 4058 9.31371 7
9 0 3891 3581 4038 6.94427 8
10 0 3895 3585 4030 9.31371 9
11 0 3899 3593 4014 6.94427 10
12 0 3907 3601 4006 6 11
13 0 3919 3605 3994 6 12
14 0 3935 3621 3986 6.94427 13
15 0 3943 3629 3978 3.65685 14
16 0 3947 3633 3974 3.65685 15
17 0 3947 3637 3974 3.65685 16
18 0 3951 3641 3970 6 17
19 0 3955 3645 3966 3.65685 18
20 0 3955 3645 3962 2 19
