# Generated by NeuTu (https://github.com/janelia-flyem/NeuTu)
1 0 4060 3545 3708 6.94427 -1
2 0 4076 3549 3720 9.31371 1
3 0 4096 3541 3724 6 2
4 0 4104 3537 3724 6 3
5 0 4112 3537 3728 3.65685 4
6 0 4120 3541 3732 9.31371 5
7 0 4136 3541 3740 6.94427 6
8 0 4140 3525 3760 10 7
9 0 4144 3517 3768 6 8
10 0 4148 3501 3784 6 9
11 0 4148 3493 3800 6 10
12 0 4152 3489 3820 6 11
13 0 4156 3481 3828 6 12
14 0 4168 3473 3840 6.94427 13
15 0 4180 3465 3852 6.94427 14
16 0 4188 3461 3856 9.31371 15
17 0 4188 3449 3860 6 16
18 0 4192 3441 3864 6 17
19 0 4192 3437 3872 6 18
20 0 4192 3441 3880 6 19
21 0 4192 3441 3888 3.65685 20
22 0 4192 3441 3896 3.65685 21
23 0 4192 3441 3904 6 22
24 0 4192 3429 3924 6 23
25 0 4192 3421 3936 6 24
26 0 4188 3413 3952 6.94427 25
27 0 4184 3413 3968 6 26
