# Generated by NeuTu (https://github.com/janelia-flyem/NeuTu)
1 0 3892 3231 3605 2 -1
2 0 3896 3235 3605 3.65685 1
3 0 3896 3239 3605 3.65685 2
4 0 3904 3247 3601 6.94427 3
5 0 3904 3255 3589 6 4
6 0 3900 3255 3577 3.65685 5
7 0 3900 3255 3573 2 6
8 0 3900 3255 3569 3.65685 7
9 0 3900 3251 3565 3.65685 8
10 0 3896 3247 3561 6 9
11 0 3892 3239 3553 6.94427 10
12 0 3888 3231 3553 6.94427 11
13 0 3884 3223 3553 3.65685 12
14 0 3880 3219 3557 3.65685 13
15 0 3880 3215 3557 3.65685 14
16 0 3876 3211 3561 6 15
17 0 3872 3207 3565 3.65685 16
18 0 3868 3199 3569 6.94427 17
19 0 3852 3191 3569 6.94427 18
20 0 3848 3183 3577 3.65685 19
21 0 3844 3179 3581 2 20
