# Generated by NeuTu (https://github.com/janelia-flyem/NeuTu)
1 0 4238 3370 3577 2 -1
2 0 4234 3370 3577 2 1
3 0 4230 3370 3573 3.65685 2
4 0 4226 3366 3573 3.65685 3
5 0 4218 3358 3569 6.94427 4
6 0 4206 3354 3569 6.94427 5
7 0 4194 3354 3561 6 6
8 0 4174 3354 3557 6 7
9 0 4158 3338 3557 6 8
10 0 4158 3318 3557 6.94427 9
11 0 4154 3306 3565 14 10
12 0 4158 3290 3561 10 11
13 0 4162 3278 3569 6 12
14 0 4158 3262 3573 6 13
15 0 4158 3254 3577 6.94427 14
16 0 4146 3238 3581 6.94427 15
17 0 4138 3222 3585 9.31371 16
18 0 4130 3214 3593 3.65685 17
19 0 4126 3214 3593 3.65685 18
20 0 4118 3214 3597 6.94427 19
21 0 4106 3206 3597 6 20
22 0 4142 3210 3569 6.94427 17
23 0 4146 3198 3557 6.94427 22
24 0 4146 3198 3549 6 23
