# Generated by NeuTu (https://github.com/janelia-flyem/NeuTu)
1 0 4002 3486 3562 9.31371 -1
2 0 4018 3506 3582 6.94427 1
3 0 4030 3506 3594 6 2
4 0 4046 3506 3598 6 3
5 0 4058 3506 3606 12.4222 4
6 0 4082 3506 3618 6 5
7 0 4094 3502 3634 6 6
8 0 4110 3506 3650 6 7
9 2 4131 3506 3654 9.23607 8
10 0 4146 3506 3658 9.31371 9
11 0 4170 3494 3670 9.31371 10
12 0 4178 3494 3678 6 11
13 0 4122 3514 3634 6 9
14 0 4106 3514 3622 6 13
15 0 4062 3502 3582 10 5
16 0 4058 3502 3570 10 15
17 0 4054 3510 3558 3.65685 16
18 0 4050 3510 3554 2 17
