# Generated by NeuTu (https://github.com/janelia-flyem/NeuTu)
1 0 4140 3640 3820 6 -1
2 0 4136 3648 3824 9.31371 1
3 0 4124 3652 3824 6 2
4 0 4112 3640 3824 6 3
5 0 4104 3632 3820 10.6491 4
6 0 4080 3636 3800 9.31371 5
7 0 4072 3636 3772 14 6
8 0 4076 3632 3744 6 7
9 0 4076 3632 3736 2 8
10 0 4076 3632 3732 3.65685 9
11 0 4072 3636 3728 6 10
12 0 4068 3636 3712 6 11
13 0 4064 3640 3696 6.94427 12
14 0 4060 3640 3688 3.65685 13
15 0 4060 3640 3680 6 14
16 0 4052 3640 3664 6 15
17 0 4052 3640 3656 6 16
18 0 4048 3640 3648 3.65685 17
19 0 4044 3644 3644 2 18
20 0 4064 3652 3816 6 6
21 0 4056 3652 3824 9.31371 20
22 0 4048 3660 3828 2 21
23 0 4044 3664 3828 2 22
24 0 4108 3604 3824 6.94427 5
25 0 4100 3596 3828 6 24
