# Generated by NeuTu (https://github.com/janelia-flyem/NeuTu)
1 0 3692 3608 1775 2 -1
2 0 3692 3608 1779 2 1
3 0 3692 3604 1783 3.65685 2
4 0 3696 3600 1787 6 3
5 0 3696 3588 1795 6 4
6 0 3696 3572 1795 6.94427 5
7 0 3692 3564 1795 3.65685 6
8 0 3684 3556 1795 3.65685 7
9 0 3676 3552 1795 6 8
10 0 3672 3548 1799 6 9
11 0 3660 3544 1795 6.94427 10
12 0 3648 3540 1795 9.31371 11
13 0 3628 3540 1803 6 12
14 0 3620 3540 1807 6 13
15 0 3612 3544 1811 9.31371 14
16 0 3592 3544 1803 6 15
17 0 3576 3552 1803 6.94427 16
18 0 3560 3564 1803 6 17
19 0 3552 3568 1803 6 18
20 0 3544 3568 1799 3.65685 19
21 0 3540 3564 1799 2 20
