# Generated by NeuTu (https://github.com/janelia-flyem/NeuTu)
1 0 3833 3615 1781 2 -1
2 0 3837 3611 1781 3.65685 1
3 0 3841 3607 1781 3.65685 2
4 0 3845 3603 1785 6 3
5 0 3857 3599 1793 6 4
6 0 3873 3599 1797 6 5
7 0 3893 3599 1813 6 6
8 0 3905 3595 1821 6 7
9 0 3909 3591 1825 3.65685 8
10 0 3917 3587 1833 6.94427 9
11 0 3925 3587 1841 10 10
12 0 3933 3591 1853 6 11
13 0 3937 3595 1857 6 12
14 0 3941 3595 1873 6 13
15 0 3945 3595 1889 6.94427 14
16 0 3953 3591 1905 6.94427 15
17 0 3969 3591 1921 9.31371 16
18 0 3981 3583 1921 10.6491 17
19 0 3993 3583 1917 6 18
20 0 4009 3583 1905 6 19
21 0 4025 3579 1901 6.94427 20
22 0 4033 3579 1893 6 21
23 0 3925 3567 1833 10 11
24 0 3929 3543 1817 6.94427 23
25 0 3941 3527 1809 6.94427 24
26 0 3949 3519 1809 6.94427 25
27 0 3961 3515 1809 10 26
28 0 3969 3511 1817 3.65685 27
29 0 3973 3507 1821 2 28
