# Generated by NeuTu (https://github.com/janelia-flyem/NeuTu)
1 0 4194 3782 3903 6 -1
2 0 4202.36 3806.36 3945.91 14.5797 1
3 0 4214 3806 3987 30 2
4 2 4202.95 3797.16 3995.84 20.286 3
5 0 4194 3786 4015 12.4222 4
6 0 4202 3790 4043 6 5
7 0 4202 3798 4051 6 6
8 2 4192.54 3807.46 4060.46 13.0749 7
9 0 4153.85 3821.47 4067 23.7358 8
10 0 4114 3814 4063 14 9
11 2 4083.78 3808.49 4050.02 14.8101 10
12 0 4058 3822 4027 14.4924 11
13 2 4046.67 3833.33 4015.67 10.2496 12
14 0 4042 3830 4003 6.94427 13
15 0 4038 3838 3995 10 14
16 0 4050 3854 3983 10 15
17 0 4042 3842 4031 6 13
18 0 4038 3858 4043 9.31371 17
19 0 4034 3866 4047 6 18
20 0 4082 3786 4047 9.31371 11
21 0 4074 3778 4043 6 20
22 0 4066 3770 4035 6 21
23 0 4062 3766 4031 6 22
24 0 4058 3754 4031 2 23
25 0 4170 3850 4039 6.94427 9
26 0 4162 3854 4035 9.31371 25
27 0 4154 3850 4027 6.94427 26
28 0 4146 3854 4023 6 27
29 0 4198 3786 4067 6 8
30 0 4198 3770 4067 9.31371 29
31 0 4198 3758 4067 6 30
32 0 4202 3742 4071 6 31
33 0 4202 3734 4079 6 32
34 0 4202 3726 4083 3.65685 33
35 0 4206 3722 4087 2 34
36 0 4206 3718 4087 2 35
37 0 4206 3714 4087 2 36
38 0 4246 3778 3971 12.4222 4
39 0 4258 3778 3951 6 38
40 0 4258 3782 3943 6 39
41 0 4262 3782 3935 2 40
42 0 4262 3782 3931 2 41
43 0 4242 3830 3995 21.3238 3
44 0 4242 3854 3999 18 43
45 0 4170 3826 3931 18 2
