# Generated by NeuTu (https://github.com/janelia-flyem/NeuTu)
1 0 3802 3780 3956 2 -1
2 0 3802 3784 3960 3.65685 1
3 0 3802 3780 3968 3.65685 2
4 0 3802 3780 3972 3.65685 3
5 0 3802 3780 3980 6.94427 4
6 0 3802 3784 4000 9.31371 5
7 0 3790 3796 4012 6.94427 6
8 0 3774 3800 4012 6 7
9 0 3754 3812 4016 6 8
10 0 3738 3816 4032 6 9
11 0 3730 3808 4040 6 10
12 0 3722 3804 4056 6 11
13 0 3714 3800 4064 6 12
14 0 3710 3792 4072 6 13
15 0 3694 3788 4084 6.94427 14
16 0 3686 3788 4088 6.94427 15
17 0 3674 3776 4104 10 16
18 0 3670 3764 4116 10.6491 17
19 0 3662 3764 4124 10 18
20 0 3646 3776 4128 9.31371 19
21 0 3630 3780 4140 6 20
22 0 3614 3784 4132 6 21
23 0 3594 3780 4128 6.94427 22
24 0 3582 3772 4116 6.94427 23
25 0 3566 3756 4112 6 24
26 0 3554 3756 4112 9.31371 25
27 0 3542 3748 4100 10.6491 26
28 0 3518 3748 4092 10 27
29 0 3490 3748 4092 6.94427 28
30 0 3474 3744 4092 9.31371 29
31 0 3454 3748 4088 12.4222 30
32 0 3438 3748 4084 6 31
33 0 3426 3748 4080 9.31371 32
34 0 3418 3752 4076 6.94427 33
35 0 3406 3760 4076 6.94427 34
36 0 3383.6 3770.13 4076 9.67973 35
37 0 3366 3772 4076 6 36
38 0 3350 3772 4076 6 37
39 0 3334 3776 4076 6 38
40 0 3310 3780 4076 9.31371 39
41 0 3286 3780 4076 10 40
42 0 3266 3780 4076 9.31371 41
43 0 3254 3780 4076 6 42
44 0 3238 3780 4076 6 43
45 0 3222 3776 4080 6 44
46 0 3206 3776 4076 6 45
47 0 3186 3776 4076 6 46
48 0 3170 3780 4072 6 47
49 0 3154 3780 4068 6 48
50 0 3142 3780 4060 6.94427 49
51 0 3126 3780 4052 6.94427 50
52 0 3114 3784 4044 6.94427 51
53 0 3102 3788 4036 6.94427 52
54 0 3090 3792 4032 6.94427 53
55 0 3074 3792 4020 6 54
56 0 3058 3792 4020 6 55
57 0 3046 3788 4012 6 56
58 0 3386 3780 4084 2 36
59 0 3390 3784 4084 2 58
60 0 3394 3788 4084 3.65685 59
61 0 3398 3792 4084 3.65685 60
62 0 3402 3796 4080 2 61
63 0 3406 3796 4080 2 62
64 0 3410 3796 4080 2 63
65 0 3414 3800 4080 2 64
66 0 3422 3808 4080 6 65
67 0 3414 3816 4084 2 66
68 0 3414 3812 4088 3.65685 67
69 0 3410 3808 4088 2 68
70 0 3410 3804 4088 2 69
71 0 3418 3784 4096 2 64
72 0 3414 3780 4096 2 71
73 0 3462 3776 4104 2 31
74 0 3466 3780 4104 2 73
75 0 3470 3780 4104 2 74
76 2 3658.45 3746.27 4148.83 10.5755 19
77 0 3654 3712 4164 10 76
78 0 3646 3704 4176 6.94427 77
79 0 3662 3728 4140 10 76
80 0 3682 3720 4136 10.6491 79
81 0 3694 3712 4136 6 80
82 0 3822 3756 3948 2 1
83 0 3826 3756 3944 2 82
84 0 3830 3752 3940 3.65685 83
85 0 3830 3752 3932 6.94427 84
86 0 3822 3748 3924 2 85
87 0 3822 3748 3920 2 86
