# Generated by NeuTu (https://github.com/janelia-flyem/NeuTu)
1 0 3882 4115 3607 2 -1
2 0 3886 4115 3611 2 1
3 0 3890 4111 3619 6 2
4 0 3898 4103 3627 6.94427 3
5 0 3910 4099 3635 6 4
6 0 3926 4095 3643 6.94427 5
7 0 3946 4083 3647 9.31371 6
8 0 3962 4083 3655 6.94427 7
9 0 3974 4075 3671 6 8
10 0 3974 4075 3679 6 9
11 0 3978 4075 3687 3.65685 10
12 0 3978 4067 3695 3.65685 11
13 0 3978 4067 3699 3.65685 12
14 0 3982 4063 3707 6.94427 13
15 0 3982 4059 3719 6 14
16 0 3986 4055 3723 6 15
17 0 3990 4051 3731 9.31371 16
18 0 3986 4047 3739 6 17
