# Generated by NeuTu (https://github.com/janelia-flyem/NeuTu)
1 0 4018 4113 3729 2 -1
2 0 4014 4113 3729 2 1
3 0 4010 4109 3729 3.65685 2
4 0 3998 4105 3729 9.31371 3
5 0 3982 4101 3737 6 4
6 0 3970 4101 3737 9.31371 5
7 0 3958 4089 3741 6 6
8 0 3942 4081 3749 6 7
9 0 3930 4081 3757 10 8
10 0 3910 4065 3765 6.94427 9
11 0 3902 4053 3773 6 10
12 0 3898 4049 3777 6 11
13 0 3894 4045 3781 3.65685 12
14 0 3890 4041 3785 3.65685 13
15 0 3878 4025 3789 10 14
16 0 3882 4013 3789 6.94427 15
17 0 3882 4005 3781 6 16
18 0 3882 4009 3773 3.65685 17
19 0 3882 4009 3765 6 18
20 0 3886 4013 3745 6 19
21 0 3894 4013 3737 6.94427 20
22 0 3894 3997 3721 6 21
