# Generated by NeuTu (https://github.com/janelia-flyem/NeuTu)
1 0 3993 3932 3718 6 -1
2 0 3993 3948 3722 6 1
3 0 3989 3968 3722 6 2
4 0 3985 3980 3726 6.94427 3
5 0 3977 3992 3730 6 4
6 0 3973 4000 3734 9.31371 5
7 0 3953 4016 3734 6.94427 6
8 0 3945 4024 3734 10 7
9 0 3937 4036 3742 6 8
10 0 3925 4040 3754 6 9
11 0 3917 4040 3758 6 10
12 0 3905 4044 3766 9.31371 11
13 0 3893 4040 3766 6 12
14 0 3873 4044 3766 6.94427 13
15 0 3857 4044 3782 6 14
16 0 3845 4040 3794 6 15
17 0 3837 4048 3802 10 16
18 0 3829 4068 3810 6.94427 17
19 0 3829 4084 3818 6 18
20 0 3833 4096 3822 6.94427 19
21 0 3841 4104 3830 3.65685 20
22 0 3845 4108 3834 6 21
