# Generated by NeuTu (https://github.com/janelia-flyem/NeuTu)
1 0 3934 3879 2026 2 -1
2 0 3930 3879 2022 3.65685 1
3 0 3934 3871 2002 12.4222 2
4 0 3942 3863 1982 6.94427 3
5 0 3946 3851 1962 6 4
6 0 3950 3835 1946 6 5
7 0 3950 3819 1934 6.94427 6
8 0 3938 3803 1930 6 7
9 0 3938 3795 1922 3.65685 8
10 0 3934 3791 1918 6 9
11 0 3930 3787 1914 3.65685 10
12 0 3926 3783 1910 3.65685 11
13 0 3926 3779 1910 3.65685 12
14 0 3922 3775 1906 3.65685 13
15 0 3918 3767 1902 6 14
16 0 3898.4 3744.47 1902 10.4535 15
17 0 3886 3747 1906 6 16
18 0 3870 3747 1910 6 17
19 0 3850 3755 1918 6.94427 18
20 0 3838 3763 1926 10 19
21 0 3822 3779 1942 6.94427 20
22 0 3806 3787 1946 6 21
23 0 3798 3795 1946 3.65685 22
24 0 3794 3795 1946 3.65685 23
25 0 3786 3803 1946 6.94427 24
26 0 3778 3811 1950 9.31371 25
27 0 3766 3823 1958 3.65685 26
28 0 3758 3827 1958 6 27
29 0 3742 3827 1958 6 28
30 0 3726 3827 1958 6 29
31 0 3718 3831 1954 6 30
32 0 3906 3727 1890 6 16
33 0 3914 3707 1878 6 32
34 0 3922 3695 1874 9.31371 33
35 0 3938 3679 1866 6 34
