# Generated by NeuTu (https://github.com/janelia-flyem/NeuTu)
1 0 4429 3688 4377 6 -1
2 0 4437 3696 4385 10 1
3 0 4437 3688 4413 6 2
4 0 4437 3688 4421 3.65685 3
5 0 4433 3684 4425 6 4
6 0 4429 3680 4441 6 5
7 0 4425 3672 4449 9.31371 6
8 0 4417 3656 4465 3.65685 7
9 0 4413 3652 4469 6 8
10 0 4397 3648 4477 6.94427 9
11 0 4385 3644 4477 9.31371 10
12 0 4377 3640 4485 10.6491 11
13 0 4353 3648 4485 6.94427 12
14 0 4341 3660 4477 10 13
15 0 4317 3684 4465 12.4222 14
16 0 4293 3700 4453 10.6491 15
17 2 4279.91 3699.64 4448.64 9.72221 16
18 0 4261 3696 4437 6.94427 17
19 0 4249 3688 4429 10 18
20 0 4233 3680 4421 6.94427 19
21 0 4217 3672 4421 10.6491 20
22 0 4201 3668 4425 10.6491 21
23 0 4189 3660 4425 6.94427 22
24 0 4161 3656 4425 10.6491 23
25 0 4137 3660 4433 14 24
26 2 4107.33 3665.47 4435.73 17.9421 25
27 0 4061 3704 4437 14 26
28 0 4037 3724 4457 6.94427 27
29 2 4001.7 3735.22 4466.65 23.9772 28
30 0 3979 3752 4499 15.2111 29
31 0 3957 3756 4509 6.94427 30
32 0 3945 3752 4501 6 31
33 0 3933 3756 4485 9.31371 32
34 0 3933 3772 4477 6.94427 33
35 0 3933 3784 4465 6.94427 34
36 0 3937 3792 4449 6.94427 35
37 0 3941 3796 4433 6 36
38 0 3945 3800 4413 6.94427 37
39 0 3941 3800 4397 9.31371 38
40 0 3941 3800 4385 6.94427 39
41 0 3937 3804 4373 10 40
42 0 3925 3800 4357 6 41
43 0 3917 3796 4345 6 42
44 0 3909 3796 4329 6 43
45 0 3901 3800 4321 9.31371 44
46 0 3893 3792 4305 6.94427 45
47 0 3889 3784 4297 6 46
48 0 3889 3780 4281 6.94427 47
49 0 3889 3772 4265 6.94427 48
50 0 3881 3764 4253 6 49
51 0 3877 3768 4233 6 50
52 0 3873 3768 4213 6.94427 51
53 0 3877 3776 4205 9.31371 52
54 0 3881 3776 4189 6.94427 53
55 0 3889 3776 4181 10 54
56 0 3893 3780 4169 6.94427 55
57 0 3913 3780 4141 18 56
58 0 3917 3756 4093 14.9706 57
59 0 3909 3760 4061 9.31371 58
60 0 3909 3764 4049 10 59
61 0 3901 3760 4037 6 60
62 0 3885 3760 4025 6 61
63 0 3873 3768 4017 6.94427 62
64 0 3865 3776 4009 6 63
65 0 3873 3784 3993 6 64
66 0 3881 3792 3985 6 65
67 0 3881 3796 3969 6 66
68 0 3881 3800 3953 6 67
69 0 3877 3800 3941 3.65685 68
70 0 3877 3800 3937 3.65685 69
71 0 3877 3800 3929 6 70
72 0 3877 3800 3913 6 71
73 0 3869 3796 3901 6.94427 72
74 0 3861 3788 3893 6.94427 73
75 0 3841 3772 3901 6.94427 74
76 0 3837 3764 3913 6 75
77 0 3841 3756 3925 6 76
78 0 3837 3756 3937 3.65685 77
79 0 3833 3756 3945 3.65685 78
80 0 3829 3760 3949 2 79
81 0 3853 3780 4009 6 64
82 0 3849 3776 4013 6 81
83 0 3833 3776 4013 6 82
84 0 3825 3776 4013 6 83
85 0 3925 3776 4049 9.31371 60
86 0 3941 3792 4061 12.4222 85
87 0 3953 3804 4105 22 86
88 0 3965 3816 4125 21.3238 87
89 0 3957 3836 4133 14.4924 88
90 0 3953 3848 4125 6.94427 89
91 0 3889 3752 4077 6 59
92 0 3881 3748 4081 6.94427 91
93 0 3873 3744 4085 3.65685 92
94 0 3865 3736 4085 3.65685 93
95 0 3861 3732 4085 3.65685 94
96 0 3857 3728 4089 6 95
97 0 3853 3724 4093 6 96
98 0 3833 3720 4089 6.94427 97
99 0 3825 3720 4089 6.94427 98
100 0 3817 3728 4089 6 99
101 0 3913 3776 4485 6 34
102 0 3905 3776 4485 6 101
103 0 3893 3776 4485 10 102
104 0 3869 3776 4489 12.4222 103
105 0 3849 3796 4485 6.94427 104
106 0 3841 3808 4481 6 105
107 0 3837 3824 4477 6.94427 106
108 0 3829 3836 4477 6.94427 107
109 0 3821 3844 4469 6 108
110 0 3805 3852 4453 6 109
111 0 3789 3856 4437 6 110
112 0 3773 3852 4417 9.31371 111
113 0 3757 3868 4401 6.94427 112
114 0 3753 3876 4393 6 113
115 0 3749 3896 4389 6 114
116 0 3753 3904 4385 6 115
117 0 3753 3916 4385 2 116
118 0 3993 3780 4505 12.4222 30
119 0 4005 3800 4517 12.4222 118
120 0 4009 3812 4521 6.94427 119
121 0 4017 3832 4521 6.94427 120
122 0 4025 3852 4521 6 121
123 0 4029 3868 4525 6 122
124 0 4041 3884 4529 6.94427 123
125 0 4049 3892 4529 10.6491 124
126 0 4057 3900 4529 9.31371 125
127 0 4069 3908 4529 14 126
128 0 4085 3912 4533 10.6491 127
129 0 4097 3920 4525 6 128
130 0 4105 3920 4517 6 129
131 0 4017 3772 4437 6 29
132 0 4101 3636 4425 12.4222 26
133 0 4089 3612 4421 10.6491 132
134 0 4081 3588 4417 6.94427 133
135 0 4073 3572 4417 10 134
136 2 4073 3557.18 4416.29 10.4274 135
137 0 4057 3524 4413 18 136
138 2 4030.27 3508.73 4416.82 29.6923 137
139 0 3969 3456 4413 14.9706 138
140 0 3957 3436 4413 22 139
141 0 3941 3432 4397 9.31371 140
142 0 3925 3412 4381 14.9706 141
143 0 3905 3388 4381 12.4222 142
144 0 3893 3364 4393 9.31371 143
145 0 3889 3352 4397 10 144
146 0 3885 3344 4405 6.94427 145
147 0 3885 3332 4413 9.31371 146
148 0 3893 3320 4413 10 147
149 0 3961 3412 4429 9.31371 140
150 0 3965 3392 4441 9.31371 149
151 0 3969 3384 4445 6.94427 150
152 0 3969 3376 4453 9.31371 151
153 0 3965 3360 4461 6 152
154 0 3961 3344 4461 6 153
155 0 3953 3332 4469 3.65685 154
156 0 3945 3324 4469 6 155
157 0 3937 3320 4469 6 156
158 0 3917 3328 4469 6.94427 157
159 0 3909 3328 4473 6 158
160 0 4017 3500 4385 26.8444 138
161 2 4017 3488 4367 13.6964 160
162 0 4021 3476 4349 3.65685 161
163 0 4025 3472 4345 6 162
164 0 4029 3472 4333 9.31371 163
165 0 4041 3472 4321 10 164
166 0 4057 3476 4309 6 165
167 0 4073 3480 4301 6 166
168 0 4089 3480 4301 6 167
169 0 4101 3476 4305 6 168
170 0 4117 3476 4309 6 169
171 0 4125 3476 4309 6 170
172 0 4133 3476 4309 2 171
173 0 4137 3476 4309 2 172
174 0 4141 3476 4305 3.65685 173
175 0 4145 3476 4301 3.65685 174
176 0 4149 3480 4301 2 175
177 0 3977 3484 4369 14.9706 161
178 0 3961 3480 4365 12.4222 177
179 0 3945 3460 4369 6 178
180 0 3941 3452 4369 6.94427 179
181 0 4001 3528 4365 14 160
182 0 4001 3516 4349 10.6491 181
183 0 4069 3556 4393 10.6491 136
184 0 4061 3552 4381 14 183
185 0 4049 3556 4373 12.4222 184
186 0 4037 3548 4369 10 185
187 0 4025 3552 4373 6 186
188 0 4281 3712 4429 6 17
189 0 4281 3712 4421 2 188
190 0 4277 3712 4417 3.65685 189
191 0 4277 3712 4409 6 190
192 0 4281 3716 4393 6 191
193 0 4277 3724 4385 6 192
194 0 4277 3732 4377 6 193
195 0 4281 3736 4373 3.65685 194
196 0 4297 3752 4365 9.31371 195
197 0 4313 3764 4361 9.31371 196
198 0 4333 3780 4349 9.31371 197
199 0 4349 3792 4345 9.31371 198
200 0 4357 3800 4341 9.31371 199
