# Generated by NeuTu (https://github.com/janelia-flyem/NeuTu)
1 0 4188 3629 1777 6 -1
2 0 4168 3633 1773 10 1
3 0 4156 3629 1781 6 2
4 0 4144 3625 1785 6 3
5 0 4136 3625 1793 6 4
6 0 4132 3625 1801 2 5
7 0 4132 3625 1805 3.65685 6
8 0 4124 3621 1817 9.31371 7
9 0 4112 3629 1829 3.65685 8
10 0 4108 3633 1833 3.65685 9
11 0 4104 3637 1837 6 10
12 0 4092 3641 1845 6 11
13 0 4084 3641 1845 6 12
14 0 4076 3645 1845 2 13
15 0 4072 3645 1845 2 14
16 0 4060 3649 1845 6 15
17 0 4052 3657 1849 2 16
18 0 4048 3661 1849 2 17
19 0 4044 3665 1849 3.65685 18
20 0 4040 3673 1853 6 19
21 0 4032 3689 1869 6.94427 20
22 0 4024 3689 1881 6 21
23 0 4020 3685 1885 3.65685 22
24 0 4016 3685 1885 3.65685 23
25 0 4012 3681 1889 3.65685 24
26 0 4004 3681 1893 6 25
27 0 3992 3677 1901 6 26
28 0 3980 3669 1917 6 27
29 0 3960 3669 1933 6 28
