# Generated by NeuTu (https://github.com/janelia-flyem/NeuTu)
1 0 4451 2298 3806 6 -1
2 0 4439 2290 3818 6.94427 1
3 0 4423 2282 3822 6 2
4 0 4411 2274 3822 6 3
5 0 4403 2258 3822 6.94427 4
6 0 4395 2250 3830 6.94427 5
7 0 4387 2242 3838 3.65685 6
8 0 4383 2238 3842 3.65685 7
9 0 4379 2238 3842 3.65685 8
10 0 4375 2234 3846 6 9
11 0 4367 2222 3858 6 10
12 0 4363 2206 3858 6 11
13 0 4359 2194 3854 6 12
14 0 4359 2186 3850 3.65685 13
15 0 4355 2178 3846 6 14
16 0 4343 2162 3834 6 15
17 0 4335 2158 3834 3.65685 16
18 0 4331 2154 3830 3.65685 17
19 0 4323 2150 3830 3.65685 18
20 0 4319 2146 3830 3.65685 19
21 0 4311 2146 3830 6 20
22 0 4295 2142 3826 6 21
23 0 4279 2134 3818 9.31371 22
24 0 4271 2130 3822 6.94427 23
