# Generated by NeuTu (https://github.com/janelia-flyem/NeuTu)
1 0 4754 2552 3938 6 -1
2 0 4758 2560 3922 6 1
3 0 4758 2572 3906 6 2
4 0 4758 2572 3898 6 3
5 0 4750 2584 3870 12.4222 4
6 2 4746.55 2597.82 3856.18 17.2394 5
7 2 4757.67 2631.33 3810.67 6.33333 6
8 0 4758 2644 3794 6 7
9 0 4762 2648 3790 2 8
10 0 4762 2652 3786 2 9
11 0 4762 2652 3782 2 10
12 0 4762 2652 3778 2 11
13 0 4762 2652 3774 2 12
14 0 4762 2656 3770 2 13
15 0 4762 2660 3766 2 14
16 0 4762 2664 3762 2 15
17 0 4762 2664 3758 2 16
18 0 4762 2664 3754 2 17
19 0 4762 2664 3750 2 18
20 0 4754 2632 3830 10 7
21 0 4754 2628 3858 10 20
22 0 4754 2636 3866 6.94427 21
23 0 4758 2652 3866 6 22
24 0 4718 2600 3878 14.4924 6
25 0 4714 2596 3894 9.31371 24
26 0 4726 2596 3906 6.94427 25
