# Generated by NeuTu (https://github.com/janelia-flyem/NeuTu)
1 0 4628 2917 3925 2 -1
2 0 4628 2921 3925 3.65685 1
3 0 4628 2925 3929 3.65685 2
4 0 4624 2933 3945 9.31371 3
5 0 4620 2933 3957 6 4
6 0 4616 2933 3973 6 5
7 0 4608 2933 3989 6 6
8 0 4604 2937 3993 6 7
9 0 4596 2945 4001 10 8
10 0 4600 2957 4001 6.94427 9
11 0 4612 2969 4009 6 10
12 0 4620 2977 4009 3.65685 11
13 0 4628 2985 4009 6 12
14 0 4646.71 2993.9 4008.1 8.56437 13
15 0 4656 2997 4005 6 14
16 0 4672 2997 4001 6 15
17 0 4688 2997 3985 6 16
18 0 4696 2993 3969 6 17
19 0 4696 2989 3953 6 18
20 0 4700 2989 3941 6.94427 19
21 0 4692 2981 3933 3.65685 20
22 0 4688 2977 3929 6 21
23 0 4684 2973 3921 6 22
24 0 4680 2969 3913 3.65685 23
25 0 4680 2969 3905 3.65685 24
26 0 4676 2969 3901 3.65685 25
27 0 4668 2961 3893 6.94427 26
28 0 4664 2961 3873 9.31371 27
29 0 4672 2965 3861 3.65685 28
30 0 4672 2965 3857 3.65685 29
31 0 4688 2973 3837 9.31371 30
32 0 4688 2981 3825 9.31371 31
33 0 4688 2989 3813 6 32
34 0 4688 3001 3797 6 33
35 0 4688 3013 3781 6 34
36 0 4692 3021 3777 3.65685 35
37 0 4700 3029 3769 3.65685 36
38 0 4700 3033 3769 3.65685 37
39 0 4704 3037 3765 2 38
40 0 4648 3001 4025 6 14
41 0 4648 3001 4033 3.65685 40
42 0 4644 2997 4045 6 41
43 0 4644 2997 4053 6 42
44 0 4644 2989 4061 3.65685 43
45 0 4644 2989 4065 3.65685 44
46 0 4640 2981 4073 6 45
47 0 4636 2977 4077 3.65685 46
48 0 4632 2969 4077 3.65685 47
49 0 4628 2957 4081 6 48
50 0 4628 2949 4085 6.94427 49
51 0 4588 2937 4017 6.94427 9
52 0 4576 2925 4029 6.94427 51
53 0 4572 2917 4037 3.65685 52
54 0 4572 2913 4041 2 53
