# Generated by NeuTu (https://github.com/janelia-flyem/NeuTu)
1 0 4573 2886 3768 2 -1
2 0 4573 2890 3768 2 1
3 0 4577 2894 3764 3.65685 2
4 0 4581 2898 3760 6 3
5 0 4585 2910 3752 6.94427 4
6 0 4585 2926 3740 6 5
7 0 4581 2934 3744 6 6
8 2 4588.2 2963.6 3736 9.31371 7
9 0 4593 2990 3736 2 8
10 0 4593 2994 3736 2 9
11 0 4593 2998 3736 2 10
12 0 4593 3006 3736 6 11
13 0 4589 3010 3740 3.65685 12
14 0 4581 3018 3740 3.65685 13
15 0 4573 3026 3744 6.94427 14
16 0 4565 3030 3748 6 15
17 0 4561 3030 3760 6 16
18 0 4557 3026 3764 6 17
19 0 4557 3026 3776 6 18
20 0 4565 3030 3796 6.94427 19
21 0 4565 3038 3800 6.94427 20
22 0 4573 3050 3808 2 21
23 0 4573 3054 3812 2 22
24 0 4581 2962 3716 6 8
25 0 4585 2974 3700 6 24
