# Generated by NeuTu (https://github.com/janelia-flyem/NeuTu)
1 0 4684 3153 3548 2 -1
2 0 4680 3149 3552 3.65685 1
3 0 4680 3145 3560 6 2
4 0 4668 3133 3564 6 3
5 0 4640 3105 3576 26 4
6 2 4607.58 3072.58 3597.47 33.8877 5
7 2 4591.47 3056.47 3602.84 32.6716 6
8 2 4566.16 3044.81 3606.73 23.6273 7
9 0 4532 3029 3612 10 8
10 0 4512 3021 3616 9.31371 9
11 0 4492 3013 3616 6 10
12 0 4484 3013 3612 6 11
13 0 4468 3001 3600 6 12
14 0 4460 2997 3592 6.94427 13
15 0 4564 3081 3556 18 8
16 0 4564 3097 3540 10.6491 15
17 0 4572 3105 3532 10 16
18 0 4620 3053 3640 23.6125 7
19 0 4656 3033 3648 10.6491 18
20 0 4596 3109 3548 9.31371 6
21 0 4596 3117 3540 6 20
