# Generated by NeuTu (https://github.com/janelia-flyem/NeuTu)
1 0 4724 2863 3548 2 -1
2 0 4724 2867 3552 3.65685 1
3 0 4724 2871 3552 3.65685 2
4 0 4716 2879 3552 6.94427 3
5 0 4708 2891 3556 10 4
6 0 4708 2903 3556 6 5
7 0 4708 2919 3556 6.94427 6
8 0 4712 2931 3560 10 7
9 0 4716 2943 3572 9.31371 8
10 0 4724 2955 3572 6 9
11 0 4724 2971 3568 6 10
12 0 4724 2991 3568 6.94427 11
13 0 4716 3011 3568 6.94427 12
14 0 4712 3027 3572 6 13
15 0 4708 3035 3572 6.94427 14
16 0 4692 3043 3576 6 15
17 0 4688 3047 3580 3.65685 16
18 0 4684 3047 3588 6 17
