# Generated by NeuTu (https://github.com/janelia-flyem/NeuTu)
1 0 4321 2724 3771 6.94427 -1
2 0 4337 2732 3783 10 1
3 0 4353 2732 3803 6.94427 2
4 0 4361 2728 3811 3.65685 3
5 0 4365 2732 3815 3.65685 4
6 0 4369 2736 3823 6 5
7 0 4377 2748 3831 6.94427 6
8 0 4381 2764 3831 6 7
9 0 4385 2768 3835 6 8
10 0 4385 2788 3835 6.94427 9
11 0 4393 2804 3847 3.65685 10
12 0 4393 2808 3847 3.65685 11
13 0 4397 2812 3851 6 12
14 0 4401 2816 3855 3.65685 13
15 0 4401 2816 3859 3.65685 14
16 0 4405 2820 3863 3.65685 15
17 0 4405 2828 3871 6 16
18 0 4409 2832 3875 6 17
19 0 4413 2836 3879 3.65685 18
20 0 4413 2836 3883 3.65685 19
21 0 4417 2836 3887 2 20
22 0 4417 2836 3891 2 21
