# Generated by NeuTu (https://github.com/janelia-flyem/NeuTu)
1 0 2444 3117 4205 6 -1
2 0 2440 3125 4213 10 1
3 0 2444 3137 4245 10 2
4 0 2428 3133 4269 12.4222 3
5 0 2408 3129 4289 3.65685 4
6 0 2404 3133 4293 6 5
7 0 2380 3141 4309 9.31371 6
8 0 2364 3153 4317 9.31371 7
9 0 2352 3165 4333 6.94427 8
10 0 2340 3169 4345 10 9
11 0 2332 3169 4353 10.6491 10
12 0 2324 3173 4361 6.94427 11
13 0 2312 3181 4369 6 12
14 0 2304 3189 4377 9.31371 13
15 0 2296 3193 4389 9.31371 14
16 0 2272.14 3217.57 4437.71 25.8571 15
17 2 2261.22 3235.04 4444.27 36.7755 16
18 2 2250.72 3249.38 4472.85 39.9499 17
19 0 2248 3253 4481 40.5206 18
20 0 2283.64 3254.09 4524.64 18 19
21 2 2290.6 3290 4542.2 16.1695 20
22 0 2312 3309 4553 10.6491 21
23 0 2336 3321 4561 14.9706 22
24 0 2368 3337 4569 10.6491 23
25 0 2384 3341 4573 14 24
26 0 2416 3349 4581 10.6491 25
27 0 2460 3357 4593 26.2843 26
28 2 2490.82 3365 4624.29 35.177 27
29 0 2512 3365 4649 30.9848 28
30 2 2532.93 3344.07 4673.41 20.0087 29
31 0 2564 3325 4697 12.4222 30
32 0 2588 3309 4717 18.3961 31
33 0 2624 3301 4721 33.7771 32
34 0 2656 3313 4713 30.249 33
35 2 2722 3321 4709 16.6108 34
36 0 2736 3317 4721 10 35
37 0 2756 3321 4741 14.4924 36
38 2 2760 3321.4 4766.2 14 37
39 0 2760 3329 4789 14 38
40 0 2748 3329 4809 12.4222 39
41 0 2748 3317 4825 10 40
42 0 2740 3301 4845 12.4222 41
43 0 2724 3285 4857 12.4222 42
44 0 2716 3261 4861 10 43
45 0 2708 3233 4861 14.9706 44
46 0 2704 3213 4857 14 45
47 0 2700 3201 4845 6.94427 46
48 0 2700 3189 4837 9.31371 47
49 0 2696 3177 4837 10 48
50 0 2672 3161 4817 14 49
51 0 2648 3133 4805 18 50
52 0 2636 3117 4793 14.9706 51
53 0 2600 3089 4773 27.1204 52
54 0 2552 3085 4761 18 53
55 0 2520 3097 4737 14 54
56 0 2508 3097 4709 12.4222 55
57 0 2516 3105 4689 14.9706 56
58 0 2532 3105 4689 9.31371 57
59 0 2552 3129 4657 22 58
60 0 2580 3141 4629 10 59
61 0 2608 3141 4621 14 60
62 0 2644 3157 4617 14 61
63 0 2660 3161 4617 10.6491 62
64 0 2684 3177 4613 12.4222 63
65 0 2708 3197 4605 12.4222 64
66 0 2728 3217 4605 12.4222 65
67 0 2744 3241 4589 14.9706 66
68 0 2756 3285 4569 14 67
69 0 2756 3329 4525 34 68
70 0 2764 3341 4465 15.8885 69
71 0 2780 3357 4441 14 70
72 0 2804 3377 4421 12.4222 71
73 0 2832 3401 4405 14.9706 72
74 0 2844 3429 4389 12.4222 73
75 0 2840 3461 4369 10.6491 74
76 0 2828 3489 4361 12.4222 75
77 0 2812 3509 4361 12.4222 76
78 0 2804 3533 4349 10 77
79 0 2804 3553 4329 12.4222 78
80 0 2808 3589 4317 14 79
81 0 2816 3621 4317 18 80
82 0 2832 3681 4305 30.9848 81
83 0 2856 3737 4309 14.4924 82
84 0 2868 3749 4317 10.6491 83
85 0 2888 3749 4329 12.4222 84
86 0 2908 3745 4353 12.4222 85
87 0 2920 3737 4365 9.31371 86
88 0 2936 3717 4385 12.4222 87
89 0 2944 3713 4413 10 88
90 0 2952 3717 4425 12.4222 89
91 0 2960 3725 4433 9.31371 90
92 0 2984 3749 4453 14.4924 91
93 0 2992 3781 4457 14 92
94 0 2988 3809 4469 14 93
95 0 2972 3837 4505 14.4924 94
96 0 2956 3837 4533 10 95
97 0 2964 3825 4569 14.9706 96
98 0 2980 3813 4601 15.8885 97
99 0 3016 3821 4633 18 98
100 0 3084 3849 4649 21.3238 99
101 0 3148.76 3799.48 4589.95 40.4575 100
102 2 3155.33 3786.33 4563.67 49.6765 101
103 2 3158 3783 4553 47.05 102
104 0 3168 3773 4513 29.241 103
105 0 3212 3781 4473 19.5407 104
106 2 3231.41 3804.41 4443.12 19.5294 105
107 0 3252 3825 4409 15.8885 106
108 0 3252 3825 4373 15.8885 107
109 0 3228 3785 4313 44.6476 108
110 2 3199.78 3779.36 4298.89 26.9365 109
111 0 3168 3773 4293 12.4222 110
112 0 3132 3769 4289 10.6491 111
113 0 3102.34 3768.17 4279.76 15.2794 112
114 0 3088 3761 4269 10 113
115 0 3060 3757 4261 12.4222 114
116 0 3036 3753 4249 12.4222 115
117 0 3024 3749 4237 9.31371 116
118 0 3000 3745 4213 14 117
119 0 2984 3749 4181 15.8885 118
120 2 2980.81 3758.56 4158.69 17.5706 119
121 0 2984 3769 4105 10 120
122 0 2984 3769 4081 10 121
123 0 2992 3769 4061 14 122
124 0 3008 3781 4037 12.4222 123
125 0 3028 3793 4009 12.4222 124
126 0 3048 3805 3989 9.31371 125
127 0 3060 3829 3957 12.4222 126
128 0 3072 3829 3929 9.31371 127
129 0 3076 3833 3901 10.6491 128
130 0 3084 3837 3865 12.4222 129
131 0 3096 3845 3833 12.4222 130
132 0 3108 3853 3817 14.9706 131
133 0 3120 3845 3789 9.31371 132
134 2 3124 3837 3763 9.31371 133
135 0 3140 3837 3741 14.4924 134
136 0 3156 3825 3717 28.4631 135
137 0 3196 3841 3653 23.6125 136
138 0 3228 3845 3609 12.4222 137
139 0 3244 3837 3589 14 138
140 0 3260 3837 3561 10.6491 139
141 0 3268 3849 3529 12.4222 140
142 0 3268 3873 3481 14 141
143 0 3268 3889 3449 10 142
144 0 3272 3893.4 3419.8 10 143
145 0 3272 3897 3369 10.6491 144
146 0 3284 3901 3337 10.6491 145
147 0 3292 3905 3309 10 146
148 0 3292 3905 3285 10.6491 147
149 0 3300 3913 3261 10 148
150 0 3308 3917 3241 9.31371 149
151 0 3312 3921 3213 9.31371 150
152 0 3312 3921 3189 9.31371 151
153 0 3316 3925 3165 9.31371 152
154 0 3316 3925 3153 6 153
155 0 3316 3921 3133 9.31371 154
156 0 3312 3929 3101 10.6491 155
157 0 3316 3941 3073 12.4222 156
158 0 3316 3949 3037 12.4222 157
159 0 3316 3949 3009 10 158
160 0 3320 3949 2985 9.31371 159
161 0 3324 3953 2961 9.31371 160
162 0 3328 3961 2929 10 161
163 0 3328 3969 2905 9.31371 162
164 0 3324 3973 2873 9.31371 163
165 0 3324 3977 2849 10 164
166 0 3324 3977 2821 9.31371 165
167 0 3332 3993 2789 12.4222 166
168 0 3344 3997 2761 12.4222 167
169 0 3364 3989 2729 10.6491 168
170 0 3380 3981 2713 9.31371 169
171 0 3400 3965 2685 14 170
172 0 3420 3949 2665 10.6491 171
173 0 3448 3937 2641 12.4222 172
174 0 3468 3929 2625 12.4222 173
175 0 3496 3929 2605 10 174
176 0 3508 3929 2593 6.94427 175
177 0 3524 3937 2577 9.31371 176
178 0 3540 3945 2557 9.31371 177
179 0 3556 3945 2533 12.4222 178
180 0 3572 3949 2509 10 179
181 0 3580 3949 2485 9.31371 180
182 0 3584 3953 2465 9.31371 181
183 0 3588 3953 2441 10 182
184 0 3592 3961 2409 10.6491 183
185 0 3600 3965 2385 10 184
186 0 3612 3969 2345 14 185
187 0 3612 3977 2317 10 186
188 0 3616 3981 2293 10 187
189 0 3620 3989 2269 12.4222 188
190 0 3620 3993 2241 9.31371 189
191 0 3620 3997 2221 6.94427 190
192 0 3620 4001 2205 6.94427 191
193 0 3628 4009 2181 10.6491 192
194 0 3632 4001 2149 9.31371 193
195 0 3640 3993 2125 12.4222 194
196 0 3640 3989 2093 12.4222 195
197 0 3640 3981 2069 9.31371 196
198 0 3640 3981 2045 6 197
199 0 3636 3977 2037 9.31371 198
200 0 3636 3981 2013 9.31371 199
201 0 3636 3989 1989 9.31371 200
202 0 3624 4001 1957 12.4222 201
203 0 3620 4009 1933 12.4222 202
204 0 3620 4025 1909 10 203
205 0 3620 4037 1881 12.4222 204
206 0 3620 4049 1853 10 205
207 0 3616 4065 1813 10 206
208 0 3612 4077 1789 9.31371 207
209 0 3608 4081 1761 10.6491 208
210 0 3604 4081 1737 10 209
211 0 3604 4081 1725 10.6491 210
212 0 3600 4081 1713 6 211
213 0 3596 4085 1689 9.31371 212
214 0 3592 4101 1661 6.94427 213
215 0 3584 4109 1637 9.31371 214
216 0 3580 4113 1617 9.31371 215
217 0 3564 4121 1585 12.4222 216
218 0 3560 4121 1557 12.4222 217
219 0 3552 4137 1533 10 218
220 0 3552 4161 1513 14 219
221 0 3552 4189 1489 10.6491 220
222 0 3548 4205 1473 12.4222 221
223 0 3544 4217 1461 9.31371 222
224 0 3544 4237 1433 12.4222 223
225 0 3552 4257 1417 10.6491 224
226 0 3556 4281 1405 10 225
227 0 3560 4309 1389 14 226
228 0 3564 4337 1377 12.4222 227
229 0 3572 4365 1361 10.6491 228
230 0 3576 4389 1341 10 229
231 0 3572 4401 1321 9.31371 230
232 0 3568 4405 1313 6.94427 231
233 0 3564 4405 1301 10 232
234 0 3552 4401 1285 10 233
235 0 3516 4405 1245 12.4222 234
236 0 3492 4409 1229 10 235
237 0 3472 4413 1217 10 236
238 0 3456 4429 1205 12.4222 237
239 0 3444 4445 1193 10 238
240 0 3436 4465 1173 9.31371 239
241 0 3428 4489 1153 12.4222 240
242 0 3424 4509 1129 10 241
243 0 3420 4525 1109 9.31371 242
244 0 3284 3905 3425 3.65685 144
245 0 3288 3909 3425 3.65685 244
246 0 3292 3913 3429 6 245
247 0 3300 3917 3429 3.65685 246
248 0 3304 3913 3425 2 247
249 0 3308 3913 3425 2 248
250 0 3312 3913 3425 2 249
251 0 3108 3825 3765 9.31371 134
252 0 3100 3821 3773 6 251
253 0 3084 3809 3785 6 252
254 0 3080 3813 3789 3.65685 253
255 0 3076 3813 3789 3.65685 254
256 0 3072 3813 3789 2 255
257 0 2956 3729 4169 10 120
258 0 2936 3717 4173 6.94427 257
259 0 2928 3709 4177 3.65685 258
260 0 2924 3705 4181 6 259
261 0 2904 3697 4193 9.31371 260
262 0 2880 3693 4197 12.4222 261
263 0 2872 3689 4209 6.94427 262
264 0 2864 3693 4217 3.65685 263
265 0 2860 3697 4221 3.65685 264
266 0 2856 3697 4225 3.65685 265
267 0 2852 3697 4229 2 266
268 0 2852 3697 4233 2 267
269 0 3096 3785 4269 3.65685 113
270 0 3088 3793 4269 6 269
271 0 3088 3801 4269 6 270
272 0 3080 3809 4257 6 271
273 0 3072 3821 4245 6.94427 272
274 0 3056 3837 4229 6.94427 273
275 0 3048 3841 4225 6.94427 274
276 0 3040 3853 4225 2 275
277 0 3244 3741 4277 14.4924 110
278 0 3256 3729 4269 12.4222 277
279 0 3308 3705 4237 23.2982 278
280 2 3344.61 3708.15 4212.39 21.4123 279
281 2 3357 3709 4200 19.8948 280
282 0 3380 3725 4181 10 281
283 0 3396 3737 4161 9.31371 282
284 0 3416 3753 4137 12.4222 283
285 2 3446.19 3755.97 4123.84 18.8578 284
286 0 3464 3753 4109 21.3238 285
287 0 3500 3757 4105 14.4924 286
288 0 3550.93 3781.98 4109.49 14.24 287
289 0 3592 3805 4125 12.4222 288
290 0 3612 3829 4133 14.4924 289
291 0 3644 3853 4141 9.31371 290
292 0 3664 3869 4145 12.4222 291
293 0 3696 3889 4157 19.5407 292
294 0 3720 3897 4157 23.2982 293
295 2 3746.55 3919.55 4165.36 13.9904 294
296 0 3752 3937 4173 10 295
297 0 3748 3953 4189 12.4222 296
298 0 3736 3957 4217 9.31371 297
299 0 3740 3961 4245 10 298
300 0 3740 3977 4261 14.4924 299
301 0 3752 3993 4281 10 300
302 0 3780.77 3972.21 4314.58 27.2114 301
303 0 3813.08 3978.08 4334.61 31.0156 302
304 2 3805.34 4023.21 4359.88 29.6494 303
305 0 3784 4049 4361 10 304
306 0 3776 4069 4361 9.31371 305
307 0 3760 4085 4361 6.94427 306
308 0 3756 4101 4361 6 307
309 0 3756 4117 4365 12.4222 308
310 0 3752 4129 4357 6.94427 309
311 0 3744 4137 4349 10 310
312 0 3734.08 4154.92 4335.72 10.3873 311
313 0 3724 4165 4329 12.4222 312
314 0 3708 4185 4317 6 313
315 0 3708 4201 4317 6 314
316 0 3708 4209 4309 3.65685 315
317 0 3708 4217 4301 6 316
318 0 3708 4213 4285 6 317
319 0 3748 4169 4349 6.94427 312
320 0 3752 4165 4361 6 319
321 0 3752 4165 4369 6 320
322 0 3828 4025 4405 15.8885 304
323 0 3832 4041 4429 14 322
324 0 3832 4057 4433 6.94427 323
325 0 3828 4065 4433 6 324
326 0 3840 4077 4425 6 325
327 0 3860 3961 4317 26.2843 303
328 0 3908 3913 4333 15.8885 327
329 0 3908 3889 4341 21.3238 328
330 0 3896 3849 4345 18 329
331 0 3888 3833 4341 10.6491 330
332 0 3876 3813 4337 9.31371 331
333 0 3876 3789 4337 10 332
334 0 3884 3777 4345 6 333
335 0 3928 3921 4333 6.94427 328
336 0 3936 3929 4333 6.94427 335
337 0 3944 3937 4329 10 336
338 0 3956 3937 4321 6 337
339 0 3968 3937 4321 2 338
340 0 3752 3913 4349 31.9411 302
341 0 3740 3885 4361 10 340
342 0 3752 3957 4165 10 296
343 0 3764 3977 4165 6 342
344 0 3768 3981 4161 2 343
345 0 3772 3981 4161 2 344
346 0 3756 3925 4149 9.31371 295
347 0 3764 3929 4141 3.65685 346
348 0 3768 3933 4137 6 347
349 0 3784 3937 4121 6.94427 348
350 0 3796 3937 4105 9.31371 349
351 0 3808 3933 4093 10 350
352 0 3824 3925 4085 6.94427 351
353 0 3832 3913 4077 6.94427 352
354 0 3840 3897 4073 9.31371 353
355 0 3832 3889 4069 6.94427 354
356 0 3824 3885 4065 9.31371 355
357 0 3816 3877 4065 6 356
358 0 3736 3889 4137 6.94427 294
359 0 3748 3881 4125 6.94427 358
360 0 3748 3881 4117 3.65685 359
361 0 3752 3877 4113 6 360
362 0 3752 3869 4101 6 361
363 0 3752 3861 4085 6 362
364 0 3752 3861 4077 3.65685 363
365 0 3756 3857 4073 6 364
366 0 3760 3857 4061 6 365
367 0 3768 3857 4045 9.31371 366
368 0 3772 3869 4025 6 367
369 0 3776 3873 4021 3.65685 368
370 0 3780 3877 4017 6 369
371 0 3788 3881 4017 2 370
372 0 3792 3881 4017 2 371
373 0 3560 3769 4085 6 288
374 0 3560 3761 4077 6.94427 373
375 0 3552 3757 4065 6 374
376 0 3548 3749 4057 9.31371 375
377 0 3540 3749 4045 6 376
378 0 3536 3749 4029 6 377
379 0 3536 3745 4013 6.94427 378
380 0 3536 3733 4001 6.94427 379
381 0 3540 3725 4001 6 380
382 0 3456 3733 4089 6 286
383 0 3460 3725 4077 6 382
384 0 3464 3721 4061 6 383
385 0 3464 3721 4049 6 384
386 0 3464 3721 4033 6 385
387 0 3463.6 3721 4016.2 5.76569 386
388 0 3460 3721 4009 3.65685 387
389 0 3460 3721 4001 6 388
390 0 3460 3717 3993 6 389
391 0 3456 3721 3977 6 390
392 0 3456 3721 3965 6 391
393 0 3456 3721 3957 6 392
394 0 3456 3721 3945 9.31371 393
395 0 3452 3725 3925 9.31371 394
396 0 3456 3737 3901 6 395
397 0 3464 3737 3885 6 396
398 0 3468 3737 3869 6 397
399 0 3484 3745 3857 9.31371 398
400 2 3494 3745 3847 9.31371 399
401 0 3516 3753 3825 6.94427 400
402 0 3532 3765 3817 6.94427 401
403 0 3548 3781 3801 6.94427 402
404 0 3564 3785 3797 6 403
405 0 3576 3785 3797 10 404
406 0 3596 3785 3805 6.94427 405
407 0 3604 3789 3813 9.31371 406
408 0 3608 3785 3821 9.31371 407
409 0 3612 3773 3821 6 408
410 0 3616 3757 3821 6 409
411 0 3624 3749 3821 3.65685 410
412 0 3632 3741 3821 6 411
413 0 3636 3737 3817 6 412
414 0 3644 3725 3821 6.94427 413
415 0 3648 3717 3817 3.65685 414
416 0 3644 3713 3817 2 415
417 0 3480 3733 3833 6.94427 400
418 0 3468 3729 3825 6 417
419 0 3452 3729 3813 6 418
420 0 3436 3729 3801 6 419
421 0 3428 3729 3797 6 420
422 0 3420 3733 3793 9.31371 421
423 0 3408 3745 3785 6 422
424 0 3388 3761 3781 10 423
425 0 3476 3733 4009 6.94427 387
426 0 3480 3745 4001 6 425
427 0 3476 3749 4005 6 426
428 0 3452 3781 4133 6 285
429 0 3452 3789 4133 6 428
430 0 3440 3805 4137 6.94427 429
431 0 3432 3813 4137 6.94427 430
432 0 3420 3817 4137 10 431
433 0 3396 3817 4141 6.94427 432
434 0 3380 3821 4149 6 433
435 0 3372 3821 4153 6 434
436 0 3368 3817 4157 2 435
437 0 3368 3817 4161 2 436
438 0 3424 3841 4137 6 432
439 0 3424 3857 4137 6 438
440 0 3428 3861 4141 6 439
441 0 3356 3741 4201 14.9706 281
442 0 3368 3761 4197 18.3961 441
443 0 3372 3781 4197 14.9706 442
444 0 3376 3797 4201 6.94427 443
445 0 3372 3813 4201 6.94427 444
446 0 3364 3821 4209 6.94427 445
447 0 3360 3685 4221 9.31371 280
448 0 3380 3669 4229 15.8885 447
449 0 3392 3653 4245 20.6274 448
450 2 3430.85 3610.73 4242.53 33.9527 449
451 0 3440 3597 4241 40.5206 450
452 0 3456 3577 4209 6 451
453 0 3460 3569 4201 9.31371 452
454 0 3476 3557 4193 6 453
455 0 3476 3545 4181 9.31371 454
456 0 3468 3537 4153 9.31371 455
457 0 3472 3533 4145 6.94427 456
458 0 3476 3525 4137 9.31371 457
459 0 3472 3497 4117 6 458
460 0 3476 3497 4109 6.94427 459
461 0 3484 3493 4105 6.94427 460
462 0 3444 3541 4253 21.3238 451
463 0 3452 3509 4241 18 462
464 0 3444 3497 4229 6 463
465 0 3436 3625 4193 22.3311 450
466 0 3452 3621 4177 10 465
467 0 3224 3837 4301 19.5407 109
468 0 3220 3877 4289 14 467
469 0 3224 3917 4277 18 468
470 0 3236 3957 4249 23.6125 469
471 2 3249.33 3983.67 4235.67 22.5446 470
472 0 3248 4041 4189 14.4924 471
473 0 3236 4061 4157 14.4924 472
474 0 3215.86 4085.29 4107.84 21.6472 473
475 2 3212.75 4091.49 4083.03 28.5675 474
476 2 3217.48 4101.23 4057.81 29.558 475
477 0 3244 4117 3977 18 476
478 0 3264 4129 3909 18 477
479 0 3292 4133 3853 18 478
480 0 3312 4141 3813 12.4222 479
481 0 3316 4141 3769 14.2462 480
482 0 3328 4145 3729 14.4924 481
483 0 3336 4141 3701 12.4222 482
484 0 3352 4129 3681 10 483
485 2 3368.73 4114.09 3654.09 16.9859 484
486 0 3372 4101 3641 12.4222 485
487 2 3364 4079 3619 12.6852 486
488 0 3364 4073 3605 9.31371 487
489 0 3372 4053 3585 10 488
490 0 3376 4037 3561 10 489
491 0 3380 4017 3537 12.4222 490
492 0 3414.12 3997.8 3527.67 24.5668 491
493 0 3456.4 4016.09 3496.6 35.5234 492
494 0 3473.49 4025 3478.92 31.7321 493
495 0 3520 4021 3425 19.5407 494
496 2 3520.52 4021 3372.64 20.8917 495
497 0 3512 4041 3317 10 496
498 0 3512 4057 3281 14 497
499 0 3520 4073 3253 14.4924 498
500 0 3524 4105 3225 12.4222 499
501 0 3528.51 4126.54 3202.43 13.7971 500
502 0 3532 4137 3185 12.4222 501
503 0 3532 4149 3165 18 502
504 0 3544 4157 3145 12.4222 503
505 2 3544 4157 3119 21.3159 504
506 2 3541.67 4168.67 3098.33 30.0126 505
507 2 3539.36 4180.18 3079.28 36.3755 506
508 0 3536 4197 3049 39.7612 507
509 0 3544 4233 2989 12.4222 508
510 0 3552 4245 2965 10.6491 509
511 0 3560 4257 2949 9.31371 510
512 0 3564 4261 2941 6.94427 511
513 0 3568 4265 2925 9.31371 512
514 0 3584 4281 2893 10.6491 513
515 0 3600 4281 2877 10 514
516 0 3616 4277 2869 14 515
517 0 3628 4269 2857 10.6491 516
518 0 3644 4265 2841 18 517
519 0 3648 4253 2821 23.6125 518
520 0 3652 4233 2781 6.94427 519
521 0 3656 4233 2765 6 520
522 0 3660 4241 2745 6.94427 521
523 0 3664 4237 2737 6.94427 522
524 0 3676 4253 2721 6.94427 523
525 0 3680 4269 2705 6 524
526 0 3680 4277 2689 6 525
527 0 3684 4289 2677 6.94427 526
528 0 3688 4305 2665 6.94427 527
529 0 3700 4325 2657 6.94427 528
530 2 3705.33 4342.33 2651.67 10.4265 529
531 0 3724 4357 2645 9.31371 530
532 0 3744 4373 2629 9.31371 531
533 0 3768 4381 2605 9.31371 532
534 0 3788 4389 2605 9.31371 533
535 2 3806.85 4389 2601.23 9.31371 534
536 0 3816 4393 2605 6.94427 535
537 0 3828 4405 2617 9.31371 536
538 0 3844 4425 2649 6.94427 537
539 0 3840 4437 2669 6.94427 538
540 0 3836 4437 2689 6 539
541 0 3836 4429 2697 2 540
542 0 3836 4425 2701 2 541
543 0 3808 4377 2581 6 535
544 0 3812 4377 2573 6 543
545 0 3820 4377 2561 9.31371 544
546 0 3828 4385 2553 3.65685 545
547 0 3832 4389 2549 2 546
548 0 3688 4357 2649 6.94427 530
549 0 3676 4361 2653 6.94427 548
550 0 3668 4377 2665 6 549
551 0 3672 4385 2673 6 550
552 0 3672 4393 2673 2 551
553 0 3672 4397 2673 2 552
554 0 3640 4297 2833 9.31371 518
555 0 3628 4321 2813 10 554
556 0 3628 4337 2813 10 555
557 0 3632 4357 2801 6.94427 556
558 0 3636 4373 2793 6.94427 557
559 0 3632 4385 2785 6 558
560 0 3628 4389 2781 6 559
561 0 3628 4397 2761 6 560
562 0 3496 4157 3057 14 508
563 0 3492 4141 3061 10 562
564 0 3576 4201 3065 23.6125 507
565 0 3600 4197 3065 6.94427 564
566 0 3620 4193 3065 6 565
567 0 3636 4181 3065 9.31371 566
568 0 3648 4173 3049 6.94427 567
569 0 3656 4169 3037 6.94427 568
570 0 3664 4165 3029 3.65685 569
571 0 3674 4171 3023 8.72135 570
572 0 3680 4177 3017 6.94427 571
573 0 3688 4185 3009 9.31371 572
574 0 3692 4193 3001 6.94427 573
575 0 3704 4209 2997 6 574
576 0 3708 4225 2989 6 575
577 0 3708 4233 2985 6 576
578 0 3712 4241 2981 2 577
579 0 3716 4241 2981 2 578
580 0 3688 4185 3041 6 571
581 0 3696 4189 3049 9.31371 580
582 0 3708 4189 3053 6 581
583 0 3552 4113 3093 15.8885 506
584 0 3568 4105 3089 10 583
585 0 3580 4097 3089 9.31371 584
586 0 3584 4085 3089 6.94427 585
587 0 3596 4065 3089 9.31371 586
588 0 3612 4049 3081 6 587
589 0 3548 4113 3125 10 505
590 0 3544 4109 3137 6.94427 589
591 0 3524 4149 3205 6.94427 501
592 2 3516.4 4164.2 3205 6.84984 591
593 0 3508 4173 3205 6.94427 592
594 0 3488 4181 3205 6 593
595 0 3480 4181 3205 6 594
596 0 3468 4181 3209 9.31371 595
597 0 3452 4177 3229 6.94427 596
598 0 3444 4181 3245 10.6491 597
599 0 3436 4173 3257 6.94427 598
600 0 3420 4165 3277 9.31371 599
601 0 3412 4149 3297 12.4222 600
602 0 3408 4121 3305 9.31371 601
603 0 3400 4113 3297 9.31371 602
604 0 3388 4105 3297 6.94427 603
605 0 3376 4093 3293 10 604
606 0 3368 4093 3285 6.94427 605
607 0 3344 4089 3277 6.94427 606
608 0 3332 4085 3269 6.94427 607
609 0 3320 4085 3261 6 608
610 0 3312 4081 3253 6 609
611 0 3408 4105 3325 10 602
612 0 3404 4109 3349 9.31371 611
613 0 3524 4169 3217 6 592
614 0 3536 4173 3229 6 613
615 0 3552 4177 3229 6 614
616 0 3564 4177 3233 10 615
617 0 3588 4181 3233 6 616
618 0 3592 4181 3225 3.65685 617
619 0 3596 4185 3221 2 618
620 0 3512 3989 3377 10.6491 496
621 0 3508 3977 3381 9.31371 620
622 0 3508 3961 3381 2 621
623 0 3536 4009 3433 3.65685 495
624 0 3548 3993 3433 6.94427 623
625 0 3560 3985 3433 10 624
626 0 3572 3985 3425 6.94427 625
627 0 3464 4049 3437 12.4222 494
628 0 3444 4061 3425 6 627
629 0 3436 4057 3473 10 493
630 0 3420 4061 3485 3.65685 629
631 0 3412 4065 3489 6 630
632 0 3420 3965 3549 14 492
633 0 3416 3949 3557 6 632
634 0 3400 3945 3573 6.94427 633
635 0 3388 3941 3589 6 634
636 0 3380 3941 3601 6 635
637 0 3376 3937 3605 6 636
638 0 3360 3937 3609 6 637
639 0 3344 3937 3613 6 638
640 0 3328 3945 3609 6 639
641 0 3308 3953 3601 6 640
642 0 3292 3953 3597 9.31371 641
643 0 3280 3961 3581 6 642
644 0 3264 3961 3565 6 643
645 0 3276 3941 3605 6.94427 642
646 0 3268 3933 3605 6.94427 645
647 0 3264 3925 3605 3.65685 646
648 0 3260 3921 3601 2 647
649 0 3344 4077 3629 6.94427 487
650 0 3332 4081 3629 10 649
651 0 3320 4081 3637 6 650
652 0 3304 4085 3649 6 651
653 0 3296 4085 3653 6 652
654 0 3284 4093 3665 6.94427 653
655 0 3276 4093 3673 6 654
656 0 3264 4085 3685 9.31371 655
657 0 3256 4089 3693 10.6491 656
658 0 3244 4093 3697 6 657
659 0 3392 4129 3633 12.4222 485
660 0 3412 4145 3633 9.31371 659
661 0 3420 4153 3637 9.31371 660
662 0 3436 4157 3637 6.94427 661
663 0 3476 4157 3637 18 662
664 0 3492 4161 3625 12.4222 663
665 0 3516 4161 3613 14 664
666 2 3556.11 4150.32 3592.89 30.1636 665
667 0 3584 4153 3529 28.4631 666
668 2 3599.53 4171.82 3470.89 26.8944 667
669 2 3604 4217.07 3427.94 24.2129 668
670 0 3604 4225 3421 24.8328 669
671 2 3592.94 4249.71 3396.29 25.1259 670
672 2 3594.67 4258.33 3387.67 21.9752 671
673 2 3602.49 4294.19 3348.57 29.7855 672
674 0 3632 4313 3257 14 673
675 0 3648 4325 3225 14.4924 674
676 0 3664 4357 3193 14 675
677 0 3672 4381 3173 15.8885 676
678 0 3692 4405 3157 14.4924 677
679 2 3715.31 4419.48 3143.34 13.1394 678
680 0 3748 4437 3133 15.8885 679
681 0 3794 4437 3133 19.0828 680
682 0 3841.74 4441.96 3130.52 37.4087 681
683 2 3910.8 4433.4 3105 27.6 682
684 2 3934.2 4425.6 3105 22.4 683
685 0 3984 4425 3125 10 684
686 0 4000 4417 3141 6 685
687 0 4004 4417 3157 6 686
688 0 4012 4417 3169 9.31371 687
689 0 4028 4417 3185 6 688
690 0 4036 4417 3185 6 689
691 0 4040 4413 3189 6 690
692 0 3960 4457 3065 21.3238 684
693 0 3944 4489 3045 14.4924 692
694 2 3920.34 4422.02 3051.37 20.8804 683
695 0 3920 4425 3017 26 694
696 0 3932 4477 3017 14 695
697 0 3896 4441 3041 12.4222 694
698 0 3900 4457 3045 6.94427 697
699 0 3912 4465 3053 6.94427 698
700 0 3856 4501 3157 6 682
701 0 3860 4505 3161 2 700
702 0 3860 4509 3165 2 701
703 0 3860 4513 3169 3.65685 702
704 0 3856 4521 3173 6 703
705 0 3856 4537 3177 6 704
706 0 3856 4553 3193 6 705
707 0 3856 4553 3205 6 706
708 0 3860 4561 3221 6 707
709 0 3864 4561 3229 2 708
710 0 3864 4561 3233 2 709
711 0 3864 4561 3237 2 710
712 0 3864 4561 3241 2 711
713 0 3808 4449 3109 9.31371 681
714 0 3800 4441 3097 6.94427 713
715 0 3776 4441 3093 10 714
716 0 3752 4441 3097 10 715
717 0 3740 4441 3093 2 716
718 0 3736 4441 3093 2 717
719 0 3708 4409 3121 6 679
720 0 3704 4409 3105 6.94427 719
721 0 3700 4405 3089 6 720
722 0 3680 4397 3077 6.94427 721
723 0 3664 4389 3073 3.65685 722
724 0 3660 4389 3069 2 723
725 0 3652 4373 3141 6.94427 677
726 0 3640 4373 3121 9.31371 725
727 0 3640 4365 3113 10 726
728 0 3640 4341 3113 10 727
729 0 3644 4321 3113 9.31371 728
730 0 3644 4309 3117 6 729
731 0 3644 4301 3125 6 730
732 0 3644 4289 3125 6 731
733 0 3644 4273 3137 6 732
734 0 3644 4369 3093 6.94427 727
735 0 3644 4373 3085 6 734
736 0 3636 4365 3077 12.4222 735
737 0 3620 4353 3053 6.94427 736
738 0 3592 4341 3381 12.4222 673
739 0 3576 4357 3393 6.94427 738
740 0 3564 4369 3405 10 739
741 0 3580 4385 3417 10.6491 740
742 0 3592 4385 3421 6 741
743 0 3600 4385 3421 6 742
744 0 3612 4389 3421 9.31371 743
745 0 3628 4389 3417 6 744
746 0 3644 4393 3413 6 745
747 0 3660 4401 3409 6.94427 746
748 0 3680 4405 3409 6 747
749 0 3688 4405 3409 6 748
750 0 3700 4409 3409 9.31371 749
751 0 3712 4405 3413 9.31371 750
752 0 3720 4405 3421 6 751
753 0 3728 4405 3421 6 752
754 0 3736 4405 3429 6 753
755 0 3744 4405 3437 3.65685 754
756 0 3748 4405 3437 3.65685 755
757 0 3752 4401 3441 6 756
758 0 3760 4401 3441 6 757
759 0 3772 4393 3449 6 758
760 0 3780 4393 3449 6 759
761 0 3796 4385 3465 6 760
762 0 3812 4385 3481 6 761
763 0 3820 4393 3481 6.94427 762
764 0 3828 4409 3493 6 763
765 0 3832 4417 3497 3.65685 764
766 0 3832 4421 3497 2 765
767 0 3832 4425 3497 2 766
768 0 3572 4405 3421 6.94427 741
769 0 3576 4425 3437 6 768
770 0 3572 4429 3441 6 769
771 0 3568 4433 3445 3.65685 770
772 0 3568 4437 3449 3.65685 771
773 0 3564 4445 3453 6 772
774 0 3564 4449 3461 6 773
775 0 3556 4453 3473 6.94427 774
776 0 3556 4457 3485 6 775
777 0 3552 4465 3493 6 776
778 0 3548 4473 3497 6 777
779 0 3560 4261 3369 10 672
780 0 3556 4269 3345 9.31371 779
781 0 3556 4257 3397 10.6491 671
782 0 3548 4265 3389 6.94427 781
783 0 3536 4273 3389 6.94427 782
784 0 3528 4277 3393 6 783
785 0 3508 4265 3397 6.94427 784
786 0 3492 4249 3393 6.94427 785
787 0 3492 4241 3385 6 786
788 0 3640 4229 3417 10.6491 670
789 0 3672 4229 3417 9.31371 788
790 0 3684 4229 3417 6 789
791 0 3700 4229 3417 6 790
792 0 3704 4225 3421 6 791
793 0 3720 4225 3421 6 792
794 0 3736 4225 3421 6.94427 793
795 0 3752 4217 3421 6 794
796 0 3768 4217 3421 6 795
797 0 3772 4221 3425 6 796
798 0 3780 4221 3425 6 797
799 0 3784 4225 3421 6 798
800 0 3796 4225 3413 10 799
801 0 3800 4213 3405 6 800
802 0 3580 4229 3437 6.94427 669
803 0 3564 4229 3437 6 802
804 0 3556 4225 3441 6.94427 803
805 0 3548 4217 3445 3.65685 804
806 0 3544 4217 3449 2 805
807 2 3630 4153 3435 19.6241 668
808 2 3647.39 4155.85 3417.61 18 807
809 2 3669.45 4153.51 3395.55 20.9002 808
810 0 3680 4164.78 3367.7 22.7103 809
811 0 3680 4161 3345 12.4222 810
812 0 3672 4161 3309 15.8885 811
813 0 3652 4161 3281 6 812
814 0 3644 4161 3273 6 813
815 0 3640 4161 3257 6.94427 814
816 0 3636 4153 3245 10.6491 815
817 0 3652 4153 3221 9.31371 816
818 0 3664 4153 3205 9.31371 817
819 0 3672 4153 3193 6 818
820 0 3676 4153 3185 6.94427 819
821 0 3684 4161 3177 6 820
822 2 3698 4161 3163 9.82843 821
823 0 3708 4161 3153 9.31371 822
824 0 3724 4177 3133 10.6491 823
825 0 3736 4185 3117 6 824
826 0 3744 4193 3113 10 825
827 2 3759.27 4191.91 3114.09 9.16662 826
828 0 3780 4181 3117 6.94427 827
829 0 3808 4169 3129 10.6491 828
830 0 3820 4169 3129 6.94427 829
831 0 3836 4153 3125 6.94427 830
832 0 3844 4149 3125 6 831
833 0 3852 4141 3117 9.31371 832
834 0 3860 4129 3113 6 833
835 0 3864 4121 3105 2 834
836 0 3864 4117 3105 2 835
837 0 3772 4213 3105 6.94427 827
838 0 3792 4225 3105 6.94427 837
839 0 3812 4229 3105 6 838
840 0 3828 4229 3105 6 839
841 0 3848 4221 3109 6.94427 840
842 0 3856 4213 3113 6.94427 841
843 0 3860 4205 3121 3.65685 842
844 0 3864 4201 3121 2 843
845 0 3864 4197 3121 2 844
846 0 3864 4193 3121 2 845
847 0 3732 4201 3093 9.31371 826
848 0 3720 4205 3065 10 847
849 0 3720 4217 3049 6 848
850 0 3720 4229 3029 6 849
851 0 3720 4229 3021 6 850
852 0 3728 4149 3173 9.31371 823
853 0 3736 4133 3181 6 852
854 0 3740 4121 3181 9.31371 853
855 0 3748 4109 3181 6.94427 854
856 0 3748 4101 3181 3.65685 855
857 0 3752 4093 3181 6 856
858 0 3760 4085 3189 6 857
859 0 3688 4173 3157 3.65685 822
860 0 3684 4181 3153 6.94427 859
861 0 3668 4201 3153 9.31371 860
862 0 3660 4217 3149 9.31371 861
863 0 3656 4229 3145 6 862
864 0 3704 4181 3345 12.4222 810
865 0 3704 4193 3321 9.31371 864
866 2 3664.08 4125.77 3389.24 14.172 809
867 0 3676 4097 3389 6.94427 866
868 0 3684 4089 3397 6.94427 867
869 0 3696 4081 3401 10.6491 868
870 0 3704 4073 3401 10 869
871 0 3724 4077 3405 10 870
872 0 3748 4093 3397 6.94427 871
873 0 3756 4097 3381 6 872
874 0 3764 4105 3381 6.94427 873
875 0 3772 4121 3369 6 874
876 0 3644 4113 3397 10 866
877 0 3644 4097 3397 6 876
878 0 3644 4081 3397 9.31371 877
879 0 3660 4069 3393 9.31371 878
880 0 3628 4181 3401 15.8885 808
881 0 3608 4133 3421 15.8885 807
882 0 3576 4153 3629 10.6491 666
883 0 3584 4161 3637 3.65685 882
884 0 3592 4165 3645 6.94427 883
885 0 3596 4181 3653 6 884
886 0 3588 4197 3661 9.31371 885
887 0 3580 4217 3661 6 886
888 0 3576 4229 3673 6 887
889 0 3580 4233 3677 6 888
890 0 3576 4237 3693 6 889
891 0 3560 4237 3709 6 890
892 0 3548 4237 3725 6 891
893 0 3540 4237 3733 2 892
894 0 3536 4237 3741 6 893
895 0 3520 4237 3749 6 894
896 0 3504 4237 3761 6 895
897 0 3604 4201 3669 6 886
898 0 3624 4213 3673 9.31371 897
899 0 3636 4209 3673 6 898
900 0 3648 4209 3673 9.31371 899
901 0 3664 4193 3689 6.94427 900
902 0 3684 4173 3697 6.94427 901
903 0 3688 4157 3693 6 902
904 0 3684 4149 3689 6 903
905 0 3624 4233 3673 6 898
906 0 3632 4241 3681 6 905
907 0 3640 4253 3689 6.94427 906
908 0 3652 4261 3697 6 907
909 0 3668 4269 3713 6 908
910 0 3664 4269 3721 3.65685 909
911 0 3660 4273 3725 3.65685 910
912 0 3660 4273 3729 2 911
913 0 3660 4273 3733 2 912
914 0 3292 4145 3765 6 481
915 0 3276 4145 3765 6 914
916 0 3268 4141 3769 3.65685 915
917 0 3264 4137 3769 3.65685 916
918 0 3260 4133 3773 2 917
919 0 3172 4089 4029 6.94427 476
920 0 3164 4097 4021 6 919
921 0 3160 4105 4013 6 920
922 0 3160 4117 4005 6 921
923 0 3160 4125 4005 6 922
924 0 3156 4129 4009 2 923
925 0 3156 4133 4009 2 924
926 0 3164 4065 4097 6 475
927 0 3148 4061 4101 6.94427 926
928 0 3140 4061 4109 9.31371 927
929 0 3132 4061 4117 6 928
930 0 3120 4069 4125 6 929
931 0 3104 4077 4137 6 930
932 0 3092 4073 4149 6.94427 931
933 0 3196 4121 4117 14.9706 474
934 0 3196 4137 4125 10 933
935 0 3196 4157 4137 9.31371 934
936 0 3196 4175 4159 14 935
937 0 3188 4189 4205 12.4222 936
938 0 3196 4185 4241 18 937
939 0 3216 4189 4269 30.9848 938
940 0 3212 4213 4293 12.4222 939
941 0 3200 4229 4309 12.4222 940
942 0 3188 4241 4317 14.4924 941
943 0 3180 4261 4341 10 942
944 0 3184 4273 4349 14.4924 943
945 0 3176 4301 4365 12.4222 944
946 0 3172 4313 4365 10 945
947 0 3156 4341 4381 12.4222 946
948 0 3140 4365 4405 9.31371 947
949 0 3140 4373 4433 6.94427 948
950 0 3140 4369 4449 6.94427 949
951 0 3156 4369 4461 10.6491 950
952 0 3168 4377 4473 9.31371 951
953 0 3176 4377 4485 14 952
954 0 3187.88 4395.59 4527.59 19.2914 953
955 0 3208 4409 4541 18 954
956 0 3232 4401 4549 6.94427 955
957 2 3228.27 4397.27 4567.66 14.4329 956
958 0 3224 4361 4581 6.94427 957
959 2 3213.26 4343.09 4570.26 16.843 958
960 0 3212 4329 4549 22 959
961 0 3232 4301 4521 9.31371 960
962 0 3200 4333 4593 9.31371 959
963 0 3188 4321 4597 9.31371 962
964 0 3180 4313 4597 6 963
965 0 3176 4309 4601 2 964
966 0 3172 4309 4601 2 965
967 0 3244 4417 4589 9.31371 957
968 0 3248 4413 4609 10 967
969 0 3244 4401 4609 3.65685 968
970 0 3240 4397 4605 2 969
971 2 3175.64 4404.46 4548.07 17.211 954
972 0 3148 4405 4565 12.4222 971
973 0 3124 4405 4565 14 972
974 0 3108 4381 4553 14.9706 973
975 0 3108 4389 4537 12.4222 974
976 0 3116 4401 4537 10 975
977 0 3108 4409 4533 6 976
978 0 3192 4417 4565 6 971
979 0 3200 4417 4573 10 978
980 0 3208 4417 4581 10 979
981 0 3204 4425 4593 2 980
982 0 3204 4425 4597 2 981
983 2 3226.75 4163.2 4288.35 25.4168 939
984 2 3233.88 4146.09 4301.18 21.7253 983
985 0 3244 4121.77 4319.15 18.4474 984
986 0 3244 4085 4353 22.3311 985
987 2 3294.53 4046.26 4372.79 14.4186 986
988 0 3312 4005 4389 9.31371 987
989 0 3312 3993 4397 6 988
990 0 3308 3985 4405 9.31371 989
991 0 3304 3969 4434.33 12.6038 990
992 0 3312 3973 4453 6.94427 991
993 0 3320 3977 4457 6 992
994 0 3328 3981 4453 2 993
995 0 3332 3981 4453 2 994
996 0 3336 3981 4453 2 995
997 0 3340 3981 4449 2 996
998 0 3344 3981 4445 2 997
999 0 3348 3981 4441 2 998
1000 0 3300 3941 4445 10 991
1001 0 3304 3929 4449 6 1000
1002 0 3296 4037 4353 6 987
1003 0 3292 4049 4337 6.94427 1002
1004 0 3288 4057 4329 6 1003
1005 0 3264 4101 4313 10 985
1006 0 3280 4089 4309 9.31371 1005
1007 0 3296 4097 4309 2 1006
1008 0 3296 4101 4309 2 1007
1009 0 3224 4105 4285 9.31371 984
1010 0 3216 4089 4297 6 1009
1011 0 3208 4085 4305 6 1010
1012 0 3180 4121 4317 20.6274 983
1013 0 3192 4089 4337 9.31371 1012
1014 0 3204 4201 4153 10 936
1015 0 3204 4225 4149 9.31371 1014
1016 0 3204 4237 4145 10 1015
1017 0 3196 4249 4149 6 1016
1018 0 3180 4265 4145 6.94427 1017
1019 0 3172 4273 4145 6.94427 1018
1020 0 3160 4285.08 4157.08 8.15295 1019
1021 0 3164 4293 4169 6 1020
1022 0 3172 4297 4181 6 1021
1023 0 3176 4301 4185 6 1022
1024 0 3176 4301 4193 6 1023
1025 0 3184 4305 4201 6 1024
1026 0 3184 4305 4209 6 1025
1027 0 3180 4309 4213 6 1026
1028 0 3172 4309 4213 6 1027
1029 0 3168 4317 4213 6 1028
1030 0 3160 4325 4213 3.65685 1029
1031 0 3152 4333 4213 6.94427 1030
1032 0 3144 4341 4213 3.65685 1031
1033 0 3140 4345 4209 6 1032
1034 0 3136 4349 4205 6 1033
1035 0 3132 4353 4201 3.65685 1034
1036 0 3128 4357 4197 3.65685 1035
1037 0 3128 4357 4193 3.65685 1036
1038 0 3120 4365 4185 6.94427 1037
1039 0 3120 4365 4177 6.94427 1038
1040 0 3116 4369 4169 3.65685 1039
1041 0 3112 4369 4169 2 1040
1042 0 3136 4285 4157 6 1020
1043 0 3120 4289 4149 6 1042
1044 0 3104 4289 4145 6 1043
1045 0 3096 4289 4145 6 1044
1046 0 3092 4293 4141 6 1045
1047 0 3084 4301 4137 10 1046
1048 0 3084 4313 4129 6 1047
1049 0 3212 4249 4129 9.31371 1016
1050 0 3204 4237 4113 2 1049
1051 0 3204 4237 4109 2 1050
1052 0 3204 4233 4105 2 1051
1053 0 3204 4229 4101 2 1052
1054 0 3172 4113 4105 3.65685 933
1055 0 3168 4109 4101 3.65685 1054
1056 0 3168 4105 4101 3.65685 1055
1057 0 3164 4101 4097 3.65685 1056
1058 0 3160 4097 4093 6 1057
1059 0 3156 4093 4089 3.65685 1058
1060 0 3152 4093 4081 3.65685 1059
1061 0 3148 4089 4077 3.65685 1060
1062 0 3148 4089 4073 2 1061
1063 0 3276 3973 4245 6 471
1064 0 3288 3973 4249 9.31371 1063
1065 0 3300 3977 4249 6 1064
1066 0 3308 3977 4249 6 1065
1067 0 3316 3977 4249 2 1066
1068 0 3320 3977 4249 2 1067
1069 0 3328 3977 4249 6 1068
1070 0 3340 3973 4257 6.94427 1069
1071 0 3348 3961 4257 9.31371 1070
1072 0 3356 3941 4273 9.31371 1071
1073 0 3364 3925 4285 9.31371 1072
1074 0 3376 3901 4289 9.31371 1073
1075 0 3392 3885 4293 6.94427 1074
1076 0 3414.48 3867.14 4299.76 12.0463 1075
1077 0 3428 3857 4293 10 1076
1078 0 3456 3845 4289 15.8885 1077
1079 0 3476 3821 4289 12.4222 1078
1080 0 3496 3801 4293 12.4222 1079
1081 0 3536 3757 4309 35.7359 1080
1082 0 3545.52 3676.13 4317 28.1071 1081
1083 0 3600 3629 4293 18.3961 1082
1084 0 3628 3605 4293 15.8885 1083
1085 0 3652 3581 4277 10.6491 1084
1086 0 3660 3569 4273 6 1085
1087 0 3668 3561 4273 6 1086
1088 0 3676 3545 4273 9.31371 1087
1089 0 3684 3533 4277 14 1088
1090 0 3688 3505 4277 6 1089
1091 0 3688 3497 4277 6 1090
1092 0 3684 3485 4277 9.31371 1091
1093 0 3684 3473 4277 6 1092
1094 0 3676 3457 4281 9.31371 1093
1095 0 3672 3445 4281 9.31371 1094
1096 0 3668 3425 4281 3.65685 1095
1097 0 3664 3417 4281 6 1096
1098 0 3656 3401 4277 6 1097
1099 0 3648 3385 4277 6 1098
1100 0 3648 3369 4277 6 1099
1101 0 3644 3353 4277 6 1100
1102 0 3644 3337 4277 6 1101
1103 0 3636 3305 4281 10 1102
1104 0 3632 3285 4277 6 1103
1105 0 3632 3277 4277 6 1104
1106 2 3628.49 3266.48 4280.51 9.50756 1105
1107 0 3628 3253 4281 6 1106
1108 0 3632 3241 4281 6 1107
1109 0 3636 3229 4277 6.94427 1108
1110 0 3640 3213 4277 6 1109
1111 0 3640 3205 4277 6 1110
1112 2 3640 3198 4284 6 1111
1113 0 3624 3169 4297 6.94427 1112
1114 0 3616 3153 4301 6.94427 1113
1115 0 3608 3145 4301 3.65685 1114
1116 0 3600 3141 4301 6 1115
1117 0 3592 3137 4301 3.65685 1116
1118 0 3588 3133 4301 3.65685 1117
1119 0 3576 3133 4301 9.31371 1118
1120 0 3568 3133 4309 6.94427 1119
1121 0 3560 3121 4329 6 1120
1122 0 3560 3117 4341 2 1121
1123 0 3556 3113 4345 6 1122
1124 0 3548 3113 4353 3.65685 1123
1125 0 3544 3109 4357 6 1124
1126 0 3532 3105 4373 6 1125
1127 0 3524 3101 4385 6 1126
1128 0 3512 3097 4397 6.94427 1127
1129 0 3492 3097 4401 6.94427 1128
1130 0 3476 3101 4421 6.94427 1129
1131 0 3456 3113 4437 6.94427 1130
1132 0 3444 3113 4453 6.94427 1131
1133 0 3436 3113 4473 6.94427 1132
1134 2 3436 3108.2 4482.6 6.75542 1133
1135 0 3436 3101 4501 6 1134
1136 0 3436 3101 4513 6.94427 1135
1137 0 3444 3109 4525 2 1136
1138 0 3444 3109 4529 2 1137
1139 0 3444 3109 4533 2 1138
1140 0 3420 3109 4493 6 1134
1141 0 3416 3101 4501 6 1140
1142 0 3416 3097 4509 2 1141
1143 0 3416 3097 4513 2 1142
1144 0 3416 3097 4517 3.65685 1143
1145 0 3416 3093 4521 3.65685 1144
1146 0 3420 3089 4521 2 1145
1147 0 3636 3185 4269 6 1112
1148 0 3636 3177 4265 3.65685 1147
1149 0 3640 3173 4261 3.65685 1148
1150 0 3640 3169 4261 3.65685 1149
1151 0 3644 3165 4257 6 1150
1152 0 3648 3157 4257 3.65685 1151
1153 0 3656 3149 4249 6.94427 1152
1154 0 3664 3141 4245 3.65685 1153
1155 0 3668 3141 4241 2 1154
1156 0 3672 3141 4241 2 1155
1157 0 3608 3273 4277 6.94427 1106
1158 0 3596 3273 4269 6 1157
1159 0 3584 3273 4257 6 1158
1160 0 3576 3265 4245 6 1159
1161 0 3568 3257 4233 6 1160
1162 0 3560 3261 4217 6 1161
1163 0 3560 3261 4201 6 1162
1164 0 3560 3261 4193 6 1163
1165 0 3556 3265 4189 6 1164
1166 0 3552 3265 4173 6 1165
1167 0 3552 3277 4153 6.94427 1166
1168 0 3552 3293 4133 9.31371 1167
1169 0 3548 3301 4113 6 1168
1170 0 3512 3661 4321 9.31371 1082
1171 0 3500 3649 4321 14.9706 1170
1172 0 3484 3641 4313 10 1171
1173 0 3472 3865 4293 6.94427 1078
1174 0 3480 3873 4293 3.65685 1173
1175 0 3488 3881 4293 6.94427 1174
1176 0 3496 3889 4285 6.94427 1175
1177 0 3504 3909 4281 6.94427 1176
1178 0 3508 3925 4285 6 1177
1179 0 3516 3937 4281 6.94427 1178
1180 0 3528 3937 4273 14 1179
1181 0 3536 3961 4265 9.31371 1180
1182 0 3544 3973 4269 3.65685 1181
1183 0 3548 3973 4269 2 1182
1184 0 3404 3849 4305 9.31371 1076
1185 0 3396 3833 4313 6.94427 1184
1186 0 3396 3813 4313 12.4222 1185
1187 0 3228 3821 4473 14 106
1188 0 3252 3865 4477 15.8885 1187
1189 0 3256 3909 4477 14 1188
1190 0 3256 3941 4477 12.4222 1189
1191 0 3256 3957 4477 10 1190
1192 0 3256 3977 4489 18 1191
1193 0 3264 4005 4513 10.6491 1192
1194 2 3264 4016 4524 10.6491 1193
1195 0 3256 4041 4549 10 1194
1196 2 3250.69 4058.05 4567.36 19.7591 1195
1197 2 3233.15 4072.08 4598.93 37.9899 1196
1198 2 3232.92 4073.92 4604.05 38.1988 1197
1199 2 3237.39 4078.39 4618.97 33.3892 1198
1200 2 3242.93 4083.93 4637.44 27.432 1199
1201 0 3268 4093 4649 12.4222 1200
1202 2 3287.83 4102.91 4652.3 17.0299 1201
1203 2 3342.72 4136.04 4645 18 1202
1204 0 3364 4141 4641 6.94427 1203
1205 0 3372 4141 4641 6 1204
1206 0 3388 4141 4637 10.6491 1205
1207 0 3415.86 4138.93 4637 6.45552 1206
1208 0 3432 4157 4625 6.94427 1207
1209 0 3436 4173 4605 6.94427 1208
1210 0 3440 4181 4597 3.65685 1209
1211 0 3444 4189 4589 6.94427 1210
1212 0 3460 4193 4589 6 1211
1213 2 3478.8 4193.4 4589 9.07676 1212
1214 0 3492 4185 4593 9.31371 1213
1215 0 3500 4181 4601 6 1214
1216 0 3504 4177 4609 6 1215
1217 0 3512 4177 4609 6 1216
1218 0 3524 4169 4617 6.94427 1217
1219 0 3484 4209 4573 6.94427 1213
1220 0 3492 4217 4565 6 1219
1221 0 3492 4221 4557 3.65685 1220
1222 0 3496 4225 4557 2 1221
1223 0 3428 4117 4637 6.94427 1207
1224 0 3436 4109 4641 6.94427 1223
1225 0 3440 4101 4641 3.65685 1224
1226 0 3448 4089 4641 9.31371 1225
1227 0 3468 4073 4637 6.94427 1226
1228 0 3476 4069 4637 3.65685 1227
1229 0 3480 4065 4633 6 1228
1230 0 3488 4057 4633 3.65685 1229
1231 0 3492 4057 4633 3.65685 1230
1232 0 3496 4057 4633 2 1231
1233 0 3500 4057 4633 2 1232
1234 0 3344 4161 4601 10 1203
1235 0 3332 4161 4581 3.65685 1234
1236 0 3328 4157 4581 2 1235
1237 0 3324 4157 4581 2 1236
1238 0 3272 4081 4681 6 1202
1239 0 3272 4081 4689 6 1238
1240 0 3268 4077 4693 6 1239
1241 0 3268 4077 4701 6 1240
1242 0 3260 4069 4709 2 1241
1243 0 3224 4069 4669 14.4924 1200
1244 0 3212 4057 4693 14.9706 1243
1245 0 3224 4133 4637 14 1199
1246 0 3232 4145 4637 10.6491 1245
1247 0 3240 4157 4645 12.4222 1246
1248 0 3248 4169 4657 9.31371 1247
1249 2 3210.76 4030.31 4613.97 29.5004 1198
1250 0 3200 3965 4653 18 1249
1251 0 3192 3949 4657 10 1250
1252 0 3192 3937 4657 10 1251
1253 0 3184 3929 4665 3.65685 1252
1254 0 3180 3925 4669 2 1253
1255 0 3160 4041 4613 14.4924 1249
1256 0 3160 4025 4597 9.31371 1255
1257 0 3212 4113 4601 14.9706 1197
1258 0 3216 4141 4613 9.31371 1257
1259 0 3248 4085 4549 12.4222 1196
1260 0 3252 4105 4529 9.31371 1259
1261 0 3256 4113 4509 6 1260
1262 0 3276 4037 4513 10 1194
1263 0 3276 4049 4513 10.6491 1262
1264 0 3284 4057 4505 10 1263
1265 0 3284 4081 4501 10 1264
1266 0 3288 4097 4501 2 1265
1267 0 3276 3869 4473 6.94427 1188
1268 0 3284 3877 4473 6.94427 1267
1269 0 3292 3885 4465 10.6491 1268
1270 0 3296 3897 4457 6.94427 1269
1271 0 3304 3905 4457 6.94427 1270
1272 0 3148 3733 4505 10 104
1273 0 3128 3729 4489 3.65685 1272
1274 0 3124 3725 4485 2 1273
1275 0 3120 3725 4481 2 1274
1276 0 3124 3829 4549 30.9848 103
1277 2 3071.93 3822.29 4534.27 28.6353 1276
1278 0 3048 3809 4513 18 1277
1279 0 3048 3789 4509 10 1278
1280 0 3052 3777 4505 12.4222 1279
1281 0 3052 3753 4501 10.6491 1280
1282 0 3052 3741 4497 6.94427 1281
1283 0 3048 3801 4557 10 1277
1284 0 3044 3785 4573 10 1283
1285 0 3032 3781 4577 6 1284
1286 0 3136 3869 4545 10 1276
1287 0 3140 3889 4545 6 1286
1288 0 3212 3837 4581 18 102
1289 0 3216 3853 4573 10.6491 1288
1290 0 3128 3757 4601 15.8885 101
1291 0 3128 3749 4617 9.31371 1290
1292 0 3124 3749 4629 9.31371 1291
1293 0 2764 3297 4769 9.31371 38
1294 0 2764 3285 4769 6 1293
1295 0 2764 3277 4769 6 1294
1296 0 2760 3265 4769 9.31371 1295
1297 0 2752 3241 4773 10 1296
1298 0 2752 3221 4773 10 1297
1299 0 2756 3205 4777 12.4222 1298
1300 0 2756 3169 4781 10 1299
1301 0 2756 3157 4781 10.6491 1300
1302 0 2768 3141 4781 18 1301
1303 0 2780 3125 4777 18 1302
1304 0 2780 3113 4745 10.6491 1303
1305 0 2800 3109 4733 10 1304
1306 0 2816 3109 4717 10.6491 1305
1307 0 2831.35 3099.41 4705 13.1335 1306
1308 0 2856.45 3070.9 4693.25 29.1811 1307
1309 0 2920 3081 4657 18 1308
1310 0 2952 3101 4653 18 1309
1311 0 2948 3133 4641 30.249 1310
1312 0 2964 3133 4613 6.94427 1311
1313 0 2988 3121 4589 10.6491 1312
1314 0 3008 3125 4573 6.94427 1313
1315 0 2788 3073 4669 9.31371 1308
1316 0 2852 3109 4693 15.8885 1307
1317 0 2852 3141 4705 10 1316
1318 0 2704 3349 4685 27.1204 35
1319 0 2680 3361 4673 12.4222 1318
1320 0 2668 3365 4681 6 1319
1321 0 2652 3365 4681 6 1320
1322 0 2648 3309 4681 14.4924 34
1323 0 2644 3305 4657 9.31371 1322
1324 0 2636 3309 4637 6 1323
1325 0 2632 3309 4629 6 1324
1326 0 2628 3293 4625 6 1325
1327 0 2628 3285 4621 6.94427 1326
1328 0 2616 3269 4617 6.94427 1327
1329 0 2616 3253 4621 3.65685 1328
1330 0 2620 3249 4625 2 1329
1331 0 2500 3317 4673 18 30
1332 0 2520 3301 4673 14 1331
1333 0 2528 3289 4685 9.31371 1332
1334 0 2552 3381 4613 10.6491 29
1335 0 2576 3373 4605 12.4222 1334
1336 0 2596 3365 4601 14 1335
1337 0 2612 3365 4609 9.31371 1336
1338 0 2488 3401 4681 14.4924 29
1339 0 2528 3425 4613 10 28
1340 0 2528 3433 4625 9.31371 1339
1341 0 2256 3273 4545 10.6491 21
1342 0 2244 3257 4545 9.31371 1341
1343 0 2236 3225 4545 9.31371 1342
1344 0 2232 3209 4545 6 1343
1345 0 2232 3193 4545 6 1344
1346 0 2232 3185 4541 2 1345
1347 0 2232 3181 4541 2 1346
1348 0 2232 3177 4541 2 1347
1349 0 2308 3277 4489 6.94427 20
1350 0 2308 3277 4481 6 1349
1351 0 2208 3281 4481 24.8328 19
1352 0 2140 3281 4461 30.249 1351
1353 0 2096 3313 4437 15.8885 1352
1354 0 2080 3313 4437 3.65685 1353
1355 0 2076 3317 4433 2 1354
1356 0 2220 3297 4449 22 18
1357 0 2204 3313 4445 9.31371 1356
1358 0 2192 3329 4437 10 1357
1359 0 2204 3353 4429 10.6491 1358
1360 0 2204 3365 4425 10 1359
1361 0 2200 3377 4425 6 1360
1362 0 2200 3393 4421 6 1361
1363 0 2200 3405 4417 10 1362
1364 0 2200 3417 4421 6 1363
1365 0 2240 3201 4417 14.9706 17
1366 0 2216 3201 4405 6.94427 1365
1367 2 2193.29 3197.43 4393.86 13.9376 1366
1368 0 2168 3185 4385 14.4924 1367
1369 0 2152 3181 4389 9.31371 1368
1370 0 2152 3177 4401 6.94427 1369
1371 0 2172 3201 4413 6.94427 1367
1372 0 2160 3193 4413 9.31371 1371
1373 0 2268 3189 4449 28.4631 16
1374 0 2252 3165 4445 10.6491 1373
1375 0 2244 3173 4433 6 1374
