# Generated by NeuTu (https://github.com/janelia-flyem/NeuTu)
1 0 4370 3532 3792 9.31371 -1
2 0 4374 3548 3808 18 1
3 0 4394 3556 3848 23.2982 2
4 0 4423.77 3544.31 3883.54 24.3588 3
5 2 4430 3524.71 3929.18 12.4222 4
6 0 4426 3528 3944 9.31371 5
7 0 4418 3536 3960 14 6
8 0 4422 3552 3984 14.4924 7
9 0 4446 3560 3992 9.31371 8
10 0 4458 3560 3988 6 9
11 0 4476.47 3565.65 3970.35 10.3742 10
12 0 4498 3588 3948 6.94427 11
13 0 4506 3604 3932 6 12
14 0 4514 3612 3928 2 13
15 0 4470 3548 3956 6 11
16 0 4462 3536 3956 6.94427 15
17 0 4454 3528 3952 3.65685 16
18 0 4454 3524 3952 2 17
19 0 4430 3496 3912 10.6491 5
20 0 4446 3468 3916 10.6491 19
21 0 4458 3464 3920 10.6491 20
22 0 4466 3444 3932 10 21
23 0 4458 3436 3944 6 22
24 0 4434 3448 3912 6.94427 20
25 0 4430 3436 3912 9.31371 24
26 0 4426 3428 3916 6 25
27 0 4378 3544 3892 6 4
28 0 4378 3544 3900 6 27
29 0 4378 3536 3908 6 28
30 0 4378 3520 3912 9.31371 29
31 0 4370 3512 3920 6.94427 30
32 0 4366 3504 3928 10 31
33 0 4358 3504 3948 3.65685 32
34 0 4358 3508 3952 2 33
