# Generated by NeuTu (https://github.com/janelia-flyem/NeuTu)
1 0 4659 3167 3684 2 -1
2 0 4659 3171 3684 2 1
3 0 4659 3175 3684 3.65685 2
4 0 4655 3179 3688 3.65685 3
5 0 4651 3183 3692 6 4
6 0 4639 3187 3692 6 5
7 0 4631 3191 3696 6.94427 6
8 0 4619 3203 3696 6.94427 7
9 0 4611 3211 3700 9.31371 8
10 0 4599 3223 3688 6 9
11 0 4587 3239 3676 6.94427 10
12 0 4579 3251 3668 6.94427 11
13 0 4575 3263 3656 6 12
14 0 4567 3271 3648 6 13
15 0 4563 3267 3644 3.65685 14
16 0 4563 3267 3636 3.65685 15
17 0 4559 3271 3632 3.65685 16
18 0 4559 3271 3624 6 17
19 0 4559 3267 3616 2 18
20 0 4559 3267 3612 3.65685 19
21 0 4559 3267 3608 3.65685 20
22 0 4555 3267 3600 6.94427 21
23 0 4551 3263 3588 6 22
24 0 4543 3263 3580 3.65685 23
25 0 4543 3263 3572 6 24
26 0 4539 3259 3564 3.65685 25
27 0 4539 3255 3564 2 26
