# Generated by NeuTu (https://github.com/janelia-flyem/NeuTu)
1 0 4684 3396 3677 6 -1
2 0 4684 3404 3685 9.31371 1
3 0 4684 3412 3693 6 2
4 0 4680 3416 3697 6 3
5 0 4680 3432 3697 6 4
6 0 4684 3448 3701 6 5
7 0 4688 3460 3713 6 6
8 0 4688 3472 3721 6 7
9 0 4688 3492 3737 6 8
10 0 4692 3512 3741 6 9
11 0 4688 3536 3741 9.31371 10
12 0 4688 3544 3733 9.31371 11
13 0 4684 3560 3717 3.65685 12
14 0 4684 3568 3713 6 13
15 0 4684 3576 3705 3.65685 14
16 0 4684 3584 3697 6 15
17 0 4684 3592 3693 6 16
18 0 4676 3600 3685 6.94427 17
19 0 4664 3604 3677 6 18
20 0 4660 3608 3673 3.65685 19
21 0 4660 3608 3669 2 20
