# Generated by NeuTu (https://github.com/janelia-flyem/NeuTu)
1 0 3841 4251 1808 6 -1
2 0 3849 4259 1820 14 1
3 0 3865 4259 1844 9.31371 2
4 0 3861 4247 1864 9.31371 3
5 0 3857 4239 1872 6 4
6 0 3849 4219 1884 6.94427 5
7 0 3845 4215 1896 6 6
8 0 3845 4211 1912 6.94427 7
9 0 3845 4203 1924 6 8
10 0 3845 4199 1944 6 9
11 0 3849 4199 1960 6 10
12 0 3853 4203 1972 6.94427 11
13 0 3865 4191 1988 6.94427 12
14 0 3865 4183 1988 6 13
15 0 3869 4179 1984 2 14
16 0 3869 4175 1976 6 15
17 0 3873 4171 1972 6 16
18 0 3873 4171 1956 6 17
19 0 3885 4159 1936 6.94427 18
20 0 3893 4151 1920 6.94427 19
21 0 3893 4143 1908 6 20
22 0 3893 4143 1900 6 21
23 0 3889 4139 1888 9.31371 22
24 0 3893 4135 1880 6 23
25 0 3897 4127 1860 9.31371 24
26 0 3905 4115 1856 6 25
27 0 3909 4107 1860 6.94427 26
28 0 3913 4099 1864 3.65685 27
29 0 3913 4095 1864 2 28
30 0 3865 4183 2000 6 14
31 0 3865 4179 2020 3.65685 30
32 0 3865 4179 2028 3.65685 31
33 0 3865 4179 2032 3.65685 32
34 0 3869 4175 2036 6 33
35 0 3865 4167 2040 9.31371 34
36 0 3861 4159 2044 9.31371 35
