# Generated by NeuTu (https://github.com/janelia-flyem/NeuTu)
1 0 2496 2863 4248 2 -1
2 0 2500 2867 4248 3.65685 1
3 0 2508 2875 4252 6.94427 2
4 0 2516 2887 4256 6 3
5 0 2520 2891 4252 6 4
6 0 2520 2899 4256 3.65685 5
7 0 2524 2907 4256 6 6
8 0 2524 2923 4264 6 7
9 0 2524 2923 4272 3.65685 8
10 0 2520 2927 4280 6.94427 9
11 0 2515.56 2925.22 4300.44 7.47276 10
12 0 2504 2927 4312 6 11
13 0 2488 2931 4316 6 12
14 0 2472 2939 4324 6 13
15 0 2456 2943 4336 6 14
16 0 2444 2939 4340 6.94427 15
17 0 2432 2935 4352 6 16
18 0 2420 2943 4356 6 17
19 0 2412 2947 4348 2 18
20 0 2528 2919 4312 9.31371 11
21 0 2544 2911 4324 3.65685 20
22 0 2548 2911 4332 3.65685 21
23 0 2552 2911 4336 3.65685 22
24 0 2556 2907 4340 2 23
25 0 2516 2947 4268 6.94427 10
26 0 2516 2959 4268 6 25
27 0 2512 2963 4264 6 26
28 0 2512 2971 4264 6 27
29 0 2520 2979 4264 3.65685 28
30 0 2524 2983 4260 2 29
