# Generated by NeuTu (https://github.com/janelia-flyem/NeuTu)
1 0 4642 3227 4411 2 -1
2 0 4646 3231 4411 2 1
3 0 4650 3231 4411 2 2
4 0 4654 3235 4411 2 3
5 0 4654 3239 4411 2 4
6 0 4650 3243 4411 2 5
7 0 4666 3243 4411 2 5
8 0 4666 3247 4411 2 7
9 0 4662 3251 4411 2 8
10 0 4662 3255 4407 2 9
11 0 4666 3259 4411 2 10
12 0 4670 3259 4411 2 11
13 0 4662 3247 4399 2 10
14 0 4666 3247 4399 2 13
15 0 4674 3247 4399 2 14
16 0 4674 3251 4403 2 15
17 0 4674 3255 4399 2 16
18 0 4662 3283 4383 6.94427 17
19 0 4670 3291 4391 3.65685 18
20 0 4674 3295 4395 6 19
21 0 4674 3299 4403 6.94427 20
22 0 4674 3307 4403 6 21
23 0 4678 3311 4407 6 22
24 0 4646 3283 4383 6 18
25 0 4630 3283 4383 6 24
26 0 4614 3287 4379 6 25
27 0 4598 3287 4379 6.94427 26
28 0 4582 3287 4379 6.94427 27
29 0 4566 3299 4387 6 28
30 0 4558 3299 4387 6 29
31 0 4546 3299 4391 9.31371 30
32 0 4530 3307 4403 10 31
33 0 4518 3311 4403 12.4222 32
34 0 4506 3299 4387 6 33
35 0 4502 3291 4387 6.94427 34
36 0 4498 3283 4379 6.94427 35
37 0 4490 3275 4371 3.65685 36
38 0 4482 3267 4367 6.94427 37
39 0 4474 3259 4363 2 38
40 0 4474 3255 4363 2 39
41 0 4474 3251 4363 2 40
42 0 4498 3331 4403 6.94427 33
43 0 4490 3339 4407 6.94427 42
44 0 4482 3343 4415 3.65685 43
45 0 4482 3351 4423 6.94427 44
46 0 4470 3363 4431 6.94427 45
47 0 4458 3367 4439 6 46
48 0 4450 3375 4455 10 47
49 2 4435.33 3382.33 4469.67 14.1181 48
50 0 4462 3387 4475 10.6491 49
51 0 4486 3395 4483 10.6491 50
52 0 4518 3407 4479 10.6491 51
53 0 4550 3419 4475 12.4222 52
54 0 4578 3439 4475 9.31371 53
55 0 4598 3455 4483 6.94427 54
56 0 4618 3459 4499 10 55
57 0 4386 3375 4479 14.4924 49
58 0 4346 3359 4483 15.8885 57
59 0 4306 3343 4503 20.6274 58
60 0 4278 3311 4503 21.3238 59
61 0 4250 3279 4503 12.4222 60
62 0 4230 3251 4499 10.6491 61
63 0 4214 3223 4507 12.4222 62
64 0 4198 3199 4515 10.6491 63
65 0 4186 3179 4519 12.4222 64
66 0 4174 3163 4523 18 65
67 0 4138 3147 4523 15.8885 66
68 0 4090 3115 4527 15.8885 67
69 0 4090 3099 4527 10.6491 68
70 0 4086 3071 4527 10 69
71 0 4086 3039 4531 10 70
72 0 4082 3015 4543 6.94427 71
73 0 4082 3003 4543 6 72
74 0 4082 2991 4543 9.31371 73
75 0 4078 2971 4547 6.94427 74
76 0 4078 2955 4551 6.94427 75
77 0 4070 2923 4563 12.4222 76
78 0 4074 2903 4571 21.3238 77
79 2 4058.59 2887.59 4582.56 18.1216 78
80 2 4044.76 2877.07 4589.62 13.3839 79
81 0 4034 2863 4603 9.31371 80
82 0 4018 2843 4611 10 81
83 0 4010 2823 4623 10.6491 82
84 0 4006 2799 4643 10 83
85 0 4006 2779 4659 6.94427 84
86 0 4002 2767 4667 6.94427 85
87 0 3994 2751 4679 6 86
88 0 3994 2735 4695 6 87
89 0 3994 2719 4695 6 88
90 0 3994 2707 4699 10.6491 89
91 0 3982 2687 4703 6.94427 90
92 0 3970 2671 4703 6 91
93 0 3958 2663 4699 6.94427 92
94 0 3954 2647 4703 6 93
95 0 3950 2631 4711 6.94427 94
96 0 3946 2615 4719 6 95
97 0 3946 2607 4719 6 96
98 0 3950 2595 4723 9.31371 97
99 0 3946 2583 4723 6 98
100 0 3946 2567 4719 6 99
101 0 3946 2555 4719 10 100
102 0 3958 2535 4719 6 101
103 0 3958 2527 4719 6 102
104 0 3958 2519 4723 2 103
105 0 3958 2511 4723 6 104
106 0 3966 2495 4727 6.94427 105
107 0 3970 2483 4743 6 106
108 0 3970 2483 4751 3.65685 107
109 0 3974 2483 4759 3.65685 108
110 0 3974 2483 4763 2 109
111 0 3974 2487 4771 6 110
112 0 3970 2487 4779 6 111
113 0 3962 2491 4783 6.94427 112
114 0 3954 2491 4791 3.65685 113
115 2 3950 2488.2 4804.6 6.94427 114
116 0 3940.8 2483 4815.4 10.0649 115
117 0 3930 2483 4819 10.6491 116
118 0 3914 2495 4815 6.94427 117
119 0 3894 2507 4811 6.94427 118
120 0 3882 2515 4807 6.94427 119
121 0 3866 2527 4795 9.31371 120
122 0 3858 2535 4791 6 121
123 0 3854 2543 4787 6 122
124 0 3846 2551 4787 3.65685 123
125 0 3838 2559 4787 6.94427 124
126 0 3830 2571 4771 6 125
127 0 3814 2567 4767 6.94427 126
128 0 3798 2567 4751 6 127
129 0 3786 2563 4739 6 128
130 0 3778 2559 4727 6 129
131 0 3778 2559 4719 6 130
132 0 3770 2559 4715 6 131
133 0 3762 2567 4707 6.94427 132
134 0 3750 2583 4699 6.94427 133
135 0 3742 2603 4695 6 134
136 0 3742 2615 4691 3.65685 135
137 0 3738 2623 4691 6 136
138 0 3734 2631 4683 6 137
139 0 3730 2639 4675 9.31371 138
140 0 3726 2647 4671 6.94427 139
141 0 3718 2659 4671 6.94427 140
142 0 3702 2671 4671 6.94427 141
143 0 3690 2683 4671 6.94427 142
144 0 3686 2695 4667 9.31371 143
145 0 3682 2703 4659 6 144
146 0 3670 2711 4647 6.94427 145
147 0 3662 2711 4639 6.94427 146
148 0 3654 2707 4631 2 147
149 0 3650 2703 4631 2 148
150 0 3950 2467 4827 6.94427 116
151 0 3962 2455 4831 6.94427 150
152 0 3974 2435 4827 6 151
153 0 3978 2431 4823 6 152
154 0 3922 2435 4823 6 150
155 0 3914 2431 4823 6 154
156 0 3958 2499 4807 6 115
157 0 3962 2507 4807 6.94427 156
158 0 3974 2515 4811 6.94427 157
159 0 3986 2531 4815 6.94427 158
160 0 3994 2539 4819 6 159
161 0 3998 2535 4823 3.65685 160
162 0 4002 2535 4827 3.65685 161
163 0 4006 2535 4831 2 162
164 0 4034 2891 4575 6.94427 80
165 0 4030 2903 4559 6 164
166 0 4034 2915 4551 6 165
167 0 4066 2871 4567 6 79
168 0 4062 2859 4559 6.94427 167
169 0 4070 2843 4543 9.31371 168
170 0 4078 2827 4527 6 169
171 0 4070 2815 4511 10 170
172 0 4066 2803 4507 9.31371 171
173 0 4102 2903 4575 9.31371 78
174 0 4106 2895 4579 3.65685 173
175 0 4106 2891 4583 2 174
176 0 4106 2887 4587 2 175
177 0 4106 2883 4591 3.65685 176
178 0 4106 2883 4599 3.65685 177
179 0 4110 2879 4603 2 178
180 0 4074 3127 4527 14.4924 68
181 0 4050 3127 4519 10 180
182 0 4026 3119 4511 12.4222 181
183 0 4014 3115 4503 10 182
184 0 3986 3107 4495 12.4222 183
185 0 3958 3087 4487 12.4222 184
186 0 3926 3067 4483 18 185
187 0 3902 3063 4479 14 186
188 0 3882 3063 4479 18 187
189 0 3850 3055 4479 10 188
190 0 3838 3051 4479 6.94427 189
191 0 3830 3043 4479 9.31371 190
192 0 3818 3039 4479 6.94427 191
193 0 3802 3031 4471 9.31371 192
194 0 3782 3031 4455 10.6491 193
195 0 3758 3015 4451 12.4222 194
196 0 3734 3007 4447 12.4222 195
197 0 3718 3007 4439 15.8885 196
198 0 3686 2995 4435 12.4222 197
199 0 3674 2991 4431 10.6491 198
200 2 3640.49 2968.19 4412.19 22.2651 199
201 0 3614 2995 4455 10 200
202 0 3606 2991 4467 3.65685 201
203 0 3606 2991 4471 3.65685 202
204 0 3606 2991 4475 2 203
205 0 3606 2975 4375 10 200
206 0 3589.2 2975 4354.4 10.2485 205
207 0 3598 2987 4335 9.31371 206
208 0 3606 2991 4327 6 207
209 0 3614 2987 4319 2 208
210 0 3618 2987 4319 2 209
211 0 3543.26 2974.28 4313.9 30.9426 206
212 0 3570 2995 4291 28.4631 211
213 0 3594 3015 4287 10.6491 212
214 0 3602 3015 4279 6.94427 213
215 0 3610 3023 4279 3.65685 214
216 0 3614 3023 4275 2 215
217 2 3483.18 3002.29 4295 27.641 211
218 0 3502 3031 4303 6.94427 217
219 0 3506 3043 4307 9.31371 218
220 0 3514 3051 4307 6.94427 219
221 0 3458 3019 4295 14.4924 217
222 0 3434 3043 4299 15.8885 221
223 0 3402 3075 4291 14.4924 222
224 0 3374 3091 4279 14.9706 223
225 0 3346 3091 4267 14 224
226 0 3306 3099 4243 14 225
227 0 3254 3095 4231 26.2843 226
228 0 3186 3083 4183 44.8188 227
229 0 3118 3055 4155 19.5407 228
230 0 3086 3055 4135 10.6491 229
231 0 3058 3047 4131 12.4222 230
232 0 3042 3043 4127 15.8885 231
233 0 3010 3007 4139 18.3961 232
234 0 2982.83 2969.44 4163.78 20.258 233
235 0 2986 2963 4195 6 234
236 0 2994 2959 4203 6 235
237 0 3002 2959 4211 3.65685 236
238 0 3002 2959 4215 2 237
239 0 3006 2959 4227 6 238
240 0 3010 2955 4235 6 239
241 0 3006 2951 4239 6 240
242 0 3006 2951 4255 6.94427 241
243 0 3002 2947 4271 6 242
244 0 2998 2931 4291 6 243
245 0 2994 2931 4311 6 244
246 0 2998 2931 4323 6 245
247 0 3006 2931 4339 6 246
248 0 2938 2927 4175 12.4222 234
249 0 2910 2899 4179 14.4924 248
250 0 2894 2883 4183 18 249
251 0 2858 2863 4183 12.4222 250
252 0 2830 2847 4183 14.4924 251
253 0 2802 2843 4175 14 252
254 0 2778 2839 4155 9.31371 253
255 0 2766 2839 4143 12.4222 254
256 0 2734 2867 4135 14.9706 255
257 0 2694 2883 4143 22 256
258 0 2670 2887 4143 14 257
259 0 2623.1 2899.36 4161.18 16.4039 258
260 0 2618 2903 4195 18 259
261 0 2598 2903 4203 10.6491 260
262 0 2582 2919 4203 12.4222 261
263 0 2586 2931 4211 6.94427 262
264 0 2586 2943 4219 9.31371 263
265 0 2586 2951 4227 3.65685 264
266 0 2590 2951 4231 2 265
267 0 2558 2923 4207 6 262
268 0 2550 2919 4219 10 267
269 0 2550 2911 4231 6.94427 268
270 0 2558 2899 4231 2 269
271 0 2630 2879 4215 6 260
272 0 2638 2871 4227 6 271
273 0 2642 2867 4231 6 272
274 0 2642 2859 4239 3.65685 273
275 0 2642 2855 4239 2 274
276 2 2542.1 2929.99 4139.05 26.8203 259
277 0 2530 2959 4123 27.1204 276
278 0 2522 3007 4111 10 277
279 0 2534 3015 4115 3.65685 278
280 0 2538 3015 4115 2 279
281 0 2502 2935 4127 26.2843 276
282 0 2474 2927 4131 14.9706 281
283 0 2438 2903 4143 14.4924 282
284 0 2390 2887 4159 18 283
285 0 2346 2887 4187 14.4924 284
286 0 2314 2867 4191 10 285
287 0 2298 2867 4191 10 286
288 0 2266 2851 4195 18 287
289 0 2238 2835 4195 22.3311 288
290 0 2218 2807 4191 14 289
291 0 2206 2783 4183 2 290
292 0 2206 2779 4183 2 291
293 0 2206 2775 4183 2 292
294 0 2218 2851 4203 9.31371 289
295 0 2214 2867 4219 6 294
296 0 2206 2879 4219 2 295
297 0 2206 2883 4219 2 296
298 0 2206 2887 4219 2 297
299 0 4642 3215 4403 2 1
300 0 4646 3215 4403 2 299
301 0 4634 3219 4371 2 299
302 0 4638 3223 4371 2 301
