# Generated by NeuTu (https://github.com/janelia-flyem/NeuTu)
1 0 2541 2942 4196 6 -1
2 0 2529 2942 4200 10 1
3 0 2517 2938 4204 6 2
4 0 2509 2938 4204 6 3
5 0 2501 2938 4204 3.65685 4
6 0 2497 2938 4208 2 5
7 0 2493 2938 4208 2 6
8 0 2485 2938 4212 6 7
9 0 2477 2938 4212 6 8
10 0 2465 2930 4224 6 9
11 0 2457 2930 4220 6 10
12 0 2453 2926 4224 6 11
13 0 2441 2922 4224 3.65685 12
14 0 2433 2918 4224 3.65685 13
15 0 2425 2914 4224 6 14
16 0 2417 2914 4224 6 15
17 0 2409 2910 4224 2 16
18 0 2401 2910 4224 6 17
19 0 2385 2910 4228 6 18
