# Generated by NeuTu (https://github.com/janelia-flyem/NeuTu)
1 0 2362 3000 4132 2 -1
2 0 2358 3000 4132 3.65685 1
3 0 2350 3000 4140 6.94427 2
4 0 2338 3000 4156 6.94427 3
5 0 2330 3000 4168 6.94427 4
6 0 2330 3000 4184 6 5
7 0 2322 2996 4208 9.31371 6
8 0 2318 2996 4232 6 7
9 0 2318 2996 4248 6 8
10 0 2314 3000 4264 6.94427 9
11 0 2314 3000 4280 6 10
12 0 2314 3000 4288 6 11
13 0 2310 2996 4292 6 12
14 0 2310 2996 4308 6 13
15 0 2306 2988 4324 6.94427 14
16 0 2306 2988 4332 6.94427 15
17 2 2313.73 2984.13 4351.33 19.1208 16
18 0 2358 2956 4352 9.31371 17
19 0 2370 2956 4352 6 18
20 0 2382 2956 4352 6.94427 19
21 0 2398 2948 4344 9.31371 20
22 0 2414 2936 4336 6.94427 21
23 0 2430 2924 4336 6.94427 22
24 0 2442 2916 4336 10.6491 23
25 2 2458.89 2899.11 4342.44 10.6491 24
26 0 2490 2860 4356 9.31371 25
27 2 2501.82 2836.55 4363.82 12.2809 26
28 0 2506 2816 4380 9.31371 27
29 0 2506 2804 4384 12.4222 28
30 0 2506 2792 4392 9.31371 29
31 0 2510 2772 4396 10.6491 30
32 0 2510 2760 4408 14 31
33 0 2498 2728 4420 6 32
34 0 2494 2712 4432 10.6491 33
35 0 2474 2696 4440 9.31371 34
36 0 2454 2684 4444 9.31371 35
37 0 2426 2668 4448 6.94427 36
38 0 2406 2656 4448 10 37
39 0 2386 2644 4444 9.31371 38
40 0 2374 2636 4440 9.31371 39
41 0 2370 2628 4436 6 40
42 0 2366 2612 4432 6 41
43 0 2362 2596 4428 6 42
44 0 2354 2572 4436 10 43
45 0 2350 2556 4440 9.31371 44
46 0 2346 2544 4444 6 45
47 0 2346 2536 4444 6.94427 46
48 0 2342 2524 4444 12.4222 47
49 0 2330 2520 4444 6.94427 48
50 0 2314 2520 4456 3.65685 49
51 0 2310 2516 4460 3.65685 50
52 0 2302 2512 4464 6.94427 51
53 0 2294 2504 4456 6 52
54 0 2286 2504 4456 6 53
55 0 2278 2496 4452 6 54
56 0 2262 2492 4440 6 55
57 0 2350 2500 4448 9.31371 48
58 0 2366 2488 4456 6 57
59 0 2370 2484 4464 2 58
60 0 2370 2484 4468 2 59
61 0 2526 2844 4360 6 27
62 0 2542 2844 4360 6.94427 61
63 0 2554 2852 4356 6.94427 62
64 0 2570 2860 4352 6 63
65 0 2578 2864 4348 3.65685 64
66 0 2582 2864 4348 2 65
67 0 2470 2904 4320 6 25
68 0 2482 2892 4300 9.31371 67
69 0 2486 2884 4296 6 68
70 0 2494 2880 4288 6 69
71 0 2510 2880 4284 6 70
72 0 2526 2880 4280 6 71
73 0 2538 2876 4276 6 72
74 0 2546 2872 4272 3.65685 73
75 0 2554 2872 4272 6 74
76 0 2570 2872 4260 6 75
77 0 2578 2864 4252 6 76
78 0 2578 2856 4244 6 77
79 0 2582 2832 4244 9.31371 78
80 0 2586 2812 4248 10 79
81 2 2290.74 2986.96 4366.07 20.5952 17
82 0 2258 2972 4388 10 81
83 0 2238 2964 4408 10 82
84 0 2230 2964 4424 10 83
85 0 2214 2952 4440 9.31371 84
86 0 2210 2948 4448 6 85
87 0 2210 2948 4456 6 86
88 0 2206 2944 4460 2 87
89 0 2206 2944 4464 2 88
90 0 2302 3016 4380 14.9706 81
91 0 2310 3032 4388 6 90
