# Generated by NeuTu (https://github.com/janelia-flyem/NeuTu)
1 0 2388 2785 4478 2 -1
2 0 2392 2785 4478 2 1
3 0 2400 2789 4478 6 2
4 0 2404 2789 4466 6 3
5 0 2400 2789 4458 6.94427 4
6 0 2404 2793 4446 6 5
7 0 2388 2781 4434 6.94427 6
8 0 2384 2773 4434 3.65685 7
9 0 2380 2765 4434 6 8
10 0 2376 2753 4434 6 9
11 0 2376 2745 4430 2 10
12 0 2376 2741 4430 2 11
13 0 2376 2737 4430 2 12
14 0 2376 2729 4430 6 13
15 0 2376 2721 4430 6.94427 14
16 0 2368 2717 4438 3.65685 15
17 0 2364 2717 4442 3.65685 16
18 0 2360 2713 4446 6 17
19 0 2356 2709 4442 3.65685 18
20 0 2348 2705 4442 3.65685 19
21 0 2340 2697 4438 6.94427 20
22 0 2324 2689 4438 6.94427 21
23 0 2304 2681 4430 6.94427 22
24 0 2296 2677 4426 6.94427 23
25 0 2288 2669 4418 6.94427 24
26 0 2288 2669 4410 3.65685 25
27 0 2288 2665 4402 6 26
28 0 2284 2669 4394 9.31371 27
29 2 2264.54 2684.46 4378.54 12.2599 28
30 0 2232 2709 4370 6.94427 29
31 0 2224 2717 4362 3.65685 30
32 0 2220 2725 4358 6 31
33 0 2216 2737 4358 6 32
34 0 2212 2749 4358 6 33
35 0 2216 2753 4354 3.65685 34
36 0 2220 2765 4354 6 35
37 0 2228 2777 4346 6.94427 36
38 0 2240 2793 4334 6.94427 37
39 0 2252 2801 4334 6 38
40 0 2268 2809 4330 6 39
41 0 2284 2821 4326 6 40
42 0 2300 2829 4326 6 41
43 0 2308 2833 4326 3.65685 42
44 0 2316 2837 4322 6 43
45 0 2332 2849 4326 6.94427 44
46 0 2348 2849 4326 6.94427 45
47 0 2368 2861 4326 6 46
48 0 2384 2861 4322 6 47
49 0 2400 2857 4318 6.94427 48
50 0 2404 2849 4318 6.94427 49
51 0 2408 2841 4322 3.65685 50
52 0 2404 2837 4326 2 51
53 0 2404 2833 4330 2 52
54 0 2272 2661 4370 6.94427 29
55 0 2288 2645 4370 6.94427 54
56 0 2304 2633 4366 6 55
57 0 2320 2621 4358 6 56
58 0 2284 2689 4434 6.94427 24
59 0 2276 2693 4442 6 58
60 0 2268 2693 4442 6 59
