# Generated by NeuTu (https://github.com/janelia-flyem/NeuTu)
1 0 2645 2772 4409 2 -1
2 0 2641 2768 4409 2 1
3 0 2637 2764 4413 6 2
4 0 2621 2768 4425 9.31371 3
5 0 2613 2776 4429 6 4
6 0 2605 2788 4429 6 5
7 0 2593 2804 4429 6.94427 6
8 0 2583 2822 4431 10.3153 7
9 0 2577 2828 4437 9.31371 8
10 0 2565 2828 4437 6 9
11 0 2553 2828 4437 9.31371 10
12 0 2541 2828 4437 6 11
13 0 2529 2824 4437 6 12
14 0 2517 2820 4453 6 13
15 0 2505 2812 4465 3.65685 14
16 0 2501 2808 4469 6 15
17 0 2497 2796 4477 6 16
18 0 2497 2788 4477 6 17
19 0 2493 2784 4481 3.65685 18
20 0 2489 2772 4481 9.31371 19
21 0 2485 2764 4477 6 20
22 0 2481 2748 4477 6 21
23 0 2593 2844 4425 6.94427 8
24 0 2597 2856 4425 9.31371 23
25 0 2609 2876 4429 6.94427 24
26 0 2617 2884 4433 3.65685 25
27 0 2625 2888 4433 6 26
