# Generated by NeuTu (https://github.com/janelia-flyem/NeuTu)
1 0 2529 3309 4151 2 -1
2 0 2529 3309 4155 2 1
3 0 2525 3305 4159 3.65685 2
4 0 2521 3309 4163 6 3
5 0 2529 3321 4167 9.31371 4
6 0 2525 3329 4159 6 5
7 0 2517 3329 4151 6 6
8 0 2509 3325 4147 3.65685 7
9 0 2505 3321 4143 6 8
10 0 2493 3301 4139 6.94427 9
11 0 2477 3297 4131 9.31371 10
12 0 2461 3293 4135 14.9706 11
13 0 2457 3277 4139 6.94427 12
14 0 2449 3261 4143 6 13
15 0 2449 3253 4139 6 14
16 0 2449 3245 4135 3.65685 15
17 0 2453 3241 4131 2 16
18 0 2453 3237 4131 3.65685 17
19 0 2453 3233 4131 3.65685 18
20 0 2457 3229 4127 3.65685 19
21 0 2461 3225 4123 6 20
22 0 2465 3221 4115 3.65685 21
23 0 2469 3225 4111 6 22
24 0 2481 3229 4099 6 23
25 0 2481 3229 4083 6 24
26 0 2485 3225 4079 3.65685 25
27 0 2485 3221 4071 3.65685 26
28 0 2485 3221 4067 3.65685 27
29 0 2493 3209 4059 6.94427 28
30 0 2501 3185 4055 10 29
31 0 2505 3173 4055 12.4222 30
32 0 2517 3165 4055 6.94427 31
33 0 2525 3161 4051 6 32
