# Generated by NeuTu (https://github.com/janelia-flyem/NeuTu)
1 0 2423 3224 4150 2 -1
2 0 2427 3220 4146 3.65685 1
3 0 2439 3216 4142 10.6491 2
4 0 2455 3224 4142 6.94427 3
5 0 2451 3236 4146 6 4
6 0 2449.13 3253.6 4157.74 9.73571 5
7 0 2435 3268 4170 6 6
8 0 2423 3272 4178 6 7
9 0 2403 3268 4182 6 8
10 0 2387 3268 4186 6 9
11 0 2371 3268 4190 6 10
12 0 2355 3264 4190 6 11
13 0 2347 3260 4190 6.94427 12
14 0 2335 3256 4198 6 13
15 0 2311 3256 4218 9.31371 14
16 0 2299 3256 4218 6 15
17 0 2287 3256 4218 6 16
18 0 2279 3256 4218 6 17
19 0 2271 3256 4218 2 18
20 0 2267 3256 4218 2 19
21 0 2455 3232 4178 6 6
22 0 2459 3224 4186 6 21
