# Generated by NeuTu (https://github.com/janelia-flyem/NeuTu)
1 0 2660 3459 4411 6 -1
2 0 2652 3459 4423 9.31371 1
3 0 2640 3475 4431 14 2
4 0 2640 3487 4419 3.65685 3
5 0 2644 3495 4411 9.31371 4
6 0 2652 3503 4407 6 5
7 0 2660 3507 4403 6 6
8 0 2676 3515 4391 10.6491 7
9 0 2684 3523 4383 6 8
10 0 2692 3531 4375 6 9
11 0 2704 3535 4367 6 10
12 0 2720 3539 4371 6 11
13 0 2736 3535 4367 6 12
14 0 2752 3523 4359 6.94427 13
15 0 2768 3519 4359 6.94427 14
16 0 2784 3519 4347 6 15
17 0 2792 3511 4339 6.94427 16
18 0 2808 3515 4343 6 17
19 0 2816 3515 4347 6 18
20 0 2824 3515 4355 9.31371 19
21 0 2832 3511 4363 9.31371 20
22 0 2844 3511 4367 6 21
23 0 2856 3507 4375 6 22
24 0 2872 3503 4375 6.94427 23
25 0 2892 3507 4375 6.94427 24
26 0 2912 3519 4383 6.94427 25
27 0 2928 3531 4391 6.94427 26
28 0 2936 3551 4411 6.94427 27
29 0 2940 3555 4423 6 28
30 0 2940 3559 4431 6 29
