# Generated by NeuTu (https://github.com/janelia-flyem/NeuTu)
1 0 2705 3153 4199 2 -1
2 0 2701 3149 4199 3.65685 1
3 0 2693 3137 4203 12.4222 2
4 0 2677 3129 4231 6.94427 3
5 0 2673 3125 4247 9.31371 4
6 0 2669 3125 4263 6.94427 5
7 0 2681 3137 4279 6.94427 6
8 0 2693 3137 4279 6 7
9 0 2697 3121 4299 10 8
10 0 2697 3113 4307 6 9
11 0 2697 3097 4319 6 10
12 0 2697 3085 4319 10 11
13 0 2681 3053 4351 23.6125 12
14 2 2670.66 3044.32 4393.05 22.7788 13
15 2 2662.46 3041 4432.44 24.1929 14
16 0 2653 3029 4463 20.6274 15
17 0 2641 3041 4491 12.4222 16
18 0 2625 3033 4515 14.4924 17
19 0 2613 3009 4547 26 18
20 2 2602.03 2972.44 4583.56 34.1136 19
21 0 2601 2969 4587 34.8782 20
22 2 2615.04 2952.62 4594.02 27.5368 21
23 0 2637 2917 4599 18 22
24 2 2651.4 2888.2 4599 18.3565 23
25 2 2657.21 2836.37 4636.89 26.4586 24
26 0 2661 2825 4671 14.4924 25
27 0 2649.19 2804.05 4717.1 18.5353 26
28 2 2652.89 2785.54 4757.8 28.9351 27
29 2 2681.49 2762.84 4787.49 30.0388 28
30 2 2686.61 2758.86 4792.61 30.1821 29
31 0 2701 2725 4811 37.3954 30
32 2 2698.35 2659.77 4846.92 24.9965 31
33 0 2689 2623.63 4886.71 22.7788 32
34 0 2697 2593 4923 6 33
35 0 2697 2593 4931 6 34
36 0 2705 2593 4939 6 35
37 2 2715.16 2593 4945.77 9.38675 36
38 0 2733 2601 4955 12.4222 37
39 0 2749 2625 4955 9.31371 38
40 0 2749 2637 4955 6.94427 39
41 0 2753 2649 4955 9.31371 40
42 0 2749 2661 4955 6 41
43 0 2748.67 2677.67 4958.67 5.80474 42
44 0 2745 2685 4955 3.65685 43
45 0 2741 2689 4951 6 44
46 0 2745 2689 4935 6 45
47 0 2754.67 2686.77 4921.89 8.18995 46
48 0 2773 2653 4919 19.5407 47
49 0 2769 2633 4931 15.8885 48
50 0 2765 2617 4927 3.65685 49
51 0 2765 2613 4923 2 50
52 0 2749 2709 4915 10 47
53 0 2749 2721 4919 6 52
54 0 2745 2733 4927 10 53
55 0 2749 2745 4923 6.94427 54
56 0 2745 2753 4915 6 55
57 0 2757 2689 4971 10.6491 43
58 0 2765 2697 4983 6 57
59 0 2769 2701 4987 6 58
60 0 2773 2709 4995 2 59
61 0 2773 2709 4999 2 60
62 2 2713.01 2573.77 4939.21 7.01445 37
63 0 2717 2547 4935 6 62
64 0 2717 2541 4935 6 63
65 0 2713 2537 4939 3.65685 64
66 0 2709 2529 4943 6 65
67 0 2701 2517 4963 9.31371 66
68 0 2701 2517 4975 3.65685 67
69 0 2705 2517 4983 3.65685 68
70 0 2705 2521 4987 2 69
71 0 2705 2525 4991 2 70
72 0 2705 2537 4923 6.94427 63
73 0 2701 2529 4923 6 72
74 0 2705 2525 4919 6 73
75 0 2701 2517 4911 9.31371 74
76 0 2693 2509 4903 3.65685 75
77 0 2689 2505 4899 2 76
78 0 2709 2569 4923 6 62
79 0 2713 2565 4911 6.94427 78
80 0 2721 2561 4903 10.6491 79
81 0 2729 2545 4907 10 80
82 0 2737 2533 4903 6 81
83 0 2741 2525 4899 6 82
84 0 2745 2521 4895 2 83
85 0 2745 2521 4891 2 84
86 0 2729 2633 4851 23.2982 33
87 0 2753 2653 4839 3.65685 86
88 0 2757 2657 4839 2 87
89 0 2701 2633 4811 10 32
90 0 2709 2621 4811 6 89
91 0 2709 2789 4771 18.3961 30
92 0 2729 2813 4771 3.65685 91
93 0 2725 2817 4771 2 92
94 2 2653.75 2736.75 4787.19 17.1169 29
95 0 2637 2721 4787 9.31371 94
96 0 2641 2709 4779 2 95
97 0 2641 2705 4779 2 96
98 0 2661 2693 4791 12.4222 94
99 0 2661 2673 4787 2 98
100 0 2661 2669 4787 2 99
101 0 2657 2689 4767 2 98
102 0 2657 2685 4767 2 101
103 0 2657 2681 4767 2 102
104 0 2653 2677 4767 2 103
105 2 2624.03 2803.2 4758.77 9.00996 28
106 0 2613 2805 4763 6 105
107 0 2605 2805 4771 6.94427 106
108 0 2577 2793 4779 14.4924 107
109 0 2557 2781 4811 18 108
110 0 2553 2773 4827 14.9706 109
111 2 2553.77 2741.6 4874.4 22.2821 110
112 0 2545 2717 4891 15.8885 111
113 0 2525 2697 4891 10 112
114 0 2501 2697 4883 10 113
115 0 2489 2693 4883 12.4222 114
116 0 2465 2701 4875 6.94427 115
117 0 2445 2717 4875 6 116
118 0 2437 2717 4875 6 117
119 0 2425 2725 4875 10 118
120 0 2413 2717 4859 10 119
121 0 2397 2705 4855 3.65685 120
122 0 2393 2701 4855 3.65685 121
123 0 2389 2697 4855 2 122
124 0 2389 2693 4855 2 123
125 0 2585 2749 4879 9.31371 111
126 0 2593 2757 4887 3.65685 125
127 0 2597 2765 4895 6 126
128 0 2601 2773 4903 6 127
129 0 2601 2781 4907 6 128
130 0 2601 2789 4915 3.65685 129
131 0 2601 2793 4915 2 130
132 0 2613 2801 4743 6 105
133 0 2597 2801 4743 6 132
134 0 2589 2801 4739 6 133
135 0 2581 2809 4739 2 134
136 0 2577 2809 4739 2 135
137 0 2629 2797 4707 9.31371 27
138 0 2613 2781 4699 6 137
139 0 2609 2773 4695 2 138
140 0 2609 2769 4695 2 139
141 2 2658.69 2808.51 4633.03 25.225 25
142 2 2661 2746.51 4630.08 19.2172 141
143 2 2661 2727 4631 15.5447 142
144 0 2673 2693 4643 22 143
145 0 2661 2661 4639 9.31371 144
146 0 2657 2645 4639 6 145
147 2 2664.56 2637.44 4642.78 6.89181 146
148 0 2661 2629 4643 2 147
149 0 2657 2625 4643 2 148
150 0 2657 2621 4643 3.65685 149
151 0 2653 2609 4643 12.4222 150
152 0 2637 2593 4651 9.31371 151
153 0 2625 2585 4655 10 152
154 0 2617 2573 4667 6 153
155 0 2613 2569 4675 6 154
156 0 2613 2565 4683 3.65685 155
157 0 2609 2561 4687 2 156
158 0 2661 2633 4619 6 147
159 0 2657 2629 4615 6 158
160 0 2657 2633 4599 6 159
161 0 2665 2637 4587 6 160
162 0 2661 2717 4603 12.4222 143
163 0 2661 2693 4599 10.6491 162
164 0 2661 2685 4591 6.94427 163
165 0 2661 2677 4583 9.31371 164
166 0 2673 2677 4575 3.65685 165
167 0 2677 2681 4567 6.94427 166
168 0 2689 2745 4639 14.4924 142
169 0 2709 2721 4647 6 168
170 0 2701 2777 4639 14.4924 141
171 0 2721 2773 4643 6.94427 170
172 0 2737 2789 4647 6 171
173 0 2713 2853 4647 14 25
174 0 2721 2865 4647 6.94427 173
175 0 2733 2881 4647 10.6491 174
176 0 2741 2909 4647 10.6491 175
177 0 2733 2917 4639 6.94427 176
178 0 2653 2909 4575 10.6491 24
179 0 2665 2913 4559 9.31371 178
180 0 2677 2921 4543 3.65685 179
181 0 2681 2921 4539 2 180
182 0 2565 2945 4659 30 22
183 0 2549 2965 4731 20.6274 182
184 2 2534.65 2969 4760.41 15.5106 183
185 0 2521 2965 4787 14.4924 184
186 0 2491.27 2954.57 4808.57 12.3064 185
187 0 2438.25 2951.21 4814.16 19.3736 186
188 0 2405 2957 4863 9.31371 187
189 0 2393 2969 4875 3.65685 188
190 0 2385 2973 4875 3.65685 189
191 0 2381 2973 4879 2 190
192 0 2429 2973 4771 10.6491 187
193 0 2445 2973 4767 2 192
194 0 2469 2957 4831 6.94427 186
195 0 2465 2957 4839 6.94427 194
196 0 2457 2949 4847 6 195
197 0 2453 2945 4851 6 196
198 0 2457 2945 4859 6 197
199 0 2461 2941 4863 2 198
200 0 2461 2941 4867 2 199
201 0 2509 2961 4759 10 184
202 0 2501 2961 4767 10.6491 201
203 0 2489 2961 4771 6 202
204 0 2477 2965 4779 6 203
205 0 2469 2961 4779 2 204
206 0 2465 2965 4775 2 205
207 0 2577 2909 4687 26.8444 182
208 0 2601 2885 4711 6 207
209 0 2577 2981 4631 14.4924 21
210 0 2573 2985 4647 10 209
211 0 2565 2993 4651 6 210
212 0 2637 2973 4551 12.4222 20
213 0 2649 2973 4539 6.94427 212
214 0 2657 2977 4531 6.94427 213
215 0 2653 2985 4531 2 214
216 0 2653 2989 4531 2 215
217 0 2677 3005 4487 6 16
218 0 2677 2997 4495 3.65685 217
219 0 2677 2993 4499 3.65685 218
220 0 2681 2989 4499 2 219
221 0 2673 3069 4411 12.4222 15
222 0 2669 3081 4407 6.94427 221
223 0 2661 3085 4407 6 222
224 0 2653 3085 4415 2 223
225 0 2649 3085 4419 2 224
226 0 2693 3089 4367 12.4222 14
227 0 2701 3101 4367 6 226
228 0 2657 3061 4335 6 13
229 0 2649 3061 4327 6 228
230 0 2641 3057 4319 9.31371 229
231 0 2637 3057 4307 2 230
232 0 2637 3057 4303 2 231
