# Generated by NeuTu (https://github.com/janelia-flyem/NeuTu)
1 0 2450 2719 4836 2 -1
2 0 2454 2719 4840 2 1
3 0 2458 2719 4844 3.65685 2
4 0 2458 2719 4848 3.65685 3
5 0 2462 2715 4852 6 4
6 0 2470 2711 4860 6 5
7 0 2474 2707 4876 6.94427 6
8 0 2474 2707 4884 6.94427 7
9 0 2482 2703 4892 6 8
10 0 2490 2707 4892 3.65685 9
11 0 2510 2707 4892 10 10
12 0 2522 2699 4904 6.94427 11
13 0 2534 2695 4916 6.94427 12
14 0 2546 2695 4920 6 13
15 0 2554 2691 4928 6 14
16 0 2566 2691 4940 6 15
17 0 2582 2691 4956 6 16
18 0 2590 2691 4960 6 17
19 0 2594 2695 4964 3.65685 18
20 0 2606 2707 4976 10.6491 19
21 0 2606 2727 4988 10 20
22 0 2606 2751 4988 10 21
23 0 2606 2779 4996 14 22
24 0 2602 2819 4996 18 23
25 0 2602 2863 4996 22 24
26 0 2586 2907 4992 18 25
27 0 2558 2947 4996 19.5407 26
28 0 2562 2987 5016 6.94427 27
29 0 2574 2991 5020 6 28
30 0 2594 2987 5032 6.94427 29
31 0 2610 2983 5036 9.31371 30
32 0 2622 2979 5040 6.94427 31
33 0 2658 2971 5040 14 32
34 0 2674 2963 5036 15.8885 33
35 0 2690 2955 5032 10 34
36 0 2706 2951 5020 10 35
37 0 2722 2943 5004 10 36
38 0 2738 2943 4992 10 37
39 0 2750 2943 4976 15.8885 38
40 0 2766 2963 4952 14 39
41 0 2766 2971 4940 14 40
42 0 2762 2983 4924 12.4222 41
43 0 2758 2995 4912 6.94427 42
44 0 2762 3003 4904 6 43
45 2 2762 3018 4889 9.91421 44
46 0 2762 3031 4876 14.4924 45
47 0 2746 3059 4864 10.6491 46
48 0 2722 3075 4860 9.31371 47
49 0 2698 3083 4860 12.4222 48
50 0 2682 3091 4860 14.4924 49
51 0 2662 3103 4860 9.31371 50
52 0 2638 3119 4864 14.4924 51
53 0 2626 3151 4852 6.94427 52
54 0 2622 3171 4848 10 53
55 0 2614 3203 4836 14 54
56 0 2618 3223 4820 10 55
57 0 2622 3239 4808 9.31371 56
58 0 2630 3247 4800 10 57
59 0 2638 3251 4784 18 58
60 0 2642 3267 4772 10.6491 59
61 0 2646 3295 4764 14 60
62 0 2654 3331 4752 18 61
63 0 2670 3375 4740 12.4222 62
64 0 2698 3415 4740 18 63
65 0 2726 3435 4740 18.3961 64
66 2 2782.09 3490.11 4725.96 49.9333 65
67 2 2783.16 3510.6 4712.66 47.299 66
68 2 2780.88 3523.17 4703.51 43.1831 67
69 2 2779.1 3532.95 4696.4 39.9818 68
70 0 2767.1 3578.26 4666.19 24.7292 69
71 0 2720.67 3608.33 4626.67 18 70
72 0 2706 3623 4604 14.9706 71
73 0 2679.27 3657.73 4558.18 31.5152 72
74 2 2652.27 3684.73 4540.18 46.5152 73
75 2 2646 3694.36 4536.26 48.5196 74
76 2 2646 3721.74 4538.36 36.4741 75
77 0 2646 3771 4540 26 76
78 0 2662 3839 4588 26.2843 77
79 2 2659.36 3896.14 4610.57 31.5225 78
80 0 2666 3939 4624 23.2982 79
81 0 2658 4027 4624 22.3311 80
82 0 2630 4079 4632 23.6125 81
83 0 2622 4111 4648 34.2215 82
84 0 2650 4127 4668 15.8885 83
85 0 2686 4135 4688 14 84
86 0 2714 4135 4704 14 85
87 0 2746 4135 4716 15.8885 86
88 0 2778 4139 4724 14 87
89 0 2810 4143 4720 12.4222 88
90 0 2834 4159 4716 12.4222 89
91 0 2858 4167 4716 6.94427 90
92 0 2882 4183 4720 9.31371 91
93 0 2918 4191 4724 18.3961 92
94 0 2958 4199 4724 18 93
95 0 2994 4207 4732 14.4924 94
96 0 3018 4215 4752 14 95
97 2 3049.38 4219 4776.55 16.9404 96
98 0 3082 4215 4780 14 97
99 0 3118 4219 4776 18 98
100 0 3166.52 4213.96 4776.17 24.404 99
101 0 3178 4191 4780 14.9706 100
102 0 3194 4163 4788 18 101
103 0 3190 4127 4784 14 102
104 0 3186 4095 4780 12.4222 103
105 0 3186 4071 4780 10.6491 104
106 0 3186 4055 4776 10 105
107 2 3194 4019 4768 18.9244 106
108 2 3191.33 4008.33 4769.33 17.9505 107
109 0 3178 3995 4776 10 108
110 0 3162 3971 4796 12.4222 109
111 0 3154 3959 4808 12.4222 110
112 0 3142 3947 4808 10 111
113 0 3130 3935 4816 12.4222 112
114 0 3122 3923 4816 10 113
115 0 3110 3911 4824 12.4222 114
116 0 3098 3879 4832 10 115
117 0 3090 3855 4832 12.4222 116
118 0 3078 3823 4840 10 117
119 0 3082 3799 4840 6.94427 118
120 0 3082 3783 4840 12.4222 119
121 0 3094 3767 4852 12.4222 120
122 0 3098 3727 4852 14 121
123 0 3106 3687 4860 10.6491 122
124 0 3122 3671 4860 9.31371 123
125 0 3142 3651 4860 10.6491 124
126 0 3174.69 3617.86 4856.23 20.9053 125
127 0 3198 3575 4868 10.6491 126
128 0 3218 3551 4880 12.4222 127
129 0 3242 3527 4888 9.31371 128
130 0 3258 3511 4888 6.94427 129
131 0 3278 3487 4888 9.31371 130
132 0 3286 3455 4884 10 131
133 0 3294 3427 4884 10 132
134 0 3302 3403 4884 12.4222 133
135 0 3314 3359 4872 14 134
136 0 3326 3327 4868 6 135
137 0 3326 3311 4868 6 136
138 0 3326 3299 4864 10 137
139 0 3322 3279 4864 6 138
140 0 3314 3255 4856 12.4222 139
141 0 3310 3235 4840 6.94427 140
142 0 3306 3227 4840 6 141
143 0 3298 3211 4840 9.31371 142
144 0 3274 3187 4840 12.4222 143
145 0 3258 3163 4840 10.6491 144
146 2 3238.28 3116.96 4840 25.6727 145
147 0 3262 3055 4832 21.3238 146
148 0 3318 3043 4856 32.176 147
149 0 3362 3083 4860 12.4222 148
150 0 3394 3087 4864 9.31371 149
151 0 3410 3095 4860 6 150
152 0 3426 3111 4860 9.31371 151
153 0 3434 3119 4864 9.31371 152
154 0 3458 3131 4860 6 153
155 0 3466 3139 4856 6.94427 154
156 0 3474 3147 4860 6 155
157 0 3474 3155 4860 2 156
158 0 3474 3159 4860 2 157
159 0 3314 2975 4888 12.4222 148
160 0 3318 2963 4888 2 159
161 0 3318 2959 4888 2 160
162 0 3238 3135 4868 18 146
163 0 3218 3151 4880 6.94427 162
164 0 3210 3167 4880 6.94427 163
165 0 3210 3179 4880 6.94427 164
166 0 3202 3191 4880 6 165
167 0 3202 3199 4880 6 166
168 0 3202 3207 4880 2 167
169 0 3202 3211 4880 2 168
170 0 3202 3215 4880 2 169
171 0 3202 3223 4880 6 170
172 0 3198 3239 4880 6 171
173 0 3198 3247 4880 6 172
174 0 3194 3259 4880 9.31371 173
175 0 3186 3271 4876 6.94427 174
176 0 3182 3279 4876 3.65685 175
177 0 3178 3283 4872 6 176
178 0 3170 3299 4876 6.94427 177
179 0 3170 3307 4868 3.65685 178
180 0 3170 3311 4868 2 179
181 0 3202 3635 4856 12.4222 126
182 0 3242 3655 4852 14 181
183 0 3258 3651 4852 10.6491 182
184 0 3294 3639 4852 18.3961 183
185 0 3342 3631 4856 23.6125 184
186 0 3382 3627 4856 37.3954 185
187 0 3446 3631 4864 14.4924 186
188 0 3474 3611 4860 6.94427 187
189 0 3486 3599 4856 9.31371 188
190 0 3494 3587 4852 9.31371 189
191 0 3502 3579 4852 6 190
192 0 3514 3579 4852 6 191
193 0 3530 3579 4856 6 192
194 0 3538 3579 4856 2 193
195 0 3542 3579 4856 2 194
196 0 3070 3763 4820 3.65685 120
197 0 3058 3759 4816 6 196
198 0 3050 3755 4812 9.31371 197
199 0 3042 3751 4808 9.31371 198
200 0 3046 3735 4800 6.94427 199
201 0 3058 3723 4788 9.31371 200
202 0 3074 3723 4784 6.94427 201
203 0 3082 3731 4776 6 202
204 0 3082 3739 4776 3.65685 203
205 0 3086 3743 4772 2 204
206 0 3198 3999 4736 14 108
207 0 3210 4003 4724 10 206
208 0 3238 4015 4704 12.4222 207
209 0 3254 4031 4688 9.31371 208
210 2 3272.94 4049.94 4665.41 17.5078 209
211 0 3286 4059 4648 12.4222 210
212 0 3286 4059 4616 9.31371 211
213 0 3286 4067 4604 12.4222 212
214 0 3278 4083 4588 10.6491 213
215 0 3266 4099 4572 9.31371 214
216 0 3250 4107 4556 9.31371 215
217 0 3238 4119 4532 9.31371 216
218 0 3234 4127 4520 12.4222 217
219 0 3230 4139 4500 10.6491 218
220 0 3230 4167 4480 14 219
221 0 3214 4203 4444 9.31371 220
222 0 3210 4211 4432 6 221
223 0 3210 4215 4424 6 222
224 0 3210 4203 4412 6 223
225 0 3210 4187 4400 6 224
226 0 3214 4171 4388 10 225
227 0 3226 4167 4384 6 226
228 0 3246 4163 4380 9.31371 227
229 0 3254 4155 4376 6.94427 228
230 0 3266 4143 4372 9.31371 229
231 0 3262 4119 4368 9.31371 230
232 0 3246 4103 4372 9.31371 231
233 0 3230 4099 4372 2 232
234 0 3210 4227 4424 6 223
235 0 3214 4235 4416 9.31371 234
236 0 3210 4243 4408 6 235
237 0 3206 4247 4404 2 236
238 0 3206 4247 4400 2 237
239 0 3206 4247 4396 2 238
240 0 3206 4247 4392 2 239
241 0 3206 4247 4388 2 240
242 0 3206 4251 4384 2 241
243 0 3210 4255 4380 2 242
244 0 3286 4075 4680 10 210
245 0 3282 4091 4680 6.94427 244
246 0 3274 4107 4680 14 245
247 0 3286 4131 4680 14 246
248 0 3290 4147 4680 9.31371 247
249 0 3302 4163 4676 9.31371 248
250 0 3314 4175 4668 9.31371 249
251 0 3334 4179 4652 6.94427 250
252 0 3338 4179 4644 3.65685 251
253 0 3342 4183 4640 2 252
254 0 3250 4103 4676 6.94427 246
255 0 3238 4107 4668 6 254
256 0 3222 4099 4664 6.94427 255
257 0 3218 4091 4660 6 256
258 0 3226 4031 4764 6.94427 107
259 0 3238 4039 4772 6 258
260 0 3254 4043 4776 9.31371 259
261 0 3266 4039 4784 9.31371 260
262 0 3210 4243 4776 9.31371 100
263 0 3226 4259 4780 10.6491 262
264 0 3245.79 4292.26 4788.21 17.6131 263
265 0 3242 4315 4792 10.6491 264
266 0 3226 4343 4792 14 265
267 0 3226 4359 4796 15.8885 266
268 0 3254 4387 4796 18 267
269 0 3266 4407 4820 22 268
270 0 3278 4403 4840 14.4924 269
271 0 3290 4391 4848 6 270
272 0 3294 4383 4856 9.31371 271
273 0 3298 4375 4868 6 272
274 0 3306 4371 4892 10 273
275 0 3302 4383 4900 3.65685 274
276 0 3294 4387 4904 9.31371 275
277 0 3278 4395 4920 6.94427 276
278 0 3270 4399 4924 6 277
279 0 3322 4359 4904 6.94427 274
280 0 3334 4351 4904 6.94427 279
281 0 3342 4343 4904 6 280
282 0 3342 4335 4904 6 281
283 0 3342 4327 4904 3.65685 282
284 0 3338 4323 4904 2 283
285 0 3198 4359 4804 10 267
286 0 3186 4355 4808 9.31371 285
287 0 3162 4359 4808 14.4924 286
288 0 3146 4391 4816 9.31371 287
289 0 3138 4419 4824 9.31371 288
290 0 3130 4423 4828 3.65685 289
291 0 3126 4427 4832 2 290
292 0 3122 4427 4832 2 291
293 0 3118 4427 4832 2 292
294 0 3114 4427 4832 2 293
295 0 3274 4307 4792 6.94427 264
296 0 3290 4323 4796 6.94427 295
297 0 3306 4331 4796 6 296
298 0 3322 4339 4796 6 297
299 0 3334 4347 4792 6 298
300 0 3354 4359 4792 6.94427 299
301 0 3366 4363 4792 9.31371 300
302 0 3374 4367 4796 6 301
303 0 3382 4367 4796 6 302
304 0 3394 4367 4796 10 303
305 0 3422 4363 4800 9.31371 304
306 0 3442 4351 4812 6 305
307 0 3018 4243 4796 15.8885 97
308 0 3014 4279 4796 12.4222 307
309 0 3010 4307 4812 10 308
310 0 3014 4339 4812 9.31371 309
311 0 3006 4363 4816 10.6491 310
312 0 2990 4387 4828 9.31371 311
313 0 2974 4407 4840 12.4222 312
314 0 2966 4419 4840 10 313
315 0 2954 4423 4836 6 314
316 2 2591.97 4124.76 4643 34.6952 83
317 2 2566.66 4136.36 4638.78 35.0945 316
318 2 2502 4163 4632 29.2453 317
319 0 2434 4175 4628 30 318
320 0 2394 4179 4608 41.2666 319
321 0 2338 4123 4600 26.8444 320
322 0 2310 4063 4604 24.8328 321
323 0 2290 4007 4620 23.6125 322
324 0 2261.22 3938.14 4644 27.9452 323
325 0 2270 3895 4640 14 324
326 0 2270 3871 4632 18 325
327 0 2266 3851 4628 14 326
328 0 2262 3815 4624 18 327
329 0 2246 3775 4604 18 328
330 0 2230 3743 4592 14.4924 329
331 0 2210 3711 4564 14.9706 330
332 0 2186 3695 4536 18 331
333 0 2146 3675 4488 14.9706 332
334 0 2130 3671 4464 14 333
335 0 2102 3663 4436 15.8885 334
336 0 2066 3659 4396 14.9706 335
337 0 2038 3643 4356 15.8885 336
338 0 2022 3635 4316 14.9706 337
339 0 2002 3623 4268 14.4924 338
340 0 1978 3611 4236 14.9706 339
341 0 1958 3607 4192 18 340
342 0 1942 3607 4152 14.4924 341
343 0 1938 3591 4116 14 342
344 0 1942 3571 4072 15.8885 343
345 2 1953.31 3574.77 4053.14 12.6203 344
346 0 1958 3587 4048 6 345
347 0 1958 3595 4048 6 346
348 0 1962 3599 4044 6 347
349 0 1962 3615 4040 6 348
350 0 1958 3631 4040 6 349
351 0 1954 3643 4044 9.31371 350
352 0 1950 3655 4044 6 351
353 0 1950 3663 4044 6.94427 352
354 0 1950 3671 4040 2 353
355 0 1950 3675 4040 2 354
356 0 1946 3559 4032 14.4924 345
357 0 1958 3555 4004 10 356
358 0 2213.24 3937.35 4692.76 32.6315 324
359 0 2194 3963 4712 43.2548 358
360 0 2214 4039 4736 18 359
361 0 2234 4079 4748 20.6274 360
362 0 2266 4127 4752 21.3238 361
363 0 2270 4167 4732 14 362
364 0 2262 4199 4728 18 363
365 0 2246 4235 4720 14.9706 364
366 0 2238 4259 4720 15.8885 365
367 0 2238 4283 4712 23.2982 366
368 0 2218 4327 4708 19.5407 367
369 0 2206 4367 4700 18 368
370 0 2210 4399 4696 19.5407 369
371 0 2218 4415 4688 14 370
372 0 2142 3963 4728 9.31371 359
373 0 2134 3959 4732 6 372
374 0 2126 3955 4732 6 373
375 0 2118 3947 4732 3.65685 374
376 0 2114 3943 4732 3.65685 375
377 0 2110 3939 4736 2 376
378 0 2242 3943 4724 18 358
379 0 2262 3939 4728 9.31371 378
380 0 2282 3955 4728 6 379
381 0 2286 3971 4732 6 380
382 0 2290 3979 4732 2 381
383 0 2290 3983 4732 2 382
384 0 2290 3987 4732 2 383
385 0 2386 4239 4612 22 320
386 0 2382 4287 4608 18 385
387 0 2378 4319 4612 15.8885 386
388 2 2360.67 4351.67 4602.67 17.0516 387
389 0 2338 4363 4592 10 388
390 0 2326 4367 4584 10 389
391 0 2298 4383 4564 18 390
392 0 2262 4403 4552 18 391
393 0 2234 4423 4544 6 392
394 2 2379.81 4374.43 4611.6 18.6506 388
395 0 2410 4403 4596 10.6491 394
396 0 2438 4419 4584 10 395
397 0 2450 4423 4576 6 396
398 0 2466 4423 4576 6 397
399 0 2474 4423 4568 3.65685 398
400 0 2478 4427 4568 2 399
401 0 2482 4427 4568 2 400
402 0 2486 4427 4568 2 401
403 0 2490 4427 4568 2 402
404 0 2350 4383 4624 12.4222 394
405 0 2326 4399 4624 12.4222 404
406 0 2306 4419 4640 9.31371 405
407 0 2294 4423 4640 3.65685 406
408 0 2290 4427 4644 2 407
409 0 2286 4427 4644 2 408
410 0 2518 4203 4616 14 318
411 0 2514 4235 4608 10 410
412 0 2522 4259 4592 9.31371 411
413 0 2530 4275 4576 10.6491 412
414 0 2522 4295 4552 9.31371 413
415 0 2518 4299 4544 6 414
416 0 2510 4299 4528 6.94427 415
417 0 2490.79 4309.4 4495.2 11.1819 416
418 0 2458 4303 4476 12.4222 417
419 0 2446 4299 4472 9.31371 418
420 0 2430 4287 4472 9.31371 419
421 0 2398 4255 4472 14.9706 420
422 0 2362 4235 4472 12.4222 421
423 0 2330 4215 4460 10.6491 422
424 0 2318 4211 4452 14 423
425 0 2286 4191 4452 9.31371 424
426 0 2270 4187 4448 14 425
427 0 2242 4195 4448 10 426
428 0 2230 4199 4444 9.31371 427
429 0 2214 4195 4444 6.94427 428
430 0 2206 4191 4444 6.94427 429
431 2 2170.97 4194.84 4444 23.087 430
432 2 2149.93 4211.72 4444 27.6679 431
433 0 2134 4247 4448 32.176 432
434 0 2110 4259 4468 21.3238 433
435 0 2062 4287 4496 26 434
436 0 1973.68 4270.55 4472.58 38.7142 435
437 0 1942.59 4260.27 4460 45.022 436
438 0 1900.67 4225.67 4457.33 27.2104 437
439 0 1866 4195 4440 6.94427 438
440 0 1858 4187 4436 10 439
441 0 1842 4175 4432 9.31371 440
442 0 1834 4151 4424 9.31371 441
443 0 1826 4139 4420 10 442
444 0 1818 4131 4416 6 443
445 0 1806 4123 4416 6 444
446 2 1793.78 4116.89 4412.94 12.1101 445
447 2 1790.38 4115.19 4412.1 13.8095 446
448 0 1770 4127 4396 6.94427 447
449 0 1750 4139 4392 6.94427 448
450 0 1742 4143 4392 3.65685 449
451 0 1722 4147 4392 9.31371 450
452 0 1714 4155 4388 3.65685 451
453 0 1710 4159 4392 2 452
454 0 1706 4163 4392 2 453
455 0 1802 4115 4396 6 447
456 0 1810 4115 4388 6 455
457 0 1818 4115 4388 6.94427 456
458 0 1830 4115 4380 2 457
459 0 1834 4115 4380 2 458
460 0 1790 4095 4436 10 446
461 0 1794 4083 4444 6.94427 460
462 0 1798 4071 4452 10 461
463 0 1802 4063 4460 6 462
464 0 1874 4203 4484 9.31371 438
465 0 1862 4195 4496 6.94427 464
466 0 1850 4199 4496 2 465
467 0 1910 4283 4416 10 437
468 0 1902 4291 4408 9.31371 467
469 0 1898 4291 4396 12.4222 468
470 0 1882 4319 4376 14.4924 469
471 0 1862 4347 4376 14 470
472 0 1846 4367 4368 10 471
473 0 1854 4375 4364 6.94427 472
474 0 1862 4383 4360 10 473
475 0 1870 4383 4352 6.94427 474
476 0 1926 4299 4484 9.31371 436
477 0 1922 4319 4496 6 476
478 0 1926 4335 4496 6 477
479 0 1926 4347 4496 2 478
480 0 1926 4351 4496 2 479
481 0 2130 4167 4460 9.31371 432
482 0 2126 4155 4460 6 481
483 0 2126 4139 4460 6.94427 482
484 0 2122 4123 4464 6 483
485 0 2118 4111 4468 6.94427 484
486 0 2106 4095 4480 9.31371 485
487 0 2098 4079 4480 6.94427 486
488 0 2086 4059 4484 6.94427 487
489 0 2078 4051 4484 6 488
490 0 2070 4043 4480 2 489
491 0 2170 4167 4452 9.31371 431
492 2 2166.22 4159.44 4459.56 10.5749 491
493 0 2154 4123 4460 6 492
494 0 2154 4115 4460 6 493
495 0 2174 4171 4476 6 492
496 0 2174 4183 4496 6 495
497 0 2274 4183 4420 6 426
498 0 2262 4199 4400 6 497
499 0 2262 4195 4392 3.65685 498
500 0 2258 4191 4388 2 499
501 0 2510 4327 4472 9.31371 417
502 0 2518 4335 4472 3.65685 501
503 0 2522 4339 4472 3.65685 502
504 0 2530 4347 4472 6.94427 503
505 0 2538 4347 4484 9.31371 504
506 0 2534 4351 4492 6 505
507 0 2570 4191 4616 22 317
508 0 2558 4227 4632 18 507
509 0 2554 4247 4640 6 508
510 0 2610 4127 4584 9.31371 316
511 0 2630 4131 4568 9.31371 510
512 0 2642 4135 4556 6.94427 511
513 0 2645.68 4147.95 4539.05 6.07455 512
514 0 2642 4159 4528 6.94427 513
515 0 2634 4175 4508 6.94427 514
516 0 2626 4187 4508 6.94427 515
517 0 2626 4203 4508 12.4222 516
518 0 2642 4219 4504 6.94427 517
519 0 2650 4227 4504 9.31371 518
520 0 2662 4251 4504 6.94427 519
521 0 2674 4271 4508 6.94427 520
522 0 2678 4287 4508 6 521
523 0 2678 4307 4508 6.94427 522
524 0 2674 4315 4504 6.94427 523
525 0 2670 4327 4504 2 524
526 0 2650 4135 4524 6.94427 513
527 0 2666 4123 4524 6.94427 526
528 0 2682 4111 4516 6 527
529 0 2690 4111 4512 6 528
530 0 2694 4103 4504 2 529
531 0 2602 4083 4696 14.4924 83
532 0 2578 4059 4720 9.31371 531
533 0 2551.88 4045.59 4737.41 12.4222 532
534 0 2518 4039 4752 10 533
535 0 2510 4039 4760 10 534
536 0 2494 4035 4772 18 535
537 0 2474 4039 4776 10 536
538 0 2450 4039 4776 10 537
539 0 2426 4047 4776 14 538
540 0 2380.18 4058.88 4809.82 15.2956 539
541 0 2370 4083 4824 6 540
542 0 2370 4099 4824 6.94427 541
543 0 2370 4111 4824 9.31371 542
544 0 2370 4123 4824 6 543
545 0 2370 4147 4816 10 544
546 0 2366 4159 4816 10 545
547 0 2370 4183 4800 10 546
548 0 2374 4207 4796 14 547
549 0 2374 4223 4796 14 548
550 0 2382 4251 4800 27.1204 549
551 0 2370 4283 4804 32.176 550
552 2 2358 4301 4816 21.544 551
553 2 2354 4314.39 4853.25 25.6508 552
554 0 2398 4323 4892 6.94427 553
555 0 2402 4327 4912 6.94427 554
556 0 2402 4335 4920 3.65685 555
557 0 2402 4339 4924 3.65685 556
558 0 2402 4347 4932 6 557
559 0 2398 4351 4936 3.65685 558
560 0 2398 4355 4940 3.65685 559
561 0 2394 4363 4948 6 560
562 0 2386 4371 4956 6 561
563 0 2382 4379 4964 6 562
564 0 2382 4387 4964 2 563
565 0 2382 4391 4968 3.65685 564
566 0 2390 4399 4976 3.65685 565
567 0 2394 4403 4980 2 566
568 0 2370 4267 4872 10.6491 553
569 0 2378 4259 4876 9.31371 568
570 0 2386 4251 4876 3.65685 569
571 0 2386 4247 4876 2 570
572 0 2366 4335 4808 18 552
573 0 2350 4363 4816 6.94427 572
574 0 2342 4371 4824 6 573
575 0 2334 4363 4832 6 574
576 0 2326 4355 4840 6.94427 575
577 0 2314 4343 4848 9.31371 576
578 0 2298 4339 4856 6 577
579 0 2374 4323 4792 14.4924 551
580 0 2374 4343 4792 18 579
581 0 2398 4367 4784 10.6491 580
582 0 2410 4371 4780 6 581
583 0 2426 4371 4780 6 582
584 0 2442 4375 4776 6 583
585 0 2454 4375 4764 6 584
586 0 2470 4375 4764 6 585
587 0 2486 4375 4768 6 586
588 0 2490 4371 4764 2 587
589 0 2494 4371 4764 2 588
590 0 2366 4167 4836 6.94427 546
591 0 2374 4167 4856 6.94427 590
592 0 2374 4155 4872 6 591
593 0 2374 4151 4880 6 592
594 0 2358 4027 4832 10 540
595 0 2350 4003 4848 10.6491 594
596 0 2346 3979 4848 10 595
597 0 2346 3967 4848 9.31371 596
598 0 2338 3947 4856 14.4924 597
599 0 2334 3935 4864 10 598
600 0 2566 4051 4756 6.94427 533
601 0 2586 4051 4764 6 600
602 0 2594 4051 4768 6 601
603 0 2606 4035 4780 6 602
604 0 2610 4031 4784 2 603
605 0 2610 4031 4788 2 604
606 0 2602 4107 4700 6 531
607 0 2602 4123 4700 6 606
608 0 2602 4131 4700 6 607
609 0 2602 4143 4700 9.31371 608
610 0 2606 4155 4700 6 609
611 0 2638 3847 4644 19.5407 79
612 0 2614 3819 4668 10 611
613 0 2586 3799 4692 12.4222 612
614 0 2574 3783 4696 9.31371 613
615 0 2558 3759 4700 12.4222 614
616 0 2526 3731 4704 14.9706 615
617 2 2512.67 3717.67 4709.33 16.1232 616
618 0 2478 3687 4728 26 617
619 0 2438 3667 4728 41.0813 618
620 0 2398 3611 4756 15.8885 619
621 0 2394 3595 4768 12.4222 620
622 0 2378 3559 4792 15.8885 621
623 0 2359.08 3525.16 4801.46 16.6594 622
624 0 2334 3487 4816 14.9706 623
625 0 2290 3459 4832 20.6274 624
626 0 2266 3435 4832 21.3238 625
627 0 2254 3387 4836 9.31371 626
628 0 2238 3359 4840 14.9706 627
629 0 2208.19 3320.28 4848.45 14.4924 628
630 0 2166 3263 4856 19.5407 629
631 0 2166 3243 4856 12.4222 630
632 0 2154 3207 4852 15.8885 631
633 0 2146 3151 4856 14.3939 632
634 0 2142 3119 4856 10 633
635 0 2142 3099 4860 10 634
636 0 2138 3087 4860 6.94427 635
637 0 2126 3059 4856 14 636
638 0 2094 3007 4848 20.6274 637
639 0 2078 2971 4848 15.8885 638
640 0 2066 2939 4856 14.9706 639
641 0 2034 2911 4868 18 640
642 0 2006 2895 4868 12.4222 641
643 0 1982 2871 4876 14.4924 642
644 0 1954 2851 4876 12.4222 643
645 0 1930 2815 4884 14 644
646 0 1926 2775 4884 14 645
647 0 1926 2755 4884 19.5407 646
648 0 1950 2731 4896 19.5407 647
649 2 1991.89 2691.84 4925.26 40.1697 648
650 2 1998.05 2681.58 4929.37 43.0027 649
651 2 2013.81 2667.78 4932 45.0399 650
652 2 2063.97 2637.13 4932 45.9786 651
653 0 2074 2631 4932 46.1664 652
654 0 2086 2587 4924 20.6274 653
655 0 2090 2555 4924 10 654
656 0 2074 2535 4920 3.65685 655
657 0 2070 2531 4920 2 656
658 0 2118 2635 4976 26 653
659 0 2094 2675 4908 28.4631 652
660 0 2106 2695 4888 10 659
661 0 1990 2595 4980 15.8885 651
662 0 1990 2683 4984 27.1204 650
663 0 1950 2667 4996 6.94427 662
664 0 1974 2651 4912 19.5407 649
665 0 1962 2615 4892 30 664
666 0 1986 2591 4884 9.31371 665
667 0 2126 3143 4864 10.6491 633
668 0 2114 3123 4860 6 667
669 0 2114 3115 4860 6 668
670 0 2110 3107 4860 2 669
671 0 2110 3103 4860 2 670
672 0 2138 3255 4860 9.31371 630
673 0 2130 3235 4868 14.4924 672
674 0 2114 3207 4868 6 673
675 0 2114 3187 4868 6 674
676 0 2198 3315 4828 6 629
677 0 2198 3319 4820 6.94427 676
678 0 2206 3327 4812 6 677
679 0 2210 3331 4808 3.65685 678
680 0 2218 3335 4800 6.94427 679
681 0 2346 3547 4816 6 623
682 0 2350 3567 4820 6 681
683 0 2346 3575 4824 9.31371 682
684 0 2346 3587 4820 3.65685 683
685 0 2350 3591 4816 3.65685 684
686 0 2354 3595 4816 2 685
687 0 2510 3703 4684 6 617
688 0 2514 3683 4668 6.94427 687
689 0 2530 3671 4656 6.94427 688
690 0 2534 3667 4640 6.94427 689
691 0 2538 3663 4632 9.31371 690
692 0 2542 3655 4628 6.94427 691
693 0 2542 3639 4628 9.31371 692
694 0 2546 3631 4624 6 693
695 0 2546 3611 4608 10 694
696 0 2566 3595 4592 6 695
697 0 2566 3591 4580 3.65685 696
698 0 2570 3595 4568 6 697
699 0 2574 3595 4556 6 698
700 0 2574 3595 4548 3.65685 699
701 0 2578 3599 4540 6 700
702 0 2582 3599 4528 3.65685 701
703 0 2582 3599 4524 2 702
704 0 2582 3599 4520 3.65685 703
705 0 2578 3603 4512 6 704
706 0 2578 3599 4504 6 705
707 0 2534 3595 4620 6 695
708 0 2526 3583 4624 6 707
709 0 2514 3571 4624 6 708
710 0 2502 3563 4628 6 709
711 0 2482 3555 4628 6 710
712 0 2478 3551 4632 3.65685 711
713 0 2478 3547 4632 2 712
714 0 2626 3723 4460 21.3238 76
715 0 2578 3651 4524 14.9706 75
716 0 2554 3631 4520 12.4222 715
717 0 2542 3627 4520 9.31371 716
718 0 2514 3603 4516 18 717
719 0 2498 3587 4516 20.6274 718
720 0 2474 3583 4516 10.6491 719
721 0 2446 3575 4520 14 720
722 0 2406 3543 4524 23.6125 721
723 0 2374 3515 4516 42 722
724 2 2309.38 3541.73 4516 15.814 723
725 0 2294 3555 4516 9.31371 724
726 0 2278 3571 4516 12.4222 725
727 0 2266 3587 4520 15.8885 726
728 0 2226 3595 4528 10 727
729 0 2214 3599 4532 12.4222 728
730 0 2194 3619 4536 9.31371 729
731 0 2182 3631 4540 12.4222 730
732 0 2154 3647 4552 10.6491 731
733 0 2122 3655 4576 10 732
734 0 2114 3667 4584 6 733
735 0 2110 3675 4584 2 734
736 0 2110 3679 4584 2 735
737 0 2266 3615 4520 10 727
738 0 2262 3635 4520 9.31371 737
739 0 2258 3643 4528 6 738
740 0 2302 3523 4540 10 724
741 0 2298 3515 4552 6 740
742 0 2298 3503 4560 6 741
743 0 2302 3499 4564 6 742
744 0 2302 3499 4572 6 743
745 0 2306 3491 4580 9.31371 744
746 0 2302 3483 4596 6 745
747 0 2298 3475 4604 6 746
748 0 2294 3471 4612 6 747
749 0 2290 3479 4628 6 748
750 0 2506 3559 4508 14 719
751 0 2494 3511 4500 21.3238 750
752 0 2490 3467 4500 40.5206 751
753 0 2422.13 3414.35 4499.23 27.1941 752
754 0 2399.82 3386.35 4487.35 33.6962 753
755 2 2389.25 3371.55 4472.55 38.3342 754
756 0 2358 3343 4448 26.8444 755
757 0 2306 3327 4448 15.8885 756
758 0 2270 3327 4444 10 757
759 0 2242 3327 4444 10 758
760 0 2230 3331 4440 10 759
761 0 2218 3331 4424 10.6491 760
762 0 2210 3327 4412 6 761
763 0 2362 3327 4496 35.7359 755
764 0 2350 3267 4500 15.8885 763
765 0 2358 3247 4520 6.94427 764
766 0 2358 3231 4524 6 765
767 0 2354 3227 4528 6 766
768 0 2354 3215 4532 6.94427 767
769 0 2358 3207 4532 2 768
770 0 2358 3203 4532 2 769
771 0 2374 3335 4520 33.7771 754
772 0 2394 3319 4548 6.94427 771
773 0 2402 3315 4556 9.31371 772
774 0 2418 3315 4556 6.94427 773
775 0 2426 3319 4564 3.65685 774
776 0 2430 3323 4564 2 775
777 0 2418 3399 4468 22.3311 753
778 0 2422 3415 4448 10.6491 777
779 0 2410 3415 4432 10 778
780 0 2406 3407 4408 6 779
781 0 2410 3403 4388 6 780
782 0 2406 3403 4380 6 781
783 0 2402 3399 4376 3.65685 782
784 0 2402 3399 4372 2 783
785 0 2546 3459 4464 6 752
786 0 2562 3459 4464 6.94427 785
787 0 2582 3451 4468 6 786
788 0 2598 3451 4468 6 787
789 0 2614 3451 4464 6.94427 788
790 0 2634 3443 4456 6.94427 789
791 0 2642 3435 4456 6.94427 790
792 0 2650 3427 4448 3.65685 791
793 0 2650 3423 4444 2 792
794 0 2698 3647 4528 12.4222 74
795 0 2710 3631 4520 3.65685 794
796 0 2714 3627 4520 3.65685 795
797 0 2718 3623 4516 6 796
798 0 2722 3619 4512 6 797
799 0 2710 3675 4560 6.94427 73
800 0 2718 3679 4564 3.65685 799
801 0 2722 3679 4568 3.65685 800
802 0 2730 3683 4572 6 801
803 0 2750 3691 4580 6.94427 802
804 0 2766 3695 4580 6.94427 803
805 0 2778 3699 4580 6.94427 804
806 0 2794 3707 4588 12.4222 805
807 0 2798 3731 4588 6 806
808 0 2798 3747 4588 6 807
809 0 2790 3763 4576 6.94427 808
810 0 2790 3783 4572 6 809
811 0 2782 3795 4564 10 810
812 0 2698 3599 4648 6 71
813 0 2682 3599 4656 6 812
814 0 2666 3603 4656 6.94427 813
815 0 2646 3607 4656 6 814
816 0 2630 3607 4656 6 815
817 0 2618 3603 4644 6 816
818 0 2810 3543 4664 12.4222 70
819 0 2834 3515 4648 10.6491 818
820 0 2850 3499 4632 14 819
821 0 2874 3483 4628 10 820
822 0 2898 3483 4628 10.6491 821
823 0 2942 3487 4636 14 822
824 0 2994 3495 4608 34.8782 823
825 0 3054 3499 4628 15.8885 824
826 0 3070 3507 4644 6 825
827 0 3078 3503 4656 6.94427 826
828 0 3074 3499 4664 6.94427 827
829 0 3066 3503 4664 3.65685 828
830 0 3062 3499 4668 2 829
831 0 3058 3499 4672 2 830
832 0 2826 3547 4728 14 69
833 0 2838 3559 4728 3.65685 832
834 0 2842 3567 4728 6 833
835 0 2842 3575 4728 6 834
836 0 2846 3579 4724 6 835
837 0 2854 3599 4724 9.31371 836
838 0 2862 3607 4720 10 837
839 0 2866 3623 4720 6.94427 838
840 0 2878 3635 4724 9.31371 839
841 0 2894 3655 4724 6.94427 840
842 0 2898 3663 4724 6 841
843 0 2902 3667 4728 3.65685 842
844 0 2902 3671 4732 3.65685 843
845 0 2906 3679 4736 6 844
846 0 2906 3699 4752 10.6491 845
847 0 2902 3707 4760 10 846
848 0 2902 3715 4768 6 847
849 0 2898 3731 4776 6.94427 848
850 0 2886 3735 4776 6 849
851 0 2878 3739 4780 9.31371 850
852 0 2862 3739 4784 6 851
853 0 2854 3739 4788 6 852
854 0 2846 3739 4796 3.65685 853
855 0 2842 3743 4800 6 854
856 0 2834 3743 4816 6 855
857 0 2834 3747 4824 6 856
858 0 2826 3751 4832 6.94427 857
859 0 2826 3747 4852 6.94427 858
860 0 2818 3751 4860 3.65685 859
861 0 2814 3755 4864 6 860
862 0 2806 3759 4864 6 861
863 0 2798 3763 4864 3.65685 862
864 0 2790 3771 4864 6 863
865 0 2786 3775 4860 6 864
866 0 2778 3775 4860 6 865
867 0 2770 3775 4860 3.65685 866
868 0 2762 3779 4860 6 867
869 0 2754 3779 4860 6 868
870 0 2738 3783 4860 10 869
871 0 2726 3779 4860 10.6491 870
872 0 2710 3771 4856 6 871
873 0 2694 3767 4844 6 872
874 0 2678 3771 4832 6.94427 873
875 0 2670 3779 4824 6 874
876 0 2666 3783 4820 3.65685 875
877 0 2662 3787 4816 6 876
878 0 2650 3803 4812 6 877
879 0 2642 3807 4804 2 878
880 0 2926 3707 4748 3.65685 846
881 0 2934 3715 4748 6 880
882 0 2950 3723 4752 6 881
883 0 2966 3727 4748 6 882
884 0 2982 3735 4744 6 883
885 0 2998 3743 4748 6 884
886 0 3014 3755 4748 6.94427 885
887 0 3026 3759 4748 9.31371 886
888 0 3038 3755 4748 6 887
889 0 3054 3751 4744 6 888
890 0 3062 3751 4744 6.94427 889
891 0 3070 3743 4744 3.65685 890
892 0 3074 3739 4744 3.65685 891
893 0 3082 3731 4752 6.94427 892
894 0 3086 3723 4760 3.65685 893
895 0 3086 3719 4760 2 894
896 0 2778 3447 4680 10.6491 68
897 0 2786 3435 4676 9.31371 896
898 0 2798 3435 4668 6 897
899 0 2814 3443 4668 6 898
900 0 2822 3443 4660 2 899
901 0 2826 3443 4660 2 900
902 0 2782 3543 4752 26 67
903 0 2762 3579 4760 6.94427 902
904 0 2754 3599 4760 6 903
905 0 2754 3615 4760 6 904
906 0 2750 3631 4760 9.31371 905
907 0 2742 3647 4760 6.94427 906
908 0 2734 3655 4760 6.94427 907
909 0 2738 3671 4760 6 908
910 0 2738 3679 4760 6 909
911 0 2738 3695 4772 6 910
912 0 2742 3711 4784 6 911
913 0 2742 3731 4792 6 912
914 0 2742 3739 4792 6 913
915 0 2738 3751 4792 10 914
916 0 2734 3763 4796 9.31371 915
917 0 2730 3775 4800 2 916
918 2 2830.41 3426.87 4746.78 22.3448 66
919 0 2834 3383 4788 6.94427 918
920 0 2838 3375 4796 10 919
921 0 2858 3351 4816 9.31371 920
922 0 2862 3339 4828 12.4222 921
923 0 2870 3340.61 4854.74 20.5731 922
924 2 2870 3335.56 4877.46 33.4392 923
925 2 2866.34 3302.05 4901.97 37.918 924
926 0 2866 3263 4920 32.176 925
927 0 2874 3235 4936 12.4222 926
928 0 2886 3215 4948 6 927
929 0 2886 3203 4964 6 928
930 0 2886 3195 4972 6.94427 929
931 0 2886 3195 4980 6 930
932 0 2886 3187 4988 6 931
933 0 2890 3175 5000 9.31371 932
934 0 2894 3159 5020 10 933
935 0 2902 3143 5036 6 934
936 0 2906 3135 5044 3.65685 935
937 0 2906 3131 5052 6.94427 936
938 0 2914 3131 5060 10 937
939 0 2910 3127 5080 6 938
940 0 2902 3123 5088 3.65685 939
941 0 2891.69 3121.46 5096 8.85805 940
942 0 2882 3115 5096 6.94427 941
943 0 2874 3111 5092 9.31371 942
944 0 2858 3099 5084 6 943
945 0 2854 3095 5076 2 944
946 0 2854 3091 5076 2 945
947 0 2890 3119 5116 6.94427 941
948 0 2886 3123 5128 6 947
949 0 2882 3127 5136 3.65685 948
950 0 2878 3127 5140 2 949
951 0 2874 3275 4960 9.31371 926
952 0 2866 3291 4972 10.6491 951
953 0 2858 3299 4976 9.31371 952
954 0 2846 3303 4972 6.94427 953
955 0 2902 3275 4896 14 925
956 2 2931.2 3271 4891.6 10.2786 955
957 0 2942 3271 4888 6.94427 956
958 0 2958 3279 4880 12.4222 957
959 0 2982 3267 4872 6 958
960 0 2994 3259 4864 6 959
961 0 2998 3255 4860 6 960
962 0 3002 3251 4856 3.65685 961
963 0 3002 3247 4856 3.65685 962
964 0 3006 3243 4852 6 963
965 0 3010 3227 4852 6 964
966 0 3018 3211 4848 6.94427 965
967 0 3026 3195 4848 6.94427 966
968 0 3034 3179 4844 12.4222 967
969 0 3034 3167 4840 6.94427 968
970 0 2938 3251 4908 6.94427 956
971 0 2942 3239 4916 6 970
972 0 2946 3227 4932 6.94427 971
973 0 2950 3219 4936 6 972
974 0 2822 3367 4880 9.31371 924
975 0 2810 3367 4880 6 974
976 0 2802 3367 4880 6.94427 975
977 0 2794 3363 4876 3.65685 976
978 0 2790 3363 4876 2 977
979 0 2858 3407 4864 15.8885 923
980 0 2870 3439 4852 6.94427 979
981 0 2882 3451 4844 6 980
982 0 2898 3459 4832 6.94427 981
983 0 2902 3459 4816 6 982
984 0 2898 3455 4800 6.94427 983
985 0 2886 3451 4788 12.4222 984
986 0 2882 3439 4772 14 985
987 0 2886 3411 4772 9.31371 986
988 0 2890 3399 4772 6 987
989 0 2894 3387 4780 10 988
990 0 2898 3379 4788 10 989
991 0 2910 3363 4796 15.8885 990
992 0 2910 3335 4800 3.65685 991
993 0 2906 3327 4796 6 992
994 0 2846 3319 4836 6.94427 922
995 0 2846 3303 4832 6 994
996 0 2850 3299 4836 6 995
997 0 2854 3283 4836 6 996
998 0 2858 3263 4836 6 997
999 0 2862 3247 4836 6 998
1000 0 2866 3231 4836 6.94427 999
1001 0 2866 3219 4832 10 1000
1002 0 2870 3203 4820 9.31371 1001
1003 0 2878 3179 4820 6.94427 1002
1004 0 2886 3167 4820 6.94427 1003
1005 0 2894 3151 4820 10.6491 1004
1006 0 2894 3139 4820 6.94427 1005
1007 0 2902 3127 4820 9.31371 1006
1008 0 2914 3111 4824 3.65685 1007
1009 0 2918 3107 4828 2 1008
1010 0 2842 3411 4720 6.94427 918
1011 0 2854 3399 4704 9.31371 1010
1012 0 2854 3387 4692 9.31371 1011
1013 0 2854 3383 4680 6 1012
1014 0 2858 3383 4664 6 1013
1015 0 2866 3387 4656 6 1014
1016 0 2882 3391 4648 6 1015
1017 0 2898 3383 4636 6.94427 1016
1018 0 2918 3375 4636 3.65685 1017
1019 0 2922 3375 4636 2 1018
1020 0 2926 3375 4636 3.65685 1019
1021 0 2934 3379 4640 6 1020
1022 0 2950 3379 4656 6 1021
1023 0 2958 3383 4668 6 1022
1024 0 2962 3387 4672 6 1023
1025 0 2962 3387 4680 6 1024
1026 0 2966 3383 4684 6 1025
1027 0 2634 3219 4776 14 59
1028 0 2638 3199 4776 10 1027
1029 0 2650 3179 4772 10 1028
1030 0 2666 3155 4772 12.4222 1029
1031 0 2686 3131 4764 12.4222 1030
1032 0 2698 3119 4756 15.8885 1031
1033 0 2742 3119 4748 12.4222 1032
1034 0 2762 3115 4720 9.31371 1033
1035 0 2770 3111 4708 12.4222 1034
1036 0 2766 3111 4688 10.6491 1035
1037 0 2722 3067 4652 46 1036
1038 0 2722 3019 4656 26.2843 1037
1039 0 2712.13 2956.27 4673.37 34.5287 1038
1040 0 2703.11 2916.63 4702.37 35.7868 1039
1041 0 2674 2859 4708 14.9706 1040
1042 0 2654 2839 4696 6.94427 1041
1043 0 2650 2831 4696 3.65685 1042
1044 0 2646 2827 4696 3.65685 1043
1045 0 2642 2819 4696 6 1044
1046 0 2634 2811 4696 3.65685 1045
1047 0 2626 2803 4696 6 1046
1048 0 2622 2795 4688 9.31371 1047
1049 0 2630 2763 4672 10 1048
1050 0 2634 2739 4672 10.6491 1049
1051 0 2626 2731 4676 6 1050
1052 0 2614 2723 4676 6.94427 1051
1053 0 2598 2707 4680 6 1052
1054 0 2590 2687 4684 6 1053
1055 0 2590 2671 4680 6 1054
1056 0 2594 2663 4680 3.65685 1055
1057 0 2598 2655 4676 6 1056
1058 0 2602 2643 4668 10 1057
1059 0 2590 2627 4668 6.94427 1058
1060 0 2574 2611 4672 9.31371 1059
1061 0 2558 2607 4672 6 1060
1062 0 2550 2603 4676 6 1061
1063 0 2534 2587 4684 10.6491 1062
1064 0 2526 2567 4696 10 1063
1065 0 2514 2547 4704 6 1064
1066 0 2510 2531 4716 6.94427 1065
1067 0 2498 2515 4720 6.94427 1066
1068 0 2494 2499 4720 6 1067
1069 0 2490 2491 4724 9.31371 1068
1070 0 2486 2479 4728 6 1069
1071 0 2486 2463 4736 6 1070
1072 0 2482 2451 4748 6.94427 1071
1073 0 2482 2435 4760 6.94427 1072
1074 0 2490 2431 4768 3.65685 1073
1075 0 2494 2427 4772 2 1074
1076 0 2694 2883 4780 22.3311 1040
1077 0 2706 2851 4796 12.4222 1076
1078 0 2710 2827 4800 9.31371 1077
1079 0 2706 2815 4796 3.65685 1078
1080 0 2706 2811 4796 2 1079
1081 0 2758 2931 4692 10.6491 1039
1082 0 2774 2923 4692 6.94427 1081
1083 0 2786 2919 4692 6.94427 1082
1084 0 2798 2903 4704 6 1083
1085 0 2802 2895 4704 3.65685 1084
1086 0 2806 2891 4704 3.65685 1085
1087 0 2810 2883 4704 6.94427 1086
1088 0 2830 2867 4716 6.94427 1087
1089 0 2838 2867 4720 6 1088
1090 0 2686 3123 4604 12.4222 1037
1091 0 2670 3147 4592 9.31371 1090
1092 0 2649 3159 4575 6.86558 1091
1093 2 2640.17 3159 4566.17 6.17088 1092
1094 0 2634 3155 4556 3.65685 1093
1095 0 2638 3143 4540 6.94427 1094
1096 0 2642 3131 4532 6 1095
1097 0 2650 3135 4524 6 1096
1098 0 2662 3139 4516 9.31371 1097
1099 0 2678 3147 4512 6 1098
1100 0 2694 3151 4512 6 1099
1101 0 2698 3155 4516 2 1100
1102 0 2698 3159 4516 2 1101
1103 0 2654 3175 4556 12.4222 1093
1104 0 2654 3191 4544 6.94427 1103
1105 0 2650 3203 4528 6 1104
1106 0 2646 3211 4520 3.65685 1105
1107 0 2646 3211 4516 2 1106
1108 0 2646 3211 4512 3.65685 1107
1109 0 2642 3211 4508 2 1108
1110 0 2642 3175 4584 6 1092
1111 0 2642 3187 4600 6 1110
1112 0 2642 3195 4608 6 1111
1113 0 2642 3203 4616 3.65685 1112
1114 0 2634 3211 4624 6.94427 1113
1115 0 2626 3215 4640 6.94427 1114
1116 0 2622 3223 4648 6.94427 1115
1117 0 2790 3119 4712 6 1035
1118 0 2810 3127 4712 9.31371 1117
1119 0 2822 3123 4708 6 1118
1120 0 2830 3123 4704 6 1119
1121 0 2842 3123 4712 2 1120
1122 0 2850 3123 4720 6 1121
1123 0 2858 3123 4732 9.31371 1122
1124 0 2862 3123 4744 6.94427 1123
1125 0 2866 3115 4752 3.65685 1124
1126 0 2870 3111 4752 2 1125
1127 0 2706 3099 4732 6.94427 1032
1128 0 2722 3083 4728 3.65685 1127
1129 0 2730 3079 4728 6.94427 1128
1130 0 2738 3079 4720 2 1129
1131 0 2742 3079 4720 2 1130
1132 0 2778 2999 4884 6.94427 45
1133 0 2782 2979 4892 10.6491 1132
1134 0 2782 2951 4888 6 1133
1135 0 2778 2935 4880 6 1134
1136 0 2778 2927 4880 6 1135
1137 0 2782 2923 4884 6 1136
1138 0 2786 2911 4884 6 1137
1139 0 2786 2903 4884 6 1138
1140 0 2790 2895 4892 6 1139
1141 0 2798 2875 4904 6 1140
1142 0 2810 2859 4912 6.94427 1141
1143 0 2818 2851 4920 9.31371 1142
1144 0 2826 2843 4920 6.94427 1143
1145 0 2838 2831 4920 9.31371 1144
1146 0 2846 2823 4904 6 1145
1147 0 2854 2811 4888 6.94427 1146
1148 0 2866 2815 4876 6.94427 1147
1149 0 2878 2811 4872 6.94427 1148
1150 0 2882 2787 4872 10 1149
1151 0 2882 2775 4864 3.65685 1150
1152 0 2878 2771 4860 6 1151
1153 0 2866 2751 4852 6 1152
1154 0 2858 2735 4848 6 1153
1155 0 2850 2719 4844 6.94427 1154
1156 0 2846 2707 4840 6.94427 1155
1157 0 2838 2699 4840 6 1156
1158 0 2778 2923 4864 6 1136
1159 0 2774 2923 4848 9.31371 1158
1160 0 2766 2903 4836 14 1159
1161 0 2762 2887 4844 6.94427 1160
1162 0 2750 2871 4856 6.94427 1161
1163 0 2746 2859 4860 6 1162
1164 0 2746 2843 4860 6 1163
1165 0 2750 2827 4864 6.94427 1164
1166 0 2754 2811 4856 3.65685 1165
1167 0 2762 2803 4856 6 1166
1168 0 2778 2803 4856 6 1167
1169 0 2790 2811 4856 6.94427 1168
1170 0 2806 2815 4856 6 1169
1171 0 2814 2815 4856 6 1170
1172 0 2782 2987 4952 6.94427 41
1173 0 2794 2999 4960 9.31371 1172
1174 0 2802 3003 4968 6 1173
1175 0 2814 3007 4972 6 1174
1176 0 2834 3011 4984 6 1175
1177 0 2850 3007 4980 6 1176
1178 0 2870 3003 4984 10 1177
1179 0 2878 2999 4992 9.31371 1178
1180 0 2890 2991 4992 6 1179
1181 0 2906 2991 4992 14 1180
1182 0 2922 2967 4992 9.31371 1181
1183 0 2922 2955 4992 6 1182
1184 0 2926 2951 4988 6 1183
1185 0 2926 2935 4988 6 1184
1186 0 2930 2931 4984 6 1185
1187 0 2622 2691 4980 6.94427 20
1188 0 2634 2679 4980 10.6491 1187
1189 0 2638 2655 4984 6 1188
1190 0 2642 2639 4988 6.94427 1189
1191 0 2646 2627 4992 12.4222 1190
1192 0 2666 2607 4992 3.65685 1191
1193 0 2666 2603 4992 2 1192
