# Generated by NeuTu (https://github.com/janelia-flyem/NeuTu)
1 0 2344 3261 4388 2 -1
2 0 2340 3261 4392 3.65685 1
3 0 2336 3265 4396 6 2
4 0 2332 3277 4408 6 3
5 0 2336 3293 4408 6 4
6 0 2344 3309 4416 6.94427 5
7 2 2350.67 3315.67 4422.67 6.94427 6
8 0 2376 3321 4428 6.94427 7
9 0 2392 3321 4436 6 8
10 0 2396 3325 4432 6 9
11 0 2412 3329 4436 6 10
12 0 2424 3337 4448 6 11
13 0 2432 3353 4460 6 12
14 0 2436 3365 4464 6 13
15 0 2444 3381 4464 6 14
16 0 2448 3389 4464 6 15
17 0 2444 3401 4456 6.94427 16
18 0 2440 3421 4456 6 17
19 0 2440 3429 4456 6 18
20 0 2336 3325 4424 6 7
21 0 2336 3341 4420 6 20
22 0 2344 3353 4404 6 21
