# Generated by NeuTu (https://github.com/janelia-flyem/NeuTu)
1 0 2480 3238 4390 2 -1
2 0 2480 3238 4394 2 1
3 0 2476 3238 4398 3.65685 2
4 0 2468 3242 4406 9.31371 3
5 0 2456 3262 4418 9.31371 4
6 0 2456 3274 4418 6 5
7 0 2460 3294 4418 6 6
8 0 2460 3302 4418 6 7
9 0 2468 3310 4410 6.94427 8
10 0 2480 3330 4410 6 9
11 0 2488 3346 4418 6 10
12 0 2500 3366 4434 10.6491 11
13 0 2500 3386 4434 6 12
14 0 2500 3402 4434 6 13
15 0 2504 3418 4434 6 14
16 0 2508 3434 4438 6.94427 15
17 0 2504 3446 4438 10.6491 16
18 0 2496 3454 4438 6.94427 17
19 0 2476 3462 4434 10 18
20 0 2464 3462 4434 10 19
21 0 2452 3454 4442 3.65685 20
22 0 2444 3446 4442 6.94427 21
23 0 2436 3438 4446 9.31371 22
24 0 2420 3430 4454 6 23
25 0 2408 3426 4458 6.94427 24
26 0 2400 3426 4466 6 25
27 0 2388 3422 4466 6 26
28 0 2372 3430 4470 6.94427 27
29 0 2360 3446 4474 6.94427 28
30 0 2348 3458 4478 9.31371 29
31 0 2344 3466 4486 6 30
32 0 2340 3462 4494 3.65685 31
33 0 2336 3466 4498 2 32
34 0 2528 3462 4450 6 17
35 0 2544 3470 4450 6 34
36 0 2556 3474 4450 3.65685 35
37 0 2564 3482 4450 3.65685 36
38 0 2572 3490 4454 6.94427 37
39 0 2580 3494 4458 9.31371 38
40 0 2588 3490 4466 6.94427 39
41 0 2600 3486 4470 9.31371 40
42 0 2604 3486 4494 6 41
43 0 2604 3486 4506 6 42
44 0 2604 3494 4522 6 43
45 0 2600 3494 4530 6 44
46 0 2604 3498 4534 6 45
47 0 2604 3486 4550 6 46
48 0 2580 3514 4462 6 39
49 0 2580 3530 4462 6 48
50 0 2580 3546 4458 6 49
51 0 2584 3554 4450 6 50
52 0 2592 3562 4442 6 51
53 0 2600 3570 4434 6 52
