# Generated by NeuTu (https://github.com/janelia-flyem/NeuTu)
1 0 2206 3744 4448 2 -1
2 0 2210 3740 4448 3.65685 1
3 0 2218 3720 4452 12.4222 2
4 0 2238 3704 4452 9.31371 3
5 0 2250 3692 4452 6.94427 4
6 0 2266 3676 4452 6.94427 5
7 0 2286 3656 4452 12.4222 6
8 0 2306 3628 4444 19.5407 7
9 0 2330 3608 4444 26.2843 8
10 0 2374 3592 4440 10 9
11 0 2390 3580 4440 9.31371 10
12 0 2402 3568 4444 14.4924 11
13 0 2438 3552 4456 12.4222 12
14 0 2458 3528 4464 12.4222 13
15 0 2470 3508 4464 10.6491 14
16 0 2486 3484 4452 12.4222 15
17 0 2494 3456 4448 14 16
18 0 2498 3420 4444 18 17
19 0 2514 3388 4460 14.9706 18
20 0 2546 3372 4476 14 19
21 0 2578 3364 4472 10 20
22 0 2602 3360 4472 12.4222 21
23 0 2642 3352 4476 14 22
24 0 2686 3344 4484 18 23
25 0 2726 3360 4468 14 24
26 0 2750 3372 4444 12.4222 25
27 0 2786 3388 4420 10.6491 26
28 0 2810 3400 4420 12.4222 27
29 0 2866 3428 4448 44.6476 28
30 0 2954 3388 4492 23.2982 29
31 0 2982 3376 4508 26.8444 30
32 0 3006 3380 4524 14.4924 31
33 0 3038 3376 4524 12.4222 32
34 0 3070 3380 4528 12.4222 33
35 0 3115.85 3388.46 4529.38 17.5385 34
36 0 3154 3396 4556 10 35
37 0 3190 3376 4584 15.8885 36
38 0 3206 3344 4588 12.4222 37
39 0 3226 3328 4576 14 38
40 0 3242 3312 4560 12.4222 39
41 0 3262 3296 4552 10.6491 40
42 0 3274 3276 4544 9.31371 41
43 0 3282 3256 4536 10 42
44 0 3290 3236 4528 9.31371 43
45 0 3310 3216 4524 10.6491 44
46 0 3338 3200 4512 14.4924 45
47 0 3362 3188 4500 9.31371 46
48 0 3374 3180 4500 9.31371 47
49 0 3386 3168 4492 14.4924 48
50 0 3410 3152 4484 10 49
51 0 3438 3144 4484 12.4222 50
52 0 3466 3120 4484 15.8885 51
53 0 3484.13 3026.4 4462.22 35.4766 52
54 0 3470 2984 4436 14 53
55 0 3458 2964 4428 10 54
56 0 3450 2952 4424 12.4222 55
57 0 3430 2932 4416 9.31371 56
58 0 3406 2916 4412 10.6491 57
59 0 3382 2900 4424 9.31371 58
60 0 3366 2888 4424 10.6491 59
61 0 3366 2868 4416 6 60
62 0 3370 2852 4416 6.94427 61
63 0 3374 2836 4412 14 62
64 0 3382 2792 4416 14 63
65 0 3394 2768 4424 10.6491 64
66 0 3402 2736 4424 10.6491 65
67 0 3406 2712 4420 14 66
68 0 3463.24 2660.84 4456.08 32.7459 67
69 0 3508.7 2661.49 4453.77 34.1388 68
70 0 3551.63 2674.81 4430.37 34.4024 69
71 0 3618 2700 4396 22.3311 70
72 0 3658 2676 4372 10.6491 71
73 0 3682 2672 4368 6.94427 72
74 0 3710 2676 4368 10.6491 73
75 0 3722 2684 4372 14.4924 74
76 0 3734 2692 4380 12.4222 75
77 0 3746 2696 4384 6.94427 76
78 0 3758 2696 4392 6.94427 77
79 0 3762 2688 4400 6 78
80 0 3498 2628 4416 23.6125 70
81 0 3482 2612 4428 14.4924 80
82 0 3478 2600 4440 3.65685 81
83 0 3478 2596 4444 2 82
84 0 3546 2732 4484 12.4222 70
85 0 3482 2684 4484 10.6491 69
86 0 3466 2692 4484 10 85
87 0 3458 2688 4492 10.6491 86
88 0 3454 2680 4500 6 87
89 0 3446 2676 4508 9.31371 88
90 0 3430 2676 4516 6.94427 89
91 0 3422 2672 4524 6 90
92 0 3402 2668 4528 10.6491 91
93 0 3390 2664 4536 10.6491 92
94 0 3374 2652 4536 9.31371 93
95 0 3358 2624 4536 9.31371 94
96 0 3354 2604 4536 6 95
97 0 3358 2588 4536 6.94427 96
98 0 3362 2580 4536 6 97
99 0 3358 2576 4540 2 98
100 0 3358 2572 4544 2 99
101 0 3438 2632 4484 14.9706 68
102 0 3438 3044 4400 28.4631 53
103 0 3426 3016 4372 6.94427 102
104 0 3414 3008 4360 6.94427 103
105 0 3406 3004 4360 3.65685 104
106 0 3402 3008 4356 2 105
107 0 3134 3380 4508 10 35
108 0 3158 3376 4472 12.4222 107
109 0 3162 3372 4460 6.94427 108
110 0 3162 3372 4452 6.94427 109
111 0 3162 3368 4440 12.4222 110
112 2 3157.89 3398.91 4403.79 31.7003 111
113 2 3154 3432 4384 25.434 112
114 0 3154 3472 4372 14 113
115 0 3174 3508 4372 14.9706 114
116 0 3206 3536 4372 15.8885 115
117 0 3214 3552 4376 18 116
118 0 3226 3576 4376 10 117
119 0 3238 3596 4376 9.31371 118
120 0 3246 3604 4384 12.4222 119
121 0 3262 3620 4392 10.6491 120
122 0 3290 3656 4392 21.3238 121
123 0 3338 3680 4384 24.8328 122
124 2 3373.89 3676.3 4383.4 30.8281 123
125 0 3422 3680 4376 38 124
126 0 3458 3676 4392 22 125
127 0 3474 3680 4416 21.3238 126
128 0 3482 3696 4432 10.6491 127
129 0 3378 3712 4388 9.31371 124
130 0 3374 3724 4388 6 129
131 0 3366 3736 4388 6.94427 130
132 0 3358 3752 4384 6.94427 131
133 0 3354 3760 4380 6.94427 132
134 0 3138 3420 4360 10.6491 113
135 0 3126 3432 4356 6.94427 134
136 0 3114 3444 4352 15.8885 135
137 0 3110 3472 4348 9.31371 136
138 0 3102 3484 4344 6 137
139 0 3150 3328 4368 15.8885 112
140 0 2862 3508 4440 18 29
141 0 2862 3528 4428 3.65685 140
142 0 2862 3532 4428 2 141
143 0 2806 3460 4476 12.4222 29
