# Generated by NeuTu (https://github.com/janelia-flyem/NeuTu)
1 0 2569 3257 4488 2 -1
2 0 2565 3261 4492 3.65685 1
3 0 2549 3273 4496 6.94427 2
4 0 2541 3293 4496 6.94427 3
5 0 2533 3301 4488 9.31371 4
6 0 2529 3313 4488 6 5
7 0 2525 3321 4484 6 6
8 0 2521 3325 4480 3.65685 7
9 0 2517 3333 4480 6 8
10 0 2501 3345 4476 6.94427 9
11 0 2489 3353 4480 14 10
12 0 2509 3369 4488 9.31371 11
13 0 2541 3377 4496 10.6491 12
14 0 2569 3381 4496 6.94427 13
15 0 2585 3381 4496 6 14
16 0 2605 3393 4496 6.94427 15
17 0 2609 3405 4492 10 16
18 0 2609 3417 4488 6.94427 17
19 0 2609 3437 4488 6 18
20 0 2609 3453 4488 6 19
21 0 2615.22 3473.44 4496.44 7.99735 20
22 0 2633 3489 4512 6 21
23 0 2641 3493 4516 6 22
24 0 2625 3489 4480 6 21
25 0 2633 3481 4472 6 24
26 0 2641 3481 4464 2 25
27 0 2645 3481 4464 2 26
28 0 2541 3377 4516 6 13
29 0 2541 3373 4532 6.94427 28
30 0 2545 3373 4540 6 29
31 0 2553 3373 4548 2 30
32 0 2557 3373 4548 2 31
33 0 2469 3337 4480 14 11
34 0 2445 3321 4492 6.94427 33
35 0 2437 3317 4492 2 34
36 0 2433 3317 4492 2 35
