# Generated by NeuTu (https://github.com/janelia-flyem/NeuTu)
1 0 2641 3971 4051 6 -1
2 0 2645 3939 4063 10 1
3 0 2633 3919 4071 14 2
4 0 2613 3935 4091 10.6491 3
5 0 2597 3951 4103 18 4
6 0 2573 3967 4099 9.31371 5
7 0 2569 3975 4091 6 6
8 0 2557 3971 4079 9.31371 7
9 0 2549 3967 4075 6 8
10 0 2541 3967 4067 6 9
11 0 2529 3971 4063 10 10
12 0 2517 3971 4059 6 11
13 0 2509 3971 4059 6 12
14 0 2493 3951 4059 9.31371 13
15 0 2497 3939 4059 2 14
16 0 2497 3935 4059 2 15
17 0 2645 3887 4067 6.94427 3
18 0 2649 3875 4075 2 17
