# Generated by NeuTu (https://github.com/janelia-flyem/NeuTu)
1 0 2637 3650 4281 6 -1
2 0 2629 3646 4277 6 1
3 0 2617 3642 4277 3.65685 2
4 0 2613 3638 4273 6 3
5 0 2601 3634 4273 6 4
6 0 2593 3634 4273 3.65685 5
7 0 2585 3630 4273 6 6
8 0 2569 3626 4273 6 7
9 0 2557 3610 4273 6 8
10 0 2553 3606 4277 3.65685 9
11 0 2549 3602 4281 3.65685 10
12 0 2541 3594 4281 6 11
13 0 2537 3586 4289 6 12
14 0 2541 3570 4305 6 13
15 0 2541 3554 4321 6 14
16 0 2537 3538 4337 6 15
17 0 2529 3530 4341 2 16
18 0 2529 3526 4341 2 17
