# Generated by NeuTu (https://github.com/janelia-flyem/NeuTu)
1 0 2246 3613 4450 9.31371 -1
2 0 2246 3625 4450 3.65685 1
3 0 2250 3629 4446 2 2
4 0 2250 3633 4446 3.65685 3
5 0 2250 3637 4446 3.65685 4
6 0 2246 3645 4442 9.31371 5
7 0 2254 3661 4430 6.94427 6
8 0 2266 3677 4426 6.94427 7
9 0 2270 3685 4418 3.65685 8
10 0 2270 3689 4418 2 9
11 0 2270 3693 4418 2 10
12 0 2274 3697 4414 3.65685 11
13 0 2278 3701 4414 3.65685 12
14 0 2290 3713 4402 9.31371 13
15 0 2302 3721 4402 9.31371 14
16 0 2318 3737 4402 6 15
17 0 2326 3745 4402 3.65685 16
18 0 2334 3753 4402 3.65685 17
19 0 2342 3761 4402 6.94427 18
20 0 2358 3773 4398 6.94427 19
21 0 2374 3781 4386 6 20
22 0 2386 3785 4386 6 21
23 0 2402 3789 4378 6 22
24 0 2418 3789 4370 6 23
25 0 2434 3793 4370 6 24
26 0 2446 3801 4378 6.94427 25
27 0 2462 3813 4382 3.65685 26
28 0 2482 3817 4382 9.31371 27
29 0 2494 3829 4378 6.94427 28
30 0 2506 3837 4378 9.31371 29
31 0 2522 3841 4378 6 30
32 0 2530 3841 4378 3.65685 31
33 0 2534 3837 4378 2 32
34 0 2538 3837 4378 2 33
35 0 2294 3721 4382 9.31371 15
36 0 2282 3737 4366 6.94427 35
37 0 2278 3745 4362 2 36
38 0 2278 3749 4362 2 37
