# Generated by NeuTu (https://github.com/janelia-flyem/NeuTu)
1 0 2660 3815 4338 2 -1
2 0 2656 3815 4338 2 1
3 0 2648 3807 4338 6 2
4 0 2636 3803 4334 9.31371 3
5 0 2628 3807 4322 6 4
6 0 2620 3815 4310 6 5
7 0 2620 3819 4298 3.65685 6
8 0 2616 3823 4290 6 7
9 0 2612 3827 4286 6 8
10 0 2612 3827 4278 6 9
11 0 2608 3839 4266 6 10
12 0 2604 3847 4254 6 11
13 0 2604 3859 4242 6.94427 12
14 0 2604 3863 4226 6 13
15 0 2608 3867 4210 6 14
16 0 2620 3867 4198 6 15
17 0 2628 3863 4186 6 16
18 0 2628 3863 4174 6 17
19 0 2628 3863 4166 6 18
20 0 2624 3859 4158 3.65685 19
21 0 2620 3863 4154 3.65685 20
22 0 2616 3863 4150 2 21
