# Generated by NeuTu (https://github.com/janelia-flyem/NeuTu)
1 0 2476 3905 4171 6 -1
2 0 2468 3897 4179 6.94427 1
3 0 2456 3885 4183 6.94427 2
4 0 2448 3877 4191 6.94427 3
5 0 2440 3869 4195 3.65685 4
6 0 2436 3861 4195 6 5
7 0 2428 3849 4195 6 6
8 0 2420 3845 4195 6 7
9 0 2412 3837 4195 3.65685 8
10 0 2404 3829 4195 6.94427 9
11 0 2396 3821 4191 10 10
12 0 2392 3805 4191 6 11
13 0 2392 3789 4191 6 12
14 0 2388 3773 4191 6 13
15 0 2380 3753 4199 6.94427 14
16 0 2372 3741 4207 6.94427 15
17 0 2360 3729 4215 6.94427 16
18 0 2352 3721 4219 6.94427 17
19 0 2352 3709 4227 10 18
20 0 2356 3685 4239 6 19
21 0 2356 3677 4239 6 20
22 0 2348 3665 4243 6.94427 21
23 0 2340 3649 4247 6 22
24 0 2328 3633 4251 6.94427 23
25 0 2312 3617 4267 9.31371 24
26 0 2300 3617 4275 6.94427 25
