# Generated by NeuTu (https://github.com/janelia-flyem/NeuTu)
1 0 2370 3713 4332 2 -1
2 0 2374 3713 4332 3.65685 1
3 0 2382 3709 4328 6.94427 2
4 0 2390 3697 4328 6 3
5 0 2398 3685 4332 6.94427 4
6 0 2406 3677 4340 6.94427 5
7 0 2414 3669 4340 3.65685 6
8 0 2422 3661 4340 3.65685 7
9 0 2430 3657 4340 3.65685 8
10 0 2438 3653 4340 6 9
11 0 2446 3649 4340 3.65685 10
12 0 2450 3645 4340 3.65685 11
13 0 2458 3641 4340 6 12
14 0 2474 3641 4348 6 13
15 0 2482 3645 4348 3.65685 14
16 0 2490 3649 4348 6 15
17 0 2506 3649 4348 6 16
18 0 2514 3649 4348 6 17
19 0 2522 3645 4348 3.65685 18
20 0 2526 3645 4344 2 19
21 0 2530 3645 4344 2 20
22 0 2534 3645 4344 2 21
