# Generated by NeuTu (https://github.com/janelia-flyem/NeuTu)
1 0 2286 3685 4418 2 -1
2 0 2282 3685 4418 2 1
3 0 2278 3681 4418 3.65685 2
4 0 2270 3677 4418 3.65685 3
5 0 2266 3673 4418 3.65685 4
6 0 2258 3669 4414 6.94427 5
7 0 2238 3653 4410 6.94427 6
8 0 2230 3637 4398 6.94427 7
9 0 2214 3621 4390 9.31371 8
10 0 2210 3609 4390 6 9
11 0 2210 3593 4390 6 10
12 0 2214 3577 4386 6 11
13 0 2218 3561 4382 6 12
14 0 2214 3545 4382 6.94427 13
15 0 2210 3529 4394 3.65685 14
16 0 2206 3525 4398 2 15
17 0 2206 3521 4402 2 16
18 0 2206 3517 4406 2 17
