# Generated by NeuTu (https://github.com/janelia-flyem/NeuTu)
1 0 2234 3916 4551 10 -1
2 0 2230 3888 4555 6.94427 1
3 0 2222 3864 4555 9.31371 2
4 0 2214 3848 4547 9.31371 3
5 0 2198 3824 4543 12.4222 4
6 0 2182 3800 4539 10.6491 5
7 0 2170 3776 4547 10.6491 6
8 0 2150 3732 4551 26.8444 7
9 0 2162 3708 4559 14 8
10 0 2170 3684 4559 9.31371 9
11 0 2186 3664 4567 12.4222 10
12 0 2198 3652 4575 6.94427 11
13 0 2206 3640 4575 9.31371 12
14 0 2214 3628 4575 6.94427 13
15 0 2222 3620 4579 10 14
16 0 2242 3600 4583 9.31371 15
17 0 2258 3584 4583 10.6491 16
18 0 2274 3568 4587 9.31371 17
19 0 2282 3560 4591 9.31371 18
20 0 2302 3560 4583 6 19
21 0 2318 3560 4583 6 20
22 0 2342 3560 4583 9.31371 21
23 0 2362 3560 4575 6 22
24 0 2378 3560 4567 6 23
25 0 2406.53 3560 4558.73 12.1333 24
26 0 2426 3564 4547 10 25
27 0 2446 3564 4539 10 26
28 0 2466 3568 4535 9.31371 27
29 0 2482 3576 4539 10 28
30 0 2494 3580 4539 6.94427 29
31 0 2518 3588 4539 9.31371 30
32 0 2530 3592 4535 9.31371 31
33 0 2542 3596 4535 6 32
34 0 2554 3604 4531 6.94427 33
35 2 2576.36 3615.45 4527.55 12.0919 34
36 0 2586 3624 4519 6.94427 35
37 0 2594 3632 4519 6.94427 36
38 0 2606 3636 4515 10 37
39 2 2616.52 3639.51 4511.49 7.32047 38
40 0 2626 3644 4503 6 39
41 0 2642 3644 4491 6 40
42 0 2650 3648 4487 6 41
43 0 2654 3652 4483 3.65685 42
44 0 2658 3660 4475 6 43
45 0 2658 3660 4467 6 44
46 0 2662 3668 4459 3.65685 45
47 0 2662 3672 4455 2 46
48 0 2662 3672 4451 2 47
49 0 2622 3636 4535 6 39
50 0 2626 3636 4547 9.31371 49
51 0 2634 3628 4559 6.94427 50
52 0 2638 3628 4575 6 51
53 0 2650 3632 4591 6 52
54 0 2654 3640 4591 6 53
55 0 2574 3636 4539 6 35
56 0 2570 3640 4543 3.65685 55
57 0 2570 3644 4547 3.65685 56
58 0 2566 3648 4551 6 57
59 0 2566 3644 4563 6 58
60 0 2574 3636 4575 3.65685 59
61 0 2574 3632 4579 3.65685 60
62 0 2578 3628 4583 3.65685 61
63 0 2586 3624 4587 6 62
64 0 2594 3620 4595 6 63
65 0 2398 3536 4555 3.65685 25
66 0 2390 3528 4555 6.94427 65
67 0 2370 3512 4555 6.94427 66
68 0 2362 3508 4551 3.65685 67
69 0 2354 3504 4551 3.65685 68
70 0 2346 3500 4551 3.65685 69
71 0 2338 3496 4551 6 70
72 0 2330 3496 4555 6 71
73 0 2318 3500 4563 10 72
74 0 2306 3504 4567 6.94427 73
75 0 2294 3504 4567 6.94427 74
76 0 2290 3492 4571 6 75
77 0 2286 3484 4579 6 76
78 0 2286 3476 4583 2 77
79 0 2282 3472 4583 3.65685 78
80 0 2274 3464 4591 3.65685 79
81 0 2270 3460 4595 3.65685 80
82 0 2262 3456 4603 9.31371 81
83 0 2246 3444 4603 9.31371 82
84 0 2238 3436 4603 6 83
85 0 2230 3428 4607 6 84
86 0 2214 3428 4607 6 85
87 0 2194 3432 4603 10.6491 86
88 0 2182 3432 4607 6 87
