# Generated by NeuTu (https://github.com/janelia-flyem/NeuTu)
1 0 2762 2077 4395 2 -1
2 0 2758 2081 4391 3.65685 1
3 0 2754 2085 4387 3.65685 2
4 0 2742 2097 4371 10 3
5 0 2750 2109 4359 9.31371 4
6 0 2754 2125 4363 6.94427 5
7 0 2754 2141 4371 6 6
8 0 2754 2149 4379 6 7
9 0 2754 2157 4383 6.94427 8
10 0 2762 2169 4383 6 9
11 0 2770 2185 4375 9.31371 10
12 0 2770 2197 4359 6.94427 11
13 0 2762 2213 4347 6.94427 12
14 0 2754 2221 4347 6 13
15 0 2742 2145 4383 6.94427 8
16 0 2726 2141 4383 3.65685 15
17 0 2722 2137 4379 3.65685 16
18 0 2714 2137 4375 6 17
19 0 2706 2133 4367 2 18
