# Generated by NeuTu (https://github.com/janelia-flyem/NeuTu)
1 0 3131 2369 4357 6 -1
2 0 3123 2365 4349 9.31371 1
3 0 3111 2361 4349 6 2
4 0 3095 2357 4345 6 3
5 0 3079 2353 4341 6.94427 4
6 0 3067 2353 4333 9.31371 5
7 0 3055 2333 4329 10 6
8 0 3047 2321 4337 12.4222 7
9 0 3023 2309 4337 6 8
10 0 3007 2305 4337 6.94427 9
11 0 2991 2297 4337 6.94427 10
12 0 2979 2293 4337 6 11
13 0 2963 2285 4321 6 12
14 0 2963 2285 4313 3.65685 13
15 0 2959 2285 4309 2 14
16 0 2959 2285 4305 2 15
17 0 2959 2285 4301 3.65685 16
18 0 2959 2281 4289 6 17
19 0 2963 2273 4281 10 18
20 0 2967 2261 4277 6.94427 19
21 0 2983 2237 4277 12.4222 20
22 0 2999 2233 4277 6 21
23 0 3007 2233 4277 6 22
24 0 3019 2233 4273 9.31371 23
