# Generated by NeuTu (https://github.com/janelia-flyem/NeuTu)
1 0 2984 1870 4605 2 -1
2 0 2988 1874 4605 3.65685 1
3 0 2988 1882 4609 6 2
4 0 2992 1886 4605 6 3
5 0 2996 1890 4601 3.65685 4
6 0 3004 1910 4597 9.31371 5
7 0 3012 1934 4585 10.6491 6
8 0 3016 1950 4569 10 7
9 0 3004 1970 4553 9.31371 8
10 0 2996 1990 4533 10 9
11 0 3000 2002 4529 10 10
12 0 3004 2014 4529 6 11
13 0 3004 2030 4529 6 12
14 0 3005.44 2061.51 4508.05 26.1882 13
15 0 3008 2075.76 4467.83 38.6252 14
16 0 3016 2038 4425 23.2982 15
17 0 3016 2014 4421 10 16
18 0 3032 1978 4413 12.4222 17
19 0 3056 1954 4413 12.4222 18
20 0 3088 1918 4421 12.4222 19
21 2 3106.77 1895.85 4421 12.4222 20
22 0 3120 1882 4417 9.31371 21
23 0 3136 1866 4413 12.4222 22
24 0 3160 1850 4397 10.6491 23
25 0 3196 1834 4389 18 24
26 0 3212 1818 4393 14 25
27 0 3228 1818 4397 9.31371 26
28 0 3248 1802 4409 9.31371 27
29 0 3268 1780 4423 13.737 28
30 0 3276 1758 4457 12.4222 29
31 0 3288 1742 4473 10 30
32 0 3300 1718 4493 12.4222 31
33 0 3276 1798 4433 6.94427 29
34 0 3284 1814 4437 6.94427 33
35 0 3292 1822 4441 3.65685 34
36 0 3296 1822 4441 2 35
37 0 3092 1886 4437 6 21
38 0 3076 1878 4453 9.31371 37
39 0 3064 1874 4469 3.65685 38
40 0 3060 1870 4473 2 39
41 0 3044 2042 4421 9.31371 16
42 0 3060 2050 4409 9.31371 41
43 0 3072 2054 4401 6 42
44 0 3080 2058 4397 6 43
45 0 3088 2058 4393 2 44
46 0 3092 2058 4393 2 45
47 0 3096 2058 4393 3.65685 46
48 0 3104 2062 4385 6 47
49 0 3124 2054 4365 6.94427 48
50 0 3140 2034 4357 6.94427 49
51 0 3148 2022 4349 12.4222 50
52 0 3172 2010 4345 14 51
53 0 3204 1998 4341 10.6491 52
54 0 3228 2002 4325 10.6491 53
55 0 3232 2010 4317 9.31371 54
56 0 3056 2166 4445 29.241 15
57 0 3080 2198 4417 3.65685 56
58 0 3084 2206 4409 6.94427 57
59 0 3088 2226 4397 14 58
60 0 3088 2238 4389 9.31371 59
61 0 3088 2250 4389 2 60
62 0 3088 2254 4389 2 61
63 2 2950.77 2081.58 4527.4 20.3827 14
64 0 2932 2082 4545 14.4924 63
65 0 2936 2094 4569 6.94427 64
66 0 2924 2122 4581 10 65
67 0 2916 2150 4581 12.4222 66
68 0 2908 2162 4589 15.8885 67
69 0 2904 2174 4601 14 68
70 0 2904 2182 4617 3.65685 69
71 0 2904 2186 4617 2 70
72 0 2928 2062 4501 14.4924 63
73 0 2904 2030 4497 12.4222 72
74 0 2896 2010 4493 6 73
