# Generated by NeuTu (https://github.com/janelia-flyem/NeuTu)
1 0 2997 1984 4012 2 -1
2 0 2997 1984 4016 2 1
3 0 2997 1984 4020 2 2
4 0 3001 1988 4024 3.65685 3
5 0 3005 1992 4032 6 4
6 0 3013 1996 4048 6 5
7 0 3013 2000 4064 6 6
8 0 3021 2004 4076 6 7
9 0 3025 2012 4092 6.94427 8
10 0 3037 2040 4100 14.4924 9
11 0 3045 2056 4100 6.94427 10
12 0 3045 2072 4104 9.31371 11
13 0 3037 2096 4096 9.31371 12
14 0 3041 2112 4080 6.94427 13
15 0 3045 2128 4064 6 14
16 0 3049 2132 4060 6 15
17 0 3053 2136 4056 3.65685 16
18 0 3057 2140 4056 3.65685 17
19 0 3061 2144 4060 6 18
20 0 3069 2148 4068 6 19
21 0 3073 2152 4072 3.65685 20
22 0 3077 2156 4068 2 21
23 0 3033 2116 4116 6 13
24 0 3021 2132 4128 6.94427 23
25 0 3013 2140 4136 6.94427 24
26 0 3009 2144 4144 3.65685 25
27 0 3005 2140 4148 2 26
