# Generated by NeuTu (https://github.com/janelia-flyem/NeuTu)
1 0 3978 4266 1949 6 -1
2 0 3982 4254 1945 9.31371 1
3 0 3978 4230 1945 6.94427 2
4 0 3982 4210 1941 6.94427 3
5 0 3990 4202 1929 6 4
6 0 3990 4202 1921 6 5
7 0 3990 4202 1913 6 6
8 0 3986 4202 1905 3.65685 7
9 0 3982 4206 1897 6 8
10 0 3978 4202 1893 3.65685 9
11 0 3978 4198 1885 6 10
12 0 3982 4194 1881 2 11
13 0 3982 4190 1877 3.65685 12
14 0 3982 4190 1873 3.65685 13
15 0 3982 4190 1869 2 14
16 0 4010 4202 1925 6 6
17 0 4026 4202 1929 6 16
18 0 4030 4206 1933 6 17
19 0 4038 4214 1933 3.65685 18
20 0 4038 4218 1929 2 19
21 0 4038 4222 1925 2 20
