# Generated by NeuTu (https://github.com/janelia-flyem/NeuTu)
1 0 3065 1988 4283 6 -1
2 0 3057 1992 4291 6 1
3 0 3049 2000 4299 6 2
4 0 3049 2008 4307 6 3
5 0 3049 2024 4307 6 4
6 0 3049 2036 4315 6.94427 5
7 0 3045 2060 4315 10 6
8 0 3045 2072 4315 6 7
9 0 3049 2084 4319 6 8
10 0 3057 2096 4327 6 9
11 0 3065 2104 4335 6 10
12 0 3077 2108 4339 9.31371 11
13 0 3089 2108 4339 6 12
14 0 3101 2108 4339 6.94427 13
15 0 3113 2104 4347 6.94427 14
16 0 3121 2116 4355 6.94427 15
17 0 3137 2136 4371 6 16
18 0 3153 2152 4383 9.31371 17
19 0 3165 2160 4391 9.31371 18
20 0 3173 2168 4399 6 19
21 0 3189 2172 4411 6 20
22 0 3197 2176 4419 6.94427 21
23 0 3201 2188 4431 6 22
24 0 3201 2196 4431 6 23
25 0 3201 2204 4431 3.65685 24
26 0 3205 2208 4435 2 25
27 0 3205 2212 4435 2 26
