# Generated by NeuTu (https://github.com/janelia-flyem/NeuTu)
1 0 4018 3960 2009 2 -1
2 0 4022 3964 2005 2 1
3 0 4022 3968 2005 2 2
4 0 4022 3980 2005 6 3
5 0 4026 3984 2001 6 4
6 0 4034 3992 2001 3.65685 5
7 0 4038 4000 2001 3.65685 6
8 0 4042 4012 2001 6 7
9 0 4042 4028 2001 6 8
10 0 4042 4036 1993 6 9
11 0 4042 4036 1985 3.65685 10
12 0 4046 4036 1977 6 11
13 0 4042 4036 1965 3.65685 12
14 0 4042 4036 1957 3.65685 13
15 0 4038 4032 1953 3.65685 14
16 0 4034 4032 1945 6.94427 15
17 0 4037.21 4021.86 1935.93 9.65895 16
18 0 4054 4008 1933 6.94427 17
19 0 4062 4008 1937 6 18
20 0 4074 4008 1937 9.31371 19
21 0 4094 4008 1937 6 20
22 0 4110 4004 1945 6 21
23 0 4122 3996 1945 6.94427 22
24 0 4130 3992 1949 9.31371 23
25 0 4138 3988 1957 6 24
26 0 4154 3988 1969 6 25
27 0 4162 3988 1977 6 26
28 0 4182 3984 1977 6 27
29 0 4198 3984 1981 6 28
30 0 4214 3984 1977 6 29
31 0 4230 3988 1969 6 30
32 0 4234 3992 1965 6 31
33 0 4238 3996 1957 9.31371 32
34 0 4254 4004 1941 6.94427 33
35 0 4266 4008 1929 6 34
36 0 4270 4012 1925 6 35
37 0 4274 4008 1909 6 36
38 0 4274 4008 1901 3.65685 37
39 0 4274 4008 1893 6 38
40 0 4274 4000 1881 6 39
41 0 4278 3988 1865 6 40
42 0 4278 3988 1857 6 41
43 0 4278 3976 1841 6 42
44 0 4278 3972 1833 6.94427 43
45 0 4022 3996 1921 10 17
46 0 4018 3988 1913 6.94427 45
47 0 4030 4040 2021 10 9
48 0 4034 4048 2041 2 47
49 0 4034 4052 2045 2 48
