1 0 2710 2429 4446 6 -1
2 0 2714 2433 4450 6 1
3 0 2722 2433 4458 9.31371 2
4 0 2742 2433 4474 10 3
5 0 2766 2429 4486 18 4
6 0 2782 2421 4490 10 5
7 0 2802 2413 4486 10 6
8 0 2822 2401 4486 18 7
9 0 2858 2381 4486 10 8
10 0 2886 2377 4478 10.6491 9
11 0 2898 2373 4466 12.4222 10
12 0 2922 2353 4462 9.31371 11
13 0 2938 2337 4462 6.94427 12
14 0 2946 2333 4462 6 13
15 0 2958 2325 4466 10.6491 14
16 0 2966 2301 4466 12.4222 15
17 0 2990 2277 4462 12.4222 16
18 0 3014 2253 4474 14.9706 17
19 0 3026 2221 4498 10.6491 18
20 0 3030 2209 4506 12.4222 19
21 0 3034 2197 4518 9.31371 20
22 2 3061 2148 4542 42.2497 21
23 2 3080 2111.8 4568.4 31.2962 22
24 0 3102 2041 4586 12.4222 23
25 0 3122 2013 4582 18 24
26 0 3138 1993 4582 19.5407 25
27 2 3168.57 1945.29 4560.86 38.3795 26
28 2 3194.83 1908.17 4535.12 30.3555 27
29 0 3234 1889 4526 14.4924 28
30 0 3262 1873 4530 14 29
31 0 3282 1853 4534 26 30
32 0 3350 1837 4534 32.176 31
33 0 3382 1853 4534 14.4924 32
34 0 3414 1873 4530 14.4924 33
35 0 3446 1897 4538 18 34
36 0 3470 1921 4550 18 35
37 0 3530 1965 4562 46.1664 36
38 0 3590 2017 4566 18 37
39 0 3602 2033 4570 10.6491 38
40 0 3618 2049 4582 6.94427 39
41 0 3631.24 2073.95 4592.48 12.5495 40
42 0 3634 2101 4598 6.94427 41
43 0 3638 2129 4602 15.8885 42
44 0 3618 2181 4606 14 43
45 0 3626 2217 4602 12.4222 44
46 0 3634 2229 4598 9.31371 45
47 0 3658 2257 4586 14.4924 46
48 0 3674 2281 4582 14.4924 47
49 0 3686 2313 4578 10.6491 48
50 0 3698 2345 4574 12.4222 49
51 0 3706 2369 4570 12.4222 50
52 0 3726 2401 4554 14.9706 51
53 0 3750 2421 4550 9.31371 52
54 0 3774 2437 4550 6.94427 53
55 0 3786 2445 4546 12.4222 54
56 0 3798 2453 4542 12.4222 55
57 0 3810 2465 4542 6.94427 56
58 0 3830 2481 4550 9.31371 57
59 0 3846 2497 4562 10.6491 58
60 0 3866 2509 4566 18 59
61 0 3898 2501 4586 12.4222 60
62 0 3926 2485 4602 10.6491 61
63 0 3954 2469 4610 9.31371 62
64 0 3982 2453 4614 12.4222 63
65 0 4002 2437 4630 10.6491 64
66 0 4026 2441 4654 14 65
67 2 4047.27 2459.18 4675.27 17.2028 66
68 0 4078 2481 4682 9.31371 67
69 0 4102 2501 4682 12.4222 68
70 0 4134 2513 4678 14 69
71 0 4158 2529 4674 10.6491 70
72 0 4174 2537 4674 10 71
73 0 4206 2537 4686 12.4222 72
74 0 4234 2545 4702 10 73
75 0 4266 2537 4734 23.6125 74
76 0 4310 2537 4770 22.3311 75
77 0 4362 2545 4806 19.5407 76
78 0 4382 2525 4834 10.6491 77
79 0 4398 2501 4846 14.9706 78
80 0 4430 2485 4854 18 79
81 0 4474 2469 4874 14 80
82 0 4514 2469 4874 14 81
83 2 4540.46 2456.38 4867.85 16.5572 82
84 0 4550 2433 4862 10.6491 83
85 0 4554 2405 4858 9.31371 84
86 0 4562 2385 4850 10 85
87 0 4582 2361 4842 10.6491 86
88 0 4590 2353 4842 9.31371 87
89 0 4606 2337 4838 14 88
90 0 4630 2309 4822 10 89
91 0 4646 2265 4814 12.4222 90
92 0 4654 2241 4802 10 91
93 0 4654 2217 4794 10 92
94 0 4646 2193 4778 12.4222 93
95 0 4626 2177 4754 14 94
96 0 4618 2177 4738 14.9706 95
97 2 4596.14 2188.29 4719.43 12.7919 96
98 0 4562 2193 4698 9.31371 97
99 0 4534 2189 4694 9.31371 98
100 0 4522 2185 4694 6.94427 99
101 0 4486 2173 4690 14 100
102 0 4470 2173 4690 12.4222 101
103 0 4446 2169 4702 9.31371 102
104 0 4430 2177 4710 10 103
105 0 4410 2177 4726 10 104
106 0 4382 2173 4738 10 105
107 0 4362 2173 4738 12.4222 106
108 0 4338 2173 4738 10.6491 107
109 0 4314 2165 4738 18 108
110 0 4278 2141 4754 10.6491 109
111 0 4270 2117 4762 10 110
112 0 4262 2101 4766 10.6491 111
113 0 4254 2085 4766 15.8885 112
114 0 4238 2069 4758 14 113
115 0 4234 2049 4754 10 114
116 0 4230 2037 4750 12.4222 115
117 0 4230 2013 4750 10 116
118 0 4234 1985 4750 12.4222 117
119 0 4226 1933 4762 28.4631 118
120 0 4151.99 1909.83 4766 38.8871 119
121 2 4137.5 1915.79 4766 39.5704 120
122 0 4086 1937 4766 42 121
123 0 4030 1909 4734 6 122
124 0 4030 1909 4726 6 123
125 0 4034 1905 4722 6 124
126 0 4050 1901 4722 6.94427 125
127 0 4058 1889 4718 2 126
128 0 4154 1909 4718 23.2982 121
129 0 4146 1897 4698 14 128
130 0 4146 1893 4662 10.6491 129
131 0 4154 1889 4650 10 130
132 0 4154 1881 4638 6 131
133 0 4158 1869 4626 9.31371 132
134 0 4162 1857 4618 10.6491 133
135 0 4174 1841 4622 3.65685 134
136 0 4174 1837 4622 2 135
137 0 4146 1869 4774 6.94427 120
138 0 4146 1857 4774 6 137
139 0 4150 1845 4778 9.31371 138
140 0 4142 1825 4790 6.94427 139
141 0 4138 1801 4802 14 140
142 0 4142 1789 4810 14 141
143 0 4142 1785 4826 6 142
144 0 4138 1781 4830 6 143
145 0 4466 2181 4670 6 102
146 0 4470 2189 4662 9.31371 145
147 0 4470 2201 4646 10 146
148 0 4466 2221 4634 6.94427 147
149 0 4466 2229 4634 6 148
150 0 4462 2241 4634 10 149
151 0 4462 2253 4634 6.94427 150
152 0 4454 2265 4634 9.31371 151
153 0 4450 2273 4626 9.31371 152
154 0 4438 2277 4622 6 153
155 0 4422 2273 4622 6.94427 154
156 0 4414 2265 4614 9.31371 155
157 0 4406 2265 4602 10 156
158 0 4402 2281 4586 9.31371 157
159 0 4406 2293 4574 3.65685 158
160 0 4406 2297 4574 3.65685 159
161 0 4414 2305 4566 6.94427 160
162 0 4434 2321 4554 6 161
163 0 4450 2329 4546 6 162
164 0 4454 2333 4542 6 163
165 0 4450 2329 4526 6 164
166 0 4442 2325 4522 6 165
167 0 4434 2325 4514 2 166
168 0 4430 2325 4514 2 167
169 0 4618 2197 4706 6 97
170 0 4622 2205 4698 6 169
171 0 4634 2209 4690 6 170
172 0 4650 2205 4682 6 171
173 0 4654 2201 4678 6 172
174 0 4662 2201 4678 6 173
175 0 4678 2201 4666 6 174
176 0 4698 2197 4650 6.94427 175
177 2 4714 2205 4646 10.204 176
178 0 4726 2197 4650 6.94427 177
179 0 4742 2181 4650 6.94427 178
180 0 4750 2177 4646 3.65685 179
181 0 4754 2177 4646 2 180
182 0 4710 2229 4642 9.31371 177
183 0 4706 2237 4638 6 182
184 0 4706 2245 4638 6 183
185 0 4702 2253 4634 2 184
186 0 4702 2257 4630 2 185
187 0 4634 2145 4730 10 96
188 0 4646 2117 4738 12.4222 187
189 0 4654 2101 4758 15.8885 188
190 0 4670 2081 4778 6.94427 189
191 0 4674.07 2043.18 4807.89 20.757 190
192 0 4650 2001 4830 38.7922 191
193 0 4650 1961 4830 24.8328 192
194 2 4635.03 1934.8 4852.46 23.691 193
195 0 4610 1921 4866 23.6125 194
196 0 4578 1897 4854 6 195
197 0 4566 1893 4834 6.94427 196
198 0 4554 1889 4818 18 197
199 0 4546 1901 4806 9.31371 198
200 0 4538 1909 4802 9.31371 199
201 0 4530 1921 4802 3.65685 200
202 0 4526 1925 4802 2 201
203 0 4522 1925 4802 2 202
204 0 4658 1909 4846 6.94427 194
205 0 4658 1901 4846 3.65685 204
206 0 4662 1893 4846 6 205
207 0 4662 1885 4838 6 206
208 0 4666 1877 4834 3.65685 207
209 0 4670 1873 4830 6 208
210 0 4674 1869 4822 6 209
211 0 4674 1865 4810 10 210
212 0 4686 2069 4842 6 191
213 0 4690 2077 4850 6 212
214 0 4694 2081 4858 6.94427 213
215 0 4702 2077 4866 6 214
216 0 4706 2073 4870 3.65685 215
217 0 4706 2069 4870 2 216
218 0 4554 2485 4874 9.31371 83
219 0 4570 2509 4874 9.31371 218
220 0 4586 2529 4870 12.4222 219
221 0 4610 2553 4866 12.4222 220
222 0 4634 2565 4874 12.4222 221
223 0 4662 2573 4882 10 222
224 0 4686 2573 4902 14.4924 223
225 0 4710 2577 4914 15.8885 224
226 0 4734 2597 4926 12.4222 225
227 0 4754 2621 4934 14.9706 226
228 0 4766 2661 4934 12.4222 227
229 0 4774 2709 4930 24.8328 228
230 0 4794 2737 4930 21.3238 229
231 2 4830.4 2787.24 4906.32 39.102 230
232 2 4848.88 2813.83 4881.17 30.5379 231
233 2 4854 2841.77 4860.15 22.6521 232
234 0 4866 2865 4846 9.31371 233
235 0 4870 2869 4834 6.94427 234
236 0 4874 2865 4822 6 235
237 0 4870 2869 4802 10.6491 236
238 0 4866 2877 4790 12.4222 237
239 0 4862 2877 4762 9.31371 238
240 0 4854 2873 4746 3.65685 239
241 0 4854 2877 4738 6 240
242 0 4854 2877 4730 3.65685 241
243 0 4854 2877 4726 3.65685 242
244 0 4854 2877 4718 6 243
245 0 4814 2833 4834 18 233
246 0 4794 2825 4834 3.65685 245
247 0 4790 2825 4834 2 246
248 0 4890 2809 4898 6.94427 232
249 0 4906 2801 4898 9.31371 248
250 0 4914 2797 4906 10.6491 249
251 0 4926 2781 4910 9.31371 250
252 0 4934 2773 4906 6 251
253 0 4950 2777 4906 6 252
254 0 4958 2777 4902 6 253
255 0 4970 2773 4894 9.31371 254
256 0 4978 2753 4894 9.31371 255
257 0 4978 2741 4894 6 256
258 0 4978 2725 4890 9.31371 257
259 0 4982 2709 4898 3.65685 258
260 0 4982 2705 4902 2 259
261 0 4834 2821 4946 14.4924 231
262 0 4838 2841 4966 10 261
263 0 4842 2869 4982 14 262
264 0 4834 2885 4986 14.9706 263
265 0 4814 2897 4978 12.4222 264
266 0 4794 2897 4958 12.4222 265
267 0 4778 2909 4938 10.6491 266
268 0 4758 2917 4918 10 267
269 0 4746 2921 4910 6 268
270 0 4038 2441 4690 6.94427 67
271 0 4034 2433 4702 6 270
272 0 4030 2429 4710 6 271
273 0 3858 2537 4558 10 60
274 0 3854 2549 4558 9.31371 273
275 0 3846 2573 4558 14 274
276 0 3838 2597 4550 26 275
277 2 3825.33 2654.33 4533.33 36.2202 276
278 2 3791.92 2683.56 4530 32.2805 277
279 0 3754 2729 4534 9.31371 278
280 0 3746 2745 4538 6 279
281 0 3742 2749 4542 3.65685 280
282 0 3738 2753 4546 3.65685 281
283 0 3726 2769 4566 9.31371 282
284 0 3722 2777 4570 6 283
285 0 3718 2789 4570 6 284
286 0 3706 2801 4574 9.31371 285
287 0 3698 2805 4582 10.6491 286
288 0 3682 2817 4598 6 287
289 0 3674 2817 4598 6 288
290 0 3666 2825 4598 9.31371 289
291 0 3654 2837 4610 6 290
292 0 3654 2857 4622 6 291
293 2 3647.33 2866.33 4631.33 8.20914 292
294 0 3650 2869 4646 9.31371 293
295 0 3654 2869 4658 6 294
296 0 3650 2869 4674 6 295
297 0 3642 2869 4690 6 296
298 0 3638 2865 4698 3.65685 297
299 0 3638 2865 4706 6 298
300 0 3642 2861 4710 3.65685 299
301 0 3642 2865 4722 6 300
302 0 3646 2869 4742 6.94427 301
303 0 3654 2881 4758 6 302
304 0 3662 2885 4766 6 303
305 0 3666 2893 4782 6 304
306 0 3678 2905 4794 6.94427 305
307 0 3694 2905 4798 6 306
308 0 3630 2873 4610 6 293
309 0 3614 2877 4594 6 308
310 0 3606 2893 4582 6 309
311 0 3602 2905 4578 10 310
312 0 3614 2921 4566 3.65685 311
313 0 3618 2925 4562 2 312
314 0 3622 2925 4562 2 313
315 0 3626 2925 4562 2 314
316 0 3630 2925 4558 2 315
317 0 3634 2925 4554 2 316
318 0 3794 2685 4570 6.94427 278
319 0 3810 2673 4586 9.31371 318
320 0 3822 2673 4590 6 319
321 0 3834 2673 4606 6 320
322 0 3838 2669 4622 6 321
323 0 3850 2657 4638 9.31371 322
324 0 3850 2649 4650 9.31371 323
325 0 3850 2641 4658 6 324
326 0 3850 2633 4670 6 325
327 0 3850 2625 4674 6 326
328 0 3850 2617 4678 3.65685 327
329 0 3854 2613 4682 2 328
330 0 3854 2609 4682 2 329
331 0 3870 2669 4514 24.8328 277
332 0 3894 2677 4506 6 331
333 0 3702 2413 4538 6.94427 52
334 0 3694 2421 4538 6 333
335 0 3690 2425 4534 2 334
336 0 3686 2425 4530 2 335
337 0 3682 2425 4526 2 336
338 0 3662 2129 4610 6.94427 43
339 0 3674 2129 4610 6 338
340 0 3682 2133 4614 6 339
341 0 3654 2085 4578 9.31371 41
342 0 3662 2085 4570 6 341
343 0 3678 2081 4554 6.94427 342
344 0 3690 2085 4542 9.31371 343
345 0 3702 2093 4530 9.31371 344
346 0 3714 2101 4518 6.94427 345
347 0 3718 2105 4502 6 346
348 0 3722 2109 4494 9.31371 347
349 0 3726 2113 4486 6 348
350 0 3722 2113 4466 6 349
351 0 3722 2129 4450 6 350
352 0 3726 2137 4450 2 351
353 0 3726 2149 4450 6 352
354 0 3742 2173.96 4428.72 13.4355 353
355 2 3742 2183.8 4415.6 7.64984 354
356 0 3746 2189 4406 3.65685 355
357 0 3746 2189 4402 3.65685 356
358 0 3750 2193 4398 3.65685 357
359 0 3750 2193 4390 3.65685 358
360 0 3754 2197 4378 9.31371 359
361 0 3766 2189 4362 6 360
362 0 3774 2189 4362 6 361
363 0 3790 2185 4346 9.31371 362
364 0 3806 2185 4342 6.94427 363
365 0 3814 2177 4334 3.65685 364
366 0 3818 2173 4322 6 365
367 0 3714 2185 4418 9.31371 355
368 0 3698 2177 4418 6.94427 367
369 0 3690 2169 4418 6.94427 368
370 0 3682 2161 4410 6.94427 369
371 0 3682 2149 4402 9.31371 370
372 0 3686 2141 4394 6.94427 371
373 0 3690 2137 4386 9.31371 372
374 0 3690 2141 4374 9.31371 373
375 0 3758 2165 4418 6.94427 354
376 0 3774 2153 4418 6.94427 375
377 0 3778 2145 4414 6 376
378 0 3782 2137 4406 2 377
379 0 3786 2137 4402 2 378
380 0 3534 1933 4626 15.8885 37
381 0 3246 1813 4554 14 31
382 0 3202 1877 4582 10.6491 28
383 0 3166 1973 4606 6 27
384 0 3178 1969 4618 6.94427 383
385 0 3190 1965 4622 10 384
386 0 3206 1961 4634 6.94427 385
387 0 3226 1961 4646 9.31371 386
388 0 3238 1961 4646 6 387
389 0 3254 1969 4642 6.94427 388
390 0 3270 1981 4634 9.31371 389
391 0 3286 1993 4630 6 390
392 0 3290 1997 4626 6 391
393 0 3306 2005 4630 6.94427 392
394 0 3318 2021 4626 6 393
395 0 3114 2133 4530 23.2982 23
396 0 3134 2145 4530 10 395
397 0 3142 2153 4530 6.94427 396
398 0 3138 2161 4530 2 397
399 0 3138 2165 4530 2 398
400 0 3110 2201 4506 20.6274 22
401 0 3142 2213 4498 9.31371 400
402 0 3166 2201 4502 14 401
403 0 3202 2201 4502 10 402
404 0 3214 2201 4502 10 403
405 0 3230 2201 4502 6 404
406 0 3242 2205 4502 9.31371 405
407 0 3250 2209 4510 2 406
408 0 3250 2213 4510 2 407
