# Generated by NeuTu (https://github.com/janelia-flyem/NeuTu)
1 0 3678 2127 4448 6 -1
2 0 3670 2119 4456 10 1
3 0 3650 2111 4460 10 2
4 0 3642 2103 4468 12.4222 3
5 0 3642 2075 4472 6.94427 4
6 0 3634 2063 4480 9.31371 5
7 0 3626 2051 4492 6.94427 6
8 0 3622 2043 4496 3.65685 7
9 0 3622 2039 4496 2 8
10 0 3690 2107 4484 6 2
11 0 3694 2103 4500 6 10
12 0 3694 2103 4508 6 11
13 0 3682 2103 4524 6 12
14 0 3678 2107 4528 6 13
15 0 3670 2103 4536 10 14
16 0 3666 2087 4556 3.65685 15
17 0 3662 2083 4560 6 16
18 0 3662 2079 4568 6 17
19 0 3658 2079 4580 3.65685 18
20 0 3654 2079 4584 3.65685 19
21 0 3646 2087 4592 3.65685 20
22 0 3646 2091 4592 3.65685 21
23 0 3642 2099 4600 6 22
24 0 3638 2107 4616 6 23
25 0 3638 2111 4632 6.94427 24
26 0 3638 2119 4644 6.94427 25
27 0 3626 2123 4652 6 26
28 0 3610 2123 4664 6 27
29 0 3606 2127 4668 6 28
30 0 3598 2135 4676 10 29
31 0 3586 2139 4684 6 30
32 0 3578 2143 4692 6 31
33 0 3574 2143 4704 6 32
34 0 3558 2143 4720 6.94427 33
35 0 3538 2135 4724 6 34
36 0 3526 2131 4724 6 35
37 0 3514 2135 4724 9.31371 36
38 0 3494 2127 4736 6 37
39 2 3474.44 2132.78 4748.44 7.84095 38
40 0 3458 2135 4744 9.31371 39
41 0 3450 2139 4736 10.6491 40
42 2 3442.31 2150.54 4736 7.08677 41
43 0 3430 2167 4736 3.65685 42
44 0 3422 2175 4736 6 43
45 0 3410 2183 4740 6 44
46 0 3390 2183 4740 6.94427 45
47 0 3382 2183 4748 6 46
48 0 3370 2187 4752 6 47
49 0 3362 2191 4760 6.94427 48
50 0 3358 2207 4760 9.31371 49
51 0 3366 2219 4760 6 50
52 0 3374 2231 4764 6 51
53 0 3378 2239 4760 6 52
54 0 3378 2247 4760 3.65685 53
55 0 3382 2255 4760 6 54
56 0 3382 2271 4752 6 55
57 0 3386 2287 4748 6 56
58 0 3382 2295 4740 3.65685 57
59 0 3378 2299 4740 3.65685 58
60 0 3374 2303 4736 6 59
61 0 3358 2315 4720 6.94427 60
62 0 3346 2331 4712 6.94427 61
63 0 3338 2339 4708 9.31371 62
64 0 3314 2343 4708 6 63
65 0 3298 2343 4712 6.94427 64
66 0 3282 2347 4712 9.31371 65
67 0 3262 2331 4716 6.94427 66
68 0 3254 2327 4716 6.94427 67
69 2 3226 2315.8 4713.6 14.0784 68
70 2 3209.2 2315 4705.6 12.0965 69
71 0 3190 2319 4692 9.31371 70
72 0 3186 2323 4684 9.31371 71
73 0 3182 2327 4676 6 72
74 0 3174 2323 4656 6.94427 73
75 0 3158 2315 4636 6 74
76 0 3154 2319 4632 2 75
77 0 3150 2319 4624 6.94427 76
78 0 3146 2319 4612 6.94427 77
79 0 3130 2311 4596 6 78
80 0 3130 2323 4588 6 79
81 0 3130 2339 4576 6 80
82 0 3110 2351 4568 6 81
83 0 3106 2359 4556 6 82
84 0 3102 2367 4548 6 83
85 0 3094 2375 4540 6 84
86 0 3090 2379 4536 6 85
87 0 3086 2387 4536 3.65685 86
88 0 3082 2391 4536 3.65685 87
89 0 3074 2407 4532 9.31371 88
90 0 3070 2423 4520 6.94427 89
91 0 3070 2447 4512 6 90
92 0 3070 2463 4512 6 91
93 0 3066 2483 4496 6 92
94 0 3062 2499 4484 6 93
95 0 3062 2515 4480 6 94
96 0 3062 2523 4480 6 95
97 0 3058 2527 4476 6 96
98 0 3058 2539 4472 10 97
99 0 3038 2539 4472 6 98
100 0 3026 2535 4472 9.31371 99
101 0 3014 2539 4468 6.94427 100
102 0 2994 2551 4464 9.31371 101
103 0 2986 2555 4460 6 102
104 0 3062 2555 4472 6 98
105 0 3062 2571 4472 6 104
106 0 3070 2587 4472 6 105
107 0 3074 2603 4472 6.94427 106
108 0 3078 2615 4480 6.94427 107
109 0 3086 2627 4488 6.94427 108
110 0 3098 2647 4504 6.94427 109
111 0 3102 2651 4516 6 110
112 0 3106 2655 4520 6 111
113 0 3110 2659 4528 2 112
114 0 3110 2663 4528 2 113
115 0 3194 2299 4720 6.94427 70
116 0 3182 2279 4724 6.94427 115
117 0 3154 2251 4712 6.94427 116
118 0 3142 2247 4712 10 117
119 0 3134 2243 4704 10.6491 118
120 0 3126 2235 4700 6.94427 119
121 0 3110 2223 4696 6 120
122 0 3094 2223 4696 6.94427 121
123 0 3086 2215 4692 3.65685 122
124 0 3082 2211 4692 2 123
125 0 3222 2283 4728 6.94427 69
126 0 3206 2271 4728 6 125
127 0 3190 2255 4728 6 126
128 0 3438 2143 4716 6 42
129 0 3438 2143 4700 6 128
130 0 3438 2143 4692 6 129
131 0 3446 2147 4684 6.94427 130
132 0 3454 2147 4676 3.65685 131
133 0 3454 2151 4672 2 132
134 0 3486 2131 4760 9.31371 39
135 0 3494 2131 4768 6 134
136 0 3502 2135 4780 6.94427 135
137 0 3510 2131 4792 6 136
138 0 3510 2123 4800 6 137
139 0 3514 2119 4808 9.31371 138
140 0 3514 2111 4816 6 139
141 0 3526 2111 4828 12.4222 140
142 0 3546 2079 4828 14.4924 141
143 0 3558 2039 4828 12.4222 142
144 0 3558 2019 4828 10 143
145 0 3562 1983 4828 14.4924 144
146 0 3574 1975 4824 9.31371 145
147 0 3598 1967 4828 10.6491 146
148 2 3619.96 1950.02 4848.44 20.4889 147
149 0 3638 1943 4880 18 148
150 0 3650 1935 4892 10 149
151 0 3650 1931 4904 6 150
152 0 3650 1931 4920 6 151
153 0 3654 1927 4928 2 152
154 0 3658 1927 4932 2 153
155 0 3634 1947 4816 12.4222 148
156 0 3626 1951 4788 12.4222 155
157 0 3614 1951 4776 6 156
158 0 3542 1959 4816 14.4924 145
159 0 3534 1943 4820 12.4222 158
160 0 3522 1931 4820 6 159
161 2 3528.92 2122.69 4836.77 16.4983 141
162 0 3514 2103 4856 6 161
163 0 3498 2091 4864 6.94427 162
164 0 3534 2151 4840 14 161
165 0 3538 2171 4844 18 164
166 0 3550 2199 4860 10.6491 165
167 0 3566 2207 4880 10 166
168 0 3566 2219 4900 9.31371 167
169 0 3562 2227 4916 12.4222 168
170 0 3542 2263 4924 12.4222 169
171 0 3514 2291 4924 19.5407 170
172 0 3490 2327 4932 9.31371 171
173 0 3482 2339 4936 14 172
174 2 3445.33 2357.33 4954.33 17.5128 173
175 0 3438 2379 4928 9.31371 174
176 0 3438 2391 4924 10 175
177 0 3438 2403 4920 6.94427 176
178 0 3442 2411 4916 9.31371 177
179 0 3450 2427 4900 6.94427 178
180 0 3450 2447 4892 6 179
181 0 3438 2467 4884 10 180
182 0 3430 2475 4880 6.94427 181
183 0 3418 2491 4880 6 182
184 0 3418 2503 4880 6 183
185 0 3406 2523 4884 10.6491 184
186 0 3418 2531 4888 6 185
187 0 3426 2531 4896 6 186
188 0 3438 2527 4900 6.94427 187
189 0 3458 2519 4904 6 188
190 0 3466 2511 4900 6 189
191 0 3474 2495 4892 6.94427 190
192 0 3486 2479 4888 6.94427 191
193 0 3494 2475 4880 6 192
194 0 3398 2367 4988 15.8885 174
195 0 3362 2383 4988 14.9706 194
196 0 3297.77 2436.27 4980 26.8627 195
197 0 3314 2471 4972 6.94427 196
198 0 3330 2487 4972 6.94427 197
199 0 3334 2495 4972 3.65685 198
200 0 3342 2503 4972 6.94427 199
201 0 3358 2507 4972 6.94427 200
202 0 3366 2511 4968 6.94427 201
203 0 3250 2447 5000 38 196
204 0 3182 2451 5016 15.8885 203
205 0 3154 2459 5016 12.4222 204
206 0 3118 2503 5008 18 205
207 0 3094 2551 5000 14.4924 206
208 0 3078 2587 5000 10.6491 207
209 0 3078 2603 5000 14.4924 208
210 0 3071.99 2655.05 4993.96 16.2349 209
211 2 3088.51 2691.71 5006.83 15.9153 210
212 2 3093.44 2719.08 5008 14.2644 211
213 0 3098 2747 5012 14 212
214 0 3106 2779 5012 12.4222 213
215 0 3122 2807 5008 9.31371 214
216 0 3130 2815 5000 12.4222 215
217 0 3142 2827 4992 9.31371 216
218 0 3150 2839 4992 12.4222 217
219 0 3154 2859 4984 10 218
220 0 3158 2871 4980 12.4222 219
221 0 3170 2891 4964 6 220
222 0 3182 2907 4956 18 221
223 0 3178 2923 4948 9.31371 222
224 0 3162 2939 4948 10.6491 223
225 0 3150 2943 4944 10 224
226 0 3138 2943 4944 6 225
227 0 3118 2943 4944 6 226
228 0 3102 2955 4944 6 227
229 0 3090 2955 4944 6 228
230 0 3078 2963 4944 6.94427 229
231 0 3066 2979 4948 6 230
232 0 3058 2991 4948 6 231
233 0 3050 3003 4956 6.94427 232
234 0 3038 3023 4956 6.94427 233
235 0 3018 3051 4956 12.4222 234
236 0 3005.36 3067.43 4951.36 7.07056 235
237 0 2994 3075 4940 9.31371 236
238 0 2990 3087 4932 9.31371 237
239 0 2986 3095 4924 6 238
240 0 2982 3107 4924 6 239
241 0 2978 3119 4920 6.94427 240
242 0 2970 3135 4912 6 241
243 0 2970 3151 4904 6 242
244 0 2966 3163 4900 6.94427 243
245 0 2954 3187 4896 9.31371 244
246 0 2946 3195 4892 6.94427 245
247 0 2934 3207 4884 6.94427 246
248 0 2926 3219 4884 6.94427 247
249 0 2918 3231 4884 6 248
250 0 2914 3247 4876 6 249
251 0 2914 3255 4868 6.94427 250
252 0 2910 3263 4864 3.65685 251
253 0 2910 3267 4864 2 252
254 0 2910 3271 4860 3.65685 253
255 0 2914 3299 4852 10 254
256 0 2910 3319 4852 6.94427 255
257 0 2906 3335 4848 6 256
258 0 2906 3343 4844 6.94427 257
259 0 2898 3351 4836 6 258
260 0 2898 3371 4824 6 259
261 0 2898 3383 4824 6 260
262 0 2894 3395 4824 10 261
263 0 2890 3407 4820 6.94427 262
264 0 2998 3071 4960 3.65685 236
265 0 2990 3079 4960 6.94427 264
266 0 2982 3087 4956 9.31371 265
267 0 2970 3095 4956 6.94427 266
268 0 2954 3111 4956 6.94427 267
269 0 2950 3119 4956 6 268
270 0 2950 3131 4960 2 269
271 0 2950 3139 4968 6 270
272 0 2946 3147 4972 6.94427 271
273 0 2938 3151 4972 3.65685 272
274 0 2926 3159 4972 10 273
275 0 2910 3159 4972 6 274
276 0 2898 3171 4972 6.94427 275
277 0 2894 3179 4972 3.65685 276
278 0 2894 3183 4968 2 277
279 0 2954 3071 4972 2 267
280 0 2950 3067 4972 2 279
281 0 3210 2919 4960 10.6491 222
282 0 3234 2939 4952 10.6491 281
283 0 3262 2975 4944 19.5407 282
284 0 3306 3003 4948 50 283
285 0 3354 3007 4964 10.6491 284
286 0 3378.62 3031.15 4980.46 17.6659 285
287 0 3394 3035 4992 9.31371 286
288 0 3410 3039 5000 6.94427 287
289 0 3426 3055 5012 6.94427 288
290 0 3426 3079 5012 10 289
291 0 3434 3087 5020 6 290
292 0 3366 3067 4988 10 286
293 0 3370 3079 4992 6 292
294 0 3374 3095 4992 6 293
295 0 3378 3103 4996 6 294
296 0 3378 3111 4996 3.65685 295
297 0 3382 3115 4992 2 296
298 0 3358 3063 4916 6 284
299 0 3098 2699 5036 10 212
300 0 3094 2703 5056 6 299
301 0 3094 2695 5068 6.94427 300
302 0 3094 2691 5084 6.94427 301
303 0 3102 2703 5096 9.31371 302
304 0 3110 2707 5104 6 303
305 0 3122 2683 5008 9.31371 211
306 0 3138 2691 5000 10 305
307 0 3150 2695 4992 2 306
308 0 3150 2695 4988 2 307
309 0 3058 2675 4972 12.4222 210
310 0 3050 2687 4960 9.31371 309
311 0 3046 2699 4948 12.4222 310
312 0 3038 2719 4936 10 311
313 0 3026 2731 4924 10.6491 312
314 0 3006 2755 4904 14.4924 313
315 0 3002 2779 4896 10 314
316 0 2986 2795 4888 9.31371 315
317 0 2974 2811 4876 9.31371 316
318 0 2946.73 2830.27 4865.82 11.6973 317
319 0 2958 2851 4868 3.65685 318
320 0 2962 2855 4872 6 319
321 0 2946 2875 4892 6.94427 320
322 0 2934 2899 4900 9.31371 321
323 0 2918 2907 4908 6.94427 322
324 0 2906 2911 4908 9.31371 323
325 0 2886 2919 4908 6.94427 324
326 0 2870 2931 4904 6.94427 325
327 0 2854 2935 4904 6.94427 326
328 0 2842 2951 4904 9.31371 327
329 0 2842 2963 4904 10.6491 328
330 0 2838 2975 4908 6 329
331 0 2838 2991 4908 6.94427 330
332 0 2842 3003 4920 6 331
333 0 2834 3019 4936 6.94427 332
334 0 2826 3035 4940 6.94427 333
335 0 2822 3063 4944 10 334
336 0 2818 3079 4944 6.94427 335
337 0 2814 3095 4944 10 336
338 0 2814 3107 4948 6 337
339 0 2806 3131 4948 10 338
340 0 2794 3155 4948 6.94427 339
341 0 2786 3175 4948 6 340
342 0 2782 3183 4948 6.94427 341
343 0 2774 3191 4956 6.94427 342
344 0 2766 3203 4956 6.94427 343
345 0 2751.55 3216.22 4954.78 8.95096 344
346 0 2738 3223 4948 6.94427 345
347 0 2730 3231 4940 6 346
348 0 2726 3243 4928 6 347
349 0 2726 3251 4920 6 348
350 2 2729.56 3258.11 4912.89 8.94552 349
351 0 2730 3271 4908 6 350
352 0 2738 3291 4892 10 351
353 0 2730 3299 4884 6 352
354 0 2718 3255 4896 6 350
355 0 2714 3267 4872 12.4222 354
356 0 2746 3235 4964 6 345
357 0 2742 3239 4968 6 356
358 0 2742 3255 4968 6 357
359 0 2742 3271 4968 6 358
360 2 2940.18 2836.82 4861.45 13.7936 318
361 0 2926 2819 4868 6 360
362 0 2914 2815 4868 6 361
363 0 2898 2811 4872 6 362
364 0 2882 2799 4880 6 363
365 0 2874 2795 4884 6.94427 364
366 0 2866 2803 4888 6 365
367 0 2854 2799 4896 6 366
368 0 2846 2795 4900 9.31371 367
369 0 2830 2791 4904 6 368
370 0 2818 2791 4904 6 369
371 0 2902 2863 4840 9.31371 360
372 0 2890 2871 4828 12.4222 371
373 0 2882 2887 4824 9.31371 372
374 0 2862 2911 4808 12.4222 373
375 0 2838 2931 4804 9.31371 374
376 0 2826 2943 4800 12.4222 375
377 0 2802 2951 4800 9.31371 376
378 0 2786 2959 4796 6.94427 377
379 0 2770 2971 4800 6.94427 378
380 0 2762 2979 4804 6.94427 379
381 0 2746 2991 4812 12.4222 380
382 0 2720.48 3007.76 4799.62 12.4222 381
383 0 2710 2999 4820 6 382
384 0 2710 2987 4832 6 383
385 0 2710 2979 4840 6 384
386 0 2706 2963 4840 6 385
387 0 2710 2947 4844 6 386
388 0 2722 2931 4848 6 387
389 0 2730 2931 4848 3.65685 388
390 0 2734 2927 4848 2 389
391 0 2738 2927 4848 2 390
392 0 2706 3015 4796 12.4222 382
393 0 2694 3031 4788 6.94427 392
394 0 2686 3039 4784 3.65685 393
395 0 2670 3051 4784 6.94427 394
396 0 2662 3059 4784 6.94427 395
397 0 2654 3067 4780 10.6491 396
398 0 2652.9 3082.29 4778.9 7.59318 397
399 0 2638 3095 4796 6 398
400 0 2634 3099 4800 6 399
401 0 2626 3099 4800 6 400
402 0 2622 3115 4800 6 401
403 0 2622 3131 4800 6 402
404 0 2622 3147 4796 6.94427 403
405 0 2650 3091 4776 9.31371 398
406 0 2642 3099 4768 6 405
407 0 2634 3103 4760 6 406
408 0 2626 3111 4752 6.94427 407
409 0 2614 3119 4748 9.31371 408
410 0 2602 3127 4740 6.94427 409
411 0 2594 3131 4740 6.94427 410
412 0 2582 3139 4740 14 411
413 0 2554 3143 4736 6 412
414 0 2546 3143 4736 6 413
415 0 2534 3147 4736 9.31371 414
416 0 2522 3151 4732 6 415
417 0 2506 3159 4736 6 416
418 0 2490 3159 4736 6 417
419 0 2474 3159 4736 6 418
420 0 2458 3159 4736 6 419
421 0 2442 3163 4752 9.31371 420
422 0 2434 3171 4760 9.31371 421
423 0 2426 3175 4768 6 422
424 0 2410 3171 4780 6 423
425 0 2394 3171 4788 6.94427 424
426 2 2364 3171 4792 12.1194 425
427 0 2362 3191 4796 6 426
428 0 2350 3207 4808 6 427
429 0 2350 3211 4816 6.94427 428
430 0 2346 3175 4792 9.31371 426
431 0 2326 3191 4796 6.94427 430
432 0 2318 3195 4800 6 431
433 0 2314 3203 4796 2 432
434 0 2314 3207 4796 2 433
