#Generated by NeuTu (https://github.com/janelia-flyem/NeuTu)
#<json>{"ds_intv": [3, 3, 3], "min_length": 40.0}</json>
1 0 1734 2927 4588 2 -1
2 0 1738 2927 4588 2 1
3 0 1746 2931 4588 6 2
4 0 1758 2935 4588 10 3
5 0 1782 2935 4588 10 4
6 0 1814 2947 4580 10.6491 5
7 0 1862 2955 4576 18.3961 6
8 0 1890 2947 4580 18 7
9 0 1902 2939 4592 12.4222 8
10 0 1922 2923 4604 15.8885 9
11 0 1934 2911 4612 12.4222 10
12 0 1946 2911 4616 6.94427 11
13 0 1962 2903 4616 9.31371 12
14 0 1994 2879 4632 18 13
15 0 2014 2871 4636 12.4222 14
16 0 2050 2859 4652 14.9706 15
17 0 2078 2839 4668 15.8885 16
18 0 2094 2803 4684 10 17
19 0 2106 2783 4684 12.4222 18
20 0 2126 2759 4684 12.4222 19
21 0 2150 2743 4688 10.6491 20
22 0 2178 2731 4700 14 21
23 0 2190 2727 4708 10.6491 22
24 0 2214 2715 4724 18 23
25 0 2234 2707 4736 14.9706 24
26 0 2258 2675 4748 26 25
27 2 2344.3 2655.44 4780.93 47.8027 26
28 0 2350 2655 4784 48.9117 27
29 0 2424.46 2696.05 4798.59 24.2326 28
30 0 2474 2727 4768 6 29
31 0 2482 2735 4768 6 30
32 0 2490 2739 4768 3.65685 31
33 0 2506 2739 4756 10 32
34 0 2538 2743 4752 14.4924 33
35 0 2550 2755 4752 9.31371 34
36 0 2562 2767 4752 14 35
37 0 2594 2775 4744 10 36
38 0 2626 2779 4732 12.4222 37
39 0 2642 2787 4708 9.31371 38
40 0 2658 2795 4688 10 39
41 0 2670 2795 4680 14 40
42 0 2682 2803 4668 9.31371 41
43 0 2714 2823 4656 20.6274 42
44 0 2750 2827 4648 15.8885 43
45 0 2790 2839 4636 18 44
46 0 2822 2851 4632 14.4924 45
47 0 2858 2855 4620 10.6491 46
48 0 2882 2847 4600 18 47
49 0 2920 2835 4582 23.3546 48
50 2 2923.85 2851 4492.38 29.859 49
51 0 2914 2847 4456 9.31371 50
52 0 2910 2855 4432 9.31371 51
53 0 2906 2855 4416 6 52
54 0 2906 2859 4404 12.4222 53
55 0 2894 2859 4376 9.31371 54
56 0 2886 2859 4360 9.31371 55
57 0 2882 2855 4348 6 56
58 0 2878 2843 4332 6 57
59 0 2878 2843 4316 6.94427 58
60 0 2886 2839 4296 9.31371 59
61 0 2894 2839 4284 9.31371 60
62 0 2898 2823 4260 14 61
63 0 2898 2811 4248 14.9706 62
64 0 2898 2811 4212 10 63
65 0 2902 2811 4200 12.4222 64
66 0 2910 2795 4168 10 65
67 0 2918 2787 4160 9.31371 66
68 0 2918 2783 4148 12.4222 67
69 0 2930 2775 4120 10.6491 68
70 0 2938 2771 4092 12.4222 69
71 0 2958 2771 4068 9.31371 70
72 0 2970 2775 4044 10.6491 71
73 0 2974 2767 4020 10 72
74 0 2974 2759 3996 9.31371 73
75 0 2974 2759 3976 6.94427 74
76 0 2974 2759 3956 9.31371 75
77 0 2982 2755 3936 9.31371 76
78 0 2986 2747 3928 6 77
79 0 2986 2739 3920 6.94427 78
80 0 2990 2735 3896 10 79
81 0 2994 2735 3880 14 80
82 0 3010 2731 3852 9.31371 81
83 0 3014 2731 3840 9.31371 82
84 0 3014 2723 3832 6 83
85 0 3014 2723 3816 6 84
86 0 3014 2719 3800 9.31371 85
87 0 3014 2723 3772 9.31371 86
88 0 3022 2715 3760 9.31371 87
89 0 3030 2719 3740 12.4222 88
90 2 3052.83 2700.56 3705.56 18 89
91 0 3058 2679 3700 18.3961 90
92 2 3066.54 2667.62 3702.85 10.2477 91
93 0 3078 2659 3716 6 92
94 0 3082 2659 3724 3.65685 93
95 0 3090 2667 3732 6.94427 94
96 0 3102 2675 3732 6 95
97 0 3110 2683 3732 3.65685 96
98 0 3118 2691 3732 6.94427 97
99 0 3126 2699 3724 3.65685 98
100 0 3130 2699 3720 3.65685 99
101 0 3134 2703 3716 3.65685 100
102 0 3134 2703 3712 3.65685 101
103 0 3142 2711 3704 3.65685 102
104 0 3146 2711 3704 3.65685 103
105 0 3150 2715 3700 3.65685 104
106 0 3154 2719 3696 2 105
107 0 3070 2671 3664 18 92
108 0 3078 2647 3636 10 107
109 0 3078 2635 3636 6 108
110 0 3078 2627 3636 6 109
111 0 3082 2615 3628 10 110
112 0 3082 2607 3620 6.94427 111
113 0 3058 2707 3668 19.5407 91
114 0 3050 2723 3656 3.65685 113
115 0 3050 2727 3656 2 114
116 0 3070 2731 3704 6.94427 90
117 0 3078 2739 3708 6.94427 116
118 0 2906 2859 4284 6 61
119 0 2918 2875 4280 6.94427 118
120 0 2930 2887 4280 10 119
121 0 2946 2891 4280 6.94427 120
122 0 2962 2891 4284 9.31371 121
123 0 2978 2907 4288 6.94427 122
124 0 2982 2915 4296 6 123
125 0 2982 2919 4304 2 124
126 0 2982 2919 4312 6 125
127 0 2982 2915 4320 6 126
128 0 2978 2907 4320 6 127
129 0 2974 2899 4320 3.65685 128
130 0 2974 2895 4316 2 129
131 0 2950 2891 4540 28.4631 50
132 0 2966 2915 4540 14.4924 131
133 0 2978 2947 4536 9.31371 132
134 0 2986 2955 4532 2 133
135 0 2990 2955 4532 2 134
136 0 2942 2823 4596 6.94427 49
137 0 2950 2823 4600 6 136
138 0 2962 2831 4620 9.31371 137
139 0 2958 2827 4628 6 138
140 0 2942 2823 4644 9.31371 139
141 0 2930 2819 4660 6 140
142 0 2978 2847 4620 6.94427 138
143 0 2986 2863 4620 6 142
144 0 2990 2871 4620 6.94427 143
145 0 2994 2879 4612 6 144
146 0 2490 2727 4744 10.6491 33
147 0 2482 2719 4744 9.31371 146
148 0 2478 2711 4748 3.65685 147
149 0 2474 2707 4748 2 148
150 0 2454 2687 4832 14 29
151 0 2470 2675 4852 10 150
152 0 2482 2663 4868 10.6491 151
153 2 2496.82 2648.18 4880.55 14.8258 152
154 0 2498 2627 4896 10 153
155 0 2498 2619 4904 6.94427 154
156 0 2522 2587 4924 14.9706 155
157 2 2563.3 2559.77 4943.23 22.2339 156
158 2 2588.6 2556.49 4949.02 28.5128 157
159 0 2602 2555 4952 32.176 158
160 0 2634 2555 4964 26 159
161 0 2658 2539 4976 6.94427 160
162 0 2666 2543 4988 6.94427 161
163 0 2682 2547 5004 6 162
164 0 2698 2551 5016 6 163
165 0 2634 2567 4924 30 159
166 0 2650 2607 4924 6 165
167 0 2586 2511 4976 10 158
168 0 2582 2499 4984 3.65685 167
169 0 2578 2495 4988 6 168
170 0 2574 2491 4992 3.65685 169
171 0 2570 2483 4992 3.65685 170
172 0 2566 2479 4996 6 171
173 0 2562 2471 4996 2 172
174 0 2562 2467 4996 2 173
175 0 2554 2543 4980 18 157
176 0 2546 2527 5000 18 175
177 0 2530 2503 5008 2 176
178 0 2530 2499 5008 2 177
179 0 2486 2663 4892 6 153
180 0 2478 2667 4900 9.31371 179
181 0 2454 2671 4904 10 180
182 0 2374 2591 4796 6 28
183 0 2382 2583 4792 2 182
184 0 2382 2579 4792 2 183
185 0 2298 2627 4784 26.2843 27
186 0 2286 2587 4788 3.65685 185
187 0 2286 2583 4788 2 186
