# Generated by NeuTu (https://github.com/janelia-flyem/NeuTu)
1 0 4318 3150 2232 6 -1
2 0 4302 3150 2240 6 1
3 0 4294 3146 2244 6 2
4 0 4290 3146 2256 12.4222 3
5 0 4278 3138 2264 6 4
6 0 4266 3134 2264 6 5
7 0 4258 3130 2268 6 6
8 0 4250 3122 2272 10.6491 7
9 0 4250 3110 2268 6 8
10 0 4250 3094 2264 6.94427 9
11 2 4257.33 3086.67 2256.67 6.94427 10
12 0 4270 3082 2252 6 11
13 0 4290 3074 2248 6 12
14 0 4306 3074 2248 6 13
15 0 4322 3070 2244 6 14
16 0 4334 3062 2244 9.31371 15
17 0 4342 3058 2236 9.31371 16
18 0 4350 3054 2228 3.65685 17
19 0 4354 3054 2224 3.65685 18
20 0 4358 3054 2220 2 19
21 0 4362 3054 2220 2 20
22 0 4366 3054 2216 2 21
23 0 4370 3054 2216 3.65685 22
24 0 4374 3054 2212 2 23
25 0 4378 3058 2208 6 24
26 0 4402 3062 2204 10.6491 25
27 0 4453.05 3051.79 2197.37 20.3716 26
28 0 4470 3046 2176 6 27
29 0 4494 3042 2160 12.4222 28
30 0 4510 3034 2144 10.6491 29
31 0 4522 3022 2124 10 30
32 0 4534 3014 2100 12.4222 31
33 0 4554 3018 2068 14.9706 32
34 0 4570 3018 2048 10 33
35 0 4582 3022 2040 6 34
36 0 4602 3026 2020 14.4924 35
37 0 4602 3050 1984 18.3961 36
38 0 4602 3070 1948 18 37
39 0 4594 3086 1904 18.3961 38
40 0 4570 3102 1880 10.6491 39
41 0 4530 3126 1868 14.9706 40
42 0 4502 3138 1856 10.6491 41
43 0 4478 3146 1852 14 42
44 0 4446 3162 1856 12.4222 43
45 0 4426 3178 1856 12.4222 44
46 0 4398 3198 1852 12.4222 45
47 0 4378 3214 1848 9.31371 46
48 0 4362 3230 1844 9.31371 47
49 0 4350 3242 1840 14 48
50 0 4334 3258 1832 9.31371 49
51 0 4322 3266 1824 10.6491 50
52 0 4306 3278 1812 6.94427 51
53 0 4298 3282 1808 6 52
54 0 4260.26 3292.87 1793.71 18.7688 53
55 0 4226 3350 1768 18 54
56 0 4214 3378 1748 10 55
57 0 4210 3390 1736 10.6491 56
58 0 4197.23 3422.92 1703.69 23.4131 57
59 2 4178.62 3445.26 1696.25 26.1924 58
60 0 4142 3474 1680 26.2843 59
61 0 4094 3490 1684 14.4924 60
62 0 4066 3506 1696 14 61
63 0 4038 3522 1712 14.9706 62
64 0 3990 3554 1716 18 63
65 0 3958 3574 1716 15.8885 64
66 0 3918 3586 1716 20.6274 65
67 0 3882 3586 1716 32.176 66
68 0 3818 3594 1716 22.3311 67
69 0 3754 3598 1708 26 68
70 0 3718 3590 1688 28.4631 69
71 0 3666 3590 1684 18 70
72 0 3610 3582 1684 18 71
73 0 3566 3578 1668 14.4924 72
74 0 3530 3570 1652 14.4924 73
75 0 3494 3562 1636 12.4222 74
76 0 3470 3554 1636 9.31371 75
77 0 3446 3546 1636 12.4222 76
78 0 3414 3542 1624 12.4222 77
79 0 3390 3554 1604 14 78
80 0 3358 3554 1592 14.4924 79
81 0 3334 3570 1568 18 80
82 0 3278 3590 1564 18 81
83 0 3246 3594 1580 14 82
84 0 3210 3586 1584 18 83
85 0 3186 3582 1560 18 84
86 0 3118 3598 1544 18 85
87 0 3082 3610 1536 14.4924 86
88 0 3042 3618 1540 14 87
89 0 3010 3626 1556 15.8885 88
90 0 2970 3646 1592 15.8885 89
91 0 2926 3670 1616 24.8328 90
92 0 2874 3718 1604 29.241 91
93 2 2848.14 3740.16 1604 30.1719 92
94 0 2822 3762 1604 19.5407 93
95 0 2802 3770 1600 12.4222 94
96 0 2774 3774 1592 14.4924 95
97 0 2739.9 3802.38 1583.81 16.3297 96
98 0 2738 3830 1572 10.6491 97
99 0 2738 3854 1572 9.31371 98
100 0 2750 3886 1584 14.9706 99
101 0 2774 3910 1584 12.4222 100
102 0 2802 3938 1584 18 101
103 0 2814 3950 1576 12.4222 102
104 0 2834 3970 1572 14.4924 103
105 0 2866 3990 1560 12.4222 104
106 0 2902 4018 1564 12.4222 105
107 0 2918 4042 1572 12.4222 106
108 0 2938 4070 1572 9.31371 107
109 0 2946 4086 1580 9.31371 108
110 0 2966 4106 1584 12.4222 109
111 0 2978 4130 1580 10.6491 110
112 0 2986 4142 1580 12.4222 111
113 0 3002 4162 1580 9.31371 112
114 0 3022 4182 1580 12.4222 113
115 0 3042 4198 1572 12.4222 114
116 0 3066 4210 1592 9.31371 115
117 0 3094 4218 1600 14 116
118 0 3118 4238 1616 15.8885 117
119 0 3130 4254 1632 14.4924 118
120 0 3142 4266 1632 9.31371 119
121 0 3162 4282 1624 10 120
122 0 3178 4306 1608 18 121
123 0 3210 4342 1600 12.4222 122
124 0 3234 4354 1600 10.6491 123
125 0 3262 4370 1596 12.4222 124
126 0 3290 4386 1600 12.4222 125
127 0 3326 4402 1608 14.4924 126
128 0 3366 4430 1616 12.4222 127
129 0 3378 4442 1624 10.6491 128
130 0 3406 4466 1636 14.4924 129
131 0 3434 4490 1636 12.4222 130
132 0 3462 4514 1636 14.9706 131
133 0 3486 4538 1624 12.4222 132
134 0 3510 4558 1624 14.4924 133
135 0 3538 4582 1608 12.4222 134
136 0 3558 4606 1604 10 135
137 0 3570 4610 1604 6 136
138 0 2698 3794 1580 19.5407 97
139 0 2642 3786 1592 30 138
140 0 2582 3774 1620 19.5407 139
141 0 2530 3762 1628 18 140
142 0 2482 3746 1632 14 141
143 0 2466 3746 1632 14 142
144 0 2442 3738 1636 22 143
145 0 2386 3738 1636 18 144
146 0 2330 3738 1636 22 145
147 2 2268.77 3714.92 1647.69 21.948 146
148 0 2250 3734 1644 14 147
149 0 2254 3754 1644 14.9706 148
150 0 2282 3762 1636 6.94427 149
151 0 2290 3770 1628 2 150
152 0 2294 3770 1624 2 151
153 0 2298 3770 1620 2 152
154 0 2254 3702 1676 18 147
155 0 2238 3678 1676 2 154
156 0 2238 3674 1676 2 155
157 0 2834 3778 1620 9.31371 94
158 0 2842 3790 1624 6.94427 157
159 0 2854 3798 1624 9.31371 158
160 0 2862 3818 1624 6.94427 159
161 0 2874 3834 1624 9.31371 160
162 0 2866 3710 1592 21.3238 93
163 0 2866 3686 1592 6.94427 162
164 0 2858 3674 1588 6.94427 163
165 0 2862 3666 1596 6 164
166 0 2866 3670 1600 6 165
167 0 2870 3666 1604 2 166
168 0 2870 3666 1608 2 167
169 0 4202 3466 1700 9.31371 59
170 0 4214 3474 1704 10 169
171 0 4226 3478 1704 3.65685 170
172 0 4230 3482 1708 2 171
173 0 4226 3414 1692 10.6491 58
174 0 4254 3402 1692 10.6491 173
175 0 4278 3394 1688 18 174
176 0 4302 3402 1688 10.6491 175
177 0 4326 3410 1688 10.6491 176
178 0 4354 3426 1688 14 177
179 0 4386 3450 1688 12.4222 178
180 0 4414 3486 1684 20.6274 179
181 0 4442 3514 1680 14.4924 180
182 0 4466 3534 1684 10.6491 181
183 0 4486 3550 1688 9.31371 182
184 0 4502 3578 1700 14 183
185 0 4514 3590 1704 9.31371 184
186 0 4538 3614 1708 12.4222 185
187 0 4542 3626 1712 6.94427 186
188 0 4542 3642 1720 9.31371 187
189 0 4554 3662 1736 9.31371 188
190 0 4558 3674 1736 10 189
191 0 4566 3686 1740 6.94427 190
192 0 4570 3726 1744 26 191
193 0 4582 3778 1728 22 192
194 0 4590 3826 1716 14 193
195 0 4594 3846 1708 12.4222 194
196 0 4594 3858 1704 6.94427 195
197 0 4590 3890 1692 10 196
198 0 4590 3914 1692 10 197
199 0 4582 3934 1684 6.94427 198
200 0 4582 3946 1684 10.6491 199
201 0 4566 3962 1684 9.31371 200
202 0 4554 3978 1684 14.4924 201
203 0 4550 4018 1684 14 202
204 0 4550 4042 1688 10 203
205 0 4550 4066 1688 10 204
206 0 4546 4082 1688 10 205
207 0 4542 4094 1688 6 206
208 0 4542 4106 1688 9.31371 207
209 0 4538 4114 1692 6 208
210 0 4538 4122 1692 6 209
211 0 4530 4130 1700 6.94427 210
212 0 4522 4138 1708 6 211
213 0 4514 4146 1712 6.94427 212
214 0 4510 4162 1724 10 213
215 0 4494 4170 1732 6.94427 214
216 0 4478 4190 1736 6.94427 215
217 0 4474 4198 1740 9.31371 216
218 0 4470 4214 1752 2 217
219 0 4470 4218 1752 2 218
220 0 4462 4230 1764 12.4222 219
221 0 4454 4238 1780 9.31371 220
222 0 4450 4238 1792 3.65685 221
223 0 4446 4234 1796 2 222
224 0 4442 4234 1800 2 223
225 0 4242 3262 1796 10.6491 54
226 0 4234 3238 1792 9.31371 225
227 0 4226 3214 1788 10.6491 226
228 0 4210 3182 1784 10.6491 227
229 0 4194 3162 1784 9.31371 228
230 0 4178 3142 1784 9.31371 229
231 0 4154 3118 1788 12.4222 230
232 0 4130 3094 1792 10.6491 231
233 0 4114 3070 1800 10.6491 232
234 0 4098 3050 1800 12.4222 233
235 0 4078 3034 1812 10.6491 234
236 0 4062 3022 1812 9.31371 235
237 0 4050 3006 1820 6.94427 236
238 0 4034 2982 1820 9.31371 237
239 0 4018 2966 1820 10.6491 238
240 0 3999 2952 1809 13.7279 239
241 0 3986 2930 1788 6.94427 240
242 0 3978 2922 1784 6.94427 241
243 2 3974.44 2914.89 1791.11 6.10492 242
244 0 3974 2914 1800 3.65685 243
245 0 3974 2910 1808 3.65685 244
246 0 3970 2906 1812 3.65685 245
247 0 3970 2902 1816 3.65685 246
248 0 3966 2898 1820 3.65685 247
249 0 3966 2898 1828 3.65685 248
250 0 3970 2894 1832 3.65685 249
251 0 3974 2886 1840 6.94427 250
252 0 3978 2878 1848 10 251
253 0 3974 2874 1860 9.31371 252
254 0 3966 2866 1868 12.4222 253
255 0 3962 2854 1876 6.94427 254
256 0 3962 2846 1884 9.31371 255
257 0 3962 2838 1892 6.94427 256
258 0 3954 2822 1904 9.31371 257
259 0 3954 2814 1912 6.94427 258
260 0 3946 2798 1924 9.31371 259
261 0 3942 2790 1932 6 260
262 0 3946 2770 1948 9.31371 261
263 0 3950 2750 1968 18 262
264 0 3946 2738 1988 14 263
265 0 3974 2902 1780 6 243
266 0 3974 2886 1776 6 265
267 0 3978 2878 1768 6.94427 266
268 0 3978 2870 1760 10.6491 267
269 0 3998 2854 1752 10.6491 268
270 0 4018 2846 1752 10.6491 269
271 0 4038 2830 1744 12.4222 270
272 0 4046 2814 1744 10.6491 271
273 0 4050 2806 1736 6.94427 272
274 0 4058 2790 1736 6 273
275 0 4058 2774 1736 6 274
276 0 4062 2754 1736 6 275
277 0 4066 2750 1740 2 276
278 0 4066 2746 1744 2 277
279 0 3978 2970 1792 6.94427 240
280 0 3958 2966 1788 6.94427 279
281 0 3942 2966 1784 3.65685 280
282 0 3934 2962 1784 3.65685 281
283 0 3930 2958 1784 3.65685 282
284 0 3922 2950 1780 9.31371 283
285 0 3918 2946 1788 3.65685 284
286 0 3910 2938 1796 3.65685 285
287 0 3902 2930 1804 3.65685 286
288 0 3902 2930 1808 3.65685 287
289 0 3898 2926 1812 6 288
290 0 3890 2922 1828 6.94427 289
291 0 3878 2918 1836 6 290
292 0 3870 2922 1836 2 291
293 0 3866 2922 1836 2 292
294 0 3862 2922 1836 2 293
295 0 3858 2922 1836 2 294
296 0 3850 2922 1836 6 295
297 0 3842 2922 1836 6 296
298 0 3834 2918 1832 9.31371 297
299 0 3822 2910 1824 9.31371 298
300 0 3818 2906 1816 3.65685 299
301 0 3818 2906 1808 3.65685 300
302 0 3814 2902 1804 2 301
303 0 4626 3074 1888 15.8885 39
304 0 4642 3070 1884 6.94427 303
305 0 4654 3062 1880 6 304
306 0 4658 3058 1876 6 305
307 0 4670 3054 1876 6 306
308 0 4686 3050 1868 6.94427 307
309 0 4694 3046 1856 6 308
310 0 4710 3046 1852 6 309
311 0 4726 3046 1840 6 310
312 0 4742 3038 1840 6 311
313 0 4758 3030 1836 6 312
314 0 4762 3026 1832 6 313
315 0 4770 3026 1820 2 314
316 0 4770 3026 1816 2 315
317 0 4770 3026 1812 2 316
318 0 4466 3054 2220 2 27
319 0 4466 3054 2224 2 318
320 0 4470 3058 2228 6 319
321 0 4470 3062 2244 6 320
322 0 4466 3066 2252 6 321
323 0 4462 3066 2260 2 322
324 0 4462 3066 2264 2 323
325 0 4242 3090 2244 6 11
326 0 4234 3086 2244 3.65685 325
327 0 4226 3086 2240 6 326
328 0 4222 3082 2236 6 327
329 0 4206 3082 2240 6 328
330 0 4202 3078 2244 2 329
331 0 4202 3078 2248 2 330
332 0 4538 3762 1804 2 -1
333 0 4538 3766 1808 2 332
334 0 4542 3770 1812 2 333
335 0 4478 3702 1952 2 -1
336 0 4482 3702 1952 2 335
337 0 4494 3722 1944 2 336
338 0 4498 3726 1944 2 337
339 0 4514 3714 1932 2 338
340 0 4518 3714 1932 2 339
341 0 4546 3710 1920 2 340
342 0 4550 3706 1952 2 341
343 0 4554 3710 1952 2 342
344 0 4558 3706 1952 2 343
345 0 4574 3686 1932 2 344
346 0 4570 3682 1932 2 345
347 0 4566 3678 1928 2 346
348 0 4546 3706 1916 2 341
349 0 4550 3706 1912 2 348
350 0 4554 3706 1908 2 349
351 0 4558 3690 1892 2 350
352 0 4558 3686 1892 2 351
353 0 4558 3682 1892 2 352
354 0 4554 3678 1892 2 353
355 0 4550 3678 1892 2 354
356 0 4570 3690 1892 2 351
357 0 4574 3690 1892 2 356
358 0 4574 3722 1872 2 357
359 0 4570 3726 1876 2 358
360 0 4598 3750 1876 2 359
361 0 4602 3754 1872 2 360
362 0 4618 3770 1888 2 361
363 0 4622 3770 1888 2 362
364 0 4626 3770 1888 2 363
365 0 4630 3766 1888 2 364
366 0 4578 3686 1896 2 357
367 0 4598 3702 1912 2 366
368 0 4602 3698 1912 2 367
369 0 4606 3694 1912 2 368
370 0 4594 3706 1912 2 367
371 0 4594 3710 1912 2 370
372 0 4590 3718 1912 2 371
373 0 4586 3718 1912 2 372
374 0 4598 3710 1940 2 371
375 0 4602 3706 1940 2 374
376 0 4430 3702 1932 2 335
377 0 4430 3706 1932 2 376
378 0 4394 3722 1924 2 377
379 0 4402 3738 1888 2 378
380 0 4406 3738 1888 2 379
381 0 4418 3746 1888 2 380
382 0 4418 3746 1892 2 381
383 0 4422 3750 1884 2 381
384 0 4414 3758 1880 2 383
385 0 4410 3754 1876 2 384
386 0 4390 3718 1924 2 378
387 0 4394 3702 1964 2 386
388 0 4398 3702 1964 2 387
389 0 4390 3698 1964 2 387
390 0 4442 3646 1984 2 -1
391 0 4442 3650 1984 2 390
392 0 4514 3714 2124 2 -1
393 0 4518 3718 2124 2 392
394 0 4502 3714 2124 2 392
395 0 4502 3710 2128 2 394
396 0 4478 3730 2116 2 394
397 0 4474 3730 2116 2 396
398 0 4470 3730 2116 2 397
399 0 4466 3730 2116 3.65685 398
400 0 4462 3734 2116 2 399
401 0 4458 3738 2116 2 400
402 0 4462 3750 2100 2 401
403 0 4458 3754 2100 2 402
404 0 4458 3758 2100 2 403
405 0 4458 3762 2100 2 404
406 0 4458 3762 2092 2 405
407 0 4454 3762 2092 2 406
408 0 4462 3766 2040 6 406
409 0 4470 3770 2044 2 408
410 0 4474 3770 2044 2 409
411 0 4450 3714 2124 2 399
412 0 4450 3710 2124 2 411
413 0 4450 3706 2124 2 412
414 0 4446 3702 2124 2 413
415 0 4442 3698 2124 2 414
416 0 4442 3690 2128 2 415
417 0 4446 3686 2132 2 416
418 0 4442 3618 2128 2 -1
419 0 4446 3622 2128 2 418
