# Generated by NeuTu (https://github.com/janelia-flyem/NeuTu)
1 0 2943 2980 4246 2 -1
2 0 2947 2980 4246 2 1
3 0 2951 2976 4250 6 2
4 0 2959 2964 4254 6 3
5 0 2959 2952 4254 6 4
6 0 2955 2926 4250 9.49071 5
7 0 2955 2916 4250 6.94427 6
8 0 2959 2896 4266 6.94427 7
9 0 2975 2880 4282 6 8
10 0 2983 2872 4290 6 9
11 0 2991 2860 4298 6 10
12 0 2991 2852 4298 6 11
13 0 3003 2840 4302 6 12
14 0 3011 2832 4310 6 13
15 0 3011 2828 4318 2 14
16 0 3011 2828 4322 2 15
17 0 2943 2928 4234 6.94427 6
18 0 2931 2932 4222 6 17
19 0 2923 2936 4218 6.94427 18
20 0 2915 2944 4210 2 19
21 0 2915 2948 4206 2 20
