# Generated by NeuTu (https://github.com/janelia-flyem/NeuTu)
1 0 3098 2674 4261 2 -1
2 0 3098 2670 4257 3.65685 1
3 0 3090 2666 4257 6.94427 2
4 0 3074 2666 4253 6.94427 3
5 0 3058 2662 4257 10 4
6 0 3046 2670 4265 6 5
7 0 3034 2670 4281 6 6
8 0 3034 2670 4293 6 7
9 0 3034 2658 4309 6 8
10 0 3034 2650 4325 6 9
11 0 3034 2650 4345 6 10
12 0 3038 2646 4357 6 11
13 0 3042 2642 4373 6 12
14 0 3046 2642 4385 3.65685 13
15 0 3046 2642 4389 2 14
16 0 3046 2642 4393 2 15
17 0 3046 2642 4405 6 16
18 0 3042 2646 4413 3.65685 17
19 0 3038 2650 4417 6 18
20 0 3030 2654 4417 3.65685 19
21 0 3022 2662 4417 3.65685 20
22 0 3018 2670 4417 6 21
23 0 3006 2686 4425 6.94427 22
24 0 2994 2694 4425 6 23
25 0 2986 2694 4425 2 24
26 0 2978 2694 4425 6 25
27 0 2962 2694 4437 6 26
28 0 2954 2690 4445 9.31371 27
29 0 2938 2694 4453 6 28
30 0 2922 2710 4453 9.31371 29
31 0 2910 2718 4453 3.65685 30
32 0 2906 2718 4449 2 31
