# Generated by NeuTu (https://github.com/janelia-flyem/NeuTu)
1 0 3013 2982 4391 2 -1
2 0 3013 2982 4387 2 1
3 0 3013 2982 4383 2 2
4 0 3009 2978 4379 3.65685 3
5 0 3009 2978 4371 6 4
6 0 3005 2970 4359 6.94427 5
7 0 2989 2954 4351 6.94427 6
8 0 2973 2942 4347 9.31371 7
9 0 2957 2934 4331 6.94427 8
10 0 2945 2926 4327 6 9
11 0 2937 2922 4331 6 10
12 0 2925 2918 4327 6 11
13 0 2917 2918 4319 6 12
14 0 2909 2910 4315 6 13
15 0 2893 2894 4311 6.94427 14
16 0 2881 2882 4319 9.31371 15
17 0 2865 2878 4323 6 16
18 0 2857 2878 4327 3.65685 17
19 0 2853 2874 4331 2 18
20 0 2893 2882 4327 3.65685 16
21 0 2897 2882 4327 3.65685 20
22 0 2901 2886 4331 6 21
23 0 2913 2890 4331 6 22
24 0 2925 2890 4335 6 23
