#Generated by NeuTu (https://github.com/janelia-flyem/NeuTu)
#<json>{"ds_intv": [3, 3, 3], "min_length": 40.0}</json>
1 0 4162 3790 4613 6.94427 -1
2 0 4166 3802 4605 6 1
3 0 4158 3822 4589 10 2
4 0 4154 3834 4577 10 3
5 0 4150 3854 4573 6 4
6 0 4146 3858 4569 6 5
7 0 4146 3866 4569 6 6
8 0 4142 3874 4565 9.31371 7
9 0 4134 3886 4557 10 8
10 0 4126 3894 4549 6.94427 9
11 0 4126 3906 4541 9.31371 10
12 2 4168.11 3914 4514.35 32.7111 11
13 0 4170 3914 4513 33.7771 12
14 0 4138 3886 4469 12.4222 13
15 0 4078.09 3828.37 4465.98 50.2981 14
16 0 4015.33 3810 4477 24.3078 15
17 0 3982 3810 4473 10 16
18 0 3966 3810 4465 14.4924 17
19 0 3950 3782 4461 12.4222 18
20 0 3946 3770 4465 9.31371 19
21 0 3938 3750 4465 10.6491 20
22 0 3922 3726 4465 6.94427 21
23 0 3914 3718 4457 9.31371 22
24 0 3892.29 3704.86 4452.43 10.346 23
25 0 3862 3682 4441 12.4222 24
26 0 3838 3670 4441 9.31371 25
27 0 3822 3642 4449 9.31371 26
28 0 3806 3610 4461 9.31371 27
29 2 3773.37 3580.14 4481.31 25.7884 28
30 2 3747.31 3564.66 4497.46 25.8084 29
31 0 3690 3534 4505 6.94427 30
32 0 3670 3522 4505 9.31371 31
33 0 3646 3510 4517 12.4222 32
34 0 3610 3490 4517 18 33
35 0 3563.68 3474 4522.37 24.133 34
36 0 3510 3466 4525 10 35
37 0 3494 3458 4513 10.6491 36
38 0 3482 3454 4509 12.4222 37
39 0 3462 3442 4493 6.94427 38
40 0 3450 3438 4485 10.6491 39
41 0 3430 3434 4481 9.31371 40
42 0 3402 3430 4477 14 41
43 0 3370 3434 4473 9.31371 42
44 0 3354 3438 4465 10 43
45 0 3338 3442 4465 14.4924 44
46 0 3330 3454 4469 10 45
47 0 3322 3490 4473 10 46
48 0 3334 3522 4461 9.31371 47
49 0 3350 3542 4457 10.6491 48
50 2 3357.4 3564.2 4457 13.7487 49
51 0 3366 3586 4453 18 50
52 0 3378 3622 4465 14 51
53 0 3374 3654 4465 14 52
54 2 3360.26 3698.08 4465 25.5018 53
55 2 3334.98 3759.72 4468.84 46.0775 54
56 0 3342 3854 4477 26.8444 55
57 0 3386 3878 4477 22 56
58 0 3438 3902 4493 14 57
59 2 3465.63 3916.98 4507.98 21.2631 58
60 0 3506 3938 4525 32.176 59
61 2 3545.78 3961.78 4553.51 33.4985 60
62 0 3582 4002 4545 15.8885 61
63 0 3594 4014 4537 9.31371 62
64 0 3598 4042 4525 10.6491 63
65 0 3598 4058 4517 10 64
66 0 3598 4070 4513 6 65
67 0 3598 4102 4509 14 66
68 0 3598 4126 4505 18 67
69 2 3613.78 4161.11 4508.78 12.5638 68
70 0 3610 4174 4517 10 69
71 0 3598 4206 4517 9.31371 70
72 0 3598 4218 4517 10.6491 71
73 0 3598 4234 4517 6 72
74 0 3594 4262 4513 9.31371 73
75 0 3594 4278 4517 6 74
76 0 3598 4290 4521 6 75
77 0 3598 4306 4521 9.31371 76
78 0 3602 4330 4525 10 77
79 0 3606 4354 4529 9.31371 78
80 0 3618 4366 4533 6.94427 79
81 0 3630 4378 4529 14.4924 80
82 0 3638 4406 4521 12.4222 81
83 0 3658 4422 4505 6 82
84 0 3642 4158 4501 9.31371 69
85 0 3654 4162 4501 6 84
86 0 3666 4166 4501 9.31371 85
87 0 3686 4166 4509 6 86
88 0 3698 4174 4517 10 87
89 0 3718 4190 4521 9.31371 88
90 0 3738 4206 4521 3.65685 89
91 0 3742 4210 4521 2 90
92 0 3518 3926 4581 14.4924 61
93 0 3490 3930 4585 6 92
94 0 3474 3938 4585 6 93
95 0 3466 3942 4585 6 94
96 0 3454 3942 4585 9.31371 95
97 0 3434 3938 4569 6 96
98 0 3418 3938 4565 6 97
99 0 3410 3938 4565 6 98
100 0 3402 3930 4557 6 99
101 0 3534 3938 4501 12.4222 60
102 0 3542 3946 4493 10 101
103 0 3546 3958 4493 6.94427 102
104 0 3550 3974 4493 14.9706 103
105 0 3558 3986 4485 12.4222 104
106 0 3426 3910 4513 18 59
107 0 3406 3910 4513 18 106
108 0 3374 3914 4505 6 107
109 0 3366 3914 4501 6 108
110 0 3378 3758 4441 10 55
111 0 3386 3758 4433 6 110
112 0 3398 3758 4425 10.6491 111
113 0 3422 3746 4425 9.31371 112
114 0 3426 3738 4429 6.94427 113
115 0 3378 3682 4445 14 54
116 0 3398 3694 4441 12.4222 115
117 0 3402 3706 4441 9.31371 116
118 0 3370 3554 4429 9.31371 50
119 0 3382 3558 4409 6 118
120 0 3314 3422 4461 10 45
121 0 3278 3410 4457 10.6491 120
122 0 3254 3398 4457 9.31371 121
123 0 3242 3394 4461 12.4222 122
124 0 3230 3386 4461 9.31371 123
125 0 3202 3366 4465 14.4924 124
126 0 3190 3354 4465 15.8885 125
127 0 3182 3326 4481 9.31371 126
128 0 3170 3302 4493 9.31371 127
129 0 3162 3266 4481 10.6491 128
130 0 3158 3250 4481 12.4222 129
131 0 3146 3238 4473 9.31371 130
132 0 3114.67 3203.33 4453.67 15.6667 131
133 2 3090.37 3131.24 4425.25 38.8089 132
134 2 3063.6 3103.6 4409.91 29.8078 133
135 2 3050.11 3085.35 4409 22.5572 134
136 2 3044.3 3077.22 4409 19.2912 135
137 0 3022 3038 4417 10.6491 136
138 0 3010 3030 4425 14 137
139 0 2994 3018 4433 10.6491 138
140 0 2970 2990 4441 14 139
141 0 2970 2958 4445 10 140
142 0 2962 2934 4449 9.31371 141
143 0 2946 2910 4453 9.31371 142
144 0 2942 2898 4453 12.4222 143
145 0 2918 2866 4457 12.4222 144
146 0 2906 2858 4457 9.31371 145
147 0 2882 2846 4457 10 146
148 0 2854 2846 4457 12.4222 147
149 2 2836.48 2853.05 4457.76 14.7669 148
150 0 2826 2878 4461 6.94427 149
151 0 2822 2894 4461 6 150
152 0 2818 2906 4461 9.31371 151
153 0 2814 2930 4457 6.94427 152
154 0 2814 2946 4453 6 153
155 0 2814 2958 4449 6 154
156 0 2814 2974 4445 6 155
157 0 2814 2986 4441 9.31371 156
158 0 2818 2994 4433 6 157
159 0 2822 3014 4433 6 158
160 0 2830 3026 4433 6 159
161 0 2838 3046 4429 9.31371 160
162 0 2850 3054 4437 9.31371 161
163 0 2858 3050 4445 6 162
164 0 2814 2838 4465 9.31371 149
165 0 2790 2826 4461 9.31371 164
166 0 2778 2818 4461 10.6491 165
167 0 2750 2818 4449 6 166
168 0 2742 2826 4441 10 167
169 0 2722 2834 4429 10 168
170 0 2710 2842 4421 6 169
171 0 3014 3006 4417 6.94427 138
172 0 3010 2994 4413 6 171
173 0 3006 2986 4421 2 172
174 0 3006 2986 4425 2 173
175 0 3002 2986 4429 2 174
176 0 3050 3062 4385 10 136
177 0 3050 3046 4365 9.31371 176
178 0 3014 3102 4405 6.94427 135
179 0 2998 3110 4397 6.94427 178
180 0 2986 3114 4397 10 179
181 0 2958 3122 4405 10.6491 180
182 0 2954 3130 4413 10 181
183 0 2954 3146 4413 6 182
184 0 2954 3162 4417 6 183
185 0 2950 3170 4429 6 184
186 0 2946 3174 4433 6 185
187 0 3058 3114 4373 6.94427 134
188 0 3054 3122 4369 6 187
189 0 3054 3130 4361 9.31371 188
190 0 3126 3106 4425 10.6491 133
191 0 3142 3090 4429 9.31371 190
192 0 3158 3090 4433 6 191
193 0 3166 3086 4433 3.65685 192
194 0 3178 3082 4437 10 193
195 0 3186 3074 4441 6.94427 194
196 0 3202 3066 4449 9.31371 195
197 0 3218 3066 4449 6 196
198 0 3234 3066 4449 6 197
199 0 3250 3070 4449 6 198
200 0 3266 3074 4445 6 199
201 0 3278 3070 4453 6.94427 200
202 0 3286 3062 4457 9.31371 201
203 0 3294 3054 4461 6.94427 202
204 0 3306 3042 4473 6.94427 203
205 0 3314 3038 4477 6 204
206 0 3322 3030 4477 9.31371 205
207 0 3334 3018 4485 6 206
208 0 3334 3010 4485 6 207
209 0 3338 3002 4493 6 208
210 0 3102 3226 4433 10 132
211 0 3090 3254 4425 9.31371 210
212 0 3078 3266 4409 9.31371 211
213 0 3078 3274 4393 6.94427 212
214 0 3078 3294 4377 18 213
215 0 3086 3334 4361 40.5206 214
216 0 3066 3383.33 4369 9.90722 215
217 0 3062 3402 4365 10 216
218 0 3062 3414 4365 6 217
219 0 3054 3426 4361 9.31371 218
220 0 3046 3438 4357 6.94427 219
221 0 3042 3446 4361 3.65685 220
222 0 3038 3450 4365 6 221
223 0 3050 3374 4385 12.4222 216
224 0 3038 3370 4405 6 223
225 0 3146 3394 4345 10.6491 215
226 0 3150 3406 4349 6 225
227 0 3150 3414 4345 2 226
228 0 3150 3418 4345 2 227
229 0 3166 3366 4465 3.65685 126
230 0 3162 3366 4465 2 229
231 0 3154 3366 4465 6.94427 230
232 0 3142 3382 4473 6 231
233 0 3142 3394 4485 6.94427 232
234 0 3146 3402 4493 2 233
235 0 3146 3406 4493 2 234
236 0 3582 3446 4533 9.31371 35
237 0 3594 3426 4533 6.94427 236
238 0 3610 3410 4537 6 237
239 0 3610 3402 4537 6 238
240 0 3622 3386 4549 10 239
241 0 3634 3386 4549 3.65685 240
242 0 3642 3386 4545 6 241
243 0 3654 3382 4549 6.94427 242
244 0 3666 3378 4541 6 243
245 0 3682 3378 4525 6 244
246 0 3694 3374 4513 6 245
247 0 3706 3370 4505 6.94427 246
248 0 3722 3358 4505 6.94427 247
249 0 3730 3350 4497 6 248
250 0 3618 3374 4569 6 240
251 0 3618 3370 4577 6 250
252 0 3614 3354 4585 6.94427 251
253 0 3610 3338 4589 6.94427 252
254 0 3610 3330 4597 10 253
255 0 3618 3310 4597 6.94427 254
256 0 3750 3602 4517 14.4924 30
257 0 3738 3622 4525 6.94427 256
258 0 3730 3634 4533 10 257
259 0 3726 3658 4533 12.4222 258
260 0 3714 3682 4517 9.31371 259
261 0 3706 3690 4509 6 260
262 0 3698 3698 4501 6.94427 261
263 0 3686 3698 4501 2 262
264 0 3682 3698 4501 2 263
265 0 3806 3570 4497 6 29
266 0 3810 3566 4501 3.65685 265
267 0 3814 3562 4505 6 266
268 0 3814 3546 4521 6 267
269 0 3882 3710 4469 6 24
270 0 3870 3706 4481 6.94427 269
271 0 3846 3694 4489 10 270
272 0 3834 3694 4493 10 271
273 0 3822 3706 4497 6.94427 272
274 0 3814 3714 4497 3.65685 273
275 0 3810 3718 4497 3.65685 274
276 0 3798 3726 4505 6.94427 275
277 0 3786 3730 4513 10 276
278 0 3778 3730 4521 6.94427 277
279 0 3762 3722 4533 9.31371 278
280 0 3758 3722 4545 6 279
281 0 3922 3710 4445 6 23
282 0 3922 3702 4445 6 281
283 0 3922 3686 4433 6 282
284 0 3918 3670 4429 6 283
285 0 3918 3662 4421 6 284
286 0 3910 3646 4421 6 285
287 0 3906 3630 4421 6 286
288 0 3902 3626 4417 6 287
289 0 3902 3618 4417 6 288
290 0 3910 3606 4413 10 289
291 0 3910 3594 4421 6 290
292 0 3994 3830 4513 9.31371 16
293 0 3986 3826 4525 10 292
294 0 4098 3786 4513 22.3311 15
295 0 4094 3766 4525 6 294
296 0 4218 3898 4517 6.94427 13
297 0 4230 3890 4525 6 296
298 0 4238 3890 4525 6.94427 297
299 0 4246 3890 4525 2 298
300 0 4250 3890 4525 2 299
301 0 4206 3978 4533 12.4222 12
302 0 4218 3986 4533 9.31371 301
303 0 4230 4006 4525 10 302
304 0 4246 4030 4517 9.31371 303
305 0 4262 4042 4501 10 304
