# Generated by NeuTu (https://github.com/janelia-flyem/NeuTu)
1 0 2921 2812 4624 6 -1
2 0 2937 2800 4608 9.31371 1
3 0 2957 2800 4596 9.31371 2
4 0 2965 2804 4588 6 3
5 0 2973 2804 4572 6 4
6 0 2981 2808 4564 6 5
7 0 2989 2812 4556 6 6
8 0 2997 2812 4548 6 7
9 0 3001 2816 4544 3.65685 8
10 0 3009 2816 4544 6 9
11 0 3013 2820 4540 3.65685 10
12 0 3021 2820 4536 6 11
13 0 3037 2820 4528 6 12
14 0 3053 2820 4528 6.94427 13
15 0 3073 2828 4520 6 14
16 0 3077 2824 4524 3.65685 15
17 0 3085 2824 4524 6 16
18 0 3101 2824 4524 6.94427 17
19 0 3109 2824 4520 6.94427 18
20 0 3121 2824 4520 2 19
21 0 3137 2820 4520 10 20
22 0 3153 2816 4504 6 21
23 0 3161 2816 4504 6 22
24 0 3173 2812 4496 6.94427 23
25 0 3185 2808 4496 9.31371 24
26 0 3201 2792 4492 6.94427 25
27 0 3205 2784 4492 6.94427 26
28 0 3213 2776 4484 3.65685 27
29 0 3217 2768 4484 6.94427 28
30 0 3225 2756 4484 6.94427 29
31 0 3229 2748 4480 9.31371 30
32 0 3237 2732 4480 6.94427 31
33 0 3241 2724 4476 9.31371 32
34 0 3257 2704 4468 6 33
35 0 3265 2692 4464 6.94427 34
36 0 3269 2684 4460 9.31371 35
37 0 3293 2676 4456 6.94427 36
38 0 3313 2664 4456 6 37
39 0 3329 2652 4460 6.94427 38
40 0 3337 2644 4468 6.94427 39
41 0 3345 2636 4472 3.65685 40
42 0 3353 2628 4476 6.94427 41
43 0 3361 2620 4476 3.65685 42
44 0 3365 2620 4476 3.65685 43
45 0 3369 2616 4476 2 44
