# Generated by NeuTu (https://github.com/janelia-flyem/NeuTu)
1 0 3022 3199 4355 6 -1
2 0 3030 3187 4367 6 1
3 0 3022 3175 4387 9.31371 2
4 0 3018 3171 4399 6 3
5 0 3014 3163 4407 6 4
6 0 3014 3159 4419 3.65685 5
7 0 3010 3159 4423 3.65685 6
8 0 3010 3163 4427 3.65685 7
9 0 3010 3171 4435 6 8
10 0 3006 3183 4447 6.94427 9
11 0 3006 3195 4455 10.6491 10
12 0 3014 3211 4467 3.65685 11
13 0 3018 3223 4471 6 12
14 0 3022 3235 4475 6 13
15 0 3022 3251 4483 6 14
16 0 3018 3259 4495 6 15
17 0 3006 3271 4503 6.94427 16
18 0 2998 3291 4507 6.94427 17
19 0 2990 3303 4507 6 18
20 0 2986 3307 4503 6 19
