# Generated by NeuTu (https://github.com/janelia-flyem/NeuTu)
1 0 2931 3295 4447 6.94427 -1
2 0 2927 3279 4447 6 1
3 0 2923 3263 4443 6 2
4 0 2923 3255 4439 6 3
5 0 2927 3251 4435 3.65685 4
6 0 2937.15 3245.15 4422.7 7.53273 5
7 0 2939 3251 4403 6 6
8 0 2935 3251 4387 6 7
9 0 2923 3243 4375 6 8
10 0 2919 3239 4371 6 9
11 0 2923 3235 4351 6.94427 10
12 0 2927 3239 4343 9.31371 11
13 0 2935 3239 4335 6 12
14 0 2943 3239 4335 6 13
15 0 2951 3239 4327 6 14
16 0 2971 3239 4327 6 15
17 0 2979 3239 4327 6 16
18 0 2983 3235 4331 6 17
19 0 2947 3235 4419 6.94427 6
20 0 2963 3203 4435 10 19
21 0 2971 3195 4439 6 20
