# Generated by NeuTu (https://github.com/janelia-flyem/NeuTu)
1 0 3029 3645 4459 6 -1
2 0 3029 3653 4451 9.31371 1
3 0 3033 3649 4443 6 2
4 0 3041 3641 4435 6 3
5 0 3045 3629 4423 6 4
6 0 3053 3613 4411 9.31371 5
7 0 3069 3601 4399 10 6
8 0 3077 3601 4391 6.94427 7
9 0 3089 3589 4375 10 8
10 0 3097 3569 4371 6.94427 9
11 0 3105 3561 4371 3.65685 10
12 0 3113 3545 4371 6.94427 11
13 0 3121 3537 4375 9.31371 12
14 0 3129 3521 4375 6.94427 13
15 2 3137 3506.6 4370.2 9.38885 14
16 0 3137 3497 4367 6.94427 15
17 0 3137 3481 4367 6 16
18 0 3141 3465 4367 6 17
19 0 3145 3445 4367 6.94427 18
20 0 3141 3437 4367 2 19
21 0 3141 3433 4367 2 20
22 0 3137 3501 4347 6 16
23 0 3137 3493 4331 6.94427 22
24 0 3145 3505 4319 6 23
25 0 3149 3513 4355 6 15
26 0 3165 3509 4343 6.94427 25
27 0 3165 3509 4335 6 26
28 0 3169 3509 4327 2 27
29 0 3169 3509 4323 2 28
