# Generated by NeuTu (https://github.com/janelia-flyem/NeuTu)
1 0 3161 3122 4468 6.94427 -1
2 0 3149 3130 4472 6.94427 1
3 0 3133 3150 4480 9.31371 2
4 0 3125 3154 4492 6 3
5 0 3113 3162 4492 6 4
6 0 3117 3182 4480 6.94427 5
7 0 3121 3190 4472 6 6
8 0 3117 3202 4468 6 7
9 0 3117 3218 4464 6 8
10 0 3117 3234 4464 6 9
11 0 3113 3238 4460 6 10
12 0 3109 3242 4456 3.65685 11
13 0 3101 3246 4448 6.94427 12
14 0 3085 3254 4432 6 13
15 0 3077 3258 4424 3.65685 14
16 0 3073 3262 4420 6 15
17 0 3065 3274 4408 6.94427 16
18 0 3061 3274 4400 6 17
19 0 3057 3278 4396 3.65685 18
20 0 3053 3278 4388 6 19
21 0 3045 3270 4376 3.65685 20
22 0 3041 3266 4376 2 21
