# Generated by NeuTu (https://github.com/janelia-flyem/NeuTu)
1 0 3315 3299 4450 2 -1
2 0 3311 3299 4450 3.65685 1
3 0 3299 3291 4450 9.31371 2
4 0 3279 3279 4454 9.31371 3
5 0 3247 3267 4458 9.31371 4
6 0 3239 3259 4454 6.94427 5
7 0 3227 3251 4454 9.31371 6
8 0 3203 3243 4458 6.94427 7
9 0 3191 3243 4458 10 8
10 0 3179 3227 4458 6 9
11 0 3175 3211 4458 6 10
12 0 3167 3191 4462 6 11
13 0 3163 3179 4466 6.94427 12
14 0 3155 3163 4474 9.31371 13
15 0 3155 3151 4486 6.94427 14
16 0 3151 3143 4494 6 15
17 0 3147 3139 4498 3.65685 16
18 0 3147 3135 4498 2 17
