# Generated by NeuTu (https://github.com/janelia-flyem/NeuTu)
1 0 3170 3495 4498 2 -1
2 0 3166 3499 4494 3.65685 1
3 0 3162 3503 4490 6 2
4 0 3150 3511 4478 6 3
5 0 3142 3511 4470 9.31371 4
6 0 3122 3495 4470 6.94427 5
7 0 3114 3487 4470 3.65685 6
8 0 3110 3479 4470 6.94427 7
9 0 3094 3467 4454 6.94427 8
10 0 3090 3451 4450 6 9
11 0 3094 3435 4450 6 10
12 0 3098 3423 4450 10 11
13 0 3098 3411 4454 9.31371 12
14 0 3102 3395 4450 6.94427 13
15 0 3114 3387 4450 6.94427 14
16 0 3122 3379 4458 3.65685 15
17 0 3130 3375 4458 3.65685 16
18 0 3138 3367 4462 6.94427 17
19 0 3138 3359 4466 3.65685 18
20 0 3142 3351 4466 6 19
21 0 3142 3335 4478 6 20
22 0 3142 3319 4490 6 21
23 0 3142 3303 4494 6 22
24 0 3130 3287 4498 6.94427 23
25 0 3118 3271 4510 6 24
26 0 3106 3271 4518 2 25
27 0 3102 3271 4518 2 26
28 0 3090 3271 4522 6 27
29 0 3074 3275 4526 6.94427 28
30 0 3066 3283 4534 9.31371 29
31 0 3058 3299 4542 6 30
32 0 3058 3307 4542 6 31
