# Generated by NeuTu (https://github.com/janelia-flyem/NeuTu)
1 0 3153 3841 4153 6 -1
2 0 3145 3849 4145 9.31371 1
3 0 3133 3857 4141 6 2
4 0 3117 3861 4129 6 3
5 0 3105 3861 4113 6.94427 4
6 0 3097 3857 4105 10 5
7 0 3085 3853 4109 6 6
8 0 3069 3853 4113 6 7
9 0 3061 3853 4113 6 8
10 0 3057 3849 4109 6 9
11 0 3049 3845 4109 3.65685 10
12 0 3029 3833 4109 10 11
13 0 3013 3829 4109 10 12
14 0 3005 3845 4097 6.94427 13
15 0 2993 3853 4085 6.94427 14
16 0 2985 3857 4077 9.31371 15
17 0 2973 3873 4065 6.94427 16
18 0 2961 3893 4065 6 17
19 0 2953 3909 4061 6 18
20 0 2949 3917 4061 3.65685 19
21 0 2941 3925 4061 6.94427 20
22 0 2933 3945 4061 6.94427 21
23 0 2929 3953 4061 6 22
24 0 2925 3965 4061 9.31371 23
25 0 2917 3977 4065 6 24
26 0 2913 3981 4061 2 25
27 0 2909 3981 4061 2 26
28 0 3009 3805 4125 9.31371 13
29 0 3005 3793 4137 6 28
30 0 3005 3785 4145 6 29
31 0 3005 3777 4149 3.65685 30
32 0 3005 3773 4153 3.65685 31
33 0 3013 3765 4161 6.94427 32
34 0 3017 3757 4161 6.94427 33
