# Generated by NeuTu (https://github.com/janelia-flyem/NeuTu)
1 0 2710 3888 4187 6 -1
2 0 2714 3876 4187 6.94427 1
3 0 2718 3860 4183 14 2
4 0 2730 3844 4167 18 3
5 0 2746 3824 4155 14.9706 4
6 0 2762 3820 4147 9.31371 5
7 0 2778 3804 4155 6.94427 6
8 0 2796 3800 4143 6 7
9 0 2802 3800 4143 6 8
10 0 2814 3792 4131 6 9
11 0 2822 3788 4123 6.94427 10
12 0 2826 3784 4115 3.65685 11
13 0 2826 3784 4111 2 12
14 0 2798 3800 4155 6 8
15 0 2802 3800 4171 6 14
16 0 2802 3800 4179 6 15
17 0 2810 3800 4187 6 16
18 0 2818 3800 4195 3.65685 17
19 0 2822 3800 4195 2 18
20 0 2826 3800 4195 2 19
