# Generated by NeuTu (https://github.com/janelia-flyem/NeuTu)
1 0 2849 3695 4229 6 -1
2 0 2841 3695 4229 6 1
3 0 2829 3691 4229 10 2
4 0 2809 3675 4221 6.94427 3
5 0 2797 3667 4213 6 4
6 0 2785 3671 4201 6 5
7 0 2781 3675 4197 6 6
8 0 2773 3675 4177 6.94427 7
9 0 2769 3683 4165 6.94427 8
10 0 2777 3695 4153 6 9
11 0 2785 3703 4145 6 10
12 0 2785 3703 4137 6 11
13 0 2793 3711 4129 6.94427 12
14 0 2801 3723 4121 3.65685 13
15 0 2805 3727 4121 2 14
16 0 2757 3687 4169 6 9
17 0 2745 3695 4165 6.94427 16
18 0 2737 3699 4161 9.31371 17
19 0 2729 3699 4153 3.65685 18
20 0 2725 3699 4149 2 19
