# Generated by NeuTu (https://github.com/janelia-flyem/NeuTu)
1 0 2714 3520 4435 6 -1
2 0 2722 3524 4435 6 1
3 0 2730 3532 4423 6 2
4 0 2734 3536 4419 3.65685 3
5 0 2738 3536 4419 3.65685 4
6 0 2746 3544 4415 6.94427 5
7 0 2754 3552 4407 6.94427 6
8 0 2774 3552 4403 6 7
9 2 2803 3548 4400 10 8
10 2 2807.9 3548.63 4399 9.36754 9
11 0 2818 3552 4399 6 10
12 0 2826 3556 4399 6 11
13 0 2834 3556 4407 6 12
14 0 2850 3560 4407 6.94427 13
15 0 2866 3560 4415 6 14
16 0 2882 3560 4415 6 15
17 0 2890 3568 4427 6 16
18 0 2894 3584 4431 9.31371 17
19 0 2898 3592 4435 6.94427 18
20 0 2810 3544 4375 6 10
21 0 2814 3536 4359 6 20
22 0 2818 3532 4355 3.65685 21
23 0 2814 3532 4335 9.31371 22
24 0 2802 3532 4331 6 23
25 0 2794 3532 4331 6 24
26 0 2782 3532 4327 9.31371 25
27 0 2770 3532 4331 3.65685 26
28 0 2766 3528 4335 6 27
29 0 2802 3524 4419 6 9
30 0 2806 3508 4419 6.94427 29
31 0 2810 3500 4419 6 30
32 0 2814 3492 4427 6.94427 31
33 0 2810 3484 4435 2 32
34 0 2810 3484 4439 2 33
35 0 2810 3484 4443 2 34
