# Generated by NeuTu (https://github.com/janelia-flyem/NeuTu)
1 0 2716 3546 4407 2 -1
2 0 2720 3546 4407 2 1
3 0 2728 3550 4415 6 2
4 0 2736 3554 4407 6 3
5 0 2740 3558 4403 3.65685 4
6 0 2744 3558 4403 3.65685 5
7 0 2748 3562 4399 6 6
8 0 2768 3566 4395 10 7
9 0 2776 3566 4387 6.94427 8
10 0 2788 3558 4387 6 9
11 0 2800 3554 4379 6 10
12 0 2816 3554 4363 6 11
13 0 2816 3554 4355 6.94427 12
14 0 2824 3562 4347 2 13
15 0 2828 3562 4347 3.65685 14
16 0 2832 3566 4343 2 15
17 0 2784 3582 4391 9.31371 9
18 0 2800 3582 4395 2 17
19 0 2808 3582 4395 6 18
20 0 2816 3586 4395 3.65685 19
21 0 2824 3586 4391 6.94427 20
22 0 2832 3582 4391 3.65685 21
23 0 2836 3582 4395 2 22
