# Generated by NeuTu (https://github.com/janelia-flyem/NeuTu)
1 0 3261 2096 4333 2 -1
2 0 3257 2092 4337 3.65685 1
3 0 3257 2084 4337 6 2
4 0 3245 2064 4337 10 3
5 0 3241 2044 4337 3.65685 4
6 0 3237 2036 4337 6 5
7 0 3233 2028 4329 6.94427 6
8 0 3241 2016 4313 6 7
9 0 3261 2012 4301 6 8
10 0 3269 2012 4293 6 9
11 0 3277 2012 4289 2 10
12 0 3285 2004 4281 6.94427 11
13 0 3293 2000 4281 6 12
14 0 3301 2000 4289 6 13
15 0 3309 2000 4289 6 14
16 0 3317 2000 4297 9.31371 15
17 0 3321 2000 4309 6.94427 16
18 0 3313 2012 4325 6 17
19 0 3313 2020 4333 6 18
20 0 3313 2028 4337 3.65685 19
21 0 3317 2032 4337 2 20
