# Generated by NeuTu (https://github.com/janelia-flyem/NeuTu)
1 0 3669 2336 4259 2 -1
2 0 3673 2336 4259 2 1
3 0 3681 2332 4255 6 2
4 0 3697 2316 4255 10.6491 3
5 0 3701 2296 4259 3.65685 4
6 0 3705 2292 4259 2 5
7 0 3705 2288 4259 2 6
8 0 3705 2284 4259 2 7
9 0 3709 2280 4259 2 8
10 0 3717 2272 4263 9.31371 9
11 0 3737 2224 4303 38.7922 10
12 2 3739.8 2196 4297.4 20.3332 11
13 0 3749 2172 4295 9.31371 12
14 0 3765 2144 4307 9.31371 13
15 0 3785 2124 4311 10.6491 14
16 0 3793 2112 4319 15.8885 15
17 0 3805 2076 4327 12.4222 16
18 0 3813 2052 4323 10 17
19 0 3813 2028 4327 10 18
20 0 3809 2000 4331 14 19
21 0 3821 1988 4339 6 20
22 0 3773 2188 4311 12.4222 12
23 0 3805 2188 4311 10 22
24 0 3813 2180 4311 6 23
25 0 3797 2224 4295 19.5407 11
26 0 3817 2220 4303 14.4924 25
27 0 3817 2208 4323 12.4222 26
