# Generated by NeuTu (https://github.com/janelia-flyem/NeuTu)
1 0 3652 2194 4137 2 -1
2 0 3648 2194 4141 3.65685 1
3 0 3644 2190 4145 6 2
4 0 3632 2186 4165 6.94427 3
5 0 3632 2178 4173 6 4
6 0 3632 2174 4185 9.31371 5
7 0 3632 2174 4197 6.94427 6
8 0 3624 2174 4205 3.65685 7
9 0 3624 2174 4209 2 8
10 0 3624 2174 4213 2 9
11 0 3624 2174 4217 3.65685 10
12 0 3624 2174 4221 3.65685 11
13 0 3616 2170 4229 9.31371 12
14 0 3604 2154 4237 6 13
15 0 3600 2146 4241 3.65685 14
16 0 3592 2138 4249 6.94427 15
17 0 3588 2134 4261 6 16
18 0 3584 2130 4269 6 17
19 0 3584 2134 4281 6 18
