# Generated by NeuTu (https://github.com/janelia-flyem/NeuTu)
1 0 3832 2269 4352 2 -1
2 0 3828 2265 4352 3.65685 1
3 0 3824 2261 4348 6 2
4 0 3816 2253 4340 6 3
5 0 3808 2245 4336 6 4
6 0 3804 2225 4336 6.94427 5
7 0 3800 2213 4332 6 6
8 0 3796 2197 4328 6 7
9 0 3792 2181 4328 6 8
10 0 3792 2165 4328 6.94427 9
11 0 3776 2149 4324 6 10
12 0 3772 2137 4324 6 11
13 0 3756 2121 4320 6.94427 12
14 0 3736 2103 4322 9.31371 13
15 0 3736 2089 4344 6 14
16 0 3748 2089 4364 6 15
17 0 3756.67 2089 4376.67 8.33333 16
18 0 3780 2089 4384 6 17
19 0 3792 2089 4384 9.31371 18
20 0 3804 2085 4384 6 19
21 0 3820 2085 4384 6 20
22 0 3836 2089 4384 6 21
23 0 3856 2093 4384 6 22
24 0 3864 2097 4388 3.65685 23
25 0 3868 2097 4388 2 24
26 0 3872 2097 4388 2 25
27 0 3880 2097 4388 6 26
28 0 3884 2093 4384 6 27
29 0 3892 2093 4384 6 28
30 0 3900 2093 4388 2 29
31 0 3904 2093 4388 3.65685 30
32 0 3912 2097 4396 6 31
33 0 3928 2101 4400 6.94427 32
34 0 3936 2109 4400 6.94427 33
35 0 3944 2113 4400 3.65685 34
36 0 3952 2121 4400 3.65685 35
37 0 3968 2129 4400 6.94427 36
38 0 3980 2133 4400 6.94427 37
39 0 3744 2085 4392 9.31371 17
40 0 3728 2077 4404 6.94427 39
41 0 3712 2069 4412 6.94427 40
42 0 3704 2065 4416 6 41
43 0 3696 2057 4424 9.31371 42
44 0 3680 2057 4440 6 43
45 0 3664 2053 4448 6.94427 44
46 0 3648 2037 4464 6 45
47 0 3640 2025 4480 6 46
48 0 3628 2025 4496 6 47
49 0 3628 2025 4504 3.65685 48
50 0 3628 2025 4512 3.65685 49
51 0 3628 2025 4520 3.65685 50
52 0 3628 2025 4528 6 51
53 0 3632 2021 4536 3.65685 52
54 0 3632 2021 4544 3.65685 53
55 0 3632 2021 4548 2 54
56 0 3728 2097 4296 9.31371 14
57 0 3724 2097 4284 6 56
58 0 3728 2097 4268 6.94427 57
59 0 3728 2105 4248 6 58
60 0 3724 2105 4240 6 59
61 0 3724 2113 4236 6 60
