# Generated by NeuTu (https://github.com/janelia-flyem/NeuTu)
1 0 3377 2446 4429 2 -1
2 0 3381 2450 4429 3.65685 1
3 0 3385 2454 4429 3.65685 2
4 0 3389 2458 4433 6 3
5 0 3393 2466 4433 3.65685 4
6 0 3393 2474 4437 3.65685 5
7 0 3393 2490 4445 6.94427 6
8 0 3393 2502 4445 10 7
9 0 3397 2510 4457 6.94427 8
10 0 3405 2522 4469 6.94427 9
11 0 3405 2526 4477 3.65685 10
12 0 3405 2530 4493 6.94427 11
13 0 3409 2542 4505 6 12
14 0 3405 2554 4521 6.94427 13
15 0 3397 2558 4529 6 14
16 0 3393 2554 4533 6 15
17 0 3389 2550 4541 9.31371 16
18 0 3385 2542 4549 9.31371 17
19 0 3373 2526 4557 6 18
20 0 3361 2518 4557 9.31371 19
21 0 3345 2510 4557 6.94427 20
22 0 3337 2502 4553 3.65685 21
23 0 3317 2490 4553 9.31371 22
24 0 3309 2474 4565 6 23
25 0 3309 2458 4573 6.94427 24
26 0 3309 2446 4581 6 25
27 0 3309 2430 4589 6.94427 26
28 0 3309 2418 4597 6 27
29 0 3377 2550 4557 3.65685 18
30 0 3373 2558 4565 6.94427 29
31 0 3369 2558 4581 6 30
