# Generated by NeuTu (https://github.com/janelia-flyem/NeuTu)
1 0 3566 2558 4290 6 -1
2 0 3562 2566 4294 6 1
3 0 3566 2570 4298 3.65685 2
4 0 3574 2574 4306 6 3
5 0 3582 2570 4314 6 4
6 0 3590 2570 4322 3.65685 5
7 0 3594 2574 4326 2 6
8 0 3606 2574 4330 6 7
9 0 3618 2570 4342 6 8
10 0 3626 2570 4342 6 9
11 0 3634 2574 4346 9.31371 10
12 0 3650 2578 4350 6.94427 11
13 0 3670 2570 4358 6 12
14 0 3678 2570 4366 6 13
15 0 3682 2570 4374 3.65685 14
16 0 3686 2570 4378 3.65685 15
17 0 3690 2566 4382 6 16
18 0 3694 2562 4386 6 17
19 0 3697.14 2561.57 4403.29 9.31371 18
20 0 3686 2554 4430 6.94427 19
21 0 3690 2546 4442 6 20
22 0 3694 2538 4450 6 21
23 0 3698 2530 4458 6 22
24 0 3706 2522 4470 6 23
25 0 3710 2514 4478 6 24
26 0 3722 2506 4490 6 25
27 0 3726 2502 4494 3.65685 26
28 0 3730 2502 4498 3.65685 27
29 0 3734 2498 4502 3.65685 28
30 0 3742 2494 4502 6.94427 29
31 0 3754 2482 4502 9.31371 30
32 0 3762 2474 4518 9.31371 31
33 0 3774 2462 4538 6.94427 32
34 0 3778 2458 4546 6 33
35 0 3778 2450 4554 3.65685 34
36 0 3782 2446 4554 2 35
37 0 3714 2558 4410 6 19
38 0 3730 2558 4414 6 37
39 2 3749.08 2546.62 4414 9.13144 38
40 0 3758 2538 4414 9.31371 39
41 0 3770 2534 4410 6 40
42 0 3786 2534 4390 6 41
43 0 3790 2538 4386 6 42
44 0 3758 2558 4434 3.65685 39
45 0 3754 2566 4442 9.31371 44
46 0 3750 2574 4446 6 45
