# Generated by NeuTu (https://github.com/janelia-flyem/NeuTu)
1 0 3703 2687 4359 6 -1
2 0 3695 2683 4367 6 1
3 0 3683 2679 4367 6.94427 2
4 0 3671 2691 4379 6.94427 3
5 0 3667 2707 4391 6 4
6 0 3667 2711 4403 6 5
7 0 3663 2719 4407 9.31371 6
8 0 3647 2735 4407 6 7
9 0 3631 2739 4411 6 8
10 0 3611 2743 4411 6.94427 9
11 0 3595 2747 4419 6 10
12 0 3587 2747 4423 2 11
13 0 3579 2747 4431 6 12
14 0 3567 2743 4431 6 13
15 0 3551 2735 4439 6.94427 14
16 0 3535 2723 4447 6.94427 15
17 0 3519 2719 4463 6 16
18 0 3511 2719 4471 6 17
19 0 3503 2719 4471 3.65685 18
20 0 3499 2723 4475 3.65685 19
21 0 3495 2727 4475 3.65685 20
22 0 3491 2731 4475 2 21
