# Generated by NeuTu (https://github.com/janelia-flyem/NeuTu)
1 0 3616 2917 4428 6 -1
2 0 3632 2909 4428 6.94427 1
3 0 3640 2901 4436 6.94427 2
4 0 3648 2893 4432 10 3
5 0 3676 2885 4440 12.4222 4
6 0 3700 2865 4444 9.31371 5
7 0 3716 2849 4444 9.31371 6
8 0 3724 2833 4440 6.94427 7
9 0 3732 2821 4432 6 8
10 0 3736 2817 4428 3.65685 9
11 0 3740 2813 4428 3.65685 10
12 0 3744 2809 4424 6 11
13 0 3756 2805 4416 6 12
14 0 3764 2805 4416 6 13
15 0 3780 2805 4408 10 14
16 0 3792 2821 4412 3.65685 15
17 0 3792 2825 4416 2 16
