# Generated by NeuTu (https://github.com/janelia-flyem/NeuTu)
1 0 3506 3204 4035 2 -1
2 0 3506 3204 4039 2 1
3 0 3510 3196 4047 6.94427 2
4 0 3522 3192 4063 6.94427 3
5 0 3530 3196 4071 10.6491 4
6 0 3534 3196 4095 9.31371 5
7 0 3538 3192 4103 6 6
8 0 3542 3188 4107 6 7
9 0 3542 3188 4115 3.65685 8
10 0 3546 3188 4123 3.65685 9
11 0 3546 3188 4127 3.65685 10
12 0 3546 3188 4131 2 11
13 0 3546 3188 4135 3.65685 12
14 0 3550 3184 4139 2 13
15 0 3550 3184 4151 6 14
16 0 3542 3180 4159 6 15
17 0 3542 3180 4167 6 16
18 0 3538 3176 4171 3.65685 17
19 0 3538 3176 4179 3.65685 18
20 0 3542 3168 4195 9.31371 19
21 0 3550 3164 4203 9.31371 20
