# Generated by NeuTu (https://github.com/janelia-flyem/NeuTu)
1 0 3499 3246 4105 6 -1
2 0 3499 3242 4121 6 1
3 0 3499 3242 4141 6 2
4 0 3499 3246 4149 3.65685 3
5 0 3503 3246 4157 3.65685 4
6 0 3507 3250 4169 6 5
7 0 3511 3254 4173 3.65685 6
8 0 3511 3254 4181 6 7
9 0 3515 3258 4185 6 8
10 0 3523 3262 4193 2 9
11 0 3527 3262 4197 2 10
12 0 3531 3262 4197 2 11
13 0 3535 3262 4201 3.65685 12
14 0 3539 3262 4205 3.65685 13
15 0 3547 3270 4213 3.65685 14
16 0 3551 3274 4217 3.65685 15
17 0 3551 3282 4225 3.65685 16
18 0 3551 3290 4233 6 17
