1 0 3501 3220 4182 2 -1
2 0 3501 3220 4186 2 1
3 0 3505 3220 4194 6 2
4 0 3505 3216 4210 6 3
5 0 3505 3216 4222 6 4
6 0 3505 3216 4230 6 5
7 0 3509 3208 4238 9.31371 6
8 0 3513 3192 4254 3.65685 7
9 0 3517 3188 4258 6 8
10 0 3525 3176 4270 6 9
11 0 3533 3164 4278 6 10
12 0 3541 3156 4286 6 11
13 0 3545 3148 4286 3.65685 12
14 0 3549 3140 4286 6.94427 13
15 0 3553 3124 4286 6 14
16 0 3561 3108 4282 9.31371 15
17 0 3561 3096 4282 6 16
18 0 3561 3080 4282 6 17
19 0 3565 3072 4286 6 18
20 0 3565 3056 4282 6 19
21 0 3565 3044 4286 6.94427 20
22 0 3569 3036 4294 6.94427 21
23 0 3577 3020 4298 6 22
24 0 3581 3012 4306 3.65685 23
25 0 3585 2996 4326 6.94427 24
26 0 3589 2992 4342 6 25
27 0 3593 2988 4346 3.65685 26
28 0 3593 2988 4354 6 27
29 0 3601 2988 4366 2 28
30 0 3601 2988 4370 2 29
31 0 3605 2988 4374 3.65685 30
32 0 3609 2988 4378 3.65685 31
33 0 3613 2988 4382 2 32
34 0 3613 2988 4386 2 33
35 0 3613 2988 4390 2 34
36 0 3613 2988 4394 2 35
37 0 3617 2988 4398 3.65685 36
38 0 3621 2988 4402 3.65685 37
39 0 3625 2996 4410 6.94427 38
40 0 3629 2996 4418 6.94427 39
41 0 3637 3004 4426 6 40
