# Generated by NeuTu (https://github.com/janelia-flyem/NeuTu)
1 0 3536 3424 4455 6 -1
2 0 3536 3408 4467 6 1
3 0 3536 3400 4471 6 2
4 0 3532 3392 4471 2 3
5 0 3532 3384 4471 6 4
6 2 3532 3376.42 4474.79 6.89443 5
7 0 3536 3364 4479 6 6
8 0 3536 3348 4475 6 7
9 0 3536 3340 4471 6 8
10 0 3536 3324 4459 10.6491 9
11 0 3528 3316 4459 6 10
12 0 3516 3308 4455 6.94427 11
13 0 3496 3312 4439 6 12
14 0 3492 3316 4431 6 13
15 0 3484 3320 4423 3.65685 14
16 0 3476 3324 4419 6 15
17 0 3460 3324 4411 6 16
18 0 3456 3320 4407 6 17
19 0 3448 3320 4407 3.65685 18
20 0 3440 3316 4407 6 19
21 0 3424 3312 4403 6 20
22 0 3416 3312 4399 6 21
23 0 3412 3308 4395 3.65685 22
24 0 3408 3304 4395 3.65685 23
25 0 3400 3296 4395 6.94427 24
26 0 3396 3280 4395 6 25
27 0 3520 3380 4479 6 6
28 0 3504 3376 4471 9.31371 27
29 0 3496 3376 4463 6.94427 28
