1 0 2194 1891 7612 28.4631 -1
2 0 2174 1887 7552 27.1204 1
3 0 2154 1903 7484 23.2982 2
4 0 2134 1931 7432 26.8444 3
5 0 2110 1951 7380 22 4
6 0 2078 1943 7320 34.8782 5
7 2 2066.4 1943 7285.2 30.1626 6
8 0 2046 1967 7196 38 7
9 0 2029.78 1972.04 7142.14 32.3014 8
10 2 2037.38 1982.18 7114.26 44.9726 9
11 0 2018 2007 6984 26.2843 10
12 0 2010 2011 6920 23.2982 11
13 0 1994 2007 6852 31.9411 12
14 0 1990 2007 6772 34.8782 13
15 0 1986 2003 6736 26 14
16 0 1990 2003 6672 26 15
17 0 1990 1999 6616 23.6125 16
18 0 1978 1983 6548 32.4093 17
19 0 1974 1999 6472 31.9411 18
20 0 1974 2011 6404 24.8328 19
21 0 1978 2027 6336 28.4631 20
22 2 1977.3 2041.11 6298.38 31.0942 21
23 2 1975 2048 6280 28.3256 22
24 0 1966 2071 6228 26 23
25 0 1954 2091 6172 28.4631 24
26 0 1954 2119 6104 34 25
27 0 1962 2119 6028 30.249 26
28 2 1978.89 2119 6007.74 26.6617 27
29 2 2031.41 2137.05 5936.54 26.0489 28
30 0 2054 2155 5872 24.8328 29
31 0 2070 2155 5828 21.3238 30
32 0 2082 2159 5780 19.5407 31
33 0 2078 2151 5724 20.6274 32
34 0 2065.64 2205.14 5651.46 46.0871 33
35 0 2062 2311 5648 23.2982 34
36 0 2078 2359 5656 30 35
37 0 2090 2427 5660 18.3961 36
38 0 2110 2471 5656 21.3238 37
39 0 2146 2511 5640 20.6274 38
40 0 2178 2547 5640 18 39
41 0 2222 2583 5648 19.5407 40
42 0 2258 2599 5648 19.5407 41
43 0 2294 2631 5656 18.3961 42
44 0 2344.4 2692.2 5688 40.6056 43
45 0 2450 2755 5676 26.2843 44
46 0 2498 2791 5668 20.6274 45
47 0 2582.16 2855.78 5659.22 38.0253 46
48 2 2704 2867 5652 34.4244 47
49 2 2723.44 2868.92 5642.4 30.2965 48
50 2 2733.52 2870.36 5635.2 27.5188 49
51 0 2766 2867 5628 14 50
52 0 2798 2871 5628 15.8885 51
53 0 2838 2899 5632 18 52
54 2 2856.92 2924.23 5638.31 22.4252 53
55 2 2861.54 2930.38 5639.85 23.5046 54
56 0 2893.89 2959.78 5631.78 28.075 55
57 0 2890 3003 5616 10 56
58 0 2890 3027 5596 14 57
59 0 2906 3059 5584 14 58
60 0 2922 3079 5564 14.4924 59
61 0 2938 3083 5528 6 60
62 0 2942 3083 5504 10 61
63 0 2958 3087 5476 14 62
64 0 2986 3091 5456 14 63
65 0 3030 3091 5440 14 64
66 0 3070 3087 5424 14 65
67 2 3097.11 3094.78 5412.22 15.7836 66
68 2 3133.17 3118.47 5422.11 18.2806 67
69 0 3166 3111 5444 6.94427 68
70 0 3182 3107 5444 6.94427 69
71 0 3194 3099 5448 6 70
72 0 3198 3095 5452 6 71
73 0 3210 3087 5444 6 72
74 0 3230 3075 5444 9.31371 73
75 2 3260.77 3049.06 5450.9 21.4874 74
76 0 3282 3043 5460 22 75
77 0 3322 3043 5464 37.598 76
78 0 3378 2999 5472 21.3238 77
79 0 3410 2967 5464 9.31371 78
80 0 3434 2955 5468 9.31371 79
81 0 3462 2951 5468 14 80
82 0 3482 2935 5476 12.4222 81
83 0 3502 2923 5492 10 82
84 0 3522 2911 5504 6.94427 83
85 0 3546 2903 5512 12.4222 84
86 0 3570 2887 5524 10.6491 85
87 0 3590 2867 5536 10.6491 86
88 0 3606 2851 5552 9.31371 87
89 0 3630.8 2842.73 5563.47 9.46548 88
90 0 3642 2839 5556 2 89
91 0 3646 2839 5552 3.65685 90
92 0 3642.73 2832.09 5522.91 23.4545 91
93 0 3626 2787 5476 31.9411 92
94 2 3642.89 2758.11 5460.44 18.0642 93
95 2 3655.78 2745.22 5466.89 13.2519 94
96 0 3670 2735 5480 9.31371 95
97 2 3681.2 2735 5510.4 12.2449 96
98 0 3698 2727 5524 10.6491 97
99 0 3710 2715 5536 9.31371 98
100 0 3718 2703 5568 10.6491 99
101 0 3722 2691 5596 18 100
102 0 3748.74 2693.15 5673.19 29.0119 101
103 0 3786 2667 5712 14.4924 102
104 0 3810 2651 5732 10.6491 103
105 2 3824.95 2638.16 5748.84 14.1296 104
106 0 3826 2607 5756 14.4924 105
107 0 3814 2575 5776 18.3961 106
108 0 3806 2543 5792 9.31371 107
109 0 3798 2527 5808 9.31371 108
110 0 3786 2511 5828 12.4222 109
111 0 3762 2487 5860 26 110
112 0 3762 2463 5880 30.249 111
113 2 3762 2415 5888 21.5492 112
114 0 3770 2387 5884 12.4222 113
115 0 3774 2363 5880 10 114
116 0 3782 2339 5880 12.4222 115
117 0 3794 2315 5880 10.6491 116
118 0 3810 2287 5884 12.4222 117
119 0 3834 2259 5892 9.31371 118
120 0 3842 2247 5892 10.6491 119
121 0 3844.98 2198.23 5886.46 25.5294 120
122 0 3830 2187 5864 14.4924 121
123 2 3826.13 2194.73 5844.67 17.8831 122
124 0 3838 2207 5800 6.94427 123
125 0 3854 2215 5780 10 124
126 0 3870 2215 5756 10 125
127 0 3890 2215 5740 12.4222 126
128 0 3922 2207 5716 12.4222 127
129 0 3954 2207 5680 14 128
130 0 3966 2207 5668 10 129
131 0 3978 2211 5656 12.4222 130
132 0 3986 2215 5624 10 131
133 0 3990 2215 5604 9.31371 132
134 0 4010 2223 5584 10 133
135 0 4034 2243 5552 14.4924 134
136 0 4062 2255 5528 14 135
137 2 4081.47 2255 5496.88 12.4918 136
138 0 4110 2275 5460 12.4222 137
139 0 4126 2287 5444 14.4924 138
140 0 4146 2303 5420 24.8328 139
141 0 4170 2323 5380 14 140
142 0 4174 2347 5352 12.4222 141
143 0 4190 2371 5332 10.6491 142
144 0 4206 2391 5312 10.6491 143
145 0 4214 2399 5304 12.4222 144
146 0 4218 2403 5280 10 145
147 0 4218 2411 5252 9.31371 146
148 0 4218 2419 5232 6 147
149 0 4218 2423 5216 6 148
150 0 4218 2439 5196 10.6491 149
151 0 4230 2471 5160 19.5407 150
152 0 4262 2507 5128 26 151
153 0 4278 2523 5096 27.1204 152
154 0 4306 2523 5088 18 153
155 0 4330 2519 5064 12.4222 154
156 0 4358 2515 5044 18 155
157 0 4382 2495 5000 23.6125 156
158 0 4410 2487 4968 10.6491 157
159 0 4418 2487 4948 9.31371 158
160 0 4422 2487 4908 14.4924 159
161 2 4429.43 2498.14 4885.71 14.4924 160
162 0 4408.46 2527 4853.69 10.5243 161
163 0 4398 2527 4824 12.4222 162
164 0 4378 2531 4804 6 163
165 0 4366 2535 4792 9.31371 164
166 0 4346 2527 4776 9.31371 165
167 0 4318 2511 4764 10 166
168 0 4290 2495 4764 10.6491 167
169 0 4262 2483 4764 9.31371 168
170 0 4250 2479 4764 6.94427 169
171 0 4234 2471 4760 10 170
172 0 4214 2467 4756 18 171
173 0 4190 2455 4732 10 172
174 0 4170 2455 4720 9.31371 173
175 0 4154 2447 4704 9.31371 174
176 0 4134 2439 4692 10 175
177 0 4118 2435 4692 10 176
178 0 4102 2427 4700 18 177
179 2 4099.66 2427.39 4700.78 16.9214 178
180 0 4078 2431 4708 6.94427 179
181 0 4070 2431 4716 10.6491 180
182 0 4074 2443 4732 6.94427 181
183 0 4074 2459 4748 6.94427 182
184 2 4078 2467 4764 9.31371 183
185 0 4070 2467 4776 6 184
186 0 4070 2471 4784 3.65685 185
187 0 4070 2475 4792 6 186
188 0 4070 2491 4808 6 187
189 0 4070 2499 4812 6 188
190 0 4070 2511 4816 9.31371 189
191 0 4054 2527 4820 10.6491 190
192 0 4042 2527 4824 6 191
193 0 4026 2527 4832 6 192
194 0 4018 2527 4840 6 193
195 0 4010 2535 4848 6.94427 194
196 0 3998 2539 4860 9.31371 195
197 0 3990 2547 4868 3.65685 196
198 0 3986 2551 4868 3.65685 197
199 0 3978 2559 4868 6.94427 198
200 0 3970 2567 4868 6.94427 199
201 0 3962 2575 4872 3.65685 200
202 0 3962 2579 4872 3.65685 201
203 0 3954 2587 4872 6.94427 202
204 0 3942 2591 4880 6 203
205 0 3934 2591 4880 6 204
206 0 3922 2591 4880 9.31371 205
207 0 3910 2587 4884 2 206
208 0 4082 2483 4752 3.65685 184
209 0 4082 2487 4752 2 208
210 0 4086 2495 4748 6 209
211 0 4094 2503 4748 9.31371 210
212 0 4102 2515 4748 9.31371 211
213 0 4106 2535 4756 3.65685 212
214 0 4110 2539 4760 3.65685 213
215 0 4114 2543 4768 6 214
216 2 4112.67 2553.67 4778.67 6 215
217 0 4114 2571 4796 6.94427 216
218 0 4122 2575 4804 10 217
219 0 4126 2587 4812 9.31371 218
220 0 4130 2599 4808 3.65685 219
221 0 4130 2603 4808 2 220
222 0 4106 2535 4796 6 216
223 0 4102 2531 4800 3.65685 222
224 0 4098 2523 4804 6 223
225 0 4094 2507 4808 6.94427 224
226 0 4106 2411 4724 9.31371 179
227 0 4110 2411 4740 6 226
228 0 4114 2415 4748 6 227
229 0 4122 2411 4760 6 228
230 0 4098 2411 4684 6 178
231 0 4106 2399 4672 6 230
232 0 4106 2391 4664 2 231
233 0 4106 2383 4656 6.94427 232
234 0 4102 2375 4652 3.65685 233
235 0 4098 2367 4648 6.94427 234
236 0 4086 2363 4640 6 235
237 0 4070 2363 4628 6 236
238 0 4058 2371 4620 3.65685 237
239 0 4054 2371 4620 2 238
240 0 4402 2551 4848 6 162
241 0 4402 2559 4848 6 240
242 0 4406 2567 4844 3.65685 241
243 0 4410 2579 4844 6 242
244 0 4414 2587 4844 6.94427 243
245 0 4422 2595 4836 6 244
246 0 4438 2603 4832 6 245
247 0 4450 2607 4832 6 246
248 0 4466 2623 4828 6 247
249 0 4470 2639 4824 6 248
250 0 4474 2647 4824 6.94427 249
251 0 4478 2655 4824 3.65685 250
252 0 4486 2663 4824 6.94427 251
253 0 4498 2679 4828 6.94427 252
254 0 4502 2687 4828 6.94427 253
255 0 4506 2695 4832 3.65685 254
256 0 4514 2703 4832 6.94427 255
257 0 4526 2715 4832 12.4222 256
258 0 4538 2715 4836 6.94427 257
259 0 4554 2715 4836 6 258
260 0 4570 2715 4840 6 259
261 0 4578 2711 4844 2 260
262 0 4582 2711 4844 2 261
263 0 4530 2739 4824 9.31371 257
264 0 4538 2743 4820 6.94427 263
265 0 4542 2751 4820 3.65685 264
266 0 4546 2755 4816 2 265
267 0 4434 2471 4884 6.94427 161
268 0 4434 2455 4876 6 267
269 0 4442 2447 4872 9.31371 268
270 0 4454 2439 4876 10 269
271 0 4466 2435 4880 6 270
272 0 4474 2431 4884 6 271
273 0 4482 2435 4884 3.65685 272
274 0 4482 2439 4884 2 273
275 0 4482 2443 4884 2 274
276 0 4306 2531 5120 15.8885 154
277 0 4294 2531 5132 14.9706 276
278 0 4286 2531 5148 6.94427 277
279 0 4286 2531 5156 6 278
280 0 4078 2227 5496 10.6491 137
281 0 4058 2219 5496 6.94427 280
282 0 4042 2215 5496 6 281
283 0 3790 2179 5856 6.94427 123
284 0 3774 2167 5852 9.31371 283
285 0 3742 2155 5856 10.6491 284
286 2 3857.3 2160.84 5889.84 29.7362 121
287 2 3897.76 2098.37 5896 40.4969 286
288 0 3918 2027 5856 12.4222 287
289 0 3930 2003 5844 9.31371 288
290 0 3942 1979 5836 12.4222 289
291 0 3966 1959 5828 14 290
292 0 3986 1931 5832 18 291
293 0 4006 1895 5844 15.8885 292
294 0 4034 1851 5860 14.4924 293
295 0 4042 1819 5860 10.6491 294
296 0 4058 1795 5860 12.4222 295
297 0 4078 1787 5860 3.65685 296
298 0 4082 1783 5856 2 297
299 0 4086 1783 5856 2 298
300 0 3850 2111 5948 26.2843 287
301 0 3850 2111 5976 14.4924 300
302 0 3858 2119 5988 6 301
303 0 3846 2171 5928 23.6125 286
304 0 3802 2159 5928 10 303
305 0 3786 2167 5928 9.31371 304
306 0 3850 2207 5940 14.9706 303
307 0 3834 2211 5936 6.94427 306
308 0 3754 2427 5924 15.8885 113
309 0 3754 2447 5936 20.6274 308
310 0 3734 2459 5940 14 309
311 0 3722 2447 5944 2 310
312 0 3722 2443 5944 2 311
313 0 3754 2495 5912 27.1204 112
314 0 3718 2499 5944 9.31371 313
315 0 3702 2503 5956 3.65685 314
316 0 3698 2503 5956 2 315
317 0 3686 2503 5960 6 316
318 0 3658 2495 5972 9.31371 317
319 0 3646 2487 5980 6.94427 318
320 0 3634 2479 5984 9.31371 319
321 0 3626 2479 5992 6.94427 320
322 0 3846 2659 5740 10 105
323 0 3866 2671 5736 9.31371 322
324 0 3874 2675 5728 6 323
325 0 3886 2679 5700 9.31371 324
326 0 3894 2683 5692 6 325
327 0 3898 2699 5680 6.94427 326
328 2 3906.76 2710.05 5678.48 9.2381 327
329 0 3910 2723 5672 6 328
330 0 3914 2735 5664 9.31371 329
331 0 3914 2751 5648 6 330
332 0 3918 2763 5636 6 331
333 0 3922 2783 5616 9.31371 332
334 0 3934 2799 5604 6.94427 333
335 0 3942 2807 5600 6 334
336 0 3926 2707 5692 9.31371 328
337 0 3942 2703 5692 6.94427 336
338 0 3958 2691 5700 9.31371 337
339 0 3966 2687 5708 6 338
340 0 3762 2719 5648 20.6274 102
341 0 3782 2719 5640 6.94427 340
342 0 3790 2719 5640 6 341
343 0 3802 2719 5640 10.6491 342
344 0 3818 2715 5624 6.94427 343
345 0 3818 2715 5616 6 344
346 0 3666 2755 5524 6.94427 97
347 0 3658 2763 5540 6 346
348 0 3654 2767 5544 6 347
349 0 3654 2771 5552 3.65685 348
350 0 3654 2775 5552 2 349
351 0 3654 2727 5440 10 95
352 0 3658 2707 5424 10.6491 351
353 0 3650 2695 5416 6 352
354 0 3650 2679 5416 6 353
355 0 3650 2663 5416 6 354
356 0 3646 2651 5428 6 355
357 0 3646 2635 5436 6 356
358 0 3634 2623 5440 6 357
359 0 3618 2623 5444 6 358
360 0 3602 2627 5448 6 359
361 0 3594 2631 5456 6.94427 360
362 0 3578 2635 5460 6.94427 361
363 0 3558 2643 5464 6.94427 362
364 0 3542 2651 5464 6.94427 363
365 0 3534 2659 5472 3.65685 364
366 0 3530 2663 5476 2 365
367 0 3642 2755 5428 12.4222 94
368 0 3638 2767 5416 6.94427 367
369 0 3638 2771 5400 9.31371 368
370 0 3634 2775 5376 10 369
371 0 3634 2787 5356 10 370
372 0 3634 2791 5336 9.31371 371
373 0 3634 2791 5316 6 372
374 0 3634 2791 5304 9.31371 373
375 0 3630 2787 5296 6 374
376 0 3626 2783 5280 9.31371 375
377 0 3626 2783 5264 9.31371 376
378 0 3610 2779 5244 6 377
379 2 3602.51 2775.25 5229.02 13.4915 378
380 0 3602 2763 5212 10 379
381 0 3606 2763 5200 10 380
382 0 3610 2779 5184 9.31371 381
383 0 3614 2795 5160 10.6491 382
384 0 3622 2835 5132 21.3238 383
385 0 3634 2871 5104 15.8885 384
386 0 3642 2899 5092 10 385
387 0 3642 2911 5092 6 386
388 0 3646 2927 5092 6 387
389 2 3646 2946.2 5089.6 12.9319 388
390 2 3659.85 2969.38 5076.54 17.5922 389
391 0 3678 2983 5080 6.94427 390
392 0 3694 2999 5084 9.31371 391
393 0 3710 3011 5096 6 392
394 2 3727.43 3021.29 5099.14 8.80597 393
395 0 3730 3023 5100 9.31371 394
396 0 3730 3035 5100 6 395
397 0 3734 3051 5100 6 396
398 0 3738 3067 5100 6 397
399 0 3746 3087 5096 6 398
400 0 3750 3103 5092 6.94427 399
401 0 3758 3111 5092 6.94427 400
402 0 3758 3131 5088 6.94427 401
403 0 3750 3155 5088 10 402
404 0 3754 3167 5084 12.4222 403
405 0 3754 3191 5080 6 404
406 0 3750 3203 5072 6 405
407 0 3750 3211 5072 3.65685 406
408 0 3746 3219 5072 6 407
409 0 3742 3227 5068 6 408
410 0 3738 3235 5060 9.31371 409
411 0 3730 3251 5060 6 410
412 0 3726 3263 5052 6 411
413 0 3722 3279 5048 6 412
414 0 3722 3287 5048 6 413
415 0 3722 3303 5032 6 414
416 0 3730 3311 5028 9.31371 415
417 0 3730 3323 5036 6 416
418 0 3706 3331 5040 9.31371 417
419 0 3694 3335 5036 12.4222 418
420 0 3682 3343 5040 10.6491 419
421 0 3674 3339 5048 6 420
422 0 3666 3339 5052 6 421
423 0 3662 3343 5060 6 422
424 0 3654 3351 5072 10 423
425 0 3642 3355 5072 9.31371 424
426 0 3634 3367 5068 6 425
427 0 3754 3315 5008 6 416
428 0 3762 3315 5000 6 427
429 0 3770 3315 5000 6 428
430 0 3742 3011 5108 6 395
431 0 3750 3011 5116 3.65685 430
432 0 3754 3015 5120 3.65685 431
433 0 3762 3015 5124 6 432
434 0 3778 3015 5132 6 433
435 0 3798 3003 5148 9.31371 434
436 0 3806 2995 5148 6.94427 435
437 0 3818 2975 5148 10.6491 436
438 0 3842 2975 5152 6 437
439 0 3862 2975 5156 6.94427 438
440 0 3890 2979 5156 10 439
441 0 3902 2987 5164 6 440
442 0 3910 2991 5176 9.31371 441
443 0 3918 2991 5184 6.94427 442
444 0 3726 3039 5088 6 394
445 0 3726 3055 5084 6 444
446 0 3726 3071 5080 6.94427 445
447 0 3718 3095 5076 12.4222 446
448 0 3714 3103 5064 10.6491 447
449 0 3642 2987 5052 9.31371 390
450 0 3642 2995 5032 6.94427 449
451 0 3638 3007 5016 6 450
452 0 3642 3011 5012 6 451
453 0 3630 2959 5104 6 389
454 0 3622 2959 5104 6 453
455 2 3606.54 2966.46 5119.46 9.15499 454
456 0 3614 2975 5128 6 455
457 0 3626 2979 5136 6 456
458 0 3638 2983 5144 6 457
459 0 3646 2983 5148 3.65685 458
460 0 3650 2983 5152 3.65685 459
461 0 3654 2979 5152 2 460
462 0 3586 2963 5112 6.94427 455
463 0 3570 2963 5120 6.94427 462
464 0 3562 2967 5128 6 463
465 0 3594 2739 5220 6 380
466 0 3590 2735 5224 3.65685 465
467 0 3586 2731 5228 3.65685 466
468 0 3578 2731 5232 6 467
469 0 3574 2727 5236 6 468
470 0 3578 2783 5236 9.31371 379
471 0 3562 2787 5240 9.31371 470
472 0 3550 2799 5240 6.94427 471
473 0 3542 2815 5248 10 472
474 0 3538 2835 5256 6.94427 473
475 0 3538 2843 5264 6 474
476 0 3530 2851 5272 6.94427 475
477 0 3651.21 2882.62 5517.21 8.79395 92
478 0 3654 2891 5520 6 477
479 0 3662 2903 5520 6.94427 478
480 0 3666 2911 5520 3.65685 479
481 0 3678 2931 5524 10.6491 480
482 0 3686 2955 5544 9.31371 481
483 0 3682 2971 5556 6.94427 482
484 0 3678 2979 5560 6.94427 483
485 0 3678 2991 5560 6 484
486 0 3670 2999 5568 6 485
487 0 3662 3011 5576 6 486
488 0 3658 3015 5580 6 487
489 0 3658 3023 5580 6 488
490 0 3650 3035 5584 6.94427 489
491 0 3646 3051 5584 10 490
492 0 3642 3071 5568 6 491
493 0 3642 3087 5560 6 492
494 0 3638 3091 5556 6 493
495 0 3642 3099 5552 6 494
496 0 3646 3107 5544 9.31371 495
497 0 3642 3119 5532 9.31371 496
498 0 3638 3127 5528 3.65685 497
499 0 3634 3131 5524 6 498
500 0 3626 3143 5516 6 499
501 0 3622 3155 5508 6 500
502 0 3618 3167 5500 6 501
503 0 3614 3187 5492 9.31371 502
504 0 3610 3195 5484 9.31371 503
505 0 3606 3203 5480 6 504
506 0 3602 3219 5480 6 505
507 0 3594 3231 5476 6 506
508 0 3590 3235 5472 6 507
509 0 3586 3239 5468 3.65685 508
510 0 3586 3243 5468 3.65685 509
511 0 3582 3251 5464 6.94427 510
512 0 3574 3267 5460 6 511
513 0 3570 3279 5452 6 512
514 0 3566 3295 5440 6 513
515 0 3630 2891 5524 6 477
516 0 3614 2895 5532 6 515
517 0 3610 2899 5536 3.65685 516
518 0 3606 2903 5540 6 517
519 0 3602 2911 5552 6 518
520 0 3650 2839 5584 12.4222 89
521 2 3663.14 2836.43 5603.71 12.9857 520
522 0 3682 2831 5632 9.31371 521
523 0 3682 2827 5644 6 522
524 0 3682 2827 5652 6 523
525 0 3686 2831 5660 9.31371 524
526 0 3690 2839 5680 9.31371 525
527 0 3702 2847 5704 9.31371 526
528 0 3714 2863 5724 10 527
529 0 3730 2871 5740 6.94427 528
530 2 3741 2875 5755 9.91421 529
531 0 3762 2867 5792 10 530
532 0 3774 2851 5812 14 531
533 0 3798 2851 5840 6.94427 532
534 0 3806 2851 5848 6.94427 533
535 0 3822 2855 5860 12.4222 534
536 0 3870 2855 5900 34.8782 535
537 2 3887.41 2867.44 5904.97 17.509 536
538 0 3910 2887 5912 6 537
539 0 3926 2887 5916 6.94427 538
540 0 3934 2895 5920 6.94427 539
541 0 3958 2891 5924 6 540
542 0 3974 2891 5936 6 541
543 0 3990 2891 5948 6 542
544 0 4002 2891 5964 6 543
545 0 4010 2883 5972 6.94427 544
546 0 4018 2879 5976 6 545
547 0 4026 2875 5980 9.31371 546
548 0 4034 2867 5976 6 547
549 0 4038 2855 5968 6 548
550 0 4042 2843 5960 6.94427 549
551 0 4042 2827 5948 6 550
552 0 4038 2823 5944 6 551
553 0 3906 2831 5936 14.4924 537
554 0 3926 2827 5952 9.31371 553
555 0 3942 2827 5968 6.94427 554
556 0 3954 2827 5984 6.94427 555
557 0 3962 2827 5992 3.65685 556
558 0 3966 2823 5996 2 557
559 0 3862 2823 5932 14.9706 536
560 0 3850 2819 5960 14.4924 559
561 0 3838 2827 5976 12.4222 560
562 0 3826 2835 5984 6 561
563 0 3754 2903 5752 9.31371 530
564 0 3758 2911 5756 6.94427 563
565 0 3750 2931 5760 6.94427 564
566 0 3750 2939 5768 6 565
567 0 3682 2855 5592 6.94427 521
568 0 3702 2863 5592 3.65685 567
569 0 3706 2863 5592 2 568
570 0 3710 2863 5592 2 569
571 0 3470 2975 5444 12.4222 81
572 0 3478 2987 5416 9.31371 571
573 0 3486 2995 5396 10.6491 572
574 0 3498 2999 5372 10.6491 573
575 0 3518 3015 5340 10.6491 574
576 0 3534 3019 5320 9.31371 575
577 0 3550 3031 5300 10 576
578 0 3566 3043 5280 12.4222 577
579 0 3578 3059 5260 9.31371 578
580 0 3586 3075 5244 9.31371 579
581 0 3594 3091 5224 10.6491 580
582 0 3602 3103 5212 12.4222 581
583 0 3622 3107 5192 9.31371 582
584 0 3634 3107 5176 10 583
585 0 3650 3111 5148 14 584
586 0 3662 3111 5120 14.4924 585
587 0 3678 3111 5072 19.5407 586
588 0 3678 3115 5052 15.8885 587
589 0 3690 3123 5036 6 588
590 0 3694 3127 5028 9.31371 589
591 0 3694 3131 5016 6 590
592 0 3694 3131 5000 6 591
593 0 3694 3131 4984 6 592
594 0 3694 3131 4976 6 593
595 0 3702 3119 4956 14 594
596 0 3690 3111 4936 6.94427 595
597 0 3678 3103 4916 9.31371 596
598 0 3670 3099 4904 6.94427 597
599 0 3666 3103 4884 6.94427 598
600 0 3658 3103 4872 6.94427 599
601 0 3654 3107 4856 6 600
602 0 3650 3115 4840 6 601
603 0 3650 3127 4828 6.94427 602
604 0 3650 3147 4788 12.4222 603
605 0 3658 3159 4776 9.31371 604
606 0 3654 3167 4760 9.31371 605
607 0 3654 3167 4748 9.31371 606
608 0 3646 3167 4740 6 607
609 0 3638 3163 4732 10.6491 608
610 0 3638 3155 4704 9.31371 609
611 0 3630 3151 4696 6.94427 610
612 0 3618 3159 4684 6 611
613 0 3614 3163 4680 6 612
614 0 3610 3167 4676 3.65685 613
615 0 3610 3167 4668 3.65685 614
616 0 3606 3171 4664 6 615
617 0 3598 3179 4652 6 616
618 0 3590 3191 4644 6 617
619 0 3586 3203 4632 6 618
620 0 3590 3215 4616 6.94427 619
621 0 3586 3215 4600 6.94427 620
622 2 3582.4 3215 4589.2 9.07676 621
623 0 3578 3224.23 4578.15 8.80391 622
624 0 3578 3231 4568 6 623
625 0 3570 3239 4560 6 624
626 0 3558 3247 4548 6.94427 625
627 0 3546 3255 4536 9.31371 626
628 0 3534 3263 4532 12.4222 627
629 0 3522 3287 4532 6 628
630 0 3514 3307 4528 9.31371 629
631 0 3522 3319 4512 6.94427 630
632 0 3522 3323 4492 6.94427 631
633 0 3530 3331 4484 9.31371 632
634 0 3530 3339 4476 6.94427 633
635 0 3518 3359 4472 6.94427 634
636 0 3502 3375 4456 6 635
637 0 3494 3383 4448 6 636
638 0 3482 3395 4440 6 637
639 0 3566 3211 4568 6 623
640 0 3558 3199 4564 6 639
641 0 3554 3191 4568 6 640
642 0 3578 3195 4584 6.94427 622
643 0 3574 3183 4580 6 642
644 0 3562 3167 4576 10.6491 643
645 0 3546 3159 4572 14.9706 644
646 0 3514 3151 4564 10 645
647 0 3502 3151 4564 6 646
648 0 3486 3151 4568 6 647
649 0 3474 3159 4572 6 648
650 0 3470 3163 4576 6 649
651 0 3474 3163 4588 9.31371 650
652 0 3466 3155 4596 6.94427 651
653 0 3458 3147 4592 6 652
654 0 3574 3143 4584 6.94427 644
655 0 3582 3127 4592 6.94427 654
656 0 3582 3119 4592 3.65685 655
657 0 3586 3115 4592 2 656
658 0 3650 3183 4760 6.94427 606
659 0 3638 3199 4764 6 658
660 0 3630 3199 4764 2 659
661 0 3626 3199 4764 2 660
662 0 3258 3019 5444 9.31371 75
663 0 3258 3003 5440 6 662
664 0 3258 2987 5436 6 663
665 0 3258 2979 5428 9.31371 664
666 0 3262 2967 5428 6 665
667 0 3150 3151 5392 12.4222 68
668 2 3154.8 3168.6 5388 13.8422 667
669 0 3182 3203 5388 14.9706 668
670 0 3206 3227 5400 12.4222 669
671 0 3218 3235 5404 9.31371 670
672 0 3234 3259 5412 12.4222 671
673 0 3250 3283 5424 10.6491 672
674 0 3254 3303 5432 12.4222 673
675 0 3254 3315 5436 10 674
676 0 3258 3331 5436 14 675
677 0 3254 3355 5460 14 676
678 0 3234 3391 5472 12.4222 677
679 0 3222 3395 5472 9.31371 678
680 0 3206 3411 5468 12.4222 679
681 0 3162 3431 5472 14 680
682 0 3138 3455 5468 12.4222 681
683 0 3114 3471 5468 9.31371 682
684 0 3086 3487 5460 12.4222 683
685 0 3058 3487 5452 10.6491 684
686 0 3042 3487 5448 14.4924 685
687 0 2994 3479 5452 10.6491 686
688 0 2970 3475 5468 10.6491 687
689 0 2926 3463 5476 14.4924 688
690 0 2874 3467 5480 14 689
691 0 2834 3483 5492 14.9706 690
692 0 2810 3507 5496 10.6491 691
693 0 2802 3535 5500 18 692
694 0 2802 3591 5500 23.6125 693
695 0 2816.35 3636.41 5504 13.3503 694
696 0 2810 3655 5504 9.31371 695
697 0 2790 3679 5512 12.4222 696
698 0 2778 3695 5512 18 697
699 0 2758 3719 5516 12.4222 698
700 0 2746 3731 5520 12.4222 699
701 0 2714 3771 5532 30.249 700
702 0 2662 3747 5548 12.4222 701
703 0 2650 3743 5548 6.94427 702
704 0 2634 3727 5548 6.94427 703
705 0 2626 3719 5548 6.94427 704
706 0 2618 3711 5548 3.65685 705
707 0 2614 3703 5548 6 706
708 0 2614 3687 5548 6 707
709 0 2610 3671 5548 6 708
710 0 2606 3659 5552 6 709
711 0 2598 3647 5560 6.94427 710
712 0 2586 3631 5572 9.31371 711
713 0 2582 3619 5588 3.65685 712
714 0 2574 3611 5596 6.94427 713
715 0 2574 3595 5600 6 714
716 0 2570 3579 5600 6 715
717 0 2570 3567 5592 9.31371 716
718 0 2566 3555 5580 6.94427 717
719 0 2558 3547 5572 6.94427 718
720 0 2550 3539 5568 3.65685 719
721 0 2546 3535 5564 6 720
722 0 2542 3531 5568 6 721
723 0 2538 3511 5572 6.94427 722
724 0 2534 3491 5584 6 723
725 0 2530 3475 5596 6.94427 724
726 0 2526 3467 5600 3.65685 725
727 0 2522 3459 5608 6.94427 726
728 0 2514 3443 5620 6.94427 727
729 0 2506 3431 5624 6.94427 728
730 0 2498 3415 5636 9.31371 729
731 0 2494 3411 5652 3.65685 730
732 0 2494 3411 5656 3.65685 731
733 0 2494 3411 5660 2 732
734 0 2494 3411 5664 2 733
735 0 2490 3411 5672 6 734
736 0 2490 3419 5688 6 735
737 0 2482 3419 5696 3.65685 736
738 0 2482 3419 5704 3.65685 737
739 0 2482 3419 5712 3.65685 738
740 0 2482 3419 5720 3.65685 739
741 0 2482 3415 5728 6 740
742 0 2482 3415 5736 3.65685 741
743 0 2482 3415 5740 3.65685 742
744 0 2486 3411 5744 6 743
745 0 2490 3399 5756 6 744
746 0 2490 3379 5764 6 745
747 0 2490 3371 5772 6 746
748 0 2490 3363 5780 3.65685 747
749 0 2490 3363 5784 3.65685 748
750 0 2486 3359 5788 3.65685 749
751 0 2486 3355 5796 3.65685 750
752 0 2486 3355 5804 3.65685 751
753 0 2486 3351 5812 3.65685 752
754 0 2486 3351 5820 3.65685 753
755 0 2486 3347 5824 2 754
756 0 2490 3347 5836 6 755
757 0 2490 3347 5844 3.65685 756
758 0 2494 3351 5856 6 757
759 0 2502 3355 5864 6 758
760 0 2502 3363 5872 6 759
761 0 2502 3367 5884 2 760
762 0 2506 3367 5892 6.94427 761
763 0 2514 3363 5896 3.65685 762
764 0 2518 3363 5904 6 763
765 0 2518 3359 5912 6 764
766 2 2710.55 3789.09 5525.97 30.4075 701
767 0 2698 3855 5504 30.9848 766
768 0 2690 3907 5492 14.4924 767
769 0 2698 3939 5484 10 768
770 0 2698 3951 5476 10 769
771 0 2698 3963 5476 6 770
772 0 2686 3983 5464 10.6491 771
773 0 2662 4007 5448 14 772
774 0 2654 4031 5440 6.94427 773
775 0 2646 4051 5440 6.94427 774
776 0 2638 4059 5436 3.65685 775
777 0 2634 4063 5432 2 776
778 0 2702 3791 5584 9.31371 766
779 0 2710 3791 5596 6.94427 778
780 0 2718 3787 5600 6 779
781 0 2818 3639 5536 6 695
782 0 2810 3635 5544 6 781
783 0 2810 3635 5552 6 782
784 0 3146 3179 5368 6 668
785 0 3134 3183 5352 6 784
786 0 3130 3179 5340 9.31371 785
787 0 3142 3179 5320 6.94427 786
788 0 3142 3175 5308 6 787
789 0 3142 3175 5300 3.65685 788
790 0 3142 3171 5292 6 789
791 0 3146 3167 5288 2 790
792 0 3146 3163 5284 2 791
793 0 3146 3159 5280 2 792
794 0 3146 3155 5276 2 793
795 0 3146 3151 5272 2 794
796 0 3146 3147 5268 3.65685 795
797 0 3150 3139 5260 6 796
798 0 3146 3123 5244 6 797
799 0 3146 3123 5236 6 798
800 0 3150 3119 5232 6 799
801 0 3110 3179 5340 3.65685 786
802 0 3106 3179 5340 2 801
803 0 3102 3183 5340 3.65685 802
804 0 3098 3187 5340 3.65685 803
805 0 3098 3191 5336 2 804
806 0 3094 3191 5332 2 805
807 0 3086 3195 5328 6 806
808 0 3074 3203 5328 10 807
809 0 3062 3199 5332 6 808
810 0 3102 3071 5412 6 67
811 0 3098 3055 5412 6 810
812 0 3098 3047 5412 6 811
813 0 3090 3035 5400 6 812
814 0 3090 3027 5400 6 813
815 0 3078 3019 5388 6.94427 814
816 0 3070 3011 5384 3.65685 815
817 0 3070 3007 5380 2 816
818 0 2950 2959 5660 24.8328 56
819 0 2998 2971 5708 35.7359 818
820 0 3058 2963 5728 15.8885 819
821 0 3082 2955 5752 10.6491 820
822 0 3098 2947 5768 9.31371 821
823 0 3110 2939 5784 6.94427 822
824 0 3134 2923 5808 19.5407 823
825 0 3142 2907 5836 29.241 824
826 0 3138 2871 5876 18 825
827 0 3154 2867 5896 24.8328 826
828 2 3152 2853 5924 14.4164 827
829 0 3138 2847 5944 10 828
830 0 3118 2851 5964 12.4222 829
831 0 3102 2863 5980 10.6491 830
832 0 3094 2879 6000 10.6491 831
833 0 3090 2891 6016 9.31371 832
834 2 3080.67 2901.67 6037.33 10 833
835 0 3070 2903 6052 12.4222 834
836 0 3054 2907 6068 9.31371 835
837 0 3034 2915 6088 10.6491 836
838 0 3022 2927 6112 10 837
839 0 3010 2943 6136 12.4222 838
840 0 2998 2955 6160 12.4222 839
841 0 2982 2967 6188 14 840
842 0 2966 2975 6220 14 841
843 0 2958 2987 6256 14 842
844 0 2946 2999 6292 18 843
845 0 2942 3007 6344 26 844
846 0 2931.6 3000.76 6386.4 23.7627 845
847 0 2890 2987 6428 12.4222 846
848 0 2874 3003 6456 14.4924 847
849 0 2866 3018.24 6502.17 32.8969 848
850 2 2816.69 3015.34 6577.98 15.26 849
851 0 2796 3015 6592 11.6955 850
852 0 2782 3015 6592 10 851
853 0 2766 3031 6592 9.31371 852
854 0 2750 3047 6588 6.94427 853
855 0 2734 3059 6584 6 854
856 0 2722 3063 6572 6 855
857 0 2710 3071 6556 10.6491 856
858 0 2698 3079 6544 3.65685 857
859 0 2690 3087 6544 3.65685 858
860 0 2686 3091 6544 3.65685 859
861 0 2682 3095 6540 3.65685 860
862 0 2678 3099 6536 6 861
863 0 2670 3103 6528 6 862
864 0 2662 3111 6520 6 863
865 0 2654 3119 6504 9.31371 864
866 0 2654 3131 6496 9.31371 865
867 0 2638 3143 6480 6 866
868 0 2630 3143 6472 6 867
869 0 2622 3147 6472 3.65685 868
870 0 2618 3151 6468 6 869
871 0 2618 3167 6472 6 870
872 0 2618 3183 6468 6 871
873 0 2614 3199 6464 6 872
874 0 2614 3207 6460 6 873
875 0 2606 3219 6456 9.31371 874
876 0 2594 3239 6440 10.6491 875
877 0 2602 3267 6440 14 876
878 0 2602 3287 6440 10.6491 877
879 0 2602 3303 6436 14 878
880 0 2598 3323 6432 2 879
881 0 2790 3003 6616 6.94427 851
882 0 2790 3003 6624 6.94427 881
883 0 2786 3003 6632 3.65685 882
884 0 2786 3003 6640 3.65685 883
885 0 2786 3003 6644 3.65685 884
886 0 2786 3003 6652 6.94427 885
887 0 2782 2999 6668 6 886
888 0 2774 3011 6684 6.94427 887
889 0 2766 3023 6696 9.31371 888
890 0 2754 3043 6712 6.94427 889
891 0 2750 3055 6720 6 890
892 0 2750 3067 6732 6 891
893 0 2754 3079 6748 6.94427 892
894 0 2754 3083 6756 6.94427 893
895 0 2754 3087 6768 2 894
896 0 2758 3087 6776 6.94427 895
897 0 2758 3087 6792 6 896
898 0 2758 3079 6800 3.65685 897
899 0 2754 3079 6804 2 898
900 0 2810 2999 6568 10 850
901 0 2810 2987 6568 10.6491 900
902 0 2806 2971 6560 18 901
903 0 2834 2975 6512 18 849
904 0 2814 2967 6532 6.94427 903
905 0 2810 2971 6540 6 904
906 0 2814 2967 6544 6 905
907 0 2902 3011 6548 18.3961 849
908 0 2910 3023 6560 9.31371 907
909 0 2910 3023 6572 6 908
910 0 2938 2999 6436 9.31371 846
911 0 2946 2987 6452 6 910
912 0 3094 2891 6052 6 834
913 0 3110 2887 6068 9.31371 912
914 0 3118 2879 6084 6 913
915 0 3122 2879 6096 6 914
916 0 3122 2871 6104 3.65685 915
917 0 3122 2867 6108 2 916
918 0 3178 2835 5944 9.31371 828
919 0 3186 2827 5952 6 918
920 0 3190 2819 5952 6 919
921 0 3186 2883 5880 19.5407 825
922 0 3202 2875 5888 10.6491 921
923 0 3234 2859 5888 9.31371 922
924 0 3262 2855 5888 6.94427 923
925 0 3270 2875 5888 6.94427 924
926 0 3286 2891 5888 6.94427 925
927 0 3294 2899 5888 3.65685 926
928 0 3302 2907 5888 3.65685 927
929 0 3306 2911 5884 2 928
930 0 2830 2943 5636 9.31371 55
931 0 2818 2947 5636 6 930
932 0 2810 2947 5636 6.94427 931
933 0 2794 2935 5628 6 932
934 0 2854 2923 5668 9.31371 54
935 0 2850 2915 5692 6.94427 934
936 0 2854 2903 5712 9.31371 935
937 0 2858 2895 5732 6.94427 936
938 0 2854 2887 5740 9.31371 937
939 0 2850 2883 5748 6 938
940 0 2850 2883 5764 6 939
941 0 2850 2863 5780 10 940
942 0 2850 2851 5788 6 941
943 0 2694 2867 5612 23.2982 50
944 0 2698 2887 5600 18 943
945 0 2738 2839 5652 12.4222 49
946 0 2766 2815 5652 12.4222 945
947 0 2790 2795 5656 9.31371 946
948 0 2814 2779 5656 9.31371 947
949 0 2834 2771 5656 14 948
950 0 2862 2763 5660 10 949
951 0 2882 2759 5656 10 950
952 0 2894 2759 5656 10 951
953 0 2906 2759 5656 6 952
954 0 2922 2755 5652 10 953
955 0 2942 2751 5644 10 954
956 2 2981.52 2747.64 5636 24.3976 955
957 0 3006 2707 5640 6 956
958 0 3010 2699 5640 3.65685 957
959 0 3018 2691 5640 9.31371 958
960 0 3042 2675 5648 9.31371 959
961 0 3050 2667 5648 10 960
962 0 3062 2663 5652 6.94427 961
963 0 3078 2659 5652 10 962
964 0 3102 2655 5656 6 963
965 0 3114 2651 5656 6 964
966 0 3134 2639 5668 6.94427 965
967 0 3142 2635 5672 9.31371 966
968 0 2990 2767 5592 10.6491 956
969 0 2666 2879 5620 32.4093 48
970 0 2674 2911 5620 18 969
971 0 2590 2835 5720 9.31371 47
972 0 2594 2835 5732 6.94427 971
973 0 2602 2843 5740 6 972
974 0 2614 2843 5748 10 973
975 0 2634 2839 5768 9.31371 974
976 0 2638 2835 5780 6 975
977 0 2642 2823 5796 6 976
978 0 2642 2807 5812 6 977
979 0 2650 2791 5828 6 978
980 0 2282 2731 5640 12.4222 44
981 0 2274 2743 5632 14.4924 980
982 0 2270 2787 5632 14.4924 981
983 0 2266 2803 5628 14.9706 982
984 0 2238 2843 5624 12.4222 983
985 0 2206.67 2871.89 5624 10.943 984
986 0 2178 2875 5628 10.6491 985
987 0 2150 2887 5628 10 986
988 0 2130 2879 5620 6 987
989 0 2114 2879 5620 6 988
990 0 2106 2879 5620 6.94427 989
991 0 2094 2875 5612 6.94427 990
992 0 2078 2871 5596 10.6491 991
993 0 2050 2883 5568 18 992
994 0 2062 2891 5552 6.94427 993
995 0 2070 2899 5544 6 994
996 0 2078 2907 5536 9.31371 995
997 0 2090 2911 5520 9.31371 996
998 0 2090 2927 5500 2 997
999 0 2086 2935 5492 6 998
1000 0 2082 2943 5480 6 999
1001 0 2078 2947 5460 6.94427 1000
1002 0 2074 2951 5444 6 1001
1003 0 2074 2955 5428 6 1002
1004 0 2078 2959 5420 6 1003
1005 0 2082 2959 5408 3.65685 1004
1006 0 2094 2963 5396 9.31371 1005
1007 0 2114 2959 5384 10 1006
1008 0 2126 2955 5380 10 1007
1009 0 2146 2959 5380 6 1008
1010 0 2162 2963 5376 6 1009
1011 0 2170 2963 5376 6 1010
1012 0 2178 2963 5372 2 1011
1013 0 2182 2963 5372 2 1012
1014 0 2190 2959 5364 6 1013
1015 0 2190 2959 5356 6 1014
1016 0 2202 2955 5348 6 1015
1017 0 2210 2951 5336 6 1016
1018 0 2210 2951 5328 6 1017
1019 0 2218 2963 5316 3.65685 1018
1020 0 2222 2963 5304 6 1019
1021 0 2238 2971 5288 10 1020
1022 0 2270 2963 5268 9.31371 1021
1023 0 2290 2963 5260 6 1022
1024 0 2298 2963 5252 6 1023
1025 0 2078 2963 5380 6 1006
1026 0 2078 2963 5368 6 1025
1027 0 2070 2963 5348 6 1026
1028 0 2070 2967 5336 6 1027
1029 0 2066 2975 5328 9.31371 1028
1030 0 2062 2991 5312 3.65685 1029
1031 0 2058 2995 5312 2 1030
1032 2 2021.12 2908.27 5568 29.7208 993
1033 0 1974 2911 5552 22 1032
1034 0 1946 2947 5528 14.9706 1033
1035 0 1922 2967 5516 6.94427 1034
1036 0 1906 2975 5504 9.31371 1035
1037 0 1890 2991 5496 9.31371 1036
1038 0 1870 3011 5488 12.4222 1037
1039 0 1858 3023 5476 15.8885 1038
1040 0 1842 3023 5472 10.6491 1039
1041 0 1830 3031 5460 10.6491 1040
1042 0 1822 3055 5460 9.31371 1041
1043 0 1814 3075 5460 6.94427 1042
1044 0 1810 3083 5464 9.31371 1043
1045 0 1798 3099 5464 6.94427 1044
1046 0 1798 3107 5464 6 1045
1047 0 1798 3115 5464 2 1046
1048 0 1798 3119 5464 2 1047
1049 2 2002.56 2912.32 5593.81 33.6756 1032
1050 0 1958 2915 5612 22.3311 1049
1051 0 1926 2915 5632 6 1050
1052 0 1914 2915 5644 6 1051
1053 0 1906 2923 5652 6.94427 1052
1054 0 1898 2927 5660 9.31371 1053
1055 0 1886 2931 5668 6 1054
1056 0 1870 2931 5676 6 1055
1057 0 1858 2935 5680 9.31371 1056
1058 0 1842 2935 5688 6 1057
1059 0 1834 2935 5700 9.31371 1058
1060 0 1826 2935 5708 6.94427 1059
1061 0 1814 2943 5716 9.31371 1060
1062 0 1802 2967 5736 6.94427 1061
1063 0 1790 2983 5752 6.94427 1062
1064 0 1786 2991 5760 6.94427 1063
1065 0 2054 2923 5612 6 1049
1066 0 2062 2923 5612 6 1065
1067 0 2066 2927 5616 2 1066
1068 0 2070 2927 5620 3.65685 1067
1069 0 2074 2927 5624 3.65685 1068
1070 0 2074 2923 5632 6.94427 1069
1071 0 2206 2895 5612 9.31371 985
1072 0 2198 2907 5608 12.4222 1071
1073 0 2166 2923 5600 6 1072
1074 0 2146 2927 5600 6.94427 1073
1075 0 2138 2931 5604 3.65685 1074
1076 0 2134 2931 5604 2 1075
1077 0 2130 2931 5604 2 1076
1078 0 2282 2815 5608 6 983
1079 0 2286 2823 5600 6 1078
1080 0 2294 2831 5588 6.94427 1079
1081 0 2294 2835 5580 6 1080
1082 0 2298 2839 5576 2 1081
1083 0 2302 2839 5572 2 1082
1084 0 2290 2735 5596 6.94427 981
1085 0 2294 2731 5584 6 1084
1086 0 2294 2719 5568 6 1085
1087 0 2290 2711 5556 6 1086
1088 0 2286 2703 5548 6 1087
1089 0 2286 2695 5540 3.65685 1088
1090 0 2286 2691 5536 2 1089
1091 0 2050 2159 5612 6 34
1092 0 2050 2151 5600 6 1091
1093 0 2058 2151 5592 6 1092
1094 0 2118 2183 5796 14.9706 32
1095 0 2158 2207 5796 9.31371 1094
1096 0 2186 2227 5804 14.9706 1095
1097 0 2226 2243 5808 10.6491 1096
1098 0 2262 2251 5816 18 1097
1099 2 2306 2251 5816 25.3209 1098
1100 0 2382 2251 5812 34 1099
1101 0 2430 2223 5844 12.4222 1100
1102 0 2446 2207 5844 18 1101
1103 0 2462 2199 5848 9.31371 1102
1104 0 2322 2263 5852 18 1099
1105 0 2350 2259 5864 21.3238 1104
1106 0 2362 2223 5856 6.94427 1105
1107 0 2354 2219 5852 3.65685 1106
1108 0 2350 2219 5852 2 1107
1109 0 2078 2139 5884 6 30
1110 0 2090 2131 5888 6 1109
1111 0 2102 2131 5892 6 1110
1112 0 2114 2119 5900 6 1111
1113 0 2118 2115 5904 3.65685 1112
1114 0 2122 2111 5908 6 1113
1115 0 2130 2095 5908 6.94427 1114
1116 0 2138 2079 5916 6.94427 1115
1117 0 2146 2071 5920 6 1116
1118 0 2150 2067 5924 3.65685 1117
1119 0 2154 2063 5924 3.65685 1118
1120 0 2158 2059 5928 3.65685 1119
1121 0 2166 2055 5928 3.65685 1120
1122 0 2170 2051 5932 3.65685 1121
1123 0 2174 2047 5932 2 1122
1124 0 2038 2151 5972 9.31371 29
1125 0 2042 2155 5980 6 1124
1126 0 2038 2163 5988 6.94427 1125
1127 0 2034 2163 5996 6.94427 1126
1128 0 2026 2163 5992 2 1127
1129 0 2022 2163 5992 2 1128
1130 0 1994 2151 6032 10 28
1131 0 2002 2159 6028 6 1130
1132 0 2010 2163 6032 3.65685 1131
1133 0 2014 2163 6032 2 1132
1134 0 1902 2103 6008 10.6491 27
1135 0 1894 2095 6000 6 1134
1136 0 1974 2067 6312 10.6491 23
1137 0 1978 2079 6316 6 1136
1138 0 1986 2091 6320 6.94427 1137
1139 0 1994 2099 6312 3.65685 1138
1140 0 1998 2103 6308 2 1139
1141 0 2010 2031 6300 6.94427 22
1142 0 2030 2027 6300 6 1141
1143 0 2042 2023 6300 9.31371 1142
1144 0 2058 2003 6304 6 1143
1145 0 2058 1991 6304 6 1144
1146 0 2058 1975 6304 6 1145
1147 0 2058 1967 6304 3.65685 1146
1148 0 2062 1963 6308 2 1147
1149 0 2062 1959 6308 2 1148
1150 0 2062 1955 6312 2 1149
1151 0 1970 1975 6760 29.241 15
1152 0 1946 1959 6768 10.6491 1151
1153 0 1934 1955 6768 6 1152
1154 0 2054 1995 7168 26 10
1155 0 2098 1983 7172 9.31371 1154
1156 0 2086 1951 7140 22 9
1157 0 2102 1935 7136 9.31371 1156
1158 0 2114 1931 7136 6 1157
1159 0 2122 1931 7136 6 1158
1160 0 2030 1923 7324 6.94427 7
1161 0 2022 1923 7328 6 1160
1162 0 2014 1919 7324 3.65685 1161
1163 0 2014 1915 7320 2 1162
1164 0 3942 2559 6104 6 -1
1165 0 3942 2547 6104 9.31371 1164
1166 0 3934 2543 6096 9.31371 1165
1167 0 3922 2531 6092 6 1166
1168 0 3914 2515 6084 6 1167
1169 0 3914 2503 6076 2 1168
1170 0 3914 2499 6076 2 1169
1171 0 3914 2491 6076 6 1170
1172 0 3910 2471 6072 6.94427 1171
1173 0 3906 2447 6068 9.31371 1172
1174 0 3906 2435 6068 10.6491 1173
1175 0 3898 2419 6048 6 1174
1176 0 3898 2399 6036 10 1175
1177 0 3946.17 2334.01 6018.61 33.0918 1176
1178 0 4006 2303 6000 14 1177
1179 0 4038 2299 5988 6 1178
1180 0 4054 2299 5976 10 1179
1181 0 4066 2303 5972 12.4222 1180
1182 0 4086 2303 5960 10 1181
1183 2 4105.27 2295.73 5954.18 14.9576 1182
1184 2 4113.52 2287.48 5952.12 17.831 1183
1185 0 4130 2255 5968 24.8328 1184
1186 0 4150 2211 5964 14.4924 1185
1187 0 4170 2191 5956 12.4222 1186
1188 0 4194 2167 5940 12.4222 1187
1189 0 4214 2151 5916 14 1188
1190 0 4230 2135 5900 12.4222 1189
1191 0 4250 2119 5896 12.4222 1190
1192 0 4274 2095 5892 12.4222 1191
1193 0 4290 2071 5896 12.4222 1192
1194 0 4310 2035 5892 19.5407 1193
1195 0 4326 2047 5876 9.31371 1194
1196 0 4346 2063 5860 9.31371 1195
1197 0 4377.76 2067 5843.06 11.8523 1196
1198 0 4390 2067 5840 10 1197
1199 0 4418 2071 5840 15.8885 1198
1200 2 4480.14 2067.65 5839.35 33.8348 1199
1201 0 4554 2039 5856 12.4222 1200
1202 0 4586 2023 5864 20.6274 1201
1203 0 4650 1999 5868 38 1202
1204 0 4710 2015 5880 14.4924 1203
1205 0 4742 2019 5880 10 1204
1206 0 4770 2023 5880 14 1205
1207 0 4802 2027 5896 14 1206
1208 0 4834 2039 5900 10.6491 1207
1209 0 4862 2051 5900 14.4924 1208
1210 0 4894 2059 5896 12.4222 1209
1211 0 4914 2063 5884 10 1210
1212 0 4942 2067 5876 10 1211
1213 0 4954 2067 5872 12.4222 1212
1214 0 4454 2083 5868 10 1200
1215 0 4446 2091 5880 6 1214
1216 0 4442 2087 5888 6 1215
1217 0 4446 2091 5896 6 1216
1218 0 4454 2099 5904 9.31371 1217
1219 0 4450 2119 5920 6 1218
1220 0 4450 2127 5928 6.94427 1219
1221 0 4458 2135 5936 6.94427 1220
1222 0 4462 2147 5928 2 1221
1223 0 4462 2151 5924 3.65685 1222
1224 0 4462 2155 5916 6 1223
1225 0 4458 2159 5912 6 1224
1226 0 4458 2159 5904 6.94427 1225
1227 0 4458 2167 5896 6 1226
1228 0 4458 2175 5888 9.31371 1227
1229 0 4466 2183 5880 6 1228
1230 0 4466 2183 5872 6 1229
1231 0 4370 2063 5820 6.94427 1197
1232 0 4370 2055 5796 6.94427 1231
1233 0 4374 2047 5780 9.31371 1232
1234 0 4374 2031 5752 9.31371 1233
1235 0 4374 2023 5744 6 1234
1236 0 4378 2019 5736 9.31371 1235
1237 0 4382 2007 5720 9.31371 1236
1238 0 4394 1991 5704 6 1237
1239 0 4406 1987 5692 6 1238
1240 0 4422 2003 5688 9.31371 1239
1241 0 4430 2011 5680 9.31371 1240
1242 0 4442 2011 5676 6 1241
1243 0 4450 2011 5668 6 1242
1244 0 4450 2015 5652 6 1243
1245 0 4446 2011 5644 6 1244
1246 0 4450 2007 5640 6 1245
1247 0 4450 2003 5624 6 1246
1248 0 4450 1991 5612 6.94427 1247
1249 0 4446 1983 5604 6.94427 1248
1250 0 4446 1967 5600 6 1249
1251 0 4446 1951 5592 9.31371 1250
1252 0 4434 1951 5580 6 1251
1253 0 4434 1935 5564 6 1252
1254 0 4442 1915 5544 6.94427 1253
1255 0 4446 1907 5536 6 1254
1256 0 4450 1903 5532 3.65685 1255
1257 0 4454 1899 5528 6 1256
1258 0 4458 1895 5512 6.94427 1257
1259 0 4462 1891 5504 6.94427 1258
1260 0 4466 1883 5500 2 1259
1261 0 4466 1879 5500 2 1260
1262 0 4422 2023 5668 6.94427 1241
1263 0 4426 2031 5648 6.94427 1262
1264 0 4318 1991 5904 14 1194
1265 0 4310 1959 5904 14.9706 1264
1266 0 4286 1935 5904 15.8885 1265
1267 0 4258 1899 5888 14.4924 1266
1268 0 4246 1883 5884 9.31371 1267
1269 0 4230 1863 5876 9.31371 1268
1270 0 4222 1843 5876 10 1269
1271 0 4218 1831 5868 14.4924 1270
1272 0 4202 1795 5848 10.6491 1271
1273 0 4194 1787 5844 6 1272
1274 0 4118 2291 5924 9.31371 1184
1275 0 4122 2283 5916 10.6491 1274
1276 0 4122 2275 5904 6 1275
1277 0 4118 2267 5896 9.31371 1276
1278 0 4122 2255 5880 6 1277
1279 0 4130 2255 5868 6 1278
1280 0 4134 2255 5860 3.65685 1279
1281 0 4146 2263 5852 6.94427 1280
1282 0 4158 2263 5840 6 1281
1283 0 4166 2267 5832 6 1282
1284 0 4178 2267 5816 6.94427 1283
1285 0 4178 2263 5796 6 1284
1286 0 4178 2259 5780 6 1285
1287 0 4174 2259 5768 6 1286
1288 0 4174 2259 5760 6 1287
1289 0 4166 2263 5748 6.94427 1288
1290 0 4154 2259 5736 9.31371 1289
1291 0 4154 2251 5728 6 1290
1292 0 4114 2319 5936 10.6491 1183
1293 0 4122 2339 5932 9.31371 1292
1294 0 4134 2355 5928 9.31371 1293
1295 0 4146 2379 5920 14.9706 1294
1296 0 4174 2411 5904 22.3311 1295
1297 0 4202 2431 5892 34 1296
1298 0 4242 2431 5876 30 1297
1299 0 4266 2455 5876 18 1298
1300 0 4278 2471 5892 15.8885 1299
1301 0 4294 2475 5892 6 1300
1302 0 4214 2415 5840 18 1298
1303 0 4206 2395 5840 2 1302
1304 0 4206 2391 5840 2 1303
1305 0 3946 2335 6068 15.8885 1177
1306 0 3930 2327 6092 9.31371 1305
1307 0 3914 2339 6116 9.31371 1306
1308 0 3902 2347 6120 10 1307
1309 0 3886 2343 6132 3.65685 1308
1310 0 3882 2343 6132 2 1309
