# Generated by NeuTu (https://github.com/janelia-flyem/NeuTu)
1 0 3397 3628 4358 2 -1
2 0 3401 3624 4358 3.65685 1
3 0 3405 3620 4358 3.65685 2
4 0 3409 3620 4362 3.65685 3
5 0 3413 3620 4362 2 4
6 0 3425 3620 4362 6.94427 5
7 0 3445 3620 4362 6 6
8 0 3453 3620 4362 6.94427 7
9 0 3469 3632 4362 6 8
10 0 3485 3640 4366 6 9
11 0 3501 3644 4362 6 10
12 0 3517 3644 4362 6 11
13 0 3537 3640 4354 6 12
14 0 3545 3640 4354 6 13
15 0 3557 3636 4346 6.94427 14
16 0 3569 3640 4342 10 15
17 0 3589 3640 4338 6 16
18 0 3605 3644 4342 6 17
19 0 3621 3640 4342 6 18
20 0 3633 3644 4342 6 19
21 0 3649 3648 4342 6 20
22 0 3657 3648 4334 6 21
23 0 3653 3648 4314 6 22
24 0 3645 3644 4306 6 23
25 0 3637 3636 4294 6.94427 24
26 0 3641 3616 4282 6.94427 25
27 0 3645 3596 4274 6 26
28 0 3645 3580 4270 6 27
29 0 3645 3572 4270 3.65685 28
30 0 3657 3540 4266 9.31371 29
31 0 3665 3520 4266 9.31371 30
32 0 3669 3504 4266 6 31
33 0 3669 3496 4266 6 32
34 0 3673 3492 4270 6 33
35 0 3661 3664 4338 6 22
36 0 3649 3676 4338 6 35
37 0 3653 3692 4338 6.94427 36
38 0 3657 3704 4338 6.94427 37
39 0 3665 3708 4338 6 38
40 0 3677 3712 4338 9.31371 39
41 0 3685 3716 4342 6 40
42 0 3681 3672 4342 6 35
43 0 3697 3684 4350 6.94427 42
44 0 3705 3696 4358 2 43
