# Generated by NeuTu (https://github.com/janelia-flyem/NeuTu)
1 0 3912 3654 4569 2 -1
2 0 3908 3658 4569 3.65685 1
3 0 3908 3666 4565 6 2
4 0 3904 3674 4561 6 3
5 0 3908 3682 4553 9.31371 4
6 0 3916 3694 4541 10 5
7 0 3916 3710 4541 12.4222 6
8 0 3936 3734 4529 6.94427 7
9 0 3948 3754 4525 9.31371 8
10 0 3960 3782 4517 14.4924 9
11 2 3946.94 3805.04 4509.92 20.4914 10
12 2 3899.21 3821.29 4474.43 33.0464 11
13 0 3860 3826 4473 15.8885 12
14 0 3828 3830 4469 9.31371 13
15 0 3804 3842 4465 9.31371 14
16 0 3788 3850 4457 9.31371 15
17 0 3776 3862 4445 6.94427 16
18 0 3756 3866 4429 14 17
19 0 3690.54 3864.79 4418.21 31.9716 18
20 2 3683.06 3863.12 4419.88 29.1919 19
21 2 3661.42 3858.31 4424.69 21.1533 20
22 0 3624 3814 4433 10 21
23 0 3616 3806 4425 6.94427 22
24 0 3604 3798 4425 6 23
25 0 3600 3794 4421 6 24
26 0 3596 3790 4417 3.65685 25
27 0 3588 3790 4413 6 26
28 0 3580 3786 4409 6 27
29 0 3580 3778 4401 6 28
30 0 3576 3774 4389 10 29
31 0 3564 3774 4385 10.6491 30
32 0 3548 3770 4385 6.94427 31
33 0 3536 3762 4389 6.94427 32
34 0 3528 3754 4389 6.94427 33
35 0 3520 3754 4389 6.94427 34
36 0 3504 3742 4405 6.94427 35
37 0 3488 3738 4405 6 36
38 0 3476 3730 4409 6.94427 37
39 0 3456 3726 4413 6 38
40 0 3440 3722 4413 6 39
41 0 3684 3878 4441 23.2982 21
42 0 3696 3898 4457 10 41
43 0 3700 3918 4461 6 42
44 0 3700 3934 4461 6 43
45 0 3700 3954 4469 6 44
46 0 3700 3962 4477 3.65685 45
47 0 3704 3966 4477 2 46
48 0 3704 3970 4477 2 47
49 0 3692 3862 4377 18 20
50 0 3684 3850 4365 6 49
51 0 3684 3842 4349 6 50
52 0 3676 3834 4385 12.4222 19
53 0 3672 3818 4369 6.94427 52
54 0 3672 3814 4361 3.65685 53
55 0 3668 3814 4357 2 54
56 0 3908 3790 4461 9.31371 12
57 0 3912 3778 4457 6 56
58 0 3912 3762 4453 6 57
59 0 3912 3754 4445 9.31371 58
60 0 3912 3734 4437 6 59
61 0 3904 3706 4445 6.94427 60
62 0 3896 3694 4445 6 61
63 0 3884 3682 4449 6.94427 62
64 0 3872 3678 4461 6 63
65 0 3864 3674 4461 3.65685 64
66 0 3860 3670 4457 2 65
67 0 3972 3834 4513 6.94427 11
68 0 3984 3846 4517 6.94427 67
69 0 4000 3862 4521 9.31371 68
70 0 4012 3870 4533 6.94427 69
71 0 4028 3882 4545 6 70
72 0 4036 3890 4545 3.65685 71
73 0 4036 3894 4541 2 72
