# Generated by NeuTu (https://github.com/janelia-flyem/NeuTu)
1 0 4135 2345 1860 2 -1
2 0 4139 2345 1860 2 1
3 0 4147 2345 1860 6 2
4 0 4167 2337 1860 12.4222 3
5 0 4183 2341 1868 12.4222 4
6 0 4203 2345 1868 6 5
7 0 4246.59 2349.97 1868 16.8195 6
8 0 4275 2329 1872 18 7
9 0 4307.44 2304.02 1881.96 20.1203 8
10 0 4339 2305 1904 6 9
11 0 4355 2313 1904 6.94427 10
12 0 4371 2325 1908 6.94427 11
13 0 4387 2337 1904 9.31371 12
14 0 4395 2349 1896 3.65685 13
15 0 4395 2353 1892 2 14
16 0 4331 2277 1876 6.94427 9
17 0 4347 2273 1876 6 16
18 0 4351 2277 1872 2 17
19 0 4355 2281 1868 2 18
20 0 4243 2389 1872 18 7
21 0 4251 2417 1880 6.94427 20
22 0 4251 2425 1880 6 21
23 0 4255 2437 1880 9.31371 22
24 0 4247 2457 1880 3.65685 23
25 0 4247 2461 1880 2 24
