# Generated by NeuTu (https://github.com/janelia-flyem/NeuTu)
1 0 3438 3983 4387 2 -1
2 0 3434 3983 4383 2 1
3 0 3426 3979 4379 6 2
4 0 3418 3979 4379 2 3
5 0 3414 3979 4379 2 4
6 0 3406 3967 4375 10 5
7 0 3394 3943 4375 9.31371 6
8 0 3390 3923 4387 6 7
9 0 3390 3907 4399 6 8
10 0 3394 3891 4411 6 9
11 0 3402 3883 4419 6 10
12 0 3406 3879 4423 3.65685 11
13 0 3406 3879 4427 3.65685 12
14 0 3406 3879 4431 2 13
15 0 3406 3879 4435 3.65685 14
16 0 3406 3879 4439 3.65685 15
17 0 3394 3883 4451 10 16
18 0 3382 3883 4455 3.65685 17
19 0 3378 3879 4455 2 18
