# Generated by NeuTu (https://github.com/janelia-flyem/NeuTu)
1 0 3390 3605 4475 6 -1
2 0 3390 3597 4475 6.94427 1
3 0 3398 3581 4487 9.31371 2
4 0 3406 3569 4499 6.94427 3
5 0 3422 3557 4519 14 4
6 0 3442 3537 4539 9.31371 5
7 0 3454 3533 4547 6 6
8 0 3470 3533 4559 6.94427 7
9 0 3478 3525 4567 6 8
10 0 3486 3517 4583 6.94427 9
11 0 3490 3509 4595 9.31371 10
12 0 3490 3501 4603 6.94427 11
13 0 3502 3481 4623 9.31371 12
14 0 3514.44 3470.78 4639.44 7.77778 13
15 0 3522 3473 4647 6 14
16 0 3518 3485 4659 6.94427 15
17 0 3510 3493 4667 6 16
18 0 3498 3497 4679 6 17
19 0 3494 3497 4687 6 18
20 0 3486 3505 4695 6.94427 19
21 0 3482 3505 4703 6.94427 20
22 0 3518 3445 4639 9.31371 14
23 0 3522 3433 4643 10 22
24 0 3522 3413 4639 3.65685 23
25 0 3518 3409 4635 2 24
