# Generated by NeuTu (https://github.com/janelia-flyem/NeuTu)
1 0 4021 2040 4433 2 -1
2 0 4017 2040 4429 3.65685 1
3 0 4009 2036 4421 9.31371 2
4 0 3993 2040 4409 9.31371 3
5 0 3981 2052 4397 6.94427 4
6 2 3963.62 2052 4398.08 10.1748 5
7 0 3937 2048 4409 12.4222 6
8 0 3933 2040 4421 6 7
9 0 3933 2036 4437 6 8
10 0 3925 2032 4445 6.94427 9
11 0 3937 2024 4461 6 10
12 0 3941 2020 4465 3.65685 11
13 0 3949 2012 4465 3.65685 12
14 0 3953 2004 4469 6 13
15 0 3957 1996 4469 6 14
16 0 3957 1992 4461 2 15
17 0 3961 1988 4457 3.65685 16
18 0 3961 1988 4453 2 17
19 0 3961 1988 4449 2 18
20 0 3961 1988 4445 2 19
21 0 3969 1988 4437 6 20
22 0 3977 1984 4433 2 21
23 0 3981 1984 4433 2 22
24 0 3985 1984 4433 2 23
25 0 3961 2052 4377 6.94427 6
26 0 3953 2060 4377 6 25
27 0 3949 2068 4373 2 26
28 0 3949 2072 4361 9.31371 27
29 0 3953 2076 4349 3.65685 28
30 0 3957 2076 4345 2 29
