# Generated by NeuTu (https://github.com/janelia-flyem/NeuTu)
1 0 3846 1984 4427 2 -1
2 0 3850 1984 4427 2 1
3 0 3854 1984 4427 2 2
4 0 3858 1988 4427 3.65685 3
5 0 3874 2000 4419 9.31371 4
6 0 3890 2024 4423 6.94427 5
7 0 3906 2044 4423 9.31371 6
8 0 3926 2068 4423 10 7
9 0 3934 2076 4423 6.94427 8
10 0 3946 2088 4427 9.31371 9
11 2 3973.11 2115.11 4442.56 22.8356 10
12 2 3990.49 2129.19 4429.81 26.2223 11
13 0 4054 2140 4423 6.94427 12
14 0 4066 2140 4423 10 13
15 0 4094 2144 4415 10 14
16 0 4114 2152 4407 9.31371 15
17 0 4134 2156 4391 10.6491 16
18 0 4142 2156 4375 9.31371 17
19 0 4146 2152 4351 6.94427 18
20 0 4150 2148 4335 6.94427 19
21 0 4166 2160 4315 6.94427 20
22 0 4178 2168 4311 14 21
23 0 4206 2176 4307 6.94427 22
24 0 4214 2180 4303 6 23
25 0 4230 2184 4303 9.31371 24
26 0 4242 2188 4295 6 25
27 0 4258 2192 4287 6.94427 26
28 0 4266 2200 4279 12.4222 27
29 0 4278 2200 4275 6 28
30 0 4286 2200 4275 6 29
31 0 4294 2200 4275 2 30
32 0 4302 2200 4275 6 31
33 0 4310 2208 4275 6.94427 32
34 0 4326 2212 4279 10 33
35 0 4338 2212 4279 6 34
36 0 4358 2212 4279 6.94427 35
37 0 4374 2228 4275 6 36
38 0 4370 2240 4271 6.94427 37
39 0 4370 2248 4255 6.94427 38
40 0 4374 2248 4247 6.94427 39
41 0 4366 2244 4231 6 40
42 0 4162 2144 4387 6.94427 18
43 0 4166 2136 4391 3.65685 42
44 0 4174 2128 4395 6.94427 43
45 0 4194 2116 4403 10 44
46 0 4206 2108 4403 9.31371 45
47 0 4218 2100 4395 12.4222 46
48 0 4250 2080 4387 6 47
49 0 4258 2072 4387 3.65685 48
50 0 4266 2064 4387 6 49
51 0 4270 2052 4379 9.31371 50
52 0 4270 2040 4379 6 51
53 0 4270 2020 4375 6.94427 52
54 0 4270 2004 4375 6 53
55 0 4274 1988 4375 6 54
56 0 4214 2104 4423 3.65685 46
57 0 4218 2108 4427 6 56
58 0 4218 2108 4435 6 57
59 0 4226 2112 4447 6 58
60 0 4230 2112 4455 6.94427 59
61 0 4234 2116 4463 3.65685 60
62 0 4238 2120 4467 6 61
63 0 4246 2128 4479 6 62
64 0 4242 2132 4483 3.65685 63
65 0 4238 2136 4487 3.65685 64
66 0 4234 2136 4495 3.65685 65
67 0 4230 2140 4499 3.65685 66
68 0 4226 2140 4499 2 67
69 0 4002 2104 4451 10 12
70 0 4010 2096 4459 10 69
71 0 4010 2080 4467 10 70
72 0 4010 2068 4483 6 71
73 0 4010 2052 4499 6 72
74 0 4010 2036 4507 6 73
75 0 4018 2024 4511 6.94427 74
76 0 4030 2008 4515 9.31371 75
77 0 4034 2004 4527 6.94427 76
78 0 4034 1996 4535 3.65685 77
79 0 4038 1992 4539 2 78
80 0 3954 2108 4423 12.4222 11
81 0 3942 2116 4411 3.65685 80
82 0 3938 2120 4411 3.65685 81
83 0 3926 2128 4423 9.31371 82
84 0 3918 2132 4431 6.94427 83
85 0 3918 2132 4439 3.65685 84
86 0 3914 2136 4443 2 85
