# Generated by NeuTu (https://github.com/janelia-flyem/NeuTu)
1 0 3855 2366 4332 6 -1
2 0 3863 2374 4328 10 1
3 0 3871 2382 4320 6.94427 2
4 0 3879 2390 4316 9.31371 3
5 0 3895 2398 4312 6 4
6 0 3903 2398 4312 6 5
7 0 3923 2406 4304 6 6
8 0 3927 2410 4300 6 7
9 0 3931 2414 4296 3.65685 8
10 0 3935 2422 4296 3.65685 9
11 0 3939 2426 4292 6 10
12 0 3939 2434 4288 6 11
13 0 3943 2442 4288 3.65685 12
14 0 3947 2450 4288 3.65685 13
15 0 3955 2458 4288 6.94427 14
16 0 3963 2470 4288 6 15
17 0 3971 2478 4292 6 16
