# Generated by NeuTu (https://github.com/janelia-flyem/NeuTu)
1 0 4070 2900 4064 6 -1
2 0 4074 2904 4072 6.94427 1
3 0 4066 2916 4084 6 2
4 0 4054 2932 4084 6.94427 3
5 0 4046 2940 4084 3.65685 4
6 0 4042 2944 4084 3.65685 5
7 0 4042 2948 4084 2 6
8 0 4042 2952 4084 3.65685 7
9 0 4038 2956 4080 3.65685 8
10 0 4034 2960 4080 3.65685 9
11 0 4026 2964 4080 6.94427 10
12 0 4010 2972 4084 6.94427 11
13 0 4002 2976 4084 6 12
14 0 3994 2980 4092 2 13
15 0 3990 2980 4092 2 14
16 0 3986 2980 4096 2 15
17 0 3982 2980 4096 2 16
18 0 3978 2980 4096 2 17
19 0 3974 2980 4096 2 18
20 0 3970 2980 4096 2 19
