# Generated by NeuTu (https://github.com/janelia-flyem/NeuTu)
1 0 3902 2608 4090 6.94427 -1
2 0 3906 2600 4106 10 1
3 0 3902 2596 4126 10 2
4 0 3894 2584 4138 6.94427 3
5 0 3878 2576 4150 6 4
6 0 3866 2568 4162 6.94427 5
7 0 3854 2560 4174 6 6
8 0 3838 2548 4186 9.31371 7
9 0 3822 2532 4198 9.31371 8
10 0 3818 2520 4202 6 9
11 0 3818 2516 4210 3.65685 10
12 0 3814 2512 4218 6 11
13 0 3810 2504 4230 6 12
14 0 3806 2500 4246 9.31371 13
15 0 3798 2496 4266 9.31371 14
16 0 3790 2496 4274 6.94427 15
17 0 3786 2488 4286 6 16
18 0 3786 2488 4294 6 17
19 0 3782 2484 4298 2 18
20 0 3782 2484 4302 2 19
