# Generated by NeuTu (https://github.com/janelia-flyem/NeuTu)
1 0 3822 2804 4227 2 -1
2 0 3822 2804 4231 2 1
3 0 3822 2804 4235 2 2
4 0 3818 2804 4243 6 3
5 0 3814 2800 4247 6 4
6 0 3814 2800 4255 6 5
7 0 3802 2796 4267 6 6
8 0 3794 2784 4283 14 7
9 0 3774 2788 4303 10 8
10 0 3758 2796 4319 6 9
11 0 3746 2796 4331 6 10
12 0 3734 2792 4331 2 11
13 0 3730 2792 4331 2 12
14 0 3726 2792 4331 3.65685 13
15 0 3718 2800 4331 3.65685 14
16 0 3714 2808 4331 6 15
17 0 3714 2824 4335 6 16
18 0 3706 2836 4335 2 17
19 0 3706 2840 4335 2 18
20 0 3706 2844 4335 2 19
21 0 3706 2848 4335 2 20
22 0 3706 2852 4335 2 21
