# Generated by NeuTu (https://github.com/janelia-flyem/NeuTu)
1 0 3710 2563 4386 6 -1
2 0 3718 2563 4394 6 1
3 0 3722 2559 4406 6 2
4 0 3726 2555 4410 6 3
5 0 3730 2551 4414 3.65685 4
6 0 3738 2547 4422 6 5
7 0 3746 2543 4430 9.31371 6
8 0 3758 2543 4438 6 7
9 0 3766 2547 4438 6.94427 8
10 0 3774 2563 4438 14 9
11 0 3766 2591 4442 6 10
12 0 3758 2607 4438 6 11
13 0 3758 2615 4438 6 12
14 0 3754 2619 4434 6 13
15 0 3758 2627 4430 3.65685 14
16 0 3758 2631 4430 2 15
17 0 3758 2635 4430 3.65685 16
18 0 3758 2639 4426 3.65685 17
19 0 3758 2659 4414 9.31371 18
20 0 3758 2667 4406 6 19
21 0 3762 2675 4402 6 20
22 0 3762 2683 4402 2 21
23 0 3762 2687 4402 2 22
24 0 3798 2571 4442 6 10
25 0 3806 2579 4442 3.65685 24
26 0 3810 2587 4442 6 25
27 0 3814 2603 4442 6 26
28 0 3818 2619 4434 6 27
29 0 3822 2635 4430 6 28
30 0 3826 2639 4426 6 29
