# Generated by NeuTu (https://github.com/janelia-flyem/NeuTu)
1 0 3745 2779 4412 2 -1
2 0 3749 2783 4412 3.65685 1
3 0 3753 2787 4412 3.65685 2
4 0 3769 2783 4408 9.31371 3
5 0 3781 2779 4412 6.94427 4
6 0 3793 2775 4412 10 5
7 0 3805 2767 4424 6.94427 6
8 0 3813 2759 4432 6 7
9 0 3836.62 2741.79 4441.21 9.24735 8
10 0 3845 2739 4444 6 9
11 0 3853 2743 4444 3.65685 10
12 0 3861 2751 4448 6 11
13 0 3873 2759 4448 6.94427 12
14 0 3885 2767 4444 6.94427 13
15 0 3893 2775 4444 6.94427 14
16 0 3909 2771 4440 9.31371 15
17 0 3925 2771 4440 6.94427 16
18 0 3937 2767 4440 9.31371 17
19 0 3945 2771 4432 9.31371 18
20 0 3957 2767 4428 6 19
21 0 3973 2759 4424 6 20
22 0 3989 2755 4424 6 21
23 0 4009 2755 4428 6 22
24 0 4021 2759 4436 6 23
25 0 4037 2763 4444 6 24
26 0 4057 2767 4460 6.94427 25
27 0 4061 2783 4480 6 26
28 0 4061 2791 4484 6.94427 27
29 0 4053 2799 4492 6 28
30 0 3833 2723 4452 6 9
31 0 3829 2707 4460 6 30
32 0 3817 2695 4468 6.94427 31
33 0 3801 2683 4472 6.94427 32
34 0 3793 2675 4472 6.94427 33
35 0 3785 2671 4464 6 34
