# Generated by NeuTu (https://github.com/janelia-flyem/NeuTu)
1 0 4032 2841 4574 2 -1
2 0 4028 2841 4570 2 1
3 0 4024 2845 4566 3.65685 2
4 0 4016 2845 4558 6 3
5 0 4012 2841 4542 6 4
6 0 4012 2829 4526 6 5
7 0 4020 2833 4518 6 6
8 0 4028 2833 4510 6.94427 7
9 0 4048 2813 4506 10.6491 8
10 0 4052 2797 4506 6.94427 9
11 0 4060 2785 4506 9.31371 10
12 0 4056 2773 4506 6 11
13 0 4052 2765 4514 6 12
14 0 4048 2765 4522 2 13
15 0 4044 2761 4526 6 14
16 0 4032 2761 4542 6 15
17 0 4016 2753 4546 6 16
18 0 4000 2749 4546 6 17
19 0 3988 2745 4546 6 18
20 0 3980 2737 4546 10 19
21 0 3964 2741 4538 6.94427 20
