# Generated by NeuTu (https://github.com/janelia-flyem/NeuTu)
1 0 3416 3050 1000 14 -1
2 0 3376 3098 1012 34.8782 1
3 0 3352 3166 1052 23.2982 2
4 0 3340 3202 1084 14.4924 3
5 0 3324 3226 1108 15.8885 4
6 0 3288 3230 1144 15.8885 5
7 0 3256 3226 1176 14 6
8 0 3220 3226 1208 14.4924 7
9 0 3188 3222 1232 12.4222 8
10 0 3160 3210 1244 14 9
11 0 3120 3202 1268 22.3311 10
12 0 3072 3214 1296 14.9706 11
13 0 3042.84 3234.76 1324.21 31.1273 12
14 2 3014.89 3237.09 1361.48 63.1759 13
15 0 3004 3238 1376 75.666 14
16 2 2966.36 3226.42 1390.48 63.7431 15
17 0 2900 3206 1416 42.7214 16
18 0 2852 3262 1424 14.9706 17
19 0 2832 3278 1424 21.3238 18
20 0 2808 3286 1424 18 19
21 0 2772 3314 1456 22 20
22 0 2728 3322 1464 44.8188 21
23 0 2732 3254 1468 14.9706 22
24 0 2752 3226 1472 12.4222 23
25 0 2756 3214 1476 10 24
26 0 2768 3178 1484 14.4924 25
27 0 2776 3158 1492 14.9706 26
28 2 2784 3135.6 1528.8 14.1941 27
29 0 2788 3114 1552 18 28
30 0 2784 3054 1556 14 29
31 0 2788 3022 1556 14.4924 30
32 0 2788 2990 1556 14 31
33 0 2792 2958 1556 14 32
34 0 2800 2914 1564 22.3311 33
35 2 2800 2886 1584 27.858 34
36 2 2800 2867 1603 24.9841 35
37 0 2792 2874 1628 10 36
38 0 2788 2886 1644 9.31371 37
39 0 2780 2906 1664 26 38
40 2 2755.4 2961.01 1682.9 38.9748 39
41 2 2755.25 3074.27 1708.27 19.0455 40
42 0 2760 3090 1728 14 41
43 0 2748 3098 1768 15.8885 42
44 0 2736 3118 1808 23.2982 43
45 0 2736 3126 1840 24.8328 44
46 0 2740 3130 1888 12.4222 45
47 0 2736 3138 1916 9.31371 46
48 0 2732 3146 1924 10.6491 47
49 0 2732 3146 1944 10 48
50 0 2732 3150 1960 14 49
51 0 2732 3146 1992 10.6491 50
52 0 2728 3142 2020 10.6491 51
53 0 2728 3138 2044 9.31371 52
54 0 2728 3138 2072 10 53
55 0 2724 3142 2100 10.6491 54
56 0 2724 3150 2136 14.4924 55
57 0 2716 3162 2176 14.4924 56
58 0 2708 3170 2204 12.4222 57
59 0 2704 3174 2232 10.6491 58
60 0 2708 3174 2268 14 59
61 0 2708 3178 2300 10 60
62 0 2708 3178 2324 10 61
63 0 2712 3190 2348 10.6491 62
64 0 2720 3190 2376 10 63
65 0 2724 3186 2400 10 64
66 0 2728 3182 2424 10 65
67 0 2728 3178 2448 9.31371 66
68 0 2724 3174 2472 10.6491 67
69 0 2724 3178 2500 10.6491 68
70 0 2732 3194 2528 9.31371 69
71 0 2736 3210 2544 9.31371 70
72 0 2740 3218 2572 9.31371 71
73 0 2736 3226 2596 9.31371 72
74 0 2736 3234 2620 10.6491 73
75 0 2720 3242 2660 20.6274 74
76 0 2708 3234 2696 38 75
77 0 2696 3282 2744 14.4924 76
78 0 2680 3290 2768 10.6491 77
79 0 2672 3298 2776 9.31371 78
80 0 2672 3306 2788 6 79
81 0 2668 3310 2804 6 80
82 0 2656 3314 2816 6 81
83 0 2656 3314 2832 6 82
84 0 2648 3310 2840 6 83
85 0 2644 3306 2844 6 84
86 0 2644 3306 2852 6 85
87 0 2636 3298 2860 6 86
88 0 2632 3286 2876 6.94427 87
89 0 2624 3270 2892 6 88
90 0 2624 3257.92 2912.08 8.50303 89
91 0 2624 3242 2948 10 90
92 0 2616 3230 2972 9.31371 91
93 0 2608 3226 2996 9.31371 92
94 0 2604 3226 3016 9.31371 93
95 0 2604 3226 3044 9.31371 94
96 0 2600 3222 3068 10 95
97 0 2592 3222 3096 10 96
98 0 2580 3218 3124 9.31371 97
99 0 2572 3222 3148 10.6491 98
100 0 2560 3214 3176 10.6491 99
101 0 2552 3202 3204 10 100
102 0 2552 3190 3240 9.31371 101
103 0 2548 3190 3260 9.31371 102
104 0 2548 3182 3284 10 103
105 0 2548 3174 3308 10 104
106 0 2544 3166 3332 10.6491 105
107 0 2528 3162 3368 9.31371 106
108 0 2524 3162 3392 9.31371 107
109 0 2516 3146 3420 9.31371 108
110 0 2512 3138 3440 10.6491 109
111 0 2508 3122 3460 14 110
112 0 2504 3110 3496 19.5407 111
113 0 2508 3098 3524 29.241 112
114 0 2508 3098 3584 18 113
115 0 2500 3106 3616 9.31371 114
116 0 2492 3106 3636 6 115
117 0 2484 3106 3652 6 116
118 0 2480 3106 3672 6.94427 117
119 0 2480 3106 3680 6.94427 118
120 0 2476 3102 3692 10.6491 119
121 0 2468 3094 3720 12.4222 120
122 0 2452 3082 3752 12.4222 121
123 0 2448 3078 3792 14.9706 122
124 0 2444 3074 3808 10.6491 123
125 0 2444 3058 3848 14 124
126 0 2448 3058 3864 10.6491 125
127 0 2452 3058 3896 12.4222 126
128 2 2448.12 3058 3911.53 10.7013 127
129 0 2448 3058 3924 10.6491 128
130 0 2428 3066 3956 10 129
131 0 2412 3058 3984 10 130
132 0 2412 3046 4008 12.4222 131
133 0 2383.5 3029.83 4082.74 29.8347 132
134 0 2340 3018 4140 14 133
135 0 2320 3018 4164 12.4222 134
136 0 2312 3018 4196 10.6491 135
137 0 2304 3010 4228 12.4222 136
138 0 2292 3006 4252 12.4222 137
139 0 2280 3002 4276 9.31371 138
140 0 2268 2994 4296 9.31371 139
141 0 2260 2990 4320 9.31371 140
142 0 2256 2986 4344 10 141
143 0 2236 2974 4368 12.4222 142
144 0 2224 2958 4392 9.31371 143
145 0 2216 2954 4412 9.31371 144
146 0 2212 2946 4420 6.94427 145
147 0 2204 2938 4436 9.31371 146
148 0 2200 2922 4460 9.31371 147
149 0 2184 2906 4496 15.8885 148
150 0 2180 2886 4524 14 149
151 0 2176 2870 4552 10 150
152 0 2176 2854 4584 10 151
153 0 2172 2834 4612 12.4222 152
154 0 2160 2806 4648 18.3961 153
155 0 2148 2778 4688 22.3311 154
156 0 2148 2762 4752 26 155
157 0 2144 2770 4800 18 156
158 0 2144 2770 4820 10.6491 157
159 0 2148 2778 4844 9.31371 158
160 0 2152 2778 4868 10 159
161 0 2152 2778 4900 10.6491 160
162 0 2140 2778 4924 12.4222 161
163 0 2124 2774 4948 12.4222 162
164 0 2100 2766 4976 12.4222 163
165 0 2084 2754 5004 12.4222 164
166 0 2080 2750 5020 10.6491 165
167 0 2064 2742 5052 14 166
168 2 2049.22 2743.56 5084.68 15.5618 167
169 0 2032 2766 5140 12.4222 168
170 0 2024 2766 5168 12.4222 169
171 0 2020 2758 5196 12.4222 170
172 2 2026 2730 5224 11.9789 171
173 0 2036 2706 5248 18 172
174 0 2056 2686 5284 22.3311 173
175 0 2076 2674 5332 22 174
176 0 2080 2706 5376 14.4924 175
177 0 2088 2734 5408 10.6491 176
178 0 2096 2738 5440 10 177
179 0 2096 2742 5464 9.31371 178
180 0 2092 2742 5488 14 179
181 0 2076 2718 5524 22.3311 180
182 2 2076 2714.29 5568.52 25.7343 181
183 0 2080 2746 5656 14.4924 182
184 0 2084 2746 5688 12.4222 183
185 0 2092 2746 5720 12.4222 184
186 0 2088 2742 5744 10.6491 185
187 0 2080 2742 5768 10.6491 186
188 0 2068 2746 5800 14 187
189 0 2060 2742 5828 14 188
190 0 2052 2742 5856 12.4222 189
191 0 2048 2742 5884 12.4222 190
192 0 2044 2742 5912 10 191
193 0 2044 2742 5936 10 192
194 0 2044 2742 5964 10.6491 193
195 0 2044 2742 5996 10 194
196 0 2044 2742 6020 10.6491 195
197 0 2044 2742 6044 10 196
198 0 2044 2738 6072 12.4222 197
199 0 2044 2738 6100 10.6491 198
200 0 2040 2734 6132 10 199
201 0 2036 2726 6164 10.6491 200
202 0 2036 2722 6196 12.4222 201
203 0 2036 2718 6224 12.4222 202
204 0 2036 2710 6256 12.4222 203
205 0 2032 2698 6292 14.4924 204
206 0 2032 2698 6328 12.4222 205
207 0 2036 2694 6360 12.4222 206
208 0 2036 2686 6388 12.4222 207
209 0 2036 2690 6424 10.6491 208
210 0 2036 2690 6448 10.6491 209
211 0 2036 2686 6484 14 210
212 0 2036 2682 6500 10 211
213 0 2032 2670 6532 14 212
214 0 2028 2670 6564 14.9706 213
215 0 2012 2658 6608 14.9706 214
216 0 2000 2650 6640 15.8885 215
217 0 1984 2634 6688 14 216
218 0 1976 2622 6716 15.8885 217
219 0 1960 2610 6760 18 218
220 0 1940 2594 6816 14 219
221 0 1928 2590 6844 14 220
222 0 1916 2586 6876 14 221
223 0 1904 2590 6904 14.4924 222
224 0 1896 2586 6936 12.4222 223
225 0 1892 2578 6960 12.4222 224
226 0 1884 2570 6984 10 225
227 0 1880 2554 7004 10 226
228 0 1865.87 2519.6 7042.67 18.8217 227
229 2 1848.94 2494.94 7094.59 19.45 228
230 0 1840.88 2465.12 7171.03 27.1553 229
231 0 1844 2462 7196 30.249 230
232 2 1856.53 2464.51 7213.55 21.2498 231
233 0 1884 2466 7260 10 232
234 0 1896 2474 7284 9.31371 233
235 0 1904 2482 7304 10 234
236 0 1908 2490 7328 9.31371 235
237 0 1912 2502 7360 9.31371 236
238 0 1916 2506 7372 10 237
239 0 1932 2514 7420 30 238
240 0 1940 2486 7472 22 239
241 0 1944 2498 7520 20.6274 240
242 0 1956 2522 7548 12.4222 241
243 0 1968 2538 7572 10.6491 242
244 0 1980 2550 7592 10.6491 243
245 0 1996 2558 7608 14.9706 244
246 0 2004 2562 7652 14 245
247 0 2024 2542 7680 14 246
248 0 2052 2526 7700 12.4222 247
249 0 2076 2514 7724 14.4924 248
250 0 2112 2486 7760 28.4631 249
251 0 2152 2438 7788 21.3238 250
252 0 2164 2406 7804 12.4222 251
253 0 2168 2386 7824 14 252
254 0 2168 2354 7840 14 253
255 0 2168 2314 7856 10 254
256 0 2164 2298 7860 14 255
257 0 2164 2258 7860 14 256
258 0 2164 2226 7872 10 257
259 0 2156 2214 7880 6.94427 258
260 0 2156 2190 7884 10 259
261 0 2160 2178 7888 6.94427 260
262 0 2172 2162 7900 9.31371 261
263 0 2192 2150 7900 14 262
264 0 2208 2142 7904 10.6491 263
265 0 2236 2138 7916 14 264
266 2 2262.49 2138 7931.14 15.7869 265
267 0 2312 2146 7932 10 266
268 0 2336 2150 7932 10 267
269 0 2360 2150 7932 14 268
270 0 2404 2134 7924 14.9706 269
271 0 2428 2118 7916 12.4222 270
272 0 2456 2086 7916 12.4222 271
273 0 2484 2054 7920 14.9706 272
274 0 2504 2026 7924 12.4222 273
275 0 2516 2006 7924 10.6491 274
276 0 2532 1970 7928 14 275
277 0 2544 1958 7932 9.31371 276
278 0 2248 2122 7932 9.31371 266
279 0 2228 2134 7952 9.31371 278
280 0 2232 2146 7956 3.65685 279
281 0 2232 2150 7956 3.65685 280
282 0 2236 2154 7960 2 281
283 0 2016 2570 7604 6.94427 245
284 0 2036 2586 7592 6.94427 283
285 0 2044 2586 7588 6 284
286 0 1956 2466 7456 14.4924 240
287 0 1956 2450 7456 6.94427 286
288 0 1964 2430 7456 6.94427 287
289 0 1972 2414 7452 6.94427 288
290 0 1976 2406 7452 6 289
291 0 1984 2394 7452 9.31371 290
292 0 1996 2374 7460 6.94427 291
293 0 2015.2 2336 7471.6 21.8955 292
294 2 2030.8 2323 7479.4 30.3356 293
295 0 2056 2334 7496 29.241 294
296 0 2084 2350 7500 14.4924 295
297 0 2108 2370 7496 10.6491 296
298 0 2132 2390 7488 12.4222 297
299 0 2152 2406 7476 9.31371 298
300 0 2180 2422 7464 10.6491 299
301 0 2204 2438 7448 6.94427 300
302 0 2220 2450 7440 6 301
303 0 2240 2462 7432 6.94427 302
304 0 2260 2478 7428 10.6491 303
305 0 2276 2490 7424 12.4222 304
306 0 2288 2502 7420 6.94427 305
307 2 2310.09 2520.09 7405.27 12.1401 306
308 0 2324 2526 7400 9.31371 307
309 0 2340 2534 7396 10.6491 308
310 0 2372 2530 7388 14.4924 309
311 0 2388 2518 7384 10.6491 310
312 0 2408 2522 7376 3.65685 311
313 0 2412 2522 7376 2 312
314 0 2304 2538 7416 6.94427 307
315 0 2304 2546 7416 6 314
316 0 2304 2558 7416 10.6491 315
317 0 2304 2582 7416 9.31371 316
318 0 2304 2594 7412 6 317
319 0 2300 2606 7412 6 318
320 0 2296 2622 7408 6 319
321 0 2020 2270 7472 6 294
322 0 2028 2258 7476 6 321
323 0 2044 2250 7492 6.94427 322
324 0 2056 2234 7496 6.94427 323
325 0 1988 2306 7468 12.4222 293
326 0 1968 2294 7464 6.94427 325
327 0 1956 2290 7456 10 326
328 0 1948 2278 7456 9.31371 327
329 0 1924 2266 7456 6.94427 328
330 0 1916 2254 7452 6 329
331 0 1948 2298 7444 6 327
332 0 1936 2302 7432 6 331
333 0 1932 2306 7428 6 332
334 2 1944.9 2529.48 7417.42 18.6595 239
335 0 1968 2538 7416 9.31371 334
336 0 1996 2534 7416 12.4222 335
337 0 2016 2534 7404 14 336
338 0 2028 2534 7396 9.31371 337
339 0 2044.58 2534.58 7379.42 10.3817 338
340 0 2052 2542 7372 6.94427 339
341 0 2060 2558 7368 9.31371 340
342 0 2080 2582 7364 22 341
343 2 2102.65 2585.77 7345.13 28.0982 342
344 0 2128 2586 7328 26.2843 343
345 0 2148 2606 7320 12.4222 344
346 0 2164 2630 7316 9.31371 345
347 2 2177.52 2642.76 7315.62 14.0646 346
348 0 2204 2650 7308 10 347
349 0 2228 2650 7300 10.6491 348
350 0 2240 2642 7300 6.94427 349
351 0 2256 2638 7300 6.94427 350
352 0 2268 2638 7300 10.6491 351
353 0 2292 2646 7288 10 352
354 0 2320 2646 7284 10 353
355 0 2336 2646 7276 14 354
356 0 2368 2626 7280 10.6491 355
357 0 2388 2626 7288 12.4222 356
358 0 2420 2626 7304 9.31371 357
359 0 2432 2634 7316 6.94427 358
360 0 2440 2650 7336 10 359
361 0 2452 2666 7352 9.31371 360
362 0 2460 2682 7364 9.31371 361
363 0 2464 2690 7372 6 362
364 0 2468 2706 7384 10 363
365 0 2464 2718 7388 6 364
366 0 2456 2730 7396 6 365
367 0 2452 2738 7408 6.94427 366
368 0 2440 2742 7420 9.31371 367
369 0 2432 2746 7424 6.94427 368
370 0 2424 2754 7432 10.6491 369
371 0 2412 2766 7448 6 370
372 0 2404 2778 7460 9.31371 371
373 0 2388 2786 7480 6.94427 372
374 0 2376 2786 7492 6.94427 373
375 0 2368 2782 7512 6 374
376 0 2360 2774 7536 9.31371 375
377 0 2372 2758 7556 14 376
378 0 2384 2750 7568 18.3961 377
379 0 2428 2766 7568 12.4222 378
380 0 2440 2770 7564 3.65685 379
381 0 2444 2770 7564 2 380
382 0 2452 2682 7344 6 361
383 0 2444 2702 7352 9.31371 382
384 0 2444 2714 7356 6 383
385 0 2440 2730 7372 12.4222 384
386 0 2436 2730 7384 9.31371 385
387 0 2268 2614 7296 10 352
388 0 2280 2594 7292 6 387
389 0 2288 2578 7288 9.31371 388
390 0 2284 2570 7280 6 389
391 0 2284 2554 7268 6.94427 390
392 0 2280 2546 7260 6 391
393 0 2280 2546 7252 6 392
394 0 2164 2666 7312 6 347
395 0 2172 2678 7304 6 394
396 0 2172 2686 7304 6 395
397 0 2172 2694 7296 2 396
398 0 2172 2698 7292 2 397
399 0 2140 2606 7368 9.31371 343
400 0 2148 2610 7372 3.65685 399
401 0 2156 2606 7372 3.65685 400
402 0 2160 2606 7372 2 401
403 0 2064 2514 7372 9.31371 339
404 0 2076 2498 7368 6 403
405 0 2092 2494 7364 6.94427 404
406 0 2100 2494 7360 6 405
407 0 2104 2486 7352 6 406
408 0 2108 2482 7348 6 407
409 0 1904 2550 7424 19.5407 334
410 0 1864 2574 7420 9.31371 409
411 0 1844 2590 7424 6.94427 410
412 0 1828 2602 7428 9.31371 411
413 0 1820 2610 7432 6.94427 412
414 0 1812 2618 7440 9.31371 413
415 0 1788 2626 7444 10.6491 414
416 0 1776 2630 7444 10.6491 415
417 0 1768 2638 7440 6.94427 416
418 0 1752 2642 7436 6.94427 417
419 0 1744 2650 7436 6.94427 418
420 0 1728 2666 7432 6.94427 419
421 0 1720 2678 7432 12.4222 420
422 0 1704 2678 7432 6.94427 421
423 0 1680 2690 7436 10.6491 422
424 0 1660 2682 7436 10.6491 423
425 0 1636 2670 7424 10.6491 424
426 0 1628 2670 7416 6.94427 425
427 0 1616 2674 7408 9.31371 426
428 0 1596 2670 7404 10 427
429 0 1584 2666 7412 6 428
430 0 1580 2666 7420 3.65685 429
431 0 1576 2662 7424 2 430
432 0 1732 2650 7420 10.6491 419
433 0 1720 2666 7408 6.94427 432
434 0 1716 2674 7400 6 433
435 0 1716 2674 7392 6 434
436 0 1716 2682 7384 6.94427 435
437 0 1712 2694 7376 2 436
438 0 1812 2458 7212 15.8885 232
439 0 1800 2454 7224 9.31371 438
440 0 1784 2462 7240 9.31371 439
441 0 1784 2454 7252 6 440
442 0 1784 2454 7260 3.65685 441
443 0 1784 2454 7264 3.65685 442
444 0 1788 2450 7268 3.65685 443
445 0 1792 2450 7272 3.65685 444
446 0 1796 2458 7280 6 445
447 0 1792 2478 7280 9.31371 446
448 0 1780 2490 7280 10 447
449 0 1780 2506 7284 9.31371 448
450 0 1772 2514 7280 9.31371 449
451 0 1768 2526 7280 6 450
452 0 1764 2542 7276 6 451
453 0 1764 2558 7280 6 452
454 0 1760 2570 7288 6 453
455 0 1760 2578 7296 3.65685 454
456 0 1760 2582 7296 2 455
457 0 1756 2586 7296 3.65685 456
458 0 1756 2594 7300 6 457
459 0 1796 2438 7276 6 445
460 0 1800 2430 7280 9.31371 459
461 0 1800 2410 7276 10 460
462 0 1792 2394 7276 12.4222 461
463 0 1788 2382 7288 9.31371 462
464 0 1776 2374 7292 2 463
465 0 1772 2370 7292 2 464
466 0 1772 2458 7196 18 231
467 0 1740 2450 7204 18 466
468 0 1716 2434 7220 29.241 467
469 2 1696.68 2390.49 7247.32 29.16 468
470 0 1664 2310 7280 14.4924 469
471 0 1652 2278 7280 14 470
472 0 1644 2250 7288 12.4222 471
473 0 1628 2222 7288 14.4924 472
474 0 1612 2206 7288 18 473
475 0 1584 2182 7304 12.4222 474
476 0 1564 2166 7312 12.4222 475
477 0 1556 2154 7324 10 476
478 0 1556 2134 7328 10 477
479 0 1556 2118 7332 14 478
480 0 1552 2106 7344 10 479
481 0 1560 2074 7368 18 480
482 2 1575.54 2057.41 7381.77 20.244 481
483 0 1612 2054 7392 14 482
484 0 1632 2050 7392 18 483
485 0 1668 2030 7396 12.4222 484
486 0 1680 2026 7400 10 485
487 0 1692 2018 7408 14.4924 486
488 0 1720 2002 7428 12.4222 487
489 0 1744 1978 7444 10.6491 488
490 0 1748 1966 7452 14 489
491 0 1752 1954 7460 12.4222 490
492 0 1760 1922 7476 18 491
493 0 1776 1882 7496 14.9706 492
494 0 1772 1846 7508 21.3238 493
495 0 1732 1830 7500 14 494
496 0 1716 1838 7500 9.31371 495
497 0 1704 1854 7500 10.6491 496
498 0 1700 1874 7500 6 497
499 0 1692 1886 7500 2 498
500 0 1552 2010 7404 20.6274 482
501 0 1507.81 1962.52 7433.23 26.2318 500
502 0 1448 1942 7468 12.4222 501
503 0 1428 1922 7468 14.4924 502
504 0 1408 1882 7464 22 503
505 0 1404 1862 7448 18 504
506 0 1392 1842 7448 6 505
507 0 1512 1918 7404 9.31371 501
508 0 1508 1906 7400 9.31371 507
509 0 1512 1898 7396 6 508
510 0 1688 2374 7220 12.4222 469
511 0 1672 2350 7200 10.6491 510
512 0 1664 2338 7200 9.31371 511
513 0 1656 2322 7200 12.4222 512
514 0 1660 2298 7192 10 513
515 0 1668 2274 7184 10 514
516 0 1672 2250 7180 10 515
517 0 1680 2230 7172 9.31371 516
518 0 1688 2210 7172 6.94427 517
519 0 1692 2202 7172 6.94427 518
520 0 1724 2162 7180 30 519
521 0 1780 2162 7180 14 520
522 0 1800 2162 7184 10.6491 521
523 0 1827 2147 7184 10.3153 522
524 0 1848 2122 7172 6.94427 523
525 0 1860 2118 7152 9.31371 524
526 0 1860 2126 7144 6.94427 525
527 0 1844 2150 7144 9.31371 526
528 0 1840 2158 7148 6 527
529 0 1848 2122 7216 10.6491 523
530 0 1856 2114 7224 6.94427 529
531 0 1868 2102 7228 9.31371 530
532 0 1876 2094 7240 6.94427 531
533 0 1884 2082 7248 2 532
534 0 1672 2450 7220 10 468
535 0 1648 2454 7224 10 534
536 0 1628 2458 7228 10 535
537 0 1608 2462 7236 10.6491 536
538 0 1596 2462 7236 6.94427 537
539 0 1580 2462 7244 10 538
540 0 1560 2458 7252 6 539
541 0 1552 2454 7256 9.31371 540
542 0 1528 2446 7260 10 541
543 0 1500 2446 7252 10.6491 542
544 0 1469.88 2446.08 7239.92 14.4948 543
545 0 1444 2482 7240 14 544
546 2 1432.57 2512.86 7236.29 17.8492 545
547 0 1412 2534 7228 6.94427 546
548 0 1404 2546 7220 10 547
549 0 1396 2554 7216 9.31371 548
550 0 1392 2566 7216 3.65685 549
551 0 1388 2570 7212 2 550
552 0 1424 2526 7264 6.94427 546
553 0 1416 2538 7272 6 552
554 0 1412 2554 7284 6 553
555 0 1440 2410 7236 12.4222 544
556 0 1428 2398 7236 9.31371 555
557 2 1420.54 2390.54 7228.54 10.5597 556
558 0 1408 2402 7224 6 557
559 0 1404 2410 7216 9.31371 558
560 0 1396 2414 7208 9.31371 559
561 0 1392 2422 7200 3.65685 560
562 0 1388 2426 7200 2 561
563 0 1388 2430 7200 2 562
564 0 1404 2374 7244 10.6491 557
565 0 1396 2362 7252 9.31371 564
566 0 1392 2350 7252 3.65685 565
567 0 1388 2346 7248 2 566
568 0 1388 2342 7248 2 567
569 0 1796 2462 7168 21.3238 230
570 0 1772 2458 7160 6 569
571 0 1764 2458 7156 3.65685 570
572 0 1760 2462 7152 2 571
573 0 1828 2510 7080 9.31371 229
574 0 1816 2526 7084 6.94427 573
575 0 1804 2542 7084 6.94427 574
576 0 1788 2558 7068 6.94427 575
577 0 1780 2570 7060 9.31371 576
578 0 1776 2590 7056 9.31371 577
579 0 1772 2602 7056 10 578
580 0 1776 2622 7056 6 579
581 0 1776 2630 7056 6 580
582 0 1776 2642 7056 9.31371 581
583 0 1780 2654 7056 6 582
584 0 1780 2670 7056 6 583
585 0 1780 2686 7052 9.31371 584
586 2 1786.4 2705.2 7052 10.3895 585
587 0 1800 2726 7060 10.6491 586
588 0 1808 2734 7064 6.94427 587
589 0 1812 2746 7068 6.94427 588
590 0 1828 2774 7076 18 589
591 0 1840 2794 7088 21.3238 590
592 0 1828 2834 7116 14 591
593 0 1816 2858 7116 9.31371 592
594 0 1812 2870 7116 6 593
595 0 1820 2882 7112 10 594
596 0 1824 2894 7104 3.65685 595
597 0 1824 2898 7104 2 596
598 0 1828 2838 7148 9.31371 592
599 0 1832 2830 7168 3.65685 598
600 0 1836 2826 7172 2 599
601 0 1868 2826 7068 9.31371 591
602 0 1880 2842 7056 6 601
603 0 1772 2706 7032 6 586
604 0 1768 2706 7016 6 603
605 0 1760 2710 7004 6 604
606 0 1756 2714 7000 6 605
607 0 1872 2494 7036 14 228
608 0 1860 2482 7032 6 607
609 0 1860 2474 7028 3.65685 608
610 0 1864 2470 7024 3.65685 609
611 0 1868 2466 7024 2 610
612 0 2084 2638 5548 26.2843 182
613 0 2116 2610 5564 12.4222 612
614 0 2132 2590 5564 15.8885 613
615 0 2144 2578 5556 10.6491 614
616 0 2160 2558 5556 10.6491 615
617 0 2168 2550 5552 10.6491 616
618 2 2186.4 2529.2 5552 18 617
619 0 2216 2486 5556 18.3961 618
620 0 2228 2470 5560 14.4924 619
621 0 2244 2466 5572 10 620
622 0 2260 2446 5588 12.4222 621
623 0 2264 2434 5600 9.31371 622
624 0 2296 2414 5624 12.4222 623
625 0 2312 2406 5644 6 624
626 0 2316 2410 5648 6 625
627 0 2320 2414 5652 3.65685 626
628 0 2324 2418 5656 3.65685 627
629 0 2328 2422 5656 3.65685 628
630 0 2332 2430 5660 6 629
631 0 2332 2438 5660 6 630
632 0 2332 2454 5676 6 631
633 0 2328 2474 5692 9.31371 632
634 0 2324 2490 5700 6.94427 633
635 0 2200 2526 5520 14.9706 618
636 0 2208 2530 5504 6 635
637 0 2212 2526 5500 6 636
638 0 2168 2558 5572 9.31371 616
639 0 2168 2566 5592 9.31371 638
640 0 2168 2578 5600 6.94427 639
641 0 2168 2586 5608 9.31371 640
642 0 2156 2598 5620 6.94427 641
643 0 2148 2606 5624 6.94427 642
644 0 2140 2614 5624 3.65685 643
645 0 2136 2618 5628 6 644
646 0 2128 2630 5636 6.94427 645
647 0 2128 2638 5640 6.94427 646
648 0 2128 2646 5648 2 647
649 0 2128 2650 5648 2 648
650 0 2056 2634 5540 6 612
651 0 2040 2634 5536 9.31371 650
652 0 2020 2638 5528 10 651
653 0 2000 2638 5512 10 652
654 0 1984 2638 5512 6.94427 653
655 0 1976 2630 5508 6 654
656 0 2052 2646 5332 24.8328 175
657 0 2044 2602 5344 10 656
658 0 2048 2562 5344 21.3238 657
659 0 2056 2538 5360 28.4631 658
660 0 2060 2474 5388 14 659
661 0 2064 2458 5396 10.6491 660
662 0 2076 2430 5412 14 661
663 0 2080 2418 5420 10.6491 662
664 0 2084 2398 5424 14 663
665 0 2088 2386 5432 10.6491 664
666 0 2088 2370 5436 12.4222 665
667 0 2088 2346 5444 22.3311 666
668 0 2052 2322 5480 21.3238 667
669 0 2036 2306 5512 12.4222 668
670 0 2028 2282 5532 9.31371 669
671 0 2020 2258 5544 12.4222 670
672 0 2016 2238 5560 23.2982 671
673 0 1984 2214 5576 10.6491 672
674 0 1956 2194 5588 12.4222 673
675 0 1932 2178 5596 9.31371 674
676 0 1920 2174 5600 10.6491 675
677 0 1912 2170 5608 6.94427 676
678 0 1900 2170 5620 9.31371 677
679 0 1880 2166 5636 14.4924 678
680 0 1852 2166 5640 14 679
681 0 1840 2178 5632 3.65685 680
682 0 1836 2178 5628 2 681
683 0 1908 2150 5600 9.31371 677
684 0 1904 2142 5608 6 683
685 0 1900 2130 5620 6.94427 684
686 0 1900 2122 5632 6 685
687 0 2024 2322 5476 10 668
688 0 2016 2330 5472 6 687
689 0 2008 2338 5464 9.31371 688
690 0 2008 2350 5460 6 689
691 0 2000 2370 5452 6 690
692 0 2004 2382 5448 6.94427 691
693 0 2008 2390 5444 9.31371 692
694 0 2016 2406 5432 2 693
695 0 2020 2406 5432 2 694
696 0 2076 2390 5404 6 664
697 0 2068 2390 5396 6.94427 696
698 0 2068 2394 5388 6 697
699 0 2064 2398 5384 3.65685 698
700 0 2064 2402 5380 3.65685 699
701 0 2060 2406 5376 6 700
702 0 2052 2414 5368 6 701
703 0 2044 2422 5368 6 702
704 0 2024 2754 5228 6 172
705 0 2028 2758 5232 2 704
706 0 2028 2762 5236 2 705
707 0 2028 2762 5240 2 706
708 0 2032 2766 5244 3.65685 707
709 0 2032 2762 5252 3.65685 708
710 0 2036 2762 5256 3.65685 709
711 0 2036 2758 5264 6 710
712 0 2040 2754 5272 6 711
713 0 2048 2758 5280 2 712
714 0 2020 2734 5068 6.94427 168
715 0 2004 2726 5068 6.94427 714
716 0 1996 2722 5068 6 715
717 0 1976 2730 5072 9.31371 716
718 0 1956 2750 5064 12.4222 717
719 0 1944 2758 5064 6.94427 718
720 0 1936 2758 5064 6.94427 719
721 0 1928 2766 5060 3.65685 720
722 0 1924 2766 5060 2 721
723 0 2356 3034 4060 9.31371 133
724 0 2344 3030 4060 6 723
725 0 2332 3030 4052 6 724
726 0 2324 3030 4052 6.94427 725
727 0 2304 3010 4044 6.94427 726
728 0 2288 2994 4028 9.31371 727
729 0 2272 2978 4024 9.31371 728
730 0 2252 2966 4020 6.94427 729
731 0 2244 2958 4020 6.94427 730
732 0 2224 2938 4008 12.4222 731
733 0 2204 2906 4008 9.31371 732
734 0 2188 2890 4008 6.94427 733
735 2 2173.52 2871.9 4004.38 20.8656 734
736 2 2154.84 2795.94 4018.32 28.2929 735
737 0 2148 2722 4048 10.6491 736
738 0 2144 2710 4056 6.94427 737
739 0 2140 2686 4060 12.4222 738
740 0 2144 2658 4068 12.4222 739
741 0 2156 2630 4072 9.31371 740
742 0 2164 2614 4072 10 741
743 0 2168 2602 4072 6.94427 742
744 0 2172 2590 4072 6.94427 743
745 0 2180 2558 4076 12.4222 744
746 0 2188 2538 4076 18 745
747 2 2205.32 2502.47 4065.79 12.8853 746
748 0 2216 2486 4060 9.31371 747
749 0 2232 2466 4052 10.6491 748
750 0 2244 2446 4036 10 749
751 0 2264 2418 4008 22 750
752 0 2300 2418 3980 10 751
753 0 2312 2418 3980 6 752
754 0 2328 2410 3968 9.31371 753
755 0 2348 2394 3960 9.31371 754
756 0 2368 2382 3940 6.94427 755
757 0 2380 2374 3932 12.4222 756
758 0 2392 2362 3920 14.4924 757
759 0 2396 2326 3912 10 758
760 0 2376 2310 3896 6 759
761 0 2364 2314 3880 6 760
762 0 2416 2318 3916 3.65685 759
763 0 2424 2314 3920 6 762
764 0 2436 2302 3928 6 763
765 0 2196 2494 4084 6 747
766 0 2192 2490 4088 6 765
767 0 2184 2486 4092 2 766
768 0 2180 2486 4092 2 767
769 0 2176 2486 4092 2 768
770 0 2172 2486 4092 2 769
771 0 2168 2486 4092 2 770
772 0 2124 2806 3988 12.4222 736
773 0 2108 2810 3980 6 772
774 2 2094 2810 3974 8.9188 773
775 0 2084 2810 3964 6.94427 774
776 2 2066.21 2792.21 3952.74 13.9285 775
777 0 2048 2770 3948 23.2982 776
778 2 2018.43 2760.61 3943.3 17.6328 777
779 0 1972 2750 3940 18.3961 778
780 2 1949.58 2753.74 3943.74 14.7492 779
781 0 1900 2762 3976 10 780
782 0 1888 2758 3980 6 781
783 0 1880 2758 3980 6 782
784 0 1872 2758 3988 6 783
785 0 1864 2758 3988 6 784
786 0 1852 2754 3996 6.94427 785
787 0 1844 2754 3992 6.94427 786
788 0 1936 2734 3920 9.31371 780
789 0 1928 2730 3912 6.94427 788
790 0 1920 2722 3912 3.65685 789
791 0 1916 2718 3912 2 790
792 0 2012 2778 3928 6.94427 778
793 0 2016 2778 3920 6.94427 792
794 0 2020 2778 3908 12.4222 793
795 0 2040 2778 3900 10.6491 794
796 0 2060 2746 3932 6 777
797 0 2072 2746 3916 6 796
798 0 2080 2750 3904 6 797
799 0 2088 2754 3908 3.65685 798
800 0 2092 2754 3908 3.65685 799
801 0 2076 2790 3924 9.31371 776
802 0 2088 2786 3904 3.65685 801
803 0 2096 2778 3896 6.94427 802
804 0 2100 2770 3892 9.31371 803
805 0 2096 2758 3888 6.94427 804
806 0 2080 2802 3980 6 774
807 0 2068 2802 3980 6 806
808 0 2056 2806 3996 6.94427 807
809 0 2044 2826 4008 6 808
810 0 2028 2826 4008 6 809
811 0 2024 2834 4016 6.94427 810
812 0 2020 2834 4032 6 811
813 0 2016 2834 4040 3.65685 812
814 0 2020 2838 4044 3.65685 813
815 0 2024 2842 4048 2 814
816 0 2156 2882 3980 9.31371 735
817 0 2148 2882 3972 6 816
818 0 2136 2886 3964 6 817
819 0 2116 2878 3956 6.94427 818
820 0 2100 2862 3948 9.31371 819
821 0 2088 2854 3928 12.4222 820
822 0 2092 2862 3916 6 821
823 0 2092 2870 3908 9.31371 822
824 0 2088 2878 3900 6 823
825 0 2088 2894 3884 6 824
826 0 2092 2906 3872 6 825
827 0 2088 2914 3864 6 826
828 0 2076 2918 3852 6.94427 827
829 0 2064 2930 3840 9.31371 828
830 0 2056 2946 3824 6 829
831 0 2052 2954 3816 6 830
832 0 2052 2962 3816 6 831
833 0 2048 2966 3812 6 832
834 0 2308 3034 4068 6.94427 726
835 0 2296 3026 4072 6.94427 834
836 0 2452 3042 3904 6.94427 128
837 0 2452 3030 3904 2 836
838 0 2448 3018 3904 6 837
839 0 2436 2994 3904 10 838
840 0 2436 2982 3908 10.6491 839
841 0 2472 3038 3860 12.4222 126
842 0 2488 3038 3860 6.94427 841
843 0 2508 3038 3860 6 842
844 0 2524 3038 3860 6 843
845 0 2536 3042 3864 10 844
846 0 2548 3042 3864 10 845
847 0 2560 3038 3864 9.31371 846
848 0 2568 3030 3872 6 847
849 0 2584 3026 3876 6.94427 848
850 0 2600 3010 3876 9.31371 849
851 0 2604 2994 3884 9.31371 850
852 0 2608 2978 3892 14.9706 851
853 0 2636 2978 3920 9.31371 852
854 0 2652 2970 3936 6 853
855 0 2664 2970 3952 6 854
856 0 2672 2966 3960 6 855
857 0 2680 2954 3972 14 856
858 0 2692 2934 3988 3.65685 857
859 0 2692 2926 3984 3.65685 858
860 0 2688 2922 3988 3.65685 859
861 0 2688 2918 3988 2 860
862 0 2596 2954 3904 18 852
863 0 2568 2954 3928 6.94427 862
864 0 2556 2966 3944 6 863
865 0 2552 2970 3956 9.31371 864
866 0 2556 2986 3972 6 865
867 0 2564 2994 3980 9.31371 866
868 0 2564 3002 3992 3.65685 867
869 0 2564 3006 3996 2 868
870 0 2596 2954 3860 12.4222 852
871 0 2596 2934 3844 10.6491 870
872 0 2592 2922 3828 9.31371 871
873 0 2588 2918 3820 6 872
874 0 2556 3050 3844 6 846
875 0 2564 3050 3836 6 874
876 0 2568 3054 3832 3.65685 875
877 0 2564 3058 3828 2 876
878 0 2620 3250 2896 6 90
879 0 2620 3246 2884 6 878
880 0 2616 3246 2876 6 879
881 0 2772 3082 1676 18 41
882 0 2804 3102 1656 14.4924 881
883 0 2836.36 3126.91 1643.64 14.1818 882
884 0 2844 3146 1636 18 883
885 0 2878.35 3178.24 1615.76 14.7174 884
886 0 2920 3206 1604 15.8885 885
887 0 2948 3222 1600 12.4222 886
888 0 2960 3230 1600 10.6491 887
889 0 3034.83 3262.94 1606.59 31.0911 888
890 2 3082.71 3266.43 1639.14 12.5913 889
891 0 3132 3238 1652 9.31371 890
892 2 3143.29 3230.47 1659.53 10.5706 891
893 0 3156 3218 1672 12.4222 892
894 2 3158.55 3199.45 1695.64 12.4222 893
895 0 3168 3198 1716 9.31371 894
896 0 3180 3198 1744 14 895
897 2 3184 3192.4 1771.2 13.2637 896
898 0 3180 3186 1800 10.6491 897
899 0 3160 3190 1832 12.4222 898
900 0 3125.78 3211.11 1874.22 28.6193 899
901 0 3104 3222 1896 42.7214 900
902 0 3100 3266 1916 18 901
903 0 3136 3286 1964 14.4924 902
904 0 3152 3286 1964 12.4222 903
905 0 3176 3278 1980 10 904
906 0 3188 3274 1988 14.4924 905
907 0 3212 3262 1984 6.94427 906
908 0 3220 3258 1980 3.65685 907
909 0 3224 3254 1976 6 908
910 0 3232 3250 1976 3.65685 909
911 0 3240 3242 1976 3.65685 910
912 0 3248 3238 1976 6 911
913 0 3256 3234 1976 6 912
914 0 3268 3238 1976 6 913
915 0 3280 3234 1980 6.94427 914
916 0 3288 3230 1984 9.31371 915
917 0 3292 3230 1996 6 916
918 0 3292 3230 2004 6.94427 917
919 0 3300 3222 2012 6.94427 918
920 0 3308 3214 2024 2 919
921 0 3040 3178 1952 41.0813 901
922 0 3088 3238 1960 14.9706 921
923 0 3104 3238 1968 6 922
924 0 3136 3254 1868 6.94427 900
925 0 3140 3262 1856 9.31371 924
926 0 3148 3278 1848 6 925
927 0 3156 3290 1848 9.31371 926
928 0 3160 3294 1856 9.31371 927
929 0 3176 3206 1784 9.31371 897
930 0 3172 3214 1796 12.4222 929
931 0 3140 3182 1692 6 894
932 0 3140 3174 1692 3.65685 931
933 0 3136 3170 1696 3.65685 932
934 0 3132 3162 1696 6 933
935 0 3124 3150 1708 6.94427 934
936 0 3120 3142 1716 10 935
937 0 3120 3134 1728 9.31371 936
938 0 3160 3230 1632 9.31371 892
939 0 3188 3238 1596 23.2982 938
940 0 3192 3258 1572 26 939
941 0 3172 3254 1552 20.6274 940
942 0 3164 3222 1536 14.4924 941
943 0 3164 3190 1540 10 942
944 0 3164 3166 1548 10 943
945 0 3172 3146 1548 10 944
946 0 3164 3126 1548 6 945
947 0 3164 3118 1548 6.94427 946
948 0 3164 3106 1540 14 947
949 0 3164 3086 1540 14.4924 948
950 0 3160 3070 1540 9.31371 949
951 0 3156 3058 1536 2 950
952 0 3228 3330 1540 46.8262 940
953 0 3272 3326 1520 26.8444 952
954 0 3300 3330 1520 6.94427 953
955 0 3224 3278 1600 6 940
956 0 3232 3270 1608 6.94427 955
957 0 3240 3266 1620 6 956
958 0 3248 3262 1624 9.31371 957
959 0 3260 3254 1624 6 958
960 0 3076 3278 1656 6 890
961 0 3068 3286 1664 6 960
962 0 3068 3290 1676 3.65685 961
963 0 3064 3290 1684 6 962
964 0 3060 3298 1692 10 963
965 0 3056 3330 1696 9.31371 964
966 0 3044 3346 1692 9.31371 965
967 0 3040 3354 1684 3.65685 966
968 0 3040 3358 1684 2 967
969 0 3016 3314 1608 19.5407 889
970 0 3008 3330 1624 6.94427 969
971 0 3008 3338 1632 6 970
972 0 3004 3342 1636 6 971
973 0 3004 3350 1644 9.31371 972
974 0 3016 3350 1660 6 973
975 0 3024 3350 1664 6 974
976 0 3024 3334 1640 6.94427 971
977 0 3036 3334 1652 9.31371 976
978 0 3044 3330 1656 6 977
979 0 2888 3198 1628 9.31371 885
980 0 2892 3206 1636 6 979
981 0 2900 3218 1648 6.94427 980
982 0 2904 3218 1656 6 981
983 0 2912 3226 1664 6.94427 982
984 2 2916 3241.2 1686.4 14.0432 983
985 0 2912 3242 1704 12.4222 984
986 0 2896 3250 1720 9.31371 985
987 2 2892.62 3250 1736.92 16.6636 986
988 0 2892 3250 1740 18 987
989 2 2892.52 3251.57 1743.13 17.6049 988
990 0 2896 3262 1764 14.9706 989
991 0 2902.73 3273.91 1825.71 36.7783 990
992 2 2907.23 3267.15 1855 49.2392 991
993 2 2929.84 3255.08 1875.29 33.1492 992
994 0 2968 3246 1884 9.31371 993
995 0 2980 3246 1880 3.65685 994
996 0 2988 3242 1880 6.94427 995
997 0 2996 3242 1888 10.6491 996
998 0 3000 3226 1892 2 997
999 0 3004 3222 1896 2 998
1000 0 3004 3206 1900 12.4222 999
1001 0 2992 3194 1900 9.31371 1000
1002 0 2984 3186 1904 3.65685 1001
1003 0 2980 3186 1904 2 1002
1004 2 2922.2 3275.98 1908.18 22.4331 993
1005 0 2924 3314 1940 10 1004
1006 0 2928 3322 1952 6 1005
1007 2 2917.49 3273 1903.53 26.5817 1004
1008 0 2884 3262 1940 23.2982 1007
1009 0 2868 3282 1944 6 1008
1010 0 2964 3270 1908 18 1007
1011 2 2864.27 3244.83 1845.35 29.8509 992
1012 0 2848 3238 1816 12.4222 1011
1013 0 2848 3250 1804 6.94427 1012
1014 0 2864 3206 1888 22.3311 1011
1015 0 2844 3182 1908 3.65685 1014
1016 0 2844 3178 1908 2 1015
1017 0 2956 3286 1860 23.2982 991
1018 0 2976 3274 1852 10.6491 1017
1019 0 2988 3262 1852 14 1018
1020 0 3000 3262 1860 9.31371 1019
1021 0 3012 3258 1876 9.31371 1020
1022 0 3012 3258 1900 9.31371 1021
1023 0 2964 3302 1840 14 991
1024 0 2964 3318 1836 6 1023
1025 0 2964 3330 1832 9.31371 1024
1026 0 2976 3346 1836 6.94427 1025
1027 0 2980 3362 1840 10 1026
1028 0 2980 3378 1836 2 1027
1029 0 2892 3230 1764 12.4222 989
1030 0 2888 3230 1776 10 1029
1031 0 2872 3238 1788 12.4222 1030
1032 0 2860 3242 1784 12.4222 1031
1033 0 2852 3246 1772 6.94427 1032
1034 0 2848 3246 1764 6.94427 1033
1035 0 2872 3210 1748 9.31371 988
1036 0 2872 3210 1760 6 1035
1037 0 2884 3274 1736 6.94427 987
1038 0 2888 3290 1720 10 1037
1039 0 2920 3266 1684 9.31371 984
1040 0 2904 3282 1684 6.94427 1039
1041 0 2880 3294 1688 14 1040
1042 0 2868 3306 1696 10 1041
1043 0 2868 3314 1704 6 1042
1044 0 2860 3118 1644 6.94427 883
1045 0 2872 3114 1648 6 1044
1046 0 2888 3110 1656 6.94427 1045
1047 0 2776 2914 1716 26.2843 40
1048 0 2796 2902 1736 10 1047
1049 2 2826.4 2890 1747.2 20.5651 1048
1050 0 2852 2890 1760 29.241 1049
1051 2 2876.75 2875.86 1767.07 29.241 1050
1052 2 2879.8 2874.12 1767.94 29.241 1051
1053 2 2918.97 2858.41 1768 14.3942 1052
1054 0 2940 2866 1772 10.6491 1053
1055 0 2956 2866 1772 12.4222 1054
1056 0 2984 2866 1780 6.94427 1055
1057 0 2996 2870 1788 10.6491 1056
1058 2 3029.08 2870 1795.51 13.5135 1057
1059 0 3048 2874 1800 10.6491 1058
1060 0 3060 2878 1800 12.4222 1059
1061 2 3074.31 2886.77 1811.08 9.44569 1060
1062 2 3085.23 2898 1833.85 10.3726 1061
1063 2 3090.77 2898 1842.15 12.0496 1062
1064 0 3104 2902 1856 10 1063
1065 2 3126 2910 1896 24.2132 1064
1066 0 3107.62 2915.9 1956.93 33.7771 1065
1067 2 3104.81 2929.95 1993.47 43.9059 1066
1068 2 3101.04 2939.18 2010.66 43.7606 1067
1069 2 3098.52 2943.59 2016.33 41.1491 1068
1070 2 3092.71 2953.75 2029.4 35.1314 1069
1071 0 3120 3002 2068 14 1070
1072 0 3128 3014 2068 6.94427 1071
1073 0 3128 3026 2072 9.31371 1072
1074 0 3120 3038 2080 6 1073
1075 0 3140 2954 2072 10.6491 1070
1076 0 3140 2962 2084 12.4222 1075
1077 0 3148 2966 2108 3.65685 1076
1078 0 3144 2970 2112 2 1077
1079 0 3064 2918 2040 26 1069
1080 0 3052 2906 2064 9.31371 1079
1081 0 3060 2906 2084 6 1080
1082 0 3104 2914 2076 26 1068
1083 0 3116 2938 2108 9.31371 1082
1084 0 3128 2946 2108 6.94427 1083
1085 0 3140 2950 2116 6.94427 1084
1086 0 3068 2886 2004 14 1067
1087 0 3056 2878 2016 6.94427 1086
1088 0 3048 2874 2024 6 1087
1089 0 3040 2866 2028 2 1088
1090 0 3076 2966 1960 9.31371 1066
1091 0 3076 2974 1972 6 1090
1092 0 3116 2934 1904 15.8885 1065
1093 0 3096 2958 1884 10.6491 1092
1094 0 3096 2966 1876 6.94427 1093
1095 0 3108 2982 1868 6.94427 1094
1096 0 3116 2990 1868 6.94427 1095
1097 0 3124 3002 1860 10.6491 1096
1098 0 3140 3018 1860 10.6491 1097
1099 0 3144 3030 1860 6.94427 1098
1100 2 3084.66 2887.77 1844.24 9.25564 1063
1101 0 3076 2870 1852 6 1100
1102 0 3072 2846 1872 14.4924 1101
1103 0 3064 2834 1876 9.31371 1102
1104 0 3052 2822 1880 14 1103
1105 0 3080 2890 1868 9.31371 1100
1106 0 3076 2878 1880 6 1105
1107 0 3076 2862 1892 6 1106
1108 0 3064 2922 1844 12.4222 1062
1109 0 3068 2938 1844 6.94427 1108
1110 0 3080 2902 1800 6 1061
1111 0 3084 2906 1796 3.65685 1110
1112 0 3092 2914 1788 6.94427 1111
1113 0 3096 2926 1780 6 1112
1114 0 3104 2938 1772 10 1113
1115 0 3100 2966 1760 10 1114
1116 0 3112 2990 1740 10.6491 1115
1117 0 3120 2990 1728 6 1116
1118 0 3120 2978 1720 6 1117
1119 0 3112 2962 1712 9.31371 1118
1120 0 3096 2946 1712 12.4222 1119
1121 0 3076 2926 1708 6.94427 1120
1122 0 3072 2918 1700 6.94427 1121
1123 0 3120 3014 1744 14 1116
1124 0 3120 3042 1736 6 1123
1125 0 3020 2866 1816 6 1058
1126 0 3020 2862 1824 6 1125
1127 0 3020 2858 1836 9.31371 1126
1128 0 3028 2866 1848 3.65685 1127
1129 0 3032 2870 1848 2 1128
1130 0 2932 2846 1744 10.6491 1053
1131 0 2944 2850 1740 6 1130
1132 0 2880 2846 1792 18 1052
1133 0 2880 2826 1784 3.65685 1132
1134 0 2876 2822 1780 2 1133
1135 0 2876 2822 1776 2 1134
1136 2 2878.92 2866.6 1810.46 32.2722 1051
1137 2 2879.91 2862.37 1830.28 33.6566 1136
1138 2 2880 2855.01 1850.63 29.9016 1137
1139 2 2879.42 2847.1 1867.48 27.5384 1138
1140 0 2876 2830 1888 30 1139
1141 2 2881.41 2806 1924.73 30.3424 1140
1142 2 2882.24 2806 1932.2 31.4441 1141
1143 2 2883.44 2806 1942.95 33.0318 1142
1144 2 2892.99 2806 1972.73 32.8772 1143
1145 2 2895.45 2806 1979.47 32.6318 1144
1146 2 2898.25 2806 1987.18 32.3513 1145
1147 0 2932 2822 1992 9.31371 1146
1148 0 2944 2834 1980 6 1147
1149 0 2944 2838 1968 9.31371 1148
1150 0 2944 2842 1956 9.31371 1149
1151 0 2888 2846 2012 20.6274 1146
1152 0 2848 2774 2016 14.9706 1145
1153 0 2844 2762 2040 6 1152
1154 0 2884 2850 1976 22 1144
1155 0 2868 2850 1996 10 1154
1156 0 2856 2854 1996 6 1155
1157 0 2928 2798 1956 6.94427 1143
1158 0 2944 2810 1960 6.94427 1157
1159 0 2948 2818 1964 3.65685 1158
1160 0 2952 2818 1964 2 1159
1161 0 2864 2762 1952 26 1142
1162 0 2844 2742 1952 14.9706 1161
1163 0 2940 2802 1932 10 1141
1164 0 2968 2806 1940 10 1163
1165 0 2984 2822 1936 3.65685 1164
1166 0 2988 2826 1936 2 1165
1167 0 2868 2846 1928 15.8885 1140
1168 0 2872 2874 1900 18 1139
1169 0 2884 2886 1916 19.5407 1168
1170 0 2876 2898 1932 18 1169
1171 0 2880 2894 1960 26.8444 1170
1172 0 2880 2814 1832 22 1138
1173 0 2860 2806 1820 9.31371 1172
1174 0 2848 2866 1844 10.6491 1137
1175 0 2836 2862 1848 12.4222 1174
1176 0 2836 2866 1872 6 1175
1177 0 2828 2870 1884 10 1176
1178 0 2832 2882 1900 6 1177
1179 0 2852 2902 1848 9.31371 1136
1180 0 2848 2902 1864 9.31371 1179
1181 0 2848 2894 1876 6 1180
1182 0 2844 2898 1884 6.94427 1181
1183 0 2832 2902 1804 14.4924 1050
1184 0 2816 2902 1816 6 1183
1185 0 2808 2898 1824 6 1184
1186 0 2820 2894 1780 18 1049
1187 0 2804 2902 1796 9.31371 1186
1188 0 2796 2898 1804 6.94427 1187
1189 0 2788 2898 1812 10 1188
1190 0 2764 2902 1816 6.94427 1189
1191 0 2756 2906 1740 10.6491 1047
1192 0 2748 2902 1748 9.31371 1191
1193 2 2739.35 2893.35 1762.42 17.9722 1192
1194 2 2736.56 2890.56 1767.07 20.7652 1193
1195 0 2716 2866 1780 21.3238 1194
1196 0 2708 2834 1808 10.6491 1195
1197 2 2704 2818.27 1846.38 12.4222 1196
1198 0 2700 2802 1880 9.31371 1197
1199 0 2670.55 2817.77 1928.81 39.2209 1198
1200 0 2646.67 2844.67 1962.67 54.4071 1199
1201 2 2638.22 2861.56 1979.56 49.5667 1200
1202 2 2634.22 2869.56 1987.56 47.2738 1201
1203 0 2576 2898 2016 27.1204 1202
1204 2 2560.05 2898 2034.61 32.2771 1203
1205 2 2521.21 2898 2057.69 20.4411 1204
1206 0 2492 2902 2084 21.3238 1205
1207 0 2460 2870 2100 18 1206
1208 0 2428 2874 2092 3.65685 1207
1209 0 2424 2874 2092 2 1208
1210 0 2516 2914 2104 15.8885 1206
1211 0 2532 2922 2100 12.4222 1210
1212 0 2544 2914 2092 9.31371 1211
1213 0 2464 2894 2064 10.6491 1206
1214 0 2452 2898 2064 6.94427 1213
1215 0 2444 2906 2064 6.94427 1214
1216 0 2444 2918 2068 2 1215
1217 2 2527.11 2924.36 2046.86 24.2521 1205
1218 0 2528 2958 2036 26 1217
1219 0 2536 2986 2032 14.9706 1218
1220 0 2532 3002 2036 6 1219
1221 0 2512 2954 2080 10.6491 1217
1222 0 2512 2954 2092 6.94427 1221
1223 0 2508 2946 2100 9.31371 1222
1224 0 2576 2934 2060 12.4222 1204
1225 0 2568 2946 2068 6 1224
1226 0 2572 2946 2020 26 1203
1227 0 2588 2970 2020 14 1226
1228 0 2612 2978 2004 15.8885 1227
1229 0 2624 2970 1992 12.4222 1228
1230 0 2544 2914 1996 18 1203
1231 0 2524 2910 1996 10 1230
1232 0 2520 2902 1988 6 1231
1233 0 2632 2870 2056 14.9706 1202
1234 0 2616 2870 2060 6.94427 1233
1235 0 2600 2866 2060 6 1234
1236 0 2592 2858 2060 6.94427 1235
1237 0 2688 2886 2016 10 1201
1238 0 2684 2874 2040 10.6491 1237
1239 0 2680 2882 2048 6.94427 1238
1240 0 2692 2894 2056 9.31371 1239
1241 0 2700 2906 2056 6 1240
1242 0 2704 2914 2060 6 1241
1243 0 2608 2798 2044 23.6125 1200
1244 0 2596 2782 2060 9.31371 1243
1245 0 2708 2846 1964 26.2843 1199
1246 0 2736 2850 1960 10 1245
1247 0 2756 2870 1952 10 1246
1248 0 2772 2882 1944 3.65685 1247
1249 0 2776 2886 1944 2 1248
1250 0 2676 2802 1852 18 1197
1251 0 2656 2802 1864 9.31371 1250
1252 0 2648 2794 1864 3.65685 1251
1253 0 2644 2790 1868 2 1252
1254 0 2740 2882 1800 12.4222 1194
1255 0 2732 2870 1812 6 1254
1256 0 2728 2870 1820 2 1255
1257 0 2724 2870 1824 2 1256
1258 0 2684 2890 1756 15.8885 1193
1259 0 2664 2910 1744 15.8885 1258
1260 0 2648 2910 1744 14.4924 1259
1261 2 2622.67 2921.73 1734.13 16.1333 1260
1262 0 2612 2926 1732 14 1261
1263 0 2580 2926 1732 10 1262
1264 0 2552 2922 1732 14.9706 1263
1265 2 2527.29 2904.82 1736 25.7375 1264
1266 0 2500 2898 1736 30.9848 1265
1267 0 2468 2894 1724 10 1266
1268 0 2460 2882 1716 6.94427 1267
1269 0 2460 2874 1716 6 1268
1270 0 2460 2866 1708 9.31371 1269
1271 0 2472 2854 1704 14 1270
1272 0 2480 2842 1700 9.31371 1271
1273 0 2480 2822 1696 10.6491 1272
1274 0 2472 2810 1704 10 1273
1275 0 2472 2798 1704 6.94427 1274
1276 0 2476 2790 1700 3.65685 1275
1277 0 2476 2786 1696 3.65685 1276
1278 0 2476 2782 1692 2 1277
1279 0 2436 2862 1708 6 1270
1280 0 2428 2854 1712 6.94427 1279
1281 0 2420 2846 1708 6.94427 1280
1282 0 2468 2918 1772 10 1266
1283 0 2452 2914 1792 6.94427 1282
1284 0 2448 2914 1800 6.94427 1283
1285 0 2444 2914 1808 2 1284
1286 0 2444 2914 1812 2 1285
1287 0 2520 2890 1784 21.3238 1265
1288 0 2520 2878 1816 3.65685 1287
1289 0 2520 2878 1820 3.65685 1288
1290 0 2524 2882 1824 2 1289
1291 0 2600 2926 1708 12.4222 1262
1292 0 2596 2922 1696 6 1291
1293 0 2596 2922 1688 6 1292
1294 0 2592 2918 1684 3.65685 1293
1295 0 2588 2914 1680 3.65685 1294
1296 0 2580 2914 1672 6 1295
1297 0 2568 2910 1664 6 1296
1298 0 2560 2906 1660 9.31371 1297
1299 0 2548 2890 1660 10 1298
1300 0 2540 2878 1660 6 1299
1301 0 2632 2942 1756 9.31371 1261
1302 0 2632 2954 1768 12.4222 1301
1303 0 2616 2970 1780 14.9706 1302
1304 0 2600 2970 1780 6.94427 1303
1305 0 2580 2978 1780 6.94427 1304
1306 0 2568 2982 1780 10 1305
1307 0 2552 2986 1792 6.94427 1306
1308 0 2544 2986 1808 6.94427 1307
1309 0 2536 2986 1824 9.31371 1308
1310 0 2528 2990 1832 6 1309
1311 0 2520 2994 1840 9.31371 1310
1312 0 2508 2990 1864 6.94427 1311
1313 0 2640 2882 1748 10.6491 1260
1314 0 2632 2862 1768 9.31371 1313
1315 0 2628 2854 1776 6.94427 1314
1316 2 2845.74 2859.22 1590.43 17.2046 36
1317 0 2876 2850 1568 15.8885 1316
1318 2 2914.7 2829.39 1561.57 35.6624 1317
1319 2 2935.74 2827.48 1553.91 41.5877 1318
1320 2 2949.45 2826.23 1548.93 45.4482 1319
1321 0 3020 2890 1540 6.94427 1320
1322 0 3024 2894 1532 3.65685 1321
1323 0 3024 2898 1520 9.31371 1322
1324 0 3028 2906 1512 10 1323
1325 0 3040 2930 1512 6.94427 1324
1326 0 3048 2950 1504 12.4222 1325
1327 0 3048 3010 1484 20.6274 1326
1328 0 3040 3042 1476 33.7771 1327
1329 2 3035.53 3104.23 1468.09 27.0584 1328
1330 2 3012.09 3115.95 1447.58 19.6837 1329
1331 2 2982.12 3137.41 1421.36 34.2503 1330
1332 2 2975.59 3137.51 1413.96 36.4998 1331
1333 0 2972 3098 1396 23.2982 1332
1334 0 2932 3094 1392 10 1333
1335 0 2924 3086 1388 3.65685 1334
1336 0 2924 3082 1384 2 1335
1337 0 2924 3082 1380 2 1336
1338 0 2928 3078 1376 2 1337
1339 0 2924 3122 1408 10.6491 1332
1340 0 2920 3114 1400 9.31371 1339
1341 0 2964 3102 1456 14 1331
1342 0 2952 3086 1468 22 1341
1343 0 2936 3070 1472 14 1342
1344 0 3020 3134 1404 23.6125 1330
1345 0 3024 3138 1376 9.31371 1344
1346 0 3032 3146 1368 9.31371 1345
1347 0 3044 3134 1436 23.2982 1329
1348 0 3040 3158 1436 18 1347
1349 2 3052 3170.46 1409.05 26.9923 1348
1350 0 3052 3150 1392 14 1349
1351 0 3072 3178 1372 18 1349
1352 0 3076 3166 1356 9.31371 1351
1353 2 3001.58 3057.37 1452.95 20.1026 1328
1354 0 2980 3058 1444 6 1353
1355 0 2968 3054 1432 14 1354
1356 0 2936 3070 1432 9.31371 1355
1357 0 3012 3082 1436 9.31371 1353
1358 0 3008 3094 1424 10 1357
1359 0 3008 3094 1412 6 1358
1360 0 2992 2850 1588 3.65685 1320
1361 0 2996 2854 1592 6 1360
1362 0 3004 2854 1604 9.31371 1361
1363 0 3000 2850 1612 6.94427 1362
1364 0 3000 2850 1624 10 1363
1365 0 2992 2854 1632 6.94427 1364
1366 0 2980 2850 1648 10 1365
1367 0 2968 2838 1660 6 1366
1368 0 2952 2838 1660 6 1367
1369 0 3008 2834 1636 9.31371 1364
1370 0 2996 2830 1640 6 1369
1371 0 2988 2830 1640 6 1370
1372 0 2960 2882 1572 14.9706 1319
1373 0 2972 2898 1588 18 1372
1374 0 2976 2914 1596 6.94427 1373
1375 0 2972 2850 1504 23.6125 1319
1376 0 2892 2842 1532 15.8885 1318
1377 0 2888 2858 1532 6.94427 1376
1378 0 2876 2870 1524 6 1377
1379 0 2860 2882 1512 9.31371 1378
1380 0 2844 2910 1512 12.4222 1379
1381 0 2832 2918 1520 6 1380
1382 0 2828 2934 1528 6 1381
1383 0 2816 2946 1532 6 1382
1384 0 2812 2954 1532 6 1383
1385 0 2860 2846 1612 9.31371 1316
1386 0 2872 2842 1628 3.65685 1385
1387 0 2876 2838 1636 6 1386
1388 0 2880 2838 1644 3.65685 1387
1389 0 2884 2838 1648 3.65685 1388
1390 0 2888 2838 1648 2 1389
1391 0 2900 2838 1648 6 1390
1392 0 2916 2834 1648 6 1391
1393 0 2928 2838 1648 6 1392
1394 0 2936 2842 1652 3.65685 1393
1395 0 2936 2846 1652 2 1394
1396 0 2764 2862 1540 9.31371 35
1397 0 2760 2850 1536 2 1396
1398 0 2812 3142 1524 6.94427 28
1399 0 2836 3154 1524 6 1398
1400 0 2856 3166 1532 10 1399
1401 0 2868 3166 1532 10.6491 1400
1402 0 2884 3182 1532 3.65685 1401
1403 0 2888 3186 1532 2 1402
1404 0 2888 3190 1532 2 1403
1405 0 2717.82 3411.45 1477.82 15.4593 22
1406 0 2724 3462 1484 14 1405
1407 0 2724 3490 1488 14 1406
1408 0 2732 3534 1492 21.3238 1407
1409 0 2748 3566 1484 14 1408
1410 0 2744 3594 1472 10.6491 1409
1411 0 2736 3626 1468 14 1410
1412 0 2724 3654 1460 10.6491 1411
1413 0 2704 3682 1452 12.4222 1412
1414 0 2684 3714 1440 14.9706 1413
1415 0 2664 3742 1428 12.4222 1414
1416 0 2662.06 3793.58 1392.42 24.3268 1415
1417 2 2671.03 3804.79 1381.21 31.4102 1416
1418 0 2700 3806 1360 26 1417
1419 0 2748 3790 1356 18 1418
1420 0 2788 3774 1360 14 1419
1421 0 2816 3778 1360 9.31371 1420
1422 0 2824 3794 1356 14 1421
1423 0 2824 3830 1340 14.4924 1422
1424 0 2820 3842 1332 14.4924 1423
1425 0 2832 3854 1320 6 1424
1426 0 2840 3854 1316 3.65685 1425
1427 0 2844 3850 1316 2 1426
1428 2 2655.7 3811.23 1372.04 25.1315 1417
1429 0 2628 3826 1352 14.4924 1428
1430 0 2596 3822 1344 19.5407 1429
1431 0 2564 3818 1332 3.65685 1430
1432 0 2564 3814 1328 2 1431
1433 0 2608 3810 1380 14 1428
1434 0 2588 3806 1372 20.6274 1433
1435 0 2564 3806 1368 6.94427 1434
1436 0 2664 3826 1348 26.2843 1416
1437 0 2680 3842 1324 12.4222 1436
1438 0 2716 3846 1312 15.8885 1437
1439 0 2752 3854 1316 10 1438
1440 0 2788 3858 1316 10.6491 1439
1441 0 2800 3858 1324 14 1440
1442 0 2804 3874 1324 6 1441
1443 0 2704 3578 1484 14 1408
1444 0 2696 3618 1484 14.4924 1443
1445 0 2680 3658 1480 12.4222 1444
1446 0 2668 3686 1476 10 1445
1447 0 2656 3710 1468 9.31371 1446
1448 0 2640 3730 1452 9.31371 1447
1449 0 2628 3754 1444 12.4222 1448
1450 0 2612 3778 1432 12.4222 1449
1451 0 2592 3794 1400 15.8885 1450
1452 0 2580 3786 1384 10 1451
1453 0 2708 3434 1464 12.4222 1405
1454 0 2708 3450 1464 10 1453
1455 2 2881.39 3148.74 1448.04 24.927 17
1456 0 2876 3130 1444 22 1455
1457 0 2884 3110 1464 19.5407 1456
1458 0 2916 3090 1460 14.4924 1457
1459 0 2876 3106 1428 10.6491 1456
1460 0 2888 3094 1408 6.94427 1459
1461 0 2872 3154 1480 12.4222 1455
1462 0 2944 3166 1452 22.3311 17
1463 0 2928 3150 1460 12.4222 1462
1464 0 2928 3126 1472 12.4222 1463
1465 0 2996 3162 1368 15.8885 16
1466 0 2980 3150 1348 21.3238 1465
1467 0 2960 3150 1336 6 1466
1468 0 3004 3322 1384 23.6125 15
1469 0 2992 3342 1396 9.31371 1468
1470 0 2980 3354 1408 6 1469
1471 0 2976 3366 1420 6 1470
1472 0 2972 3366 1428 3.65685 1471
1473 0 2968 3370 1432 2 1472
1474 0 2968 3370 1436 2 1473
1475 0 2964 3370 1440 2 1474
1476 0 3020 3310 1300 22 14
1477 0 3004 3310 1272 18 1476
1478 0 2992 3318 1256 9.31371 1477
1479 0 3052 3210 1296 19.5407 13
1480 0 3048 3190 1292 14.4924 1479
