# Generated by NeuTu (https://github.com/janelia-flyem/NeuTu)
1 0 3321 3649 1692 6 -1
2 0 3321 3653 1684 6 1
3 0 3317 3649 1680 6 2
4 0 3317 3641 1672 3.65685 3
5 0 3313 3637 1668 2 4
6 0 3313 3633 1664 2 5
7 0 3309 3629 1660 6 6
8 0 3301 3617 1648 10 7
9 0 3309 3621 1628 6 8
10 0 3325 3621 1612 6 9
11 0 3333 3613 1596 6 10
12 0 3341 3613 1588 6 11
13 0 3345 3617 1584 3.65685 12
14 0 3345 3617 1580 3.65685 13
15 2 3348.87 3624.74 1568.39 10.4233 14
16 0 3329 3637 1552 6 15
17 0 3313 3637 1548 6 16
18 0 3297 3641 1544 6 17
19 0 3281 3641 1544 6 18
20 0 3265 3641 1548 6 19
21 0 3253 3637 1552 6.94427 20
22 0 3237 3633 1552 6 21
23 0 3217 3629 1548 6.94427 22
24 0 3205 3621 1548 6 23
25 0 3193 3617 1544 6 24
26 0 3185 3617 1536 6 25
27 0 3169 3617 1536 6 26
28 0 3149 3617 1536 6.94427 27
29 0 3141 3621 1532 6 28
30 0 3129 3621 1532 9.31371 29
31 0 3121 3625 1528 6.94427 30
32 0 3109 3625 1528 9.31371 31
33 0 3093 3625 1528 6.94427 32
34 0 3085 3629 1536 6 33
35 0 3069 3629 1536 6 34
36 0 3057 3633 1544 6 35
37 0 3041 3633 1552 6.94427 36
38 0 3025 3637 1568 6 37
39 0 3005 3645 1588 6.94427 38
40 0 2989 3653 1604 6.94427 39
41 0 2973 3657 1620 6.94427 40
42 0 2965 3657 1624 6 41
43 0 2949 3653 1624 6 42
44 0 2929 3649 1636 6 43
45 0 2921 3641 1648 6.94427 44
46 0 2921 3637 1656 3.65685 45
47 0 2917 3633 1660 2 46
48 0 2965 3665 1636 6 42
49 0 2957 3677 1644 10 48
50 0 3365 3629 1584 6 15
51 0 3381 3629 1600 6 50
52 0 3385 3625 1608 6.94427 51
53 0 3389 3613 1616 2 52
54 0 3281 3605 1660 6 8
55 0 3269 3597 1664 9.31371 54
