# Generated by NeuTu (https://github.com/janelia-flyem/NeuTu)
1 0 3919 3744 4100 2 -1
2 0 3923 3744 4100 2 1
3 0 3927 3740 4096 6 2
4 0 3935 3740 4092 6 3
5 0 3947 3736 4088 10 4
6 0 3959 3744 4084 6 5
7 0 3967 3748 4076 6.94427 6
8 0 3967 3760 4060 6 7
9 0 3967 3764 4044 6 8
10 0 3979 3772 4028 6 9
11 0 3995 3776 4016 6.94427 10
12 0 4003 3768 4008 3.65685 11
13 0 4011 3760 4004 6.94427 12
14 0 4027 3760 4000 6 13
15 0 4035 3760 4000 3.65685 14
16 0 4039 3764 4000 2 15
17 0 4043 3768 4000 2 16
