# Generated by NeuTu (https://github.com/janelia-flyem/NeuTu)
1 0 4015 3791 4283 2 -1
2 0 4015 3787 4287 2 1
3 0 4019 3783 4291 6 2
4 0 4027 3771 4303 6.94427 3
5 0 4035 3759 4307 9.31371 4
6 0 4035 3735 4331 9.31371 5
7 0 4035 3723 4347 3.65685 6
8 0 4031 3719 4351 3.65685 7
9 0 4027 3719 4355 3.65685 8
10 0 4023 3723 4355 3.65685 9
11 0 4015 3731 4363 9.31371 10
12 0 3987 3739 4371 6 11
13 0 3979 3743 4379 6 12
14 0 3971 3751 4383 6 13
15 0 3963 3759 4387 9.31371 14
16 0 3951 3763 4391 9.31371 15
