# Generated by NeuTu (https://github.com/janelia-flyem/NeuTu)
1 0 4197 3618 4453 6 -1
2 0 4181 3630 4453 6.94427 1
3 0 4165 3642 4457 10.6491 2
4 0 4141 3650 4449 14 3
5 0 4113 3654 4449 9.31371 4
6 0 4101 3658 4445 6.94427 5
7 0 4065 3662 4441 10 6
8 0 4049 3662 4437 10 7
9 0 4037 3662 4421 12.4222 8
10 0 4033 3646 4405 6.94427 9
11 0 4017 3646 4389 6 10
12 0 4009 3646 4381 2 11
13 0 4005 3642 4377 3.65685 12
14 0 3997 3634 4373 6.94427 13
15 0 3989 3630 4365 6.94427 14
16 0 3981 3626 4357 3.65685 15
17 0 3981 3622 4353 2 16
