# Generated by NeuTu (https://github.com/janelia-flyem/NeuTu)
1 0 4117 3954 4126 6 -1
2 0 4113 3962 4134 9.31371 1
3 0 4113 3970 4146 6.94427 2
4 0 4101 3970 4154 6.94427 3
5 0 4093 3970 4154 2 4
6 0 4085 3970 4154 6 5
7 0 4081 3974 4150 6 6
8 0 4077 3978 4146 3.65685 7
9 0 4077 3978 4142 3.65685 8
10 0 4073 3978 4138 2 9
11 0 4073 3978 4134 2 10
12 0 4069 3978 4126 6 11
13 0 4061 3978 4122 3.65685 12
14 0 4053 3978 4114 6 13
15 0 4045 3978 4106 2 14
16 0 4041 3978 4102 2 15
17 0 4037 3978 4094 6 16
18 0 4033 3978 4074 6 17
19 0 4033 3978 4066 6 18
20 0 4033 3982 4058 2 19
21 0 4033 3982 4054 2 20
22 0 4033 3982 4050 2 21
23 0 4033 3978 4046 2 22
