# Generated by NeuTu (https://github.com/janelia-flyem/NeuTu)
1 0 3794 3639 4222 2 -1
2 0 3798 3639 4226 3.65685 1
3 0 3798 3647 4234 6 2
4 0 3798 3655 4242 6 3
5 0 3798 3659 4250 3.65685 4
6 0 3802 3663 4258 6.94427 5
7 0 3810 3667 4274 6 6
8 0 3818 3667 4290 6 7
9 0 3822 3671 4294 6 8
10 0 3822 3671 4310 6 9
11 0 3818 3667 4314 6 10
12 0 3818 3667 4322 6 11
13 0 3814 3663 4326 6 12
14 0 3810 3659 4330 3.65685 13
15 0 3806 3655 4334 3.65685 14
16 0 3806 3651 4338 3.65685 15
17 0 3802 3647 4342 6 16
18 0 3790 3635 4354 6.94427 17
19 0 3782 3627 4354 6.94427 18
20 0 3774 3619 4354 3.65685 19
21 0 3770 3615 4354 3.65685 20
22 0 3762 3611 4354 6 21
23 0 3746 3599 4354 6.94427 22
24 0 3730 3583 4350 6 23
25 0 3730 3579 4342 3.65685 24
26 0 3726 3579 4334 6 25
27 0 3714 3579 4318 6 26
28 0 3710 3575 4310 6 27
29 0 3710 3571 4302 2 28
30 0 3710 3571 4298 2 29
31 0 3710 3571 4294 3.65685 30
32 0 3710 3567 4290 3.65685 31
33 0 3706 3563 4286 2 32
