# Generated by NeuTu (https://github.com/janelia-flyem/NeuTu)
1 0 3818 3983 4409 2 -1
2 0 3814 3983 4409 2 1
3 0 3810 3979 4413 3.65685 2
4 0 3802 3971 4417 9.31371 3
5 0 3790 3951 4417 6.94427 4
6 0 3786 3943 4421 3.65685 5
7 0 3778 3935 4421 3.65685 6
8 0 3770 3927 4421 6.94427 7
9 0 3750 3911 4425 12.4222 8
10 0 3742 3907 4437 10.6491 9
11 0 3742 3907 4449 10 10
12 0 3746 3915 4457 6 11
13 0 3754 3923 4473 6.94427 12
14 0 3762 3931 4489 6 13
15 0 3782 3935 4489 6.94427 14
16 0 3798 3939 4485 6 15
17 0 3810 3939 4481 6.94427 16
18 0 3826 3955 4465 6.94427 17
19 0 3834 3963 4465 3.65685 18
20 0 3838 3963 4465 3.65685 19
21 0 3842 3967 4461 2 20
22 0 3722 3915 4429 6.94427 10
23 0 3714 3911 4417 10 22
24 0 3714 3907 4401 9.31371 23
25 0 3722 3907 4393 6 24
