# Generated by NeuTu (https://github.com/janelia-flyem/NeuTu)
1 0 4368 2269 4142 2 -1
2 0 4368 2265 4142 2 1
3 0 4368 2261 4142 3.65685 2
4 0 4364 2257 4146 6 3
5 0 4352 2261 4158 6 4
6 0 4348 2269 4162 3.65685 5
7 0 4348 2273 4170 6 6
8 0 4344 2281 4182 6 7
9 0 4340 2281 4194 10 8
10 0 4328 2273 4206 10 9
11 0 4320 2269 4214 6.94427 10
12 0 4316 2261 4222 6.94427 11
13 0 4320 2245 4234 6 12
14 0 4316 2233 4242 6.94427 13
15 0 4300 2217 4246 6.94427 14
16 0 4284 2209 4250 6 15
17 0 4276 2209 4250 3.65685 16
18 0 4272 2213 4246 2 17
