# Generated by NeuTu (https://github.com/janelia-flyem/NeuTu)
1 0 2779 3682 1617 10.6491 -1
2 0 2791 3706 1613 12.4222 1
3 0 2803 3718 1609 6.94427 2
4 0 2807 3726 1601 10 3
5 0 2811 3738 1593 6 4
6 0 2811 3746 1585 6 5
7 0 2811 3770 1585 9.31371 6
8 0 2811 3782 1589 6 7
9 0 2807 3790 1597 9.31371 8
10 0 2799 3802 1605 9.31371 9
11 0 2799 3810 1613 6 10
12 0 2799 3826 1629 6 11
13 0 2803 3842 1637 6 12
14 0 2803 3858 1637 6 13
15 0 2811 3866 1645 6.94427 14
16 0 2819 3874 1653 9.31371 15
17 0 2823 3878 1669 9.31371 16
18 0 2815 3894 1693 6.94427 17
19 0 2803 3902 1705 6.94427 18
20 0 2787 3902 1717 6.94427 19
21 0 2775 3894 1725 6 20
22 0 2767 3894 1725 6 21
23 0 2759 3894 1725 2 22
24 0 2755 3894 1725 2 23
