# Generated by NeuTu (https://github.com/janelia-flyem/NeuTu)
1 0 4383 3309 4403 6.94427 -1
2 0 4383 3325 4399 6 1
3 0 4379 3337 4395 6 2
4 0 4379 3345 4387 6 3
5 0 4379 3357 4379 2 4
6 0 4379 3357 4375 2 5
7 0 4383 3361 4371 3.65685 6
8 0 4387 3361 4367 3.65685 7
9 0 4391 3365 4363 6 8
10 0 4391 3373 4355 3.65685 9
11 0 4395 3377 4351 2 10
12 0 4395 3381 4347 2 11
13 0 4395 3389 4343 6 12
14 0 4395 3393 4335 6 13
15 0 4395 3405 4339 2 14
16 0 4395 3409 4339 2 15
17 0 4395 3413 4339 2 16
18 0 4391 3417 4335 3.65685 17
19 0 4387 3421 4331 2 18
