# Generated by NeuTu (https://github.com/janelia-flyem/NeuTu)
1 0 4601 3119 4465 6 -1
2 0 4617 3115 4465 6 1
3 0 4621 3111 4461 3.65685 2
4 0 4629 3111 4453 3.65685 3
5 0 4641 3111 4445 9.31371 4
6 0 4649 3119 4441 9.31371 5
7 0 4653 3127 4433 6 6
8 0 4657 3131 4429 6 7
9 0 4661 3135 4425 3.65685 8
10 0 4665 3143 4421 6 9
11 0 4669 3147 4417 3.65685 10
12 0 4669 3151 4417 3.65685 11
13 0 4673 3155 4413 3.65685 12
14 0 4677 3163 4405 6 13
15 0 4681 3163 4397 3.65685 14
16 0 4677 3159 4393 3.65685 15
17 0 4673 3159 4385 3.65685 16
18 0 4669 3159 4381 2 17
19 0 4645 3091 4449 10 5
20 0 4645 3079 4445 9.31371 19
21 0 4653 3075 4437 6 20
