# Generated by NeuTu (https://github.com/janelia-flyem/NeuTu)
1 0 4481 3141 1811 2 -1
2 0 4485 3137 1811 3.65685 1
3 0 4493 3133 1811 6 2
4 0 4505 3125 1803 6 3
5 0 4513 3121 1795 6 4
6 0 4525 3117 1783 6 5
7 0 4541 3121 1775 6 6
8 0 4557 3129 1767 6.94427 7
9 0 4573 3149 1767 9.31371 8
10 0 4573 3161 1775 6 9
11 0 4573 3173 1791 6 10
12 0 4569 3181 1811 6 11
13 0 4565 3185 1819 3.65685 12
14 0 4565 3189 1823 3.65685 13
15 0 4561 3193 1827 3.65685 14
16 0 4561 3193 1831 3.65685 15
17 0 4561 3193 1839 6 16
18 0 4569 3201 1859 6.94427 17
19 0 4577 3217 1875 6 18
20 0 4585 3225 1891 6 19
21 0 4589 3225 1899 6 20
22 0 4589 3225 1907 3.65685 21
23 0 4589 3225 1915 3.65685 22
24 0 4589 3221 1919 2 23
