# Generated by NeuTu (https://github.com/janelia-flyem/NeuTu)
1 0 2429 2827 4514 6 -1
2 0 2433 2823 4518 3.65685 1
3 0 2433 2823 4522 3.65685 2
4 0 2433 2815 4530 6 3
5 0 2429 2811 4534 3.65685 4
6 0 2429 2807 4538 3.65685 5
7 0 2425 2803 4542 6 6
8 0 2417 2791 4550 6 7
9 0 2413 2779 4566 6 8
10 0 2409 2771 4574 6 9
11 0 2413 2763 4590 6 10
12 0 2421 2751 4602 6 11
13 0 2421 2743 4606 6 12
14 0 2425 2735 4606 3.65685 13
15 0 2429 2731 4610 3.65685 14
16 0 2429 2727 4610 3.65685 15
17 0 2433 2723 4614 3.65685 16
18 0 2433 2719 4614 3.65685 17
19 0 2437 2715 4614 2 18
20 0 2437 2703 4614 6 19
21 0 2429 2683 4610 6 20
22 0 2433 2671 4610 6 21
23 0 2437 2667 4606 2 22
24 0 2437 2663 4606 2 23
