# Generated by NeuTu (https://github.com/janelia-flyem/NeuTu)
1 0 2387 2740 4894 2 -1
2 0 2387 2740 4890 2 1
3 0 2391 2736 4882 6 2
4 0 2391 2728 4874 6 3
5 0 2395 2720 4866 9.31371 4
6 0 2403 2720 4858 6 5
7 0 2415 2724 4850 6 6
8 0 2431 2724 4846 6.94427 7
9 0 2451 2724 4842 6 8
10 0 2467 2728 4842 6.94427 9
11 0 2479 2732 4838 12.4222 10
12 0 2479 2744 4834 9.31371 11
13 0 2491 2756 4822 6.94427 12
14 0 2503 2764 4810 6.94427 13
15 0 2519 2772 4798 6 14
16 0 2539 2776 4778 6.94427 15
17 0 2551 2780 4766 6.94427 16
18 0 2567 2784 4750 6.94427 17
19 0 2583 2788 4734 6 18
20 0 2591 2792 4726 6 19
21 0 2599 2792 4714 6.94427 20
22 0 2603 2796 4698 6 21
23 0 2603 2800 4682 6 22
24 0 2603 2800 4674 6 23
25 0 2603 2812 4658 6 24
26 0 2607 2816 4650 6 25
27 0 2607 2820 4642 3.65685 26
28 0 2611 2824 4638 2 27
29 0 2611 2824 4634 2 28
30 0 2491 2708 4850 14 11
