# Generated by NeuTu (https://github.com/janelia-flyem/NeuTu)
1 0 2258 2920 4661 6 -1
2 0 2254 2916 4665 6 1
3 0 2250 2908 4673 9.31371 2
4 0 2250 2872 4685 6 3
5 0 2250 2864 4689 6 4
6 0 2246 2860 4693 3.65685 5
7 0 2242 2852 4697 6 6
8 0 2238 2840 4709 6 7
9 0 2234 2828 4713 6 8
10 0 2226 2820 4721 6 9
11 0 2218 2812 4729 6 10
12 0 2214 2800 4733 6.94427 11
13 0 2214 2792 4737 6 12
14 0 2210 2784 4733 6 13
15 0 2210 2776 4737 2 14
16 0 2210 2772 4737 2 15
17 0 2210 2768 4741 3.65685 16
18 0 2206 2764 4745 6 17
19 0 2198 2756 4753 6 18
20 0 2190 2748 4761 6 19
21 0 2186 2748 4769 3.65685 20
22 0 2182 2744 4773 6 21
23 0 2174 2740 4781 6 22
24 0 2166 2736 4781 6 23
25 0 2158 2732 4789 3.65685 24
26 0 2150 2732 4793 6 25
27 0 2146 2728 4797 3.65685 26
28 0 2138 2728 4801 6 27
29 0 2130 2724 4813 6 28
30 0 2134 2720 4817 6 29
