# Generated by NeuTu (https://github.com/janelia-flyem/NeuTu)
1 0 2130 2935 4695 19.5407 -1
2 0 2182 2915 4699 23.2982 1
3 2 2196.69 2892.97 4710.02 23.5867 2
4 0 2229.36 2868.73 4717.27 16.9453 3
5 0 2270 2863 4727 6 4
6 0 2282 2859 4731 6.94427 5
7 0 2290 2851 4731 10.6491 6
8 0 2318 2827 4735 10.6491 7
9 0 2334 2811 4739 9.31371 8
10 0 2246 2871 4683 6 4
11 0 2254 2871 4675 9.31371 10
12 0 2262 2863 4675 6.94427 11
13 0 2274 2855 4671 10.6491 12
14 0 2286 2859 4667 6 13
15 0 2174 2883 4691 15.8885 3
16 0 2150 2879 4691 14 15
17 0 2134 2875 4687 6 16
18 0 2126 2871 4687 3.65685 17
19 0 2122 2867 4687 3.65685 18
20 0 2122 2863 4691 2 19
