# Generated by NeuTu (https://github.com/janelia-flyem/NeuTu)
1 0 4217 2896 1876 6.94427 -1
2 0 4217 2912 1876 3.65685 1
3 0 4217 2920 1880 6 2
4 0 4217 2936 1884 6 3
5 0 4217 2944 1884 6 4
6 0 4225 2960 1872 6 5
7 0 4229 2964 1864 6 6
8 0 4233 2968 1860 3.65685 7
9 0 4233 2976 1852 3.65685 8
10 0 4233 2980 1848 2 9
11 0 4233 2988 1840 6.94427 10
12 0 4241 2996 1832 10.6491 11
13 0 4245 3008 1832 6 12
14 0 4245 3020 1844 6.94427 13
15 0 4237 3028 1852 3.65685 14
16 0 4233 3028 1856 3.65685 15
17 0 4229 3032 1860 6 16
18 0 4229 3036 1872 6.94427 17
19 0 4217 3044 1880 9.31371 18
20 0 4209 3052 1888 6.94427 19
21 0 4201 3052 1888 6 20
22 0 4197 3056 1896 6 21
23 0 4197 3060 1904 3.65685 22
24 0 4193 3060 1912 3.65685 23
25 0 4189 3064 1916 3.65685 24
26 0 4189 3072 1920 6 25
27 0 4185 3088 1928 6.94427 26
28 0 4185 3100 1940 6 27
29 0 4185 3112 1956 6 28
30 0 4189 3120 1964 6.94427 29
