# Generated by NeuTu (https://github.com/janelia-flyem/NeuTu)
1 0 2114 2519 4956 6 -1
2 0 2118 2535 4936 10 1
3 0 2130 2535 4924 9.31371 2
4 0 2146 2535 4924 6 3
5 0 2158 2535 4924 9.31371 4
6 0 2174 2543 4924 6.94427 5
7 0 2186 2551 4924 6.94427 6
8 0 2194 2559 4924 6 7
9 0 2198 2571 4916 6 8
10 0 2206 2583 4912 6 9
11 0 2206 2587 4900 3.65685 10
12 0 2210 2587 4892 3.65685 11
13 0 2210 2591 4888 3.65685 12
14 0 2206 2595 4884 6 13
15 0 2210 2607 4868 6 14
16 0 2214 2611 4860 6 15
17 0 2218 2607 4856 6 16
