# Generated by NeuTu (https://github.com/janelia-flyem/NeuTu)
1 0 2577 2663 4888 6 -1
2 0 2569 2663 4896 6 1
3 0 2553 2663 4896 6 2
4 0 2541 2671 4892 6 3
5 0 2533 2671 4900 3.65685 4
6 0 2529 2667 4904 3.65685 5
7 0 2529 2667 4908 3.65685 6
8 2 2521.6 2659.6 4919.09 9.5207 7
9 0 2485 2663 4912 10 8
10 0 2473 2667 4912 6 9
11 0 2453 2671 4912 6.94427 10
12 0 2437 2671 4912 6 11
13 0 2425 2675 4908 6.94427 12
14 0 2409 2691 4908 6.94427 13
15 0 2401 2699 4900 6.94427 14
16 0 2385 2703 4904 6 15
17 0 2381 2707 4908 3.65685 16
18 0 2377 2711 4912 6 17
19 0 2373 2719 4912 6.94427 18
20 0 2361 2723 4916 6 19
21 0 2353 2731 4920 9.31371 20
22 0 2341 2731 4924 3.65685 21
23 0 2337 2727 4928 2 22
24 0 2541 2667 4928 6.94427 8
25 0 2549 2671 4928 6 24
26 0 2557 2675 4928 2 25
27 0 2561 2679 4932 2 26
28 0 2565 2679 4936 2 27
29 0 2569 2679 4940 2 28
30 0 2573 2679 4940 2 29
