# Generated by NeuTu (https://github.com/janelia-flyem/NeuTu)
1 0 2110 2889 4946 2 -1
2 0 2110 2885 4946 2 1
3 0 2118 2877 4950 6 2
4 0 2126 2869 4946 6 3
5 0 2142 2865 4946 6.94427 4
6 0 2158 2857 4938 6 5
7 0 2180.13 2848.73 4934 6.44066 6
8 0 2182 2829 4938 6 7
9 0 2186 2813 4942 6 8
10 0 2198 2793 4942 6.94427 9
11 0 2210 2777 4942 6.94427 10
12 0 2226 2761 4942 6 11
13 0 2234 2753 4938 2 12
14 0 2182 2857 4922 6.94427 7
15 0 2174 2869 4914 6 14
16 0 2170 2881 4914 6 15
17 0 2162 2893 4902 10 16
18 0 2154 2905 4898 9.31371 17
