# Generated by NeuTu (https://github.com/janelia-flyem/NeuTu)
1 0 2479 2694 5010 2 -1
2 0 2467 2694 5010 6.94427 1
3 0 2455 2682 5002 9.31371 2
4 0 2447 2666 5002 6.94427 3
5 0 2439 2658 4994 6 4
6 0 2435 2662 4990 6 5
7 0 2431 2670 4982 2 6
8 0 2431 2678 4982 6 7
9 0 2419 2690 4966 6.94427 8
10 0 2419 2698 4958 10 9
11 0 2431 2718 4942 6 10
12 0 2443 2730 4942 6.94427 11
13 0 2459 2738 4942 6 12
14 0 2475 2742 4942 9.31371 13
15 0 2487 2754 4946 10.6491 14
16 0 2495 2762 4954 6.94427 15
17 0 2511 2774 4958 10 16
18 0 2536.85 2794.63 4970.63 24.5048 17
19 2 2542.19 2807.96 4983.96 20.1986 18
20 0 2551 2826 5002 6 19
21 0 2551 2834 5010 6 20
22 0 2555 2838 5026 6.94427 21
23 0 2559 2834 5038 10 22
24 0 2563 2830 5050 9.31371 23
25 0 2575 2838 5066 3.65685 24
26 0 2579 2842 5070 6 25
27 0 2575 2850 5078 9.31371 26
28 0 2583 2866 5086 6 27
29 0 2591 2866 5090 6.94427 28
30 0 2599 2878 5094 6 29
31 0 2603 2886 5094 3.65685 30
32 0 2611 2894 5094 6.94427 31
33 0 2619 2902 5098 3.65685 32
34 0 2627 2906 5098 6.94427 33
35 0 2635 2914 5094 6 34
36 0 2651 2918 5090 6.94427 35
37 0 2667 2934 5078 12.4222 36
38 0 2691 2946 5078 6.94427 37
39 0 2707 2946 5078 6 38
40 0 2723 2938 5078 6.94427 39
41 0 2743 2930 5078 9.31371 40
42 0 2755 2930 5078 6 41
43 0 2775 2930 5082 6.94427 42
44 0 2795 2922 5086 6 43
45 0 2819 2910 5086 9.31371 44
46 0 2843 2910 5082 9.31371 45
47 0 2851 2914 5074 10 46
48 0 2863 2910 5074 3.65685 47
49 0 2871 2906 5074 6 48
50 0 2879 2902 5074 3.65685 49
51 0 2883 2898 5078 3.65685 50
52 0 2887 2894 5082 6 51
53 0 2903 2882 5082 6.94427 52
54 0 2915 2866 5082 6 53
55 0 2919 2854 5082 6 54
56 0 2927 2838 5082 6 55
57 0 2927 2822 5082 9.31371 56
58 0 2927 2810 5082 6 57
59 0 2927 2794 5082 6.94427 58
60 0 2935 2786 5090 6 59
61 0 2943 2782 5094 3.65685 60
62 0 2951 2782 5094 6.94427 61
63 0 2959 2774 5094 6.94427 62
64 0 2971 2766 5094 12.4222 63
65 0 2995 2762 5086 6 64
66 0 2507 2798 4994 6 19
67 0 2495 2790 4994 6.94427 66
68 0 2479 2782 4994 10.6491 67
69 0 2463 2758 4998 10.6491 68
70 0 2455 2738 5002 3.65685 69
71 0 2455 2734 5002 2 70
72 0 2579 2806 4958 9.31371 18
73 0 2587 2810 4954 6 72
74 0 2599 2818 4946 3.65685 73
75 0 2603 2822 4946 2 74
76 0 2483 2726 4954 6 14
77 0 2483 2714 4954 6 76
78 0 2483 2698 4958 6 77
79 0 2479 2686 4954 6 78
80 0 2483 2674 4950 10 79
81 0 2483 2662 4946 6.94427 80
82 0 2491 2658 4938 6 81
