# Generated by NeuTu (https://github.com/janelia-flyem/NeuTu)
1 0 2287 3061 5123 10 -1
2 0 2283 3045 5107 6 1
3 0 2283 3041 5095 9.31371 2
4 0 2283 3029 5079 6.94427 3
5 0 2275 3021 5071 6 4
6 0 2275 3013 5063 3.65685 5
7 0 2275 3009 5059 2 6
8 0 2275 3005 5055 3.65685 7
9 0 2271 3001 5051 3.65685 8
10 0 2267 2997 5047 6 9
11 0 2267 2981 5035 6 10
12 0 2271 2973 5027 9.31371 11
13 0 2267 2957 5023 6 12
14 0 2267 2941 5023 6 13
15 0 2263 2929 5023 12.4222 14
16 0 2259 2897 5015 9.31371 15
17 0 2271 2877 5003 6.94427 16
18 0 2279 2869 5003 6.94427 17
19 0 2283 2861 4995 9.31371 18
20 0 2279 2853 4991 6 19
21 0 2271 2837 4975 6 20
22 0 2259 2821 4959 9.31371 21
23 0 2251 2813 4955 9.31371 22
24 0 2247 2805 4947 6 23
25 0 2247 2789 4947 6 24
26 0 2247 2773 4943 9.31371 25
27 0 2251 2765 4939 6 26
