# Generated by NeuTu (https://github.com/janelia-flyem/NeuTu)
1 0 3070 3214 5333 2 -1
2 0 3074 3210 5333 2 1
3 0 3074 3206 5337 2 2
4 0 3074 3202 5337 2 3
5 0 3086 3194 5325 2 4
6 0 3090 3190 5325 2 5
7 0 3086 3146 5333 27.1204 6
8 0 3086 3166 5289 9.31371 7
9 0 3086 3166 5277 6 8
10 0 3086 3166 5261 6 9
11 0 3082 3158 5245 6.94427 10
12 0 3078 3150 5221 6.94427 11
13 0 3058.92 3154 5204.28 11.4285 12
14 0 3034 3166 5193 9.31371 13
15 0 3006 3174 5173 12.4222 14
16 0 2990 3178 5169 15.8885 15
17 0 2966 3198 5161 9.31371 16
18 0 2954 3206 5153 6.94427 17
19 0 2946 3214 5145 6.94427 18
20 0 2938 3222 5145 6.94427 19
21 0 2922 3238 5133 6.94427 20
22 0 2910 3246 5125 6.94427 21
23 0 2894 3266 5109 10.6491 22
24 0 2886 3266 5101 6.94427 23
25 0 2878 3274 5097 10 24
26 0 2870 3282 5089 6 25
27 0 2862 3286 5081 6.94427 26
28 0 2842 3298 5073 9.31371 27
29 0 2826 3302 5069 6.94427 28
30 0 2810 3306 5069 6.94427 29
31 0 2778.89 3333.11 5053.89 16.3704 30
32 2 2701.3 3335.82 4993.87 51.202 31
33 0 2694 3334 4989 53.5698 32
34 2 2665.11 3357.11 4974.56 37.2584 33
35 0 2618 3394 4941 9.31371 34
36 0 2606 3394 4929 6.94427 35
37 0 2594 3398 4913 6.94427 36
38 0 2590 3402 4901 6 37
39 0 2590 3406 4885 6.94427 38
40 2 2590 3406 4871 6.94427 39
41 0 2594 3410 4857 6 40
42 0 2598 3414 4841 14 41
43 0 2614 3418 4817 9.31371 42
44 0 2618 3418 4793 9.31371 43
45 0 2618 3414 4753 14 44
46 0 2598 3422 4717 14 45
47 0 2586 3422 4709 10 46
48 0 2570 3426 4697 9.31371 47
49 0 2558 3426 4689 9.31371 48
50 0 2538 3442 4661 18.3961 49
51 0 2526 3454 4649 19.5407 50
52 0 2514 3478 4629 10.6491 51
53 0 2510 3494 4613 10 52
54 0 2518 3522 4609 6.94427 53
55 0 2530 3546 4609 10.6491 54
56 0 2542 3566 4609 10.6491 55
57 0 2570 3578 4617 10 56
58 0 2598 3574 4625 10.6491 57
59 0 2610 3566 4633 9.31371 58
60 0 2626 3558 4641 12.4222 59
61 0 2634 3534 4665 10 60
62 0 2634 3522 4689 6 61
63 0 2634 3514 4697 6.94427 62
64 0 2638 3510 4709 6 63
65 0 2638 3502 4725 6 64
66 0 2638 3486 4749 10 65
67 0 2646 3478 4777 10 66
68 0 2642 3478 4801 9.31371 67
69 0 2650 3498 4825 10.6491 68
70 0 2642 3514 4833 10 69
71 0 2638 3530 4837 15.8885 70
72 0 2638 3550 4837 10.6491 71
73 2 2642 3567.66 4853.5 11.1679 72
74 0 2646 3578 4865 9.31371 73
75 0 2658 3586 4885 14 74
76 0 2682.76 3616.34 4892.17 16.1719 75
77 2 2689.59 3625.45 4896.72 17.8955 76
78 0 2714 3630 4901 10.6491 77
79 0 2738 3638 4917 10.6491 78
80 0 2762 3642 4921 10.6491 79
81 0 2782 3658 4917 10.6491 80
82 0 2802 3670 4921 22 81
83 0 2810 3722 4925 28.4631 82
84 0 2834 3766 4925 48.5964 83
85 2 2841.8 3771.85 4932.8 46.8081 84
86 2 2877.51 3798.63 4968.51 38.6263 85
87 2 2896.94 3797.02 4992.92 21.9242 86
88 0 2918 3790 5021 10.6491 87
89 0 2950 3810 5029 14.4924 88
90 0 2982 3814 5045 10 89
91 0 3010 3822 5057 12.4222 90
92 0 3034 3826 5069 10.6491 91
93 0 3062 3842 5077 18 92
94 0 3098 3862 5097 14 93
95 0 3110 3870 5109 6 94
96 0 3114 3870 5125 6 95
97 0 3126 3866 5137 6 96
98 0 3126 3866 5145 6 97
99 0 3126 3858 5153 6 98
100 0 3130 3834 5169 10.6491 99
101 0 3126 3822 5173 9.31371 100
102 0 3118 3794 5189 18 101
103 0 3102 3778 5193 14 102
104 0 3090 3770 5201 6.94427 103
105 0 3082 3766 5205 6 104
106 0 3074 3762 5209 2 105
107 0 3070 3758 5209 2 106
108 2 2896.02 3808.15 4975.93 28.6852 87
109 0 2934 3846 4953 15.8885 108
110 0 2946 3858 4945 14 109
111 0 2962 3870 4941 18 110
112 0 2986 3894 4941 6.94427 111
113 0 2998 3910 4941 14.4924 112
114 0 3030 3922 4953 6 113
115 0 3038 3922 4957 3.65685 114
116 0 3042 3926 4957 2 115
117 0 2866 3838 4945 14.4924 108
118 0 2854 3862 4933 3.65685 117
119 0 2854 3866 4929 2 118
120 0 2858 3754 4977 24.8328 86
121 0 2874 3738 4989 9.31371 120
122 2 2878.08 3806.28 4882.44 22.1996 85
123 2 2888.89 3827.22 4859.78 18.214 122
124 2 2886.19 3837.62 4841.76 12.6878 123
125 0 2870 3850 4833 6.94427 124
126 0 2862 3858 4829 10.6491 125
127 0 2866 3894 4817 9.31371 126
128 0 2874 3906 4813 12.4222 127
129 0 2894 3922 4813 6 128
130 0 2902 3922 4813 2 129
131 0 2906 3922 4813 2 130
132 0 2910 3922 4813 2 131
133 0 2918 3922 4813 6 132
134 0 2938 3914 4809 6.94427 133
135 0 2958 3918 4805 6 134
136 0 2962 3918 4797 3.65685 135
137 0 2966 3918 4797 2 136
138 0 2886 3822 4821 10.6491 124
139 0 2886 3814 4813 6.94427 138
140 0 2894 3802 4801 10 139
141 0 2894 3782 4781 9.31371 140
142 0 2882 3782 4777 6 141
143 0 2870 3786 4769 10 142
144 0 2850 3778 4765 3.65685 143
145 0 2846 3778 4765 2 144
146 0 2906 3850 4877 10.6491 123
147 0 2914 3854 4885 10 146
148 0 2934 3858 4885 3.65685 147
149 0 2938 3858 4881 2 148
150 0 2910 3834 4893 9.31371 122
151 0 2922 3834 4901 6.94427 150
152 0 2930 3842 4897 3.65685 151
153 0 2934 3846 4897 2 152
154 0 2798 3846 4877 26 84
155 0 2794 3874 4881 21.3238 154
156 0 2794 3894 4889 9.31371 155
157 0 2818 3650 4933 6.94427 82
158 0 2830 3638 4937 6 157
159 0 2838 3630 4941 6.94427 158
160 0 2850 3618 4949 18 159
161 0 2858 3586 4957 6 160
162 0 2862 3570 4957 6.94427 161
163 0 2866 3554 4961 6 162
164 0 2870 3542 4961 6 163
165 0 2870 3522 4957 6.94427 164
166 0 2866 3514 4953 9.31371 165
167 0 2854 3498 4949 6.94427 166
168 0 2846 3490 4945 3.65685 167
169 0 2842 3486 4945 2 168
170 0 2838 3486 4945 2 169
171 0 2658 3650 4905 9.31371 77
172 0 2650 3654 4913 6.94427 171
173 0 2642 3654 4921 10 172
174 0 2626 3662 4929 9.31371 173
175 0 2618 3670 4929 10 174
176 0 2614 3682 4925 6 175
177 0 2610 3686 4929 2 176
178 0 2610 3690 4929 2 177
179 0 2682 3642 4877 6 76
180 0 2686 3650 4873 9.31371 179
181 0 2690 3662 4869 6 180
182 0 2690 3678 4869 6 181
183 0 2694 3690 4865 9.31371 182
184 0 2702 3702 4861 3.65685 183
185 0 2698 3706 4857 2 184
186 0 2606 3586 4841 14 73
187 0 2594 3594 4849 6 186
188 0 2594 3602 4857 3.65685 187
189 0 2598 3606 4861 2 188
190 0 2638 3402 4749 6.94427 45
191 0 2650 3402 4749 6.94427 190
192 0 2670 3402 4761 6.94427 191
193 0 2678 3398 4761 6 192
194 0 2582 3390 4885 6 40
195 0 2582 3374 4901 6 194
196 0 2730 3390 4989 14 34
197 0 2742 3402 4993 9.31371 196
198 0 2750 3410 4989 3.65685 197
199 0 2754 3410 4989 2 198
200 0 2702 3266 4985 42 33
201 0 2670 3246 4957 21.3238 200
202 0 2634 3246 4937 12.4222 201
203 0 2610 3266 4925 9.31371 202
204 0 2602 3274 4917 10.6491 203
205 2 2592.11 3287.89 4904.37 19.0251 204
206 0 2563.87 3310.68 4894.96 28.1757 205
207 0 2534 3314 4885 14.4924 206
208 0 2518 3306 4877 18 207
209 0 2502 3274 4869 12.4222 208
210 0 2490 3234 4869 12.4222 209
211 0 2474 3206 4877 14 210
212 0 2462 3178 4893 12.4222 211
213 0 2454 3166 4901 9.31371 212
214 0 2442 3154 4913 10 213
215 0 2434 3146 4921 10 214
216 0 2395.65 3141.76 4933.24 12.6827 215
217 0 2342 3122 4945 14 216
218 0 2310 3106 4941 10.6491 217
219 0 2294 3090 4949 9.31371 218
220 0 2266 3086 4949 10 219
221 0 2218 3094 4969 34.8782 220
222 2 2210.27 3094.86 4976.73 30.6035 221
223 0 2182 3098 5005 14.9706 222
224 0 2174 3114 5025 3.65685 223
225 0 2178 3118 5033 6.94427 224
226 0 2174 3118 5041 6 225
227 0 2174 3122 5053 3.65685 226
228 0 2178 3130 5061 6 227
229 0 2178 3130 5069 6 228
230 0 2174 3126 5073 6 229
231 0 2174 3126 5081 6 230
232 0 2166 3130 5089 6 231
233 0 2158 3134 5097 6 232
234 0 2150 3126 5109 6 233
235 0 2150 3130 5125 6.94427 234
236 0 2162 3134 5145 6.94427 235
237 0 2162 3134 5153 2 236
238 0 2166 3134 5165 9.31371 237
239 0 2166 3142 5177 6 238
240 0 2166 3150 5181 6 239
241 0 2170 3154 5189 3.65685 240
242 0 2170 3154 5197 3.65685 241
243 0 2166 3158 5201 6 242
244 0 2162 3162 5205 6 243
245 0 2162 3166 5229 6 244
246 0 2150 3174 5241 6.94427 245
247 2 2149.11 3173.56 5249.89 6 246
248 0 2134 3170 5265 6 247
249 0 2126 3170 5269 6 248
250 0 2118 3166 5277 3.65685 249
251 0 2114 3158 5285 6.94427 250
252 0 2118 3146 5293 9.31371 251
253 0 2162 3154 5257 9.31371 247
254 0 2162 3142 5245 6 253
255 0 2190 3078 5009 26.2843 222
256 0 2162 3038 5017 14 255
257 0 2162 3014 5021 9.31371 256
258 0 2158 2982 5025 10 257
259 0 2154 2966 5025 10.6491 258
260 0 2154 2954 5025 6.94427 259
261 0 2154 2942 5013 6.94427 260
262 0 2150 2922 5009 10 261
263 0 2138 2910 4993 12.4222 262
264 0 2122 2894 4973 6.94427 263
265 0 2114 2890 4965 6 264
266 0 2206 3138 4953 20.6274 221
267 0 2210 3158 4949 9.31371 266
268 0 2210 3174 4937 6 267
269 0 2210 3194 4921 10 268
270 0 2218 3214 4909 9.31371 269
271 0 2374 3166 4941 9.31371 216
272 0 2370 3166 4961 6 271
273 0 2370 3174 4977 9.31371 272
274 0 2366 3194 4989 10.6491 273
275 0 2358 3218 4993 15.8885 274
276 0 2342 3238 5001 12.4222 275
277 0 2322 3254 5005 14.9706 276
278 0 2294 3266 5005 6.94427 277
279 0 2278 3286 5001 10 278
280 0 2282 3302 5001 2 279
281 0 2282 3306 5001 2 280
282 0 2534 3322 4909 12.4222 206
283 0 2510 3330 4909 6 282
284 0 2502 3330 4909 3.65685 283
285 0 2494 3326 4909 3.65685 284
286 0 2490 3322 4905 2 285
287 0 2606 3326 4889 15.8885 205
288 0 2634 3330 4869 18 287
289 0 2650 3322 4865 6.94427 288
290 0 2670 3318 4849 6.94427 289
291 0 2686 3314 4841 14.4924 290
292 0 2714 3346 4821 18 291
293 0 2734 3370 4813 6.94427 292
294 0 2738 3378 4809 3.65685 293
295 0 2738 3382 4809 2 294
296 0 2754 3298 5009 34 32
297 0 2786 3318 5013 26.2843 296
298 0 2814 3306 5013 10 297
299 0 2774 3342 5077 9.31371 31
300 0 2774 3342 5093 9.31371 299
301 0 2774 3354 5105 6.94427 300
302 0 2770 3362 5105 6 301
303 0 2870 3286 5065 9.31371 27
304 0 2890 3282 5045 10.6491 303
305 0 2898 3278 5037 10 304
306 0 2910 3270 5013 18 305
307 0 2938 3258 4985 38.1995 306
308 2 2939.19 3257.49 4983.98 37.4055 307
309 2 2953.64 3251.3 4971.6 27.7783 308
310 0 2990 3258 4957 24.8328 309
311 0 3002 3298 4933 10.6491 310
312 0 3010 3322 4917 6 311
313 0 3014 3330 4917 6 312
314 0 3018 3338 4909 6 313
315 0 3018 3346 4909 6 314
316 0 3022 3350 4905 6 315
317 0 3026 3354 4901 3.65685 316
318 0 3030 3354 4897 3.65685 317
319 0 3030 3350 4893 2 318
320 0 3030 3350 4889 2 319
321 0 3030 3346 4885 2 320
322 0 3030 3338 4877 6 321
323 0 3034 3330 4873 2 322
324 0 3034 3326 4873 2 323
325 2 2988.02 3245.36 4996.67 31.5763 309
326 0 3002 3242 5001 30.249 325
327 0 3034 3234 4997 24.8328 326
328 0 3058 3242 4993 9.31371 327
329 0 3070 3242 4981 6 328
330 0 3082 3246 4969 6 329
331 0 3094 3250 4965 12.4222 330
332 0 3106 3226 4961 6 331
333 0 3038 3250 5025 21.3238 326
334 0 3054 3266 5029 10 333
335 0 2998 3282 5001 10 325
336 0 2994 3290 5009 9.31371 335
337 0 3002 3298 5013 6 336
338 2 2911.68 3185.93 4932.93 26.3628 308
339 0 2902 3154 4929 10.6491 338
340 0 2898 3146 4937 6.94427 339
341 0 2906 3214 4909 20.6274 338
342 0 2906 3238 4905 6 341
343 0 2962 3294 4993 12.4222 307
344 0 2966 3318 4997 14 343
345 0 2966 3350 4977 12.4222 344
346 0 2898 3294 5109 6 23
347 0 2898 3302 5109 6 346
348 0 2898 3314 5113 10 347
349 0 2890 3326 5117 6.94427 348
350 0 3058 3130 5201 10 13
351 0 3050 3102 5209 9.31371 350
352 0 3042 3090 5213 6.94427 351
353 0 3030 3078 5217 9.31371 352
354 0 3026 3062 5233 9.31371 353
355 0 3018 3046 5249 10.6491 354
356 0 3010 3030 5257 6.94427 355
357 0 3002 3014 5269 6 356
358 0 2994 2998 5273 6.94427 357
359 0 2986 2986 5273 6.94427 358
360 0 2974 2970 5265 6.94427 359
361 0 2966 2958 5265 6 360
362 0 2966 2942 5265 6 361
363 0 2970 2938 5269 6 362
364 0 2970 2930 5269 2 363
365 0 2970 2922 5273 6.94427 364
366 0 2978 2914 5277 10 365
367 0 2990 2886 5281 9.31371 366
368 0 2990 2874 5285 10.6491 367
369 0 2978 2858 5285 10 368
370 0 2974 2846 5293 6 369
371 0 2966 2830 5309 14.4924 370
372 0 2962 2810 5325 3.65685 371
373 0 2962 2806 5325 2 372
374 0 3010 2854 5305 10 368
375 0 3014 2838 5309 9.31371 374
376 0 3006 2830 5301 2 375
377 0 3002 2830 5297 2 376
378 2 3094.91 3143.77 5346.36 24.2704 7
379 0 3054 3126 5357 18 378
380 0 3030 3110 5365 2 379
381 0 3030 3106 5365 2 380
382 2 3104.58 3141.14 5359.15 21.243 378
383 0 3096.67 3159.33 5390.33 6.94427 382
384 0 3090 3166 5397 6.94427 383
385 0 3086 3182 5405 6 384
386 0 3074 3202 5413 9.31371 385
387 0 3062 3206 5413 3.65685 386
388 0 3054 3210 5413 3.65685 387
389 0 3046 3210 5421 6 388
390 0 3034 3214 5433 6 389
391 0 3110 3158 5409 3.65685 383
392 0 3114 3162 5417 6 391
393 0 3106 3170 5433 6.94427 392
394 0 3106 3174 5441 6 393
395 0 3138 3126 5385 9.31371 382
396 0 3150 3106 5405 6.94427 395
397 0 3158 3110 5417 6.94427 396
398 0 3166 3118 5433 6 397
399 2 3170 3118 5447 6.7082 398
400 0 3170 3142 5449 6 399
401 0 3166 3158 5445 6 400
402 0 3166 3170 5433 6.94427 401
403 0 3174 3182 5425 9.31371 402
404 0 3178 3190 5417 6.94427 403
405 0 3178 3202 5417 6.94427 404
406 0 3178 3214 5417 10 405
407 0 3174 3226 5417 6 406
408 0 3170 3238 5417 6 407
409 0 3162 3254 5413 6.94427 408
410 0 3154 3266 5409 9.31371 409
411 0 3146 3270 5401 6 410
412 0 3178 3118 5461 10 399
413 0 3194 3082 5489 21.3238 412
414 0 3198 3058 5505 28.4631 413
415 2 3213.04 3024.72 5537.8 21.3173 414
416 0 3178 3022 5577 6 415
417 0 3162 3022 5589 6.94427 416
418 0 3154 3014 5597 6 417
419 0 3146 3006 5601 6 418
420 0 3134 2990 5597 6 419
421 0 3134 2982 5597 6 420
422 2 3218.96 3020.28 5545.2 19.3872 415
423 0 3250 3022 5537 9.31371 422
424 0 3274 3018 5529 6 423
425 0 3278 3018 5521 3.65685 424
426 0 3278 3022 5517 2 425
427 0 3278 3030 5509 6 426
428 0 3294 3042 5505 6.94427 427
429 0 3302 3046 5509 3.65685 428
430 0 3306 3046 5509 2 429
431 0 3250 2990 5589 6 422
432 0 3250 2990 5597 6 431
433 0 3262 2990 5597 6 432
434 0 3266 2982 5605 6.94427 433
435 0 3282 2978 5621 10 434
436 0 3286 2970 5637 6 435
437 0 3286 2966 5653 6 436
438 0 3286 2958 5657 3.65685 437
439 0 3278 2946 5657 9.31371 438
440 0 3266 2926 5665 3.65685 439
441 0 3266 2922 5665 2 440
442 0 3250 2986 5613 6 432
443 0 3250 2982 5621 6.94427 442
444 0 3242 2974 5629 6 443
445 0 3238 2974 5637 6.94427 444
446 0 3238 2970 5645 3.65685 445
447 0 3234 2970 5661 6.94427 446
448 0 3238 2970 5677 6 447
449 0 3250 2970 5689 6.94427 448
450 0 3266 2970 5701 6 449
451 0 3266 2978 5717 6 450
452 0 3274 2985 5734 10.5378 451
453 0 3250 3006 5753 14.4924 452
454 0 3246 3018 5761 3.65685 453
455 0 3246 3022 5761 2 454
456 0 3278 2966 5749 6.94427 452
457 0 3286 2958 5749 6.94427 456
458 0 3294 2938 5761 10.6491 457
459 0 3286 2910 5761 10.6491 458
460 0 3278 2898 5761 6 459
