# Generated by NeuTu (https://github.com/janelia-flyem/NeuTu)
1 0 2187 3231 4507 2 -1
2 0 2191 3231 4507 2 1
3 0 2199 3227 4515 6 2
4 0 2203 3231 4519 3.65685 3
5 0 2211 3231 4523 6.94427 4
6 0 2223 3223 4531 6.94427 5
7 0 2235 3215 4539 10 6
8 0 2243 3207 4543 6.94427 7
9 0 2247 3211 4551 3.65685 8
10 0 2251 3219 4559 6 9
11 0 2259 3235 4571 9.31371 10
12 0 2263 3243 4579 6 11
13 0 2267 3259 4583 6 12
14 0 2271 3267 4587 6.94427 13
15 0 2275 3271 4579 3.65685 14
16 0 2279 3275 4575 3.65685 15
17 0 2279 3275 4571 3.65685 16
18 0 2283 3279 4567 3.65685 17
19 0 2287 3279 4563 3.65685 18
20 0 2299 3287 4555 6.94427 19
21 0 2315 3295 4547 6 20
22 0 2323 3295 4547 6 21
23 0 2335 3291 4535 9.31371 22
24 0 2335 3279 4523 6 23
25 0 2331 3263 4519 6.94427 24
26 0 2327 3255 4519 6 25
27 0 2275 3259 4607 9.31371 14
28 0 2271 3267 4631 6.94427 27
29 0 2271 3267 4643 6.94427 28
30 0 2259 3267 4659 6 29
