# Generated by NeuTu (https://github.com/janelia-flyem/NeuTu)
1 0 2505 3167 4514 2 -1
2 0 2505 3171 4514 3.65685 1
3 0 2501 3175 4518 6 2
4 0 2497 3179 4522 6 3
5 0 2485 3183 4522 6.94427 4
6 0 2477 3179 4530 6 5
7 0 2461 3179 4530 6 6
8 0 2445 3179 4530 6 7
9 0 2433 3183 4538 9.31371 8
10 0 2415.67 3182.33 4555.33 7.33918 9
11 0 2409 3179 4562 9.31371 10
12 0 2397 3167 4578 6.94427 11
13 0 2393 3151 4594 6 12
14 0 2393 3151 4602 3.65685 13
15 0 2389 3147 4606 6 14
16 0 2373 3143 4618 6 15
17 0 2357 3143 4622 6 16
18 0 2345 3143 4626 6 17
19 0 2329 3147 4634 6 18
20 0 2401 3199 4554 6.94427 10
21 0 2385 3211 4550 6 20
22 0 2377 3215 4550 6 21
