# Generated by NeuTu (https://github.com/janelia-flyem/NeuTu)
1 0 2810 2928 5291 2 -1
2 0 2806 2932 5291 3.65685 1
3 0 2806 2944 5287 9.31371 2
4 0 2806 2956 5283 6 3
5 0 2806 2972 5283 6 4
6 0 2806 2980 5291 6 5
7 0 2810 2996 5291 6 6
8 2 2828.64 3018.64 5283.91 17.442 7
9 0 2866 3020 5259 22 8
10 0 2886 3048 5243 12.4222 9
11 0 2906 3076 5223 18 10
12 0 2914 3104 5203 26 11
13 0 2906 3160 5151 21.3238 12
14 0 2890 3192 5135 6.94427 13
15 0 2886 3204 5131 6 14
16 0 2886 3220 5131 6 15
17 0 2886 3228 5131 6 16
18 0 2890 3236 5123 6 17
19 0 2894 3240 5119 6 18
20 0 2898 3248 5111 9.31371 19
21 0 2890 3272 5091 10.6491 20
22 0 2870 3296 5071 10 21
23 0 2846 3304 5059 6.94427 22
24 0 2834 3308 5059 6 23
25 0 2810 3316 5059 10 24
26 0 2798 3316 5051 12.4222 25
27 0 2766 3316 5043 10 26
28 0 2742 3316 5043 10 27
29 0 2718 3320 5043 10 28
30 0 2690 3328 5031 9.31371 29
31 0 2674 3332 5023 6 30
32 0 2654 3340 5011 10 31
33 0 2634 3352 4999 9.31371 32
34 0 2614 3364 4979 9.31371 33
35 0 2602 3364 4955 10 34
36 0 2582 3368 4935 10 35
37 0 2558 3372 4915 9.31371 36
38 2 2550.29 3368.14 4903.43 12.3112 37
39 0 2550 3356 4891 6 38
40 0 2546 3344 4871 9.31371 39
41 0 2534 3344 4843 10.6491 40
42 0 2542 3344 4831 14 41
43 2 2591.7 3321.25 4823 27.7253 42
44 0 2610 3268 4843 30 43
45 0 2630 3204 4859 26.2843 44
46 0 2658 3144 4883 23.6125 45
47 0 2694 3116 4903 23.2982 46
48 0 2734 3088 4935 26 47
49 0 2790 3064 4983 26.2843 48
50 0 2854 3076 4995 30.249 49
51 2 2906.89 3095.11 4991.44 22.7703 50
52 0 3025.6 3126.8 4967 29.7731 51
53 0 3066 3104 4971 10.6491 52
54 0 3090 3092 4975 9.31371 53
55 0 3114 3080 4995 14.9706 54
56 0 3146 3072 5003 10 55
57 0 3170 3060 5003 10.6491 56
58 0 3182 3060 4999 10 57
59 0 3202 3048 4995 18.3961 58
60 0 3238 3016 4971 14.9706 59
61 0 3262 2980 4975 15.8885 60
62 0 3298 2972 4991 14 61
63 0 3334 2980 4999 19.5407 62
64 0 3382 2980 5003 24.8328 63
65 0 3426 2944 5011 14.9706 64
66 0 3454 2912 5027 18.3961 65
67 0 3486 2892 5043 12.4222 66
68 0 3518 2872 5047 14.4924 67
69 0 3554 2844 5047 12.4222 68
70 0 3566 2840 5047 6.94427 69
71 0 3586 2836 5047 6 70
72 0 3598 2836 5051 6 71
73 0 3610 2840 5055 9.31371 72
74 0 3622 2840 5055 6 73
75 0 3634 2840 5059 10 74
76 0 3654 2832 5063 9.31371 75
77 0 3670 2804 5075 14 76
78 0 3678 2760 5099 14 77
79 0 3674 2720 5119 14 78
80 0 3674 2692 5139 14 79
81 0 3678 2668 5159 10.6491 80
82 0 3690 2640 5183 12.4222 81
83 0 3702 2616 5215 21.3238 82
84 0 3718 2580 5239 14 83
85 0 3730 2548 5251 14.4924 84
86 0 3738 2512 5251 14 85
87 0 3754 2468 5251 18 86
88 0 3794 2440 5243 14.9706 87
89 0 3818 2416 5243 14.9706 88
90 0 3842 2384 5255 21.3238 89
91 0 3886 2352 5251 12.4222 90
92 0 3906 2340 5243 14.9706 91
93 0 3942 2308 5243 12.4222 92
94 0 3966 2276 5251 18.3961 93
95 0 3990 2240 5259 20.6274 94
96 0 4038 2216 5267 19.5407 95
97 0 4078 2192 5267 15.8885 96
98 0 4126 2172 5267 18 97
99 0 4166 2156 5251 12.4222 98
100 0 4190 2136 5247 12.4222 99
101 2 4203.78 2122.22 5234.11 17.7654 100
102 0 4222 2092 5227 12.4222 101
103 0 4230 2064 5223 9.31371 102
104 0 4250 2040 5211 14.4924 103
105 0 4270 2016 5187 12.4222 104
106 0 4302 2016 5175 12.4222 105
107 0 4326 2008 5167 10 106
108 0 4354 2004 5155 14.9706 107
109 0 4394 2012 5143 14.4924 108
110 0 4426 2020 5135 14 109
111 0 4458 2020 5131 10.6491 110
112 0 4482 2020 5119 18 111
113 0 4498 2020 5103 6 112
114 0 4506 2020 5095 6 113
115 0 4514 2020 5087 10 114
116 0 4522 2016 5063 10 115
117 0 4526 2008 5047 6 116
118 0 4530 2004 5043 2 117
119 0 4530 2000 5039 2 118
120 0 4182 2124 5211 6 101
121 0 4170 2128 5195 6 120
122 0 3390 3004 5015 6.94427 64
123 0 3406 3016 5023 6 122
124 0 3422 3024 5023 6 123
125 0 3442 3032 5031 6.94427 124
126 0 3454 3032 5039 6.94427 125
127 0 3462 3044 5051 6.94427 126
128 0 3470 3052 5051 3.65685 127
129 0 3478 3056 5051 6 128
130 0 3486 3048 5047 2 129
131 0 3214 3068 4995 6.94427 59
132 0 3226 3080 4991 12.4222 131
133 0 3254 3084 4991 6.94427 132
134 0 3266 3092 4995 6 133
135 0 3278 3108 4991 6 134
136 0 3282 3116 4983 6 135
137 0 3286 3120 4975 6 136
138 0 3290 3124 4967 3.65685 137
139 0 3294 3128 4963 6 138
140 0 3298 3132 4959 3.65685 139
141 0 3298 3136 4959 3.65685 140
142 0 3302 3140 4955 2 141
143 0 3302 3144 4955 2 142
144 2 3033.91 3159.4 4952.44 31.176 52
145 0 3062 3220 4927 23.6125 144
146 0 3094 3260 4919 18 145
147 0 3126 3292 4919 18 146
148 0 3166 3336 4935 30 147
149 0 3158 3400 4943 22 148
150 0 3150 3444 4943 22 149
151 0 3130 3508 4919 26.2843 150
152 0 3110 3576 4895 18 151
153 0 3090 3604 4871 15.8885 152
154 0 3050 3624 4859 18 153
155 0 3010 3620 4851 18.3961 154
156 0 2962 3612 4847 23.2982 155
157 0 2934 3616 4839 19.5407 156
158 0 2910 3628 4827 23.6125 157
159 0 2882 3676 4807 18.3961 158
160 0 2874 3720 4803 21.3238 159
161 0 2850 3756 4803 14.9706 160
162 0 2826 3804 4783 18 161
163 0 2806 3844 4779 14.4924 162
164 0 2794 3872 4767 18 163
165 0 2794 3912 4763 14 164
166 0 2782 3920 4763 3.65685 165
167 0 2778 3924 4763 2 166
168 0 2858 3672 4807 3.65685 159
169 0 2850 3668 4807 6 168
170 0 2834 3672 4807 6 169
171 0 2818 3684 4807 6 170
172 0 2802 3692 4807 6.94427 171
173 0 2786 3708 4811 6.94427 172
174 0 2766 3716 4811 6.94427 173
175 0 2750 3724 4803 6 174
176 0 2734 3724 4803 6 175
177 0 2722 3736 4803 6 176
178 0 2994 3184 4939 6.94427 144
179 0 2978 3192 4939 9.31371 178
180 0 2962 3208 4939 6.94427 179
181 0 2954 3216 4935 6 180
182 0 2942 3216 4935 2 181
183 0 2934 3224 4935 6 182
184 0 2918 3224 4935 6 183
185 0 2906 3224 4935 10 184
186 0 2898 3220 4943 6 185
187 0 2902 3088 4959 6 51
188 0 2902 3084 4951 6 187
189 0 2902 3076 4951 6 188
190 0 2906 3068 4947 2 189
191 0 2906 3064 4947 2 190
192 0 2590 3392.52 4796.42 22.5381 43
193 0 2586 3472 4747 24.8328 192
194 0 2586.46 3537.53 4714.54 38.4569 193
195 0 2626 3656 4703 26.8444 194
196 0 2646 3728 4703 33.7771 195
197 2 2644.28 3801.16 4697.28 32.8588 196
198 2 2646.99 3877.87 4657.75 27.0933 197
199 0 2682 3888 4643 6 198
200 0 2686 3888 4631 6 199
201 0 2690 3880 4623 6 200
202 0 2702 3876 4615 6 201
203 0 2714 3880 4615 6 202
204 0 2722 3888 4615 3.65685 203
205 0 2726 3896 4615 3.65685 204
206 0 2734 3904 4611 6.94427 205
207 0 2742 3920 4607 6 206
208 0 2626 3912 4631 12.4222 198
209 0 2626 3920 4619 6 208
210 0 2646 3808 4731 10 197
211 0 2654 3816 4739 6 210
212 0 2658 3820 4743 6 211
213 0 2654 3828 4751 6 212
214 0 2646 3840 4759 6 213
215 0 2646 3856 4775 6 214
216 0 2642 3856 4783 6 215
217 0 2566 3560 4671 14 194
218 0 2562 3568 4659 3.65685 217
219 0 2562 3572 4651 6 218
220 0 2558 3576 4647 6 219
221 0 2622 3404 4799 9.31371 192
222 0 2634 3404 4783 9.31371 221
223 2 2641.63 3411.63 4767.73 7.16167 222
224 0 2638 3412 4743 6 223
225 0 2638 3412 4735 6 224
226 0 2634 3408 4723 12.4222 225
227 0 2626 3396 4711 9.31371 226
228 0 2610 3384 4711 6.94427 227
229 0 2594 3380 4707 6 228
230 0 2586 3380 4699 6 229
231 0 2570 3376 4695 6.94427 230
232 0 2554 3360 4695 6.94427 231
233 0 2546 3352 4695 9.31371 232
234 0 2534 3348 4695 6 233
235 0 2518 3340 4695 6 234
236 0 2506 3340 4695 6 235
237 0 2490 3336 4695 10 236
238 0 2478 3340 4691 9.31371 237
239 0 2466 3340 4695 6 238
240 0 2446 3344 4699 6.94427 239
241 0 2418 3352 4691 18 240
242 0 2386 3356 4659 22.3311 241
243 0 2362 3376 4623 10 242
244 0 2362 3384 4615 9.31371 243
245 0 2370 3400 4611 6 244
246 0 2654 3408 4771 6 223
247 0 2662 3408 4771 6 246
248 0 2670 3408 4771 3.65685 247
249 0 2674 3412 4775 3.65685 248
250 0 2682 3416 4775 6 249
251 0 2686 3420 4779 6 250
252 0 2694 3420 4779 6 251
253 0 2702 3424 4783 2 252
254 0 2706 3424 4783 2 253
255 0 2710 3424 4787 2 254
256 0 2558 3376 4831 10.6491 42
257 0 2566 3384 4835 6.94427 256
258 0 2578 3392 4835 6.94427 257
259 0 2506 3336 4847 14 41
260 0 2482 3328 4863 6.94427 259
261 0 2454 3312 4863 14.4924 260
262 0 2434 3304 4859 18 261
263 0 2398 3300 4863 9.31371 262
264 0 2378 3284 4871 10.6491 263
265 0 2362 3264 4887 9.31371 264
266 0 2346.91 3228.91 4903.73 16.3636 265
267 0 2306 3192 4911 12.4222 266
268 0 2298 3168 4919 9.31371 267
269 0 2274 3144 4919 10.6491 268
270 0 2250 3120 4923 14 269
271 0 2208.52 3113.63 4920.63 15.1191 270
272 0 2186 3112 4915 10.6491 271
273 0 2154 3104 4919 12.4222 272
274 0 2126 3096 4939 10 273
275 0 2118 3096 4947 10 274
276 0 2114 3096 4959 6 275
277 0 2198 3096 4935 9.31371 271
278 0 2190 3092 4943 6.94427 277
279 0 2186 3092 4955 9.31371 278
280 0 2174 3084 4975 6 279
281 0 2182 3068 4995 14 280
282 0 2358 3208 4899 6.94427 266
283 0 2374 3192 4899 6 282
284 0 2374 3180 4915 6.94427 283
285 0 2374 3172 4923 9.31371 284
286 0 2558 3388 4895 10 38
287 0 2566 3408 4891 6.94427 286
288 0 2574 3424 4887 6.94427 287
289 0 2582 3448 4887 6.94427 288
290 0 2590 3460 4891 6.94427 289
291 0 2598 3480 4891 6 290
292 0 2602 3500 4891 6.94427 291
293 0 2614 3520 4891 6.94427 292
294 0 2622 3536 4891 6.94427 293
295 0 2634 3552 4887 6.94427 294
296 0 2642 3560 4883 9.31371 295
297 0 2646 3568 4887 6.94427 296
298 0 2654 3584 4891 10 297
299 0 2654 3608 4887 10 298
300 0 2666 3628 4887 9.31371 299
301 0 2678 3648 4883 9.31371 300
302 0 2678 3660 4875 6 301
303 0 2678 3668 4875 2 302
304 0 2678 3672 4875 2 303
305 0 2678 3676 4875 2 304
306 0 2682 3680 4875 3.65685 305
307 0 2686 3692 4875 6 306
308 0 2690 3708 4863 10 307
309 0 2694 3728 4867 6.94427 308
310 0 2702 3752 4867 6 309
311 0 2710 3772 4863 6 310
312 0 2710 3788 4863 6 311
313 0 2710 3808 4855 6 312
314 0 2710 3816 4851 6 313
315 0 2714 3816 4839 6.94427 314
316 0 2718 3808 4831 6 315
317 0 2590 3340 4935 6.94427 36
318 0 2590 3328 4935 6 317
319 0 2594 3316 4923 6 318
320 0 2602 3308 4915 6 319
321 0 2618 3304 4903 6.94427 320
322 0 2626 3296 4899 6.94427 321
323 0 2634 3292 4895 3.65685 322
324 0 2642 3288 4887 6 323
325 0 2650 3284 4879 6 324
326 0 2662 3284 4875 6 325
327 0 2670 3284 4867 9.31371 326
328 0 2682 3284 4867 6 327
329 0 2690 3284 4867 6 328
330 0 2702 3288 4867 2 329
331 0 2882 3004 5279 9.31371 9
332 0 2890 2992 5287 6.94427 331
333 0 2890 2980 5287 10 332
334 0 2882 2972 5283 6 333
335 0 2806 3028 5299 6.94427 8
336 0 2790 3028 5307 3.65685 335
337 0 2786 3032 5311 6 336
