# Generated by NeuTu (https://github.com/janelia-flyem/NeuTu)
1 0 2144 3326 4740 2 -1
2 0 2148 3326 4736 2 1
3 0 2156 3326 4732 6 2
4 0 2164 3322 4732 6.94427 3
5 0 2172 3322 4724 9.31371 4
6 0 2180 3322 4716 6 5
7 0 2200 3326 4708 6.94427 6
8 0 2224 3322 4704 10 7
9 0 2248 3322 4700 9.31371 8
10 0 2264 3322 4704 6 9
11 0 2280 3322 4704 6 10
12 0 2296 3318 4708 9.31371 11
13 0 2312 3314 4708 10 12
14 0 2324 3302 4712 9.31371 13
15 0 2336 3286 4700 6.94427 14
16 0 2348 3286 4684 6 15
17 0 2356 3290 4676 9.31371 16
18 0 2368 3314 4672 6 17
19 0 2372 3322 4668 3.65685 18
20 0 2376 3326 4668 2 19
