# Generated by NeuTu (https://github.com/janelia-flyem/NeuTu)
1 0 2663 3404 4632 6 -1
2 0 2667 3396 4616 9.31371 1
3 0 2659 3392 4608 9.31371 2
4 0 2663 3388 4592 6.94427 3
5 0 2675 3380 4592 6.94427 4
6 0 2687 3376 4592 6 5
7 0 2695 3372 4588 9.31371 6
8 0 2719 3376 4584 6.94427 7
9 0 2723 3360 4592 6 8
10 0 2727 3356 4596 2 9
11 0 2727 3352 4596 2 10
12 0 2727 3344 4596 6 11
13 0 2739 3324 4604 6.94427 12
14 0 2751 3312 4612 6 13
15 0 2763 3296 4620 6.94427 14
16 0 2771 3276 4640 6 15
17 0 2771 3260 4660 6.94427 16
18 0 2775 3252 4668 6 17
19 0 2775 3244 4668 6 18
20 0 2779 3232 4680 6 19
21 0 2767 3232 4696 6.94427 20
22 0 2759 3240 4700 6 21
23 0 2743 3240 4704 6 22
24 0 2727 3240 4708 6 23
25 0 2719 3240 4712 6 24
26 0 2707 3244 4720 9.31371 25
27 0 2699 3240 4724 6 26
28 0 2679 3244 4728 6.94427 27
29 0 2667 3244 4740 9.31371 28
30 0 2655 3240 4744 2 29
31 0 2647 3236 4748 6 30
32 0 2639 3232 4752 9.31371 31
33 0 2631 3228 4756 6 32
34 0 2615 3224 4760 6 33
35 0 2607 3224 4764 6 34
36 0 2799 3220 4688 6.94427 20
37 0 2815 3208 4692 6 36
38 0 2823 3208 4692 6 37
39 0 2831 3212 4692 2 38
40 0 2835 3212 4692 2 39
41 0 2719 3388 4584 3.65685 8
42 0 2723 3396 4584 6 41
43 0 2727 3408 4584 6 42
44 0 2735 3424 4572 6.94427 43
45 0 2743 3432 4564 6 44
