# Generated by NeuTu (https://github.com/janelia-flyem/NeuTu)
1 0 2557 3237 4772 6 -1
2 0 2561 3241 4776 6 1
3 0 2569 3241 4776 6 2
4 0 2577 3245 4772 9.31371 3
5 0 2593 3245 4772 6 4
6 0 2613 3241 4776 10.6491 5
7 0 2621 3233 4784 6.94427 6
8 0 2637 3229 4788 6 7
9 0 2653 3229 4788 6 8
10 0 2661 3229 4788 6 9
11 0 2677 3229 4788 10 10
12 0 2681 3225 4800 3.65685 11
13 0 2685 3221 4804 3.65685 12
14 0 2689 3221 4816 6 13
15 0 2697 3209 4832 6.94427 14
16 0 2713 3197 4840 10 15
17 0 2709 3177 4860 10.6491 16
18 0 2709 3165 4868 6 17
19 0 2713 3145 4872 6 18
20 0 2717 3141 4868 6 19
21 0 2721 3129 4880 6 20
22 0 2733 3113 4900 6 21
23 0 2741 3105 4908 6.94427 22
24 0 2749 3093 4908 6 23
25 0 2753 3077 4912 10 24
26 0 2757 3053 4912 6.94427 25
27 0 2753 3045 4904 6 26
28 0 2753 3029 4900 9.31371 27
29 0 2745 3021 4904 3.65685 28
30 0 2741 3017 4904 3.65685 29
31 0 2737 3013 4908 6 30
32 0 2729 3005 4916 6.94427 31
33 0 2709 2997 4920 6 32
34 0 2697 2993 4920 6 33
35 0 2689 2993 4912 6 34
36 0 2693 3233 4780 6.94427 11
37 0 2709 3237 4780 6 36
38 0 2729 3241 4784 6 37
39 0 2737 3241 4792 6 38
40 0 2745 3241 4800 10.6491 39
41 0 2749 3241 4812 6 40
42 0 2757 3237 4820 6 41
