# Generated by NeuTu (https://github.com/janelia-flyem/NeuTu)
1 0 2350 3535 4904 6 -1
2 0 2362 3519 4908 6.94427 1
3 0 2370 3507 4912 6 2
4 0 2390 3487 4916 15.8885 3
5 0 2434 3467 4924 44.6476 4
6 0 2434 3511 4944 14 5
7 0 2434 3523 4952 9.31371 6
8 0 2438 3539 4964 14.9706 7
9 0 2470 3579 4952 14.9706 8
10 0 2498 3603 4952 12.4222 9
11 0 2510 3615 4948 9.31371 10
12 0 2530 3631 4936 12.4222 11
13 0 2546 3663 4928 12.4222 12
14 0 2570 3691 4920 12.4222 13
15 0 2590 3723 4912 14 14
16 0 2614 3755 4892 20.6274 15
17 0 2642.73 3810.13 4851.63 33.0899 16
18 0 2674.95 3807.16 4836.16 23.1008 17
19 0 2700.5 3811 4841.66 9.68204 18
20 0 2710 3811 4848 6 19
21 0 2726 3811 4856 6 20
22 0 2734 3811 4860 6.94427 21
23 0 2750 3799 4864 6 22
24 0 2770 3799 4864 6.94427 23
25 0 2786 3791 4872 9.31371 24
26 0 2806 3779 4872 3.65685 25
27 0 2810 3775 4872 2 26
28 0 2718 3799 4828 6 19
29 0 2718 3799 4820 3.65685 28
30 0 2722 3795 4808 6 29
31 0 2726 3795 4800 6 30
32 0 2734 3799 4796 6 31
33 0 2682 3787 4812 10.6491 18
34 0 2682 3779 4804 10.6491 33
35 0 2702 3767 4804 9.31371 34
36 0 2718 3767 4804 6.94427 35
37 0 2726 3775 4804 6.94427 36
38 0 2630 3867 4820 20.6274 17
39 0 2622 3887 4816 12.4222 38
40 0 2614 3911 4812 12.4222 39
41 0 2606 3923 4804 6 40
42 2 2455.11 3457.62 4909.92 38.4794 5
43 0 2506 3435 4876 23.6125 42
44 0 2446 3383 4928 22.3311 42
