# Generated by NeuTu (https://github.com/janelia-flyem/NeuTu)
1 0 2242 3779 4889 6 -1
2 0 2230 3795 4877 6.94427 1
3 0 2210 3815 4861 6.94427 2
4 0 2202 3815 4853 9.31371 3
5 0 2186 3815 4849 6.94427 4
6 0 2170 3811 4849 6 5
7 0 2154 3799 4845 6.94427 6
8 0 2150 3783 4845 6 7
9 0 2146 3775 4837 6 8
10 0 2142 3763 4833 6 9
11 0 2142 3747 4829 6.94427 10
12 0 2150 3727 4825 6 11
13 0 2150 3711 4825 6.94427 12
14 0 2150 3699 4837 6.94427 13
15 0 2162 3691 4841 12.4222 14
16 0 2170 3663 4853 6.94427 15
17 0 2174 3651 4869 6 16
18 0 2174 3647 4877 6 17
19 0 2174 3647 4889 2 18
20 0 2174 3651 4901 6 19
21 0 2178 3655 4905 3.65685 20
22 0 2178 3655 4913 6 21
23 0 2174 3663 4921 6 22
24 0 2178 3671 4937 6 23
25 0 2186 3679 4945 6 24
26 0 2198 3687 4957 6.94427 25
27 0 2198 3695 4965 6 26
28 0 2194 3707 4969 9.31371 27
29 0 2194 3719 4973 6 28
30 0 2198 3739 4977 9.31371 29
31 0 2198 3751 4985 6.94427 30
32 0 2190 3755 4989 6 31
33 0 2178 3755 4997 9.31371 32
34 0 2170 3743 5009 12.4222 33
35 0 2166 3715 5005 6 34
36 0 2166 3703 4997 10 35
