# Generated by NeuTu (https://github.com/janelia-flyem/NeuTu)
1 0 2289 3824 4508 2 -1
2 0 2293 3824 4508 2 1
3 0 2301 3820 4508 6 2
4 0 2317 3816 4508 6.94427 3
5 0 2329 3808 4512 9.31371 4
6 0 2349 3796 4508 6 5
7 0 2365 3800 4524 6 6
8 0 2385 3796 4540 6 7
9 0 2397 3800 4544 10 8
10 0 2409 3792 4548 6 9
11 0 2425 3780 4548 6 10
12 0 2437 3776 4548 6 11
13 0 2449 3772 4552 6 12
14 0 2461 3768 4552 6 13
15 0 2477 3756 4556 6 14
16 0 2485 3756 4560 6 15
17 0 2497 3764 4560 6 16
18 0 2513 3768 4556 6 17
19 0 2521 3768 4548 6 18
20 0 2533 3772 4544 6.94427 19
21 0 2553 3780 4536 6 20
22 0 2573 3784 4532 6 21
23 0 2585 3788 4516 6 22
24 0 2593 3792 4508 6.94427 23
25 0 2601 3792 4504 3.65685 24
26 0 2605 3796 4500 3.65685 25
27 0 2609 3800 4500 2 26
