# Generated by NeuTu (https://github.com/janelia-flyem/NeuTu)
1 0 2363 3431 4772 6 -1
2 0 2359 3435 4768 6 1
3 0 2359 3451 4768 6.94427 2
4 0 2351 3471 4756 6 3
5 0 2343 3487 4756 6.94427 4
6 0 2347 3503 4744 6 5
7 0 2347 3511 4744 6 6
8 0 2359 3523 4744 6 7
9 0 2371 3539 4748 9.31371 8
10 0 2379 3551 4744 6 9
11 0 2387 3563 4736 6.94427 10
12 0 2391 3571 4736 6 11
13 0 2391 3579 4728 6 12
14 0 2391 3595 4728 6 13
15 0 2395 3615 4720 6.94427 14
16 0 2403 3627 4712 6 15
17 0 2407 3631 4708 3.65685 16
18 0 2407 3639 4700 6 17
19 0 2415 3647 4692 6.94427 18
20 0 2423 3655 4684 6 19
