# Generated by NeuTu (https://github.com/janelia-flyem/NeuTu)
1 0 2534 3591 4819 2 -1
2 0 2530 3591 4819 2 1
3 0 2522 3587 4815 6 2
4 0 2518 3583 4811 3.65685 3
5 0 2510 3579 4807 6.94427 4
6 0 2494 3567 4803 6.94427 5
7 0 2482 3555 4799 9.31371 6
8 0 2482 3543 4795 10 7
9 0 2482 3535 4787 6 8
10 0 2482 3531 4771 6 9
11 0 2470 3523 4759 6 10
12 0 2462 3519 4751 6.94427 11
13 0 2458 3503 4743 6 12
14 0 2458 3487 4731 6 13
15 0 2458 3483 4723 6 14
16 0 2458 3483 4715 3.65685 15
17 0 2458 3483 4707 6 16
18 0 2450 3479 4695 6 17
19 0 2438 3471 4683 6.94427 18
20 0 2422 3463 4679 3.65685 19
21 0 2418 3463 4679 3.65685 20
22 0 2414 3463 4679 2 21
