# Generated by NeuTu (https://github.com/janelia-flyem/NeuTu)
1 0 4302 3268 1956 2 -1
2 0 4306 3272 1960 3.65685 1
3 0 4306 3272 1964 3.65685 2
4 0 4302 3272 1968 2 3
5 0 4302 3272 1972 2 4
6 0 4298 3272 1980 6 5
7 0 4282 3276 1988 6.94427 6
8 0 4266 3284 1992 6 7
9 0 4266 3292 1992 3.65685 8
10 0 4270 3296 1992 2 9
11 0 4270 3304 1992 6 10
12 0 4270 3328 1996 10 11
13 0 4266 3340 1996 12.4222 12
14 2 4266 3357.41 1986.59 7.29289 13
15 0 4266 3368 1976 6 14
16 0 4266 3372 1968 6 15
17 0 4258 3376 1960 2 16
18 0 4258 3376 1956 2 17
19 0 4258 3376 1952 3.65685 18
20 0 4258 3376 1948 3.65685 19
21 0 4254 3380 1944 3.65685 20
22 0 4254 3380 1936 6 21
23 0 4254 3384 1924 6.94427 22
24 0 4262 3388 1916 6 23
25 0 4262 3388 1908 6 24
26 0 4258 3384 1900 3.65685 25
27 0 4258 3380 1896 2 26
28 0 4262 3368 2008 6.94427 14
29 0 4258 3372 2020 6 28
30 0 4246 3376 2028 6 29
