# Generated by NeuTu (https://github.com/janelia-flyem/NeuTu)
1 0 2249 3540 4926 2 -1
2 0 2253 3540 4930 3.65685 1
3 0 2257 3536 4934 3.65685 2
4 0 2261 3536 4942 6 3
5 0 2265 3532 4954 6 4
6 0 2265 3524 4970 6 5
7 0 2269 3524 4978 3.65685 6
8 0 2269 3520 4986 6 7
9 0 2269 3520 4994 2 8
10 0 2265 3520 5002 6 9
11 0 2265 3520 5018 6 10
12 0 2269 3520 5034 6 11
13 0 2269 3520 5042 6 12
14 0 2273 3520 5050 3.65685 13
15 0 2273 3520 5058 6 14
16 0 2285 3528 5070 6.94427 15
17 0 2297 3540 5082 6.94427 16
18 0 2309 3536 5098 6.94427 17
19 0 2317 3532 5106 9.31371 18
20 0 2333 3536 5114 6.94427 19
21 0 2341 3536 5122 3.65685 20
22 0 2345 3536 5130 6 21
23 0 2349 3532 5134 6 22
24 0 2357 3532 5142 3.65685 23
25 0 2357 3532 5146 3.65685 24
26 0 2361 3528 5150 6 25
27 0 2369 3528 5158 6 26
28 0 2373 3532 5166 3.65685 27
29 0 2381 3532 5174 6 28
30 0 2393 3544 5182 6.94427 29
31 0 2401 3552 5190 6 30
32 0 2405 3560 5202 6 31
33 0 2409 3564 5206 3.65685 32
34 0 2409 3568 5214 6 33
35 0 2417 3576 5226 6 34
36 0 2425 3584 5234 6.94427 35
37 0 2429 3600 5250 6 36
38 0 2429 3608 5250 6 37
39 0 2433 3616 5258 6.94427 38
40 0 2433 3636 5258 6 39
41 0 2433 3644 5258 6 40
42 0 2437 3656 5258 9.31371 41
43 0 2437 3664 5266 6 42
44 0 2437 3672 5266 3.65685 43
45 0 2433 3676 5266 2 44
