# Generated by NeuTu (https://github.com/janelia-flyem/NeuTu)
1 0 4155 3509 2190 6.94427 -1
2 0 4159 3501 2182 10 1
3 0 4163 3489 2166 6 2
4 0 4163 3493 2150 6 3
5 0 4159 3493 2142 6 4
6 0 4163 3509 2126 6 5
7 0 4163 3509 2110 6 6
8 0 4163 3509 2102 2 7
9 0 4163 3509 2098 3.65685 8
10 0 4163 3509 2094 3.65685 9
11 0 4175 3509 2074 14 10
12 0 4191 3513 2078 6 11
13 0 4207 3517 2078 6 12
14 0 4219 3521 2082 10 13
15 0 4227 3529 2074 6 14
16 0 4235 3537 2066 6 15
17 0 4243 3545 2062 6 16
18 0 4255 3561 2054 9.31371 17
19 0 4271 3573 2038 9.31371 18
20 0 4275 3589 2026 6 19
21 0 4279 3597 2026 6 20
22 0 4287 3613 2010 10.6491 21
23 0 4291 3621 2002 10 22
24 0 4167 3525 2046 9.31371 11
25 0 4163 3533 2038 9.31371 24
26 0 4155 3545 2030 2 25
27 0 4155 3549 2026 2 26
