# Generated by NeuTu (https://github.com/janelia-flyem/NeuTu)
1 0 4171 3505 1787 2 -1
2 0 4171 3505 1791 2 1
3 0 4171 3505 1795 3.65685 2
4 0 4179 3497 1803 3.65685 3
5 0 4183 3493 1807 6 4
6 0 4187 3489 1823 6 5
7 0 4187 3485 1839 6 6
8 0 4187 3477 1847 3.65685 7
9 0 4187 3477 1851 3.65685 8
10 0 4183 3473 1855 3.65685 9
11 0 4183 3473 1863 3.65685 10
12 0 4183 3469 1875 6 11
13 0 4171 3461 1891 9.31371 12
14 0 4163 3465 1899 6 13
15 0 4155 3465 1907 6 14
16 0 4155 3465 1915 3.65685 15
17 0 4151 3465 1923 3.65685 16
18 0 4147 3465 1931 6 17
19 0 4143 3465 1947 6.94427 18
20 0 4143 3465 1955 6.94427 19
21 0 4151 3457 1963 6 20
22 0 4159 3449 1971 6 21
23 0 4167 3437 1983 6 22
24 0 4175 3437 1991 3.65685 23
25 0 4183 3437 1999 6 24
