# Generated by NeuTu (https://github.com/janelia-flyem/NeuTu)
1 0 5399 2836 1000 18 -1
2 0 5399 2856 1000 12.4222 1
3 0 5391 2912 1000 23.2982 2
4 0 5379 2976 1000 37.3954 3
5 0 5315 3048 1020 44.8188 4
6 0 5283 3136 1072 46.3322 5
7 0 5323 3200 1124 48.1199 6
8 0 5282.57 3256.21 1218.74 28.7595 7
9 0 5219 3288 1268 34.8782 8
10 0 5167 3340 1272 29.241 9
11 0 5119 3404 1312 24.8328 10
12 0 5107 3448 1348 18.3961 11
13 0 5115 3472 1372 14 12
14 0 5119 3496 1392 10 13
15 0 5107 3528 1408 10.6491 14
16 0 5099 3548 1416 10.6491 15
17 0 5071 3576 1428 14.9706 16
18 0 5023 3596 1432 22 17
19 0 4979 3608 1456 22 18
20 0 4939 3632 1480 19.5407 19
21 0 4895 3660 1492 26.2843 20
22 0 4835 3688 1536 37.598 21
23 0 4779 3728 1596 28.4631 22
24 0 4775 3748 1616 18 23
25 0 4775 3784 1656 15.8885 24
26 0 4775 3808 1684 19.5407 25
27 0 4775 3820 1736 30 26
28 0 4771 3824 1768 30.9848 27
29 0 4759 3824 1824 15.8885 28
30 0 4751 3824 1856 14 29
31 0 4743 3836 1884 14 30
32 0 4735 3840 1912 12.4222 31
33 0 4711 3852 1948 14 32
34 0 4703 3852 1984 18 33
35 0 4695 3848 2028 15.8885 34
36 0 4683 3844 2064 14.4924 35
37 0 4663 3852.49 2117.32 33.4095 36
38 0 4667.1 3866.05 2160.29 22.6788 37
39 0 4671 3880 2220 15.8885 38
40 0 4671.98 3906.99 2287.08 26.4949 39
41 2 4663 3900.12 2351.02 24.9032 40
42 0 4651 3880 2372 18 41
43 0 4644.33 3857.42 2393.72 23.5329 42
44 0 4647 3848 2420 34.8782 43
45 0 4686.36 3829.48 2496.2 26.6671 44
46 0 4702.48 3816.52 2525.93 28.5855 45
47 2 4715.77 3797.15 2591.45 35.6859 46
48 2 4721.64 3805.96 2617.87 22.5798 47
49 0 4731 3824 2644 26 48
50 0 4707 3828 2704 19.5407 49
51 0 4651 3820 2752 29.241 50
52 0 4619 3832 2776 41.0813 51
53 0 4575 3840 2828 14 52
54 0 4563 3844 2856 14 53
55 0 4559 3856 2876 10.6491 54
56 0 4559 3856 2896 10 55
57 0 4555 3864 2908 10 56
58 0 4555 3860 2928 9.31371 57
59 0 4551 3852 2940 14 58
60 0 4543 3844 2972 12.4222 59
61 0 4539 3840 2996 6.94427 60
62 0 4539 3836 3016 6.94427 61
63 0 4539 3832 3032 9.31371 62
64 0 4539 3836 3060 10.6491 63
65 0 4539 3832 3100 9.31371 64
66 0 4547 3828 3124 9.31371 65
67 0 4543 3816 3156 10 66
68 0 4531 3808 3180 12.4222 67
69 0 4503 3788 3216 23.6125 68
70 0 4479 3796 3268 14 69
71 0 4467 3796 3300 14 70
72 0 4467 3796 3328 10 71
73 0 4459 3796 3348 10 72
74 0 4443 3800 3368 10 73
75 0 4439 3800 3380 12.4222 74
76 0 4439 3800 3396 9.31371 75
77 0 4427 3800 3420 12.4222 76
78 0 4411 3796 3444 12.4222 77
79 0 4407 3780 3464 9.31371 78
80 0 4403 3776 3476 10 79
81 0 4399 3764 3500 18 80
82 0 4371 3748 3536 18 81
83 0 4351 3716 3560 22.3311 82
84 0 4311 3680 3616 40.5206 83
85 0 4269.76 3642 3654.68 33.8688 84
86 0 4219 3628 3660 18 85
87 0 4195 3592 3668 18 86
88 0 4171 3560 3660 18 87
89 0 4147 3528 3656 9.31371 88
90 0 4143 3520 3660 6.94427 89
91 0 4123 3504 3668 14 90
92 0 4091 3492 3664 15.8885 91
93 0 4059 3460 3648 23.6125 92
94 0 3975 3480 3644 32.176 93
95 2 3961.67 3493.33 3630.67 36.8119 94
96 2 3954.33 3500.67 3623.33 39.3616 95
97 0 3863 3532 3608 6.94427 96
98 0 4003 3472 3616 18.3961 96
99 0 4019 3476 3604 14.4924 98
100 0 4035 3480 3588 21.3238 99
101 0 4039 3504 3556 9.31371 100
102 0 3987 3464 3576 12.4222 95
103 0 3975 3468 3564 12.4222 102
104 0 3971 3480 3556 3.65685 103
105 0 3967 3484 3556 2 104
106 0 3991 3484 3700 12.4222 94
107 2 4313.11 3624 3690.65 29.714 85
108 0 4335 3616 3724 23.6125 107
109 0 4335 3640 3724 14.4924 108
110 0 4343 3672 3724 15.8885 109
111 0 4351 3688 3724 12.4222 110
112 0 4355 3700 3724 3.65685 111
113 0 4355 3704 3724 2 112
114 0 4371 3644 3684 14 107
115 0 4379 3656 3684 6 114
116 0 4787 3800 2608 20.6274 48
117 0 4803 3792 2620 9.31371 116
118 0 4727 3748 2576 18 47
119 0 4735 3732 2568 2 118
120 0 4735 3732 2564 2 119
121 0 4739 3732 2560 2 120
122 0 4731 3800 2492 18 46
123 0 4771 3784 2500 38 122
124 0 4799 3756 2500 32.4093 123
125 2 4807.05 3746.34 2493.56 30.1689 124
126 2 4817.96 3733.25 2484.83 27.1335 125
127 0 4843 3716 2472 21.3238 126
128 0 4871 3696 2472 26.2843 127
129 2 4893.64 3699.77 2456.91 26.2843 128
130 0 4918.85 3706.07 2426.52 22.2955 129
131 0 4923 3708 2384 12.4222 130
132 0 4935 3716 2372 18 131
133 0 4963 3708 2348 12.4222 132
134 0 4987 3696 2328 14 133
135 0 4995 3692 2316 10.6491 134
136 0 5011 3696 2284 14 135
137 0 5027 3700 2232 26 136
138 0 5031 3708 2204 28.4631 137
139 0 5047 3748 2168 19.5407 138
140 0 5055 3764 2152 10.6491 139
141 0 5059 3784 2132 10.6491 140
142 0 5065.02 3820.08 2091.92 16.2285 141
143 0 5079 3836 2076 10 142
144 0 5099 3844 2072 10.6491 143
145 0 5123 3848 2052 14 144
146 0 5151 3852 2044 6 145
147 0 5159 3852 2040 6.94427 146
148 0 5167 3856 2036 3.65685 147
149 0 5171 3856 2036 2 148
150 0 5039 3832 2076 15.8885 142
151 0 5019 3844 2068 10.6491 150
152 0 4991 3852 2060 10 151
153 0 4983 3844 2060 3.65685 152
154 0 4983 3840 2060 2 153
155 0 5031 3684 2168 26 138
156 0 5067 3664 2132 15.8885 155
157 0 5079 3660 2120 12.4222 156
158 0 5079 3656 2104 6.94427 157
159 0 4959 3716 2420 21.3238 130
160 0 4971 3736 2416 14 159
161 0 4979 3756 2416 14 160
162 0 4975 3768 2408 10 161
163 0 4943 3708 2476 14.4924 129
164 2 4880.94 3696 2495.86 22.1666 128
165 2 4890.23 3696 2518.15 18.3186 164
166 0 4899 3676 2580 18 165
167 0 4915 3668 2588 6 166
168 0 4927 3688 2524 15.8885 165
169 0 4935 3672 2536 12.4222 168
170 0 4939 3660 2536 6.94427 169
171 0 4939 3644 2536 6 170
172 0 4939 3636 2540 3.65685 171
173 0 4935 3632 2544 2 172
174 0 4851 3668 2524 9.31371 164
175 0 4847 3664 2532 6 174
176 0 4883 3712 2416 18 127
177 0 4883 3708 2396 10 176
178 0 4823 3732 2440 24.8328 126
179 0 4847 3760 2424 9.31371 178
180 0 4835 3708 2524 14.9706 125
181 0 4831 3688 2552 14 180
182 0 4847 3672 2568 6 181
183 0 4811 3732 2540 18.3961 124
184 0 4799 3720 2552 14 183
185 2 4721.32 3812.76 2462.04 30.0593 45
186 0 4767 3792 2452 26.8444 185
187 0 4787 3772 2452 18 186
188 0 4811 3792 2452 2 187
189 0 4815 3788 2452 2 188
190 0 4751 3852 2460 18 185
191 0 4783 3844 2468 6 190
192 0 4598.33 3799.33 2420.67 24.8933 44
193 2 4543.66 3725.43 2482.57 40.253 192
194 0 4483 3708 2512 26.8444 193
195 0 4406.76 3648.73 2546.42 38.4913 194
196 0 4343 3604 2552 35.7359 195
197 0 4283 3592 2516 22 196
198 2 4254.98 3572 2486.2 30.4848 197
199 2 4238.94 3572 2466.59 31.4543 198
200 2 4228.69 3572 2454.07 32.0737 199
201 2 4229.28 3572 2433.78 29.2982 200
202 0 4243 3572 2376 26 201
203 2 4251.12 3556 2347.02 29.0182 202
204 2 4251.25 3556 2346.03 28.7954 203
205 0 4263 3564 2296 12.4222 204
206 0 4267 3556 2264 14.9706 205
207 0 4267 3548 2236 6.94427 206
208 0 4267 3544 2224 10 207
209 0 4263 3544 2192 10 208
210 0 4255 3540 2184 9.31371 209
211 0 4235 3532 2148 23.6125 210
212 2 4217.48 3546.01 2112.96 23.6125 211
213 0 4203 3584 2040 12.4222 212
214 0 4203 3604 2016 6.94427 213
215 0 4203 3604 2008 6.94427 214
216 0 4203 3612 2000 6.94427 215
217 0 4195 3616 1988 6.94427 216
218 0 4187 3624 1972 9.31371 217
219 0 4187 3632 1964 6 218
220 0 4187 3636 1948 6 219
221 0 4199 3640 1924 9.31371 220
222 0 4203 3644 1908 6.94427 221
223 0 4211 3660 1872 14.4924 222
224 0 4215 3668 1860 10 223
225 2 4191.97 3559.46 2123.8 16.1474 212
226 0 4175 3572 2124 18 225
227 0 4143 3576 2140 14 226
228 0 4123 3580 2156 10.6491 227
229 0 4115 3600 2176 10.6491 228
230 0 4111 3608 2184 6.94427 229
231 0 4095 3620 2200 6 230
232 0 4079 3624 2204 6 231
233 0 4175 3540 2124 9.31371 225
234 0 4159 3532 2124 6.94427 233
235 0 4147 3524 2124 2 234
236 0 4143 3524 2124 2 235
237 0 4299 3568 2348 33.7771 204
238 0 4283 3624 2360 21.3238 237
239 0 4267 3644 2356 12.4222 238
240 0 4259 3656 2352 14.4924 239
241 0 4251 3664 2340 9.31371 240
242 0 4323 3524 2308 6.94427 237
243 0 4323 3516 2300 10 242
244 0 4323 3516 2288 9.31371 243
245 0 4259 3516 2348 14.9706 203
246 0 4251 3500 2352 6.94427 245
247 2 4190.57 3557.93 2428.17 30.6126 201
248 2 4176.34 3552.51 2420.7 30.2803 247
249 0 4155 3556 2396 21.3238 248
250 0 4139 3552 2352 21.3238 249
251 0 4123 3568 2316 12.4222 250
252 0 4127 3580 2296 6 251
253 0 4203 3544 2372 14.4924 248
254 2 4140.89 3563.78 2451.13 34.7218 247
255 0 4103 3580 2480 2 254
256 0 4119 3508 2472 14 254
257 0 4159 3544 2480 26.2843 200
258 0 4127 3560 2520 14.4924 257
259 0 4119 3580 2544 2 258
260 0 4119 3584 2548 2 259
261 0 4271 3556 2436 9.31371 199
262 0 4291 3552 2436 14 261
263 0 4291 3540 2424 10.6491 262
264 0 4211 3540 2500 24.8328 198
265 0 4191 3532 2520 10 264
266 0 4183 3528 2528 10 265
267 0 4179 3536 2536 6 266
268 0 4339 3584 2612 6 196
269 0 4343 3588 2616 6 268
270 0 4371 3616 2600 14.4924 195
271 0 4367 3608 2616 10 270
272 0 4375 3604 2624 6 271
273 0 4543 3748 2548 14 193
274 0 4539 3748 2576 9.31371 273
275 0 4539 3768 2596 10 274
276 0 4551 3788 2616 10.6491 275
277 0 4563 3796 2628 18 276
278 0 4563 3804 2648 12.4222 277
279 0 4559 3788 2656 2 278
280 0 4563 3792 2392 18 192
281 0 4543 3764 2396 6.94427 280
282 0 4643 3864 2316 14 43
283 0 4643 3856 2300 10 282
284 0 4671 3888 2420 21.3238 43
285 0 4691 3948 2332 33.7771 41
286 0 4703 3952 2296 21.3238 285
287 0 4659 3864 2264 12.4222 40
288 0 4655 3852 2256 3.65685 287
289 0 4651 3848 2256 2 288
290 0 4655 3832 2148 27.1204 38
291 0 4639 3788 2156 18 290
292 0 4615 3764 2168 10.6491 291
293 0 4591 3744 2184 15.8885 292
294 0 4579 3732 2192 18 293
295 0 4551 3712 2192 10.6491 294
296 0 4543 3704 2188 6.94427 295
297 0 4535 3696 2188 6.94427 296
298 0 4523 3692 2188 10 297
299 0 4499 3676 2188 10.6491 298
300 0 4487 3672 2184 3.65685 299
301 0 4483 3668 2184 3.65685 300
302 0 4479 3668 2180 2 301
303 0 4643 3900 2084 12.4222 37
304 0 4631 3924 2084 14 303
305 0 4627 3936 2096 9.31371 304
306 0 4599 3948 2100 10 305
307 0 4583 3956 2088 6.94427 306
308 0 4579 3964 2084 3.65685 307
309 0 4579 3968 2084 2 308
310 0 5335 3224 1228 18 8
