# Generated by NeuTu (https://github.com/janelia-flyem/NeuTu)
1 0 3090 2387 4628 6 -1
2 0 3078 2383 4636 6 1
3 0 3070 2379 4636 3.65685 2
4 0 3062 2375 4632 6 3
5 0 3042 2363 4632 6 4
6 0 3034 2363 4632 6 5
7 0 3026 2359 4628 9.31371 6
8 0 3010 2355 4632 10 7
9 0 2998 2355 4624 6 8
10 0 2986 2355 4616 6 9
11 0 2978 2355 4616 6 10
12 0 2970 2351 4608 6 11
13 0 2966 2347 4604 3.65685 12
14 0 2958 2347 4604 6 13
15 0 2946 2339 4600 6 14
16 0 2926 2335 4596 6.94427 15
17 0 2918 2327 4592 10.6491 16
18 0 2906 2311 4588 9.31371 17
19 0 2894 2291 4584 9.31371 18
20 0 2886 2283 4584 9.31371 19
21 0 2874 2279 4588 3.65685 20
22 0 2866 2271 4588 3.65685 21
23 0 2862 2267 4588 3.65685 22
24 0 2858 2263 4592 6 23
25 0 2854 2259 4596 6 24
26 0 2846 2259 4596 6 25
27 0 2834 2255 4596 9.31371 26
28 0 2814 2243 4592 6 27
29 0 2794 2239 4588 6 28
30 0 2778 2235 4580 6 29
31 0 2762 2231 4576 6 30
32 0 2746 2227 4580 6 31
33 0 2738 2227 4580 3.65685 32
34 0 2730 2223 4580 6 33
35 0 2718 2223 4576 6 34
36 0 2710 2223 4576 6 35
37 0 2698 2223 4568 10 36
38 0 2678 2223 4564 6 37
