# Generated by NeuTu (https://github.com/janelia-flyem/NeuTu)
1 0 2915 1931 4680 6 -1
2 0 2915 1939 4688 6 1
3 0 2919 1959 4684 6 2
4 0 2923 1979 4676 6 3
5 0 2927 1995 4676 6 4
6 0 2927 2003 4676 6 5
7 0 2931 2011 4668 10 6
8 0 2943 2019 4664 6 7
9 0 2959 2027 4660 6.94427 8
10 0 2979 2035 4652 9.31371 9
11 0 2987 2039 4648 6 10
12 0 2995 2039 4648 6 11
13 0 3003 2039 4648 3.65685 12
14 0 3007 2035 4652 2 13
15 0 3015 2035 4652 6 14
16 0 3027 2031 4652 6 15
17 0 3039 2023 4656 6 16
18 0 3047 2019 4656 6 17
19 0 3059 2015 4664 6.94427 18
20 0 3071 1999 4664 6 19
21 0 3079 1991 4664 9.31371 20
22 0 3079 1983 4656 6.94427 21
23 0 3075 1971 4644 6.94427 22
24 0 3071 1951 4628 6 23
25 0 3079 1943 4620 6.94427 24
26 0 3087 1943 4620 2 25
27 0 3091 1943 4620 2 26
28 0 2919 2023 4664 6.94427 7
29 0 2911 2031 4664 10 28
30 0 2911 2051 4664 10 29
31 0 2899 2063 4672 10 30
32 0 2899 2075 4676 6 31
33 0 2899 2083 4676 6 32
34 0 2903 2091 4672 2 33
35 0 2907 2095 4672 2 34
