# Generated by NeuTu (https://github.com/janelia-flyem/NeuTu)
1 0 2905 2068 4679 6 -1
2 0 2901 2084 4683 6.94427 1
3 0 2901 2096 4687 10.6491 2
4 0 2909 2104 4691 6 3
5 0 2913 2124 4691 12.4222 4
6 0 2937 2148 4707 6.94427 5
7 0 2957 2148 4699 9.31371 6
8 0 2977 2128 4699 9.31371 7
9 0 2993 2112 4699 6.94427 8
10 0 2997 2100 4699 9.31371 9
11 0 3013 2084 4703 6.94427 10
12 0 3029 2068 4703 6.94427 11
13 0 3037 2060 4707 9.31371 12
14 0 3041 2040 4703 9.31371 13
15 0 3057 2024 4703 6.94427 14
16 0 3073 2012 4695 6 15
17 0 3089 2012 4683 6 16
18 0 3097 2012 4683 6 17
19 0 3105 2008 4683 3.65685 18
20 0 3105 2004 4683 2 19
21 0 3109 2000 4679 2 20
