# Generated by NeuTu (https://github.com/janelia-flyem/NeuTu)
1 0 2793 1927 4727 2 -1
2 0 2797 1927 4727 2 1
3 0 2801 1931 4727 3.65685 2
4 0 2821 1935 4723 10 3
5 0 2837 1943 4731 9.31371 4
6 0 2861 1959 4743 12.4222 5
7 2 2872.68 1970.68 4746.89 15.7973 6
8 2 2876.53 1985.12 4747 11.2655 7
9 0 2877 1995 4755 10 8
10 0 2881 2031 4763 18.3961 9
11 0 2867.26 2073.42 4780.74 34.7356 10
12 0 2861 2130.48 4782.67 29.9261 11
13 0 2861 2179 4775 22 12
14 0 2885 2211 4759 6.94427 13
15 0 2897 2227 4763 9.31371 14
16 0 2893 2239 4763 6.94427 15
17 0 2893 2255 4767 9.31371 16
18 0 2894 2274 4767 6.82843 17
19 0 2897 2283 4767 9.31371 18
20 0 2901 2291 4775 6 19
21 0 2905 2303 4779 9.31371 20
22 0 2905 2319 4771 6.94427 21
23 0 2901 2339 4755 10 22
24 0 2901 2351 4751 6.94427 23
25 0 2905 2367 4743 9.31371 24
26 0 2909 2383 4731 6 25
27 0 2885 2279 4747 6 18
28 0 2869 2279 4731 6 27
29 0 2861 2271 4723 6.94427 28
30 0 2861 2255 4719 6 29
31 0 2813 2199 4779 10 13
32 0 2801 2199 4779 6 31
33 0 2793 2199 4775 6.94427 32
34 0 2777 2211 4771 9.31371 33
35 0 2761 2219 4763 6 34
36 0 2753 2223 4763 3.65685 35
37 0 2749 2227 4759 6 36
38 0 2741 2235 4751 6.94427 37
39 0 2725 2239 4751 6 38
40 0 2717 2239 4751 6 39
41 0 2705 2239 4751 9.31371 40
42 0 2685 2231 4755 9.31371 41
43 0 2677 2223 4759 6.94427 42
44 0 2877 2115 4743 12.4222 12
45 0 2877 2119 4723 6 44
46 0 2881 2123 4715 6 45
47 0 2877 2119 4699 6 46
48 0 2873 2115 4695 6 47
49 0 2869 2111 4687 2 48
50 0 2869 2111 4683 2 49
51 0 2845 2043 4815 30 11
52 0 2841 1999 4823 6.94427 51
53 0 2841 1979 4831 6 52
54 0 2881 1991 4719 6 8
55 0 2885 1991 4711 6 54
56 0 2885 2003 4695 6 55
57 0 2877 1951 4771 9.31371 7
58 0 2869 1939 4783 6.94427 57
59 0 2861 1935 4787 6 58
