# Generated by NeuTu (https://github.com/janelia-flyem/NeuTu)
1 0 2678 2090 4706 2 -1
2 0 2674 2090 4706 2 1
3 0 2670 2086 4714 6 2
4 0 2666 2082 4718 6 3
5 0 2666 2082 4730 2 4
6 0 2666 2082 4738 6 5
7 2 2661.11 2078.44 4746.89 8.94552 6
8 0 2654 2082 4754 6 7
9 0 2642 2090 4754 6 8
10 0 2622 2102 4754 6 9
11 0 2614 2106 4750 6 10
12 0 2610 2110 4746 2 11
13 0 2610 2114 4746 2 12
14 0 2670 2066 4762 6 7
15 0 2674 2062 4766 3.65685 14
16 0 2674 2058 4766 3.65685 15
17 0 2678 2054 4770 6 16
18 0 2682 2050 4774 2 17
19 0 2682 2046 4774 3.65685 18
20 0 2682 2042 4778 2 19
