# Generated by NeuTu (https://github.com/janelia-flyem/NeuTu)
1 0 3250 1927 4887 2 -1
2 0 3246 1931 4883 3.65685 1
3 0 3238 1939 4883 9.31371 2
4 0 3226 1967 4883 15.8885 3
5 2 3222 2019 4869 26.2802 4
6 0 3202 2043 4863 15.8885 5
7 0 3202 2071 4855 6.94427 6
8 0 3198 2083 4851 6 7
9 0 3198 2099 4851 6 8
10 0 3202 2131 4843 10 9
11 0 3190 2147 4835 10 10
12 0 3178 2167 4835 6.94427 11
13 0 3170 2183 4835 9.31371 12
14 0 3143 2198 4835 11.0924 13
15 0 3134 2207 4835 12.4222 14
16 0 3122 2223 4831 6.94427 15
17 0 3102 2247 4827 12.4222 16
18 0 3090 2251 4823 9.31371 17
19 0 3066 2255 4815 10.6491 18
20 2 3047.78 2265.56 4804.44 14.6368 19
21 2 3031.65 2267 4800.41 12.0783 20
22 0 3006 2271 4799 6 21
23 0 2994 2271 4799 9.31371 22
24 0 2986 2271 4807 9.31371 23
25 0 2970 2275 4807 6 24
26 0 2962 2283 4807 6.94427 25
27 0 2950 2291 4807 12.4222 26
28 0 2934 2299 4803 9.31371 27
29 0 2922 2311 4799 12.4222 28
30 0 2894 2311 4787 10 29
31 0 2870 2311 4783 10.6491 30
32 0 2842 2319 4779 14 31
33 0 2806 2327 4779 10.6491 32
34 2 2790 2327 4779 10.1298 33
35 0 2774 2319 4783 9.31371 34
36 0 2750 2319 4771 12.4222 35
37 0 2734 2331 4759 10 36
38 0 2722 2339 4747 12.4222 37
39 0 2702 2355 4739 23.2982 38
40 0 2658 2359 4739 18 39
41 0 2622 2359 4743 10 40
42 0 2610 2351 4743 2 41
43 0 2610 2347 4743 2 42
44 0 2802 2347 4771 10 34
45 0 2802 2359 4767 6 44
46 0 2802 2371 4759 6.94427 45
47 0 2802 2375 4747 9.31371 46
48 0 2806 2387 4735 2 47
49 0 2806 2387 4731 2 48
50 0 2806 2391 4727 2 49
51 0 2926 2327 4811 6 29
52 0 2926 2343 4815 6 51
53 0 2922 2359 4819 6 52
54 0 2922 2367 4819 6 53
55 0 2918 2371 4815 3.65685 54
56 0 2918 2375 4815 2 55
57 0 3042 2299 4795 6 21
58 0 3050 2307 4803 6 57
59 0 3058 2315 4811 9.31371 58
60 0 3062 2331 4815 9.31371 59
61 0 3066 2343 4815 6 60
62 0 3046 2235 4811 6.94427 20
63 0 3038 2223 4819 6.94427 62
64 0 3026 2219 4819 10 63
65 0 3014 2231 4831 6 64
66 0 3126 2187 4831 9.31371 14
67 0 3114 2179 4827 6 66
68 0 3114 2171 4823 6 67
69 0 3110 2163 4827 2 68
70 0 3110 2159 4827 2 69
71 0 3110 2155 4827 2 70
72 0 3242 2027 4895 6 5
73 0 3246 2031 4899 6 72
74 0 3242 2039 4903 6.94427 73
75 0 3246 2047 4911 3.65685 74
76 0 3250 2051 4915 2 75
