# Generated by NeuTu (https://github.com/janelia-flyem/NeuTu)
1 0 3011 2127 4752 6.94427 -1
2 0 3019 2107 4756 6 1
3 0 3019 2091 4760 6 2
4 0 3015 2075 4772 6 3
5 0 3007 2063 4780 6 4
6 0 3003 2051 4788 6 5
7 0 2999 2039 4792 6.94427 6
8 0 2995 2023 4796 6 7
9 0 2991 2007 4800 6 8
10 0 2991 1999 4800 6 9
11 0 2983 1987 4792 6.94427 10
12 0 2975 1979 4792 6.94427 11
13 0 2967 1979 4788 3.65685 12
14 0 2963 1975 4788 2 13
15 0 2955 1975 4788 6 14
16 0 2939 1967 4784 6.94427 15
17 0 2923 1963 4776 6 16
18 0 2919 1959 4772 6 17
19 0 2911 1951 4772 3.65685 18
20 0 2903 1947 4772 6 19
21 0 2895 1939 4772 3.65685 20
22 0 2891 1935 4772 3.65685 21
23 0 2887 1931 4776 3.65685 22
24 0 2883 1927 4776 2 23
25 0 2879 1927 4776 2 24
