# Generated by NeuTu (https://github.com/janelia-flyem/NeuTu)
1 0 2996 1970 4810 2 -1
2 0 2996 1970 4814 3.65685 1
3 0 2984 1982 4818 9.31371 2
4 0 2976 1990 4822 10.6491 3
5 0 2984 2006 4830 6.94427 4
6 0 2992 2010 4838 10.6491 5
7 0 3004 2002 4842 6.94427 6
8 0 3012 1998 4846 9.31371 7
9 0 3028 1990 4846 6 8
10 0 3044 1986 4846 6 9
11 0 3060 1990 4846 6 10
12 0 3080 1990 4846 6.94427 11
13 0 3092 1986 4846 10 12
14 0 3100 1982 4854 9.31371 13
15 0 3104 1978 4862 3.65685 14
16 0 3108 1974 4862 2 15
