# Generated by NeuTu (https://github.com/janelia-flyem/NeuTu)
1 0 3826 1884 5067 6 -1
2 0 3818 1912 5059 18 1
3 0 3810 1968 5051 24.8328 2
4 0 3818 2032 5039 26 3
5 0 3838 2080 5035 15.8885 4
6 0 3850 2096 5039 12.4222 5
7 0 3858 2116 5047 14 6
8 0 3870 2144 5047 10.6491 7
9 0 3882 2180 5043 14 8
10 0 3902 2216 5047 10 9
11 0 3914 2244 5055 14.9706 10
12 0 3926 2272 5067 9.31371 11
13 0 3942 2292 5079 12.4222 12
14 0 3966 2324 5083 14 13
15 0 3982 2364 5099 19.5407 14
16 0 3982 2408 5095 22.3311 15
17 2 3997.93 2449.28 5083 22.1165 16
18 0 4022 2464 5075 14 17
19 0 4022 2476 5067 14 18
20 0 4042 2500 5071 9.31371 19
21 0 4050 2512 5063 14 20
22 0 4062 2548 5055 12.4222 21
23 0 4066 2572 5043 10 22
24 0 4070 2592 5039 6.94427 23
25 0 4086 2612 5035 9.31371 24
26 0 4094 2628 5019 10.6491 25
27 0 4102 2648 5007 6.94427 26
28 0 4102 2664 4991 6 27
29 0 4102 2672 4983 6 28
30 0 4102 2688 4975 9.31371 29
31 0 4106 2720 4967 14 30
32 0 4094 2744 4943 14 31
33 0 4086 2780 4919 9.31371 32
34 0 4082 2800 4903 10.6491 33
35 0 4078 2820 4887 9.31371 34
36 0 4070 2844 4879 12.4222 35
37 0 4042 2880 4875 14.4924 36
38 0 4014 2916 4863 12.4222 37
39 0 3998 2944 4859 14 38
40 0 3966 2976 4855 12.4222 39
41 0 3942 3016 4847 14.9706 40
42 0 3878 3052 4843 27.1204 41
43 0 3850 3004 4839 20.6274 42
44 0 3838 2960 4843 14 43
45 0 3830 2932 4851 12.4222 44
46 0 3822 2920 4851 10 45
47 0 3806 2892 4851 18 46
48 0 3782 2864 4847 18 47
49 0 3750 2820 4827 23.6125 48
50 0 3702 2760 4803 21.3238 49
51 0 3694 2716 4787 19.5407 50
52 0 3678 2684 4771 18 51
53 0 3642 2636 4763 18.3961 52
54 0 3630 2616 4759 23.6125 53
55 0 3590 2580 4763 14.4924 54
56 0 3562 2556 4759 12.4222 55
57 0 3546 2532 4759 9.31371 56
58 0 3530 2520 4759 10 57
59 0 3506 2508 4747 12.4222 58
60 0 3482 2492 4747 12.4222 59
61 0 3458 2480 4759 12.4222 60
62 0 3430 2464 4783 9.31371 61
63 0 3410 2452 4795 9.31371 62
64 0 3386 2436 4795 9.31371 63
65 0 3366 2424 4803 10 64
66 0 3354 2416 4807 6.94427 65
67 0 3342 2404 4819 9.31371 66
68 0 3334 2396 4827 12.4222 67
69 0 3318 2380 4839 10.6491 68
70 0 3302 2368 4843 14.4924 69
71 0 3290 2364 4851 9.31371 70
72 0 3270 2344 4863 12.4222 71
73 2 3250.16 2330.12 4865.04 8.50181 72
74 0 3242 2324 4863 6.94427 73
75 0 3226 2308 4863 9.31371 74
76 0 3214 2296 4871 12.4222 75
77 0 3194 2268 4875 10 76
78 0 3190 2256 4875 12.4222 77
79 0 3190 2244 4867 9.31371 78
80 0 3174 2220 4867 9.31371 79
81 0 3162 2200 4851 9.31371 80
82 0 3150 2176 4847 9.31371 81
83 0 3138 2152 4859 10 82
84 0 3134 2136 4859 6.94427 83
85 0 3130 2112 4859 10 84
86 0 3126 2088 4855 12.4222 85
87 0 3098 2032 4863 30 86
88 0 3078 1980 4895 24.8328 87
89 0 3046 1948 4915 26 88
90 0 3010 1928 4919 6 89
91 0 3246 2340 4883 3.65685 73
92 0 3246 2344 4887 3.65685 91
93 0 3250 2348 4895 6.94427 92
94 0 3258 2356 4895 6.94427 93
95 0 3266 2360 4891 3.65685 94
96 0 3270 2360 4891 2 95
97 0 3274 2364 4891 3.65685 96
98 0 3282 2368 4891 6 97
99 0 3862 3108 4843 21.3238 42
100 0 3854 3136 4839 23.6125 99
101 0 3850 3172 4839 14.4924 100
102 0 3846 3196 4835 18 101
103 2 3865.56 3231.41 4850.41 14.018 102
104 0 3886 3248 4863 14.9706 103
105 0 3898 3264 4863 12.4222 104
106 0 3906 3304 4855 18 105
107 0 3934 3340 4875 14 106
108 0 3938 3388 4879 18.3961 107
109 0 3942 3424 4875 14.4924 108
110 0 3926 3472 4871 29.241 109
111 0 3906 3520 4871 34.2215 110
112 0 3898 3552 4859 24.8328 111
113 0 3866 3632 4855 23.2982 112
114 0 3842 3696 4847 23.6125 113
115 0 3830 3732 4843 26 114
116 0 3814 3780 4843 18 115
117 0 3798 3824 4835 14 116
118 0 3798.69 3876.92 4842.77 14.1937 117
119 0 3810 3892 4839 9.31371 118
120 0 3822 3892 4831 9.31371 119
121 0 3830 3892 4819 6 120
122 0 3838 3900 4811 6.94427 121
123 0 3858 3916 4795 9.31371 122
124 0 3874 3924 4787 2 123
125 0 3878 3924 4787 2 124
126 0 3790 3896 4863 14 118
127 0 3782 3908 4875 12.4222 126
128 0 3774 3920 4887 6 127
129 0 3766 3924 4895 2 128
130 0 3762 3924 4895 2 129
131 0 3866 3256 4843 10.6491 103
132 0 3874 3276 4831 10 131
133 0 3974 2480 5091 10 17
134 0 3978 2504 5095 6 133
135 0 4006 2360 5131 6 15
136 0 4014 2356 5139 3.65685 135
137 0 4018 2352 5139 2 136
