# Generated by NeuTu (https://github.com/janelia-flyem/NeuTu)
1 0 2896 2044 4979 2 -1
2 0 2892 2044 4979 3.65685 1
3 0 2888 2040 4979 3.65685 2
4 0 2884 2032 4979 6.94427 3
5 0 2872 2024 4979 6 4
6 0 2868 2020 4975 3.65685 5
7 0 2860 2016 4967 6.94427 6
8 0 2860 2016 4959 6 7
9 0 2852 2016 4951 6 8
10 0 2836 2024 4931 14 9
11 0 2824 2028 4923 6.94427 10
12 0 2816 2028 4915 6 11
13 0 2808 2032 4907 9.31371 12
14 0 2800 2036 4903 6 13
15 0 2784 2032 4899 6 14
16 0 2772 2024 4903 9.31371 15
17 0 2756 2008 4903 9.31371 16
18 0 2736 1996 4907 6.94427 17
19 0 2732 1988 4903 6 18
