# Generated by NeuTu (https://github.com/janelia-flyem/NeuTu)
1 0 3892 2996 5264 2 -1
2 0 3888 2996 5264 2 1
3 0 3880 2988 5264 6.94427 2
4 0 3872 2980 5264 6.94427 3
5 0 3860 2976 5256 6 4
6 0 3844 2968 5264 6 5
7 0 3828 2960 5268 6.94427 6
8 0 3808 2948 5272 6.94427 7
9 0 3796 2940 5276 6.94427 8
10 0 3784 2932 5280 6.94427 9
11 0 3776 2924 5280 3.65685 10
12 0 3772 2916 5280 6 11
13 0 3768 2900 5280 6.94427 12
14 0 3768 2888 5280 6.94427 13
15 0 3764 2880 5284 6 14
16 0 3764 2868 5284 10 15
17 0 3776 2852 5284 6.94427 16
18 0 3800 2844 5276 14 17
19 0 3804 2828 5268 6 18
20 0 3800 2820 5264 6.94427 19
21 0 3780 2808 5248 6.94427 20
22 0 3764 2796 5240 10 21
23 0 3752 2768 5252 6.94427 22
24 0 3748 2756 5260 6 23
25 0 3748 2748 5260 6 24
26 0 3744 2744 5264 3.65685 25
27 0 3740 2736 5272 6.94427 26
28 0 3740 2720 5276 6 27
29 0 3740 2712 5276 6 28
30 0 3744 2708 5280 6 29
31 0 3744 2700 5280 6 30
32 0 3748 2688 5280 10.6491 31
33 0 3748 2664 5280 6 32
34 0 3748 2652 5280 10 33
35 0 3752 2628 5284 9.31371 34
36 0 3756 2600 5284 6.94427 35
37 0 3760 2584 5284 6 36
38 0 3768 2568 5280 6 37
39 0 3768 2552 5280 6 38
40 0 3768 2532 5272 10 39
41 0 3768 2512 5264 10 40
42 0 3772 2492 5260 10.6491 41
43 0 3780 2476 5244 10.6491 42
44 0 3784 2464 5232 10.6491 43
45 0 3776 2408 5220 34.2215 44
46 0 3764 2372 5220 24.8328 45
47 0 3768 2328 5236 14 46
48 0 3780 2300 5244 10.6491 47
49 0 3788 2276 5248 10 48
50 0 3796 2256 5252 10.6491 49
51 0 3804 2244 5256 6.94427 50
52 0 3816 2232 5264 9.31371 51
53 0 3832 2216 5268 10.6491 52
54 0 3844 2196 5280 6 53
55 0 3864 2204 5288 10.6491 54
56 0 3876 2216 5300 10 55
57 0 3888 2212 5300 6.94427 56
58 0 3900 2208 5304 6.94427 57
59 0 3936 2208 5304 23.2982 58
60 0 4000 2200 5276 14 59
61 0 4028 2188 5272 10.6491 60
62 0 4044 2176 5272 14.4924 61
63 0 4076 2168 5264 10 62
64 0 4104 2156 5260 9.31371 63
65 0 4132 2148 5260 10 64
66 0 4164 2140 5260 10 65
67 0 4188 2116 5252 12.4222 66
68 0 4220 2104 5248 12.4222 67
69 2 4247.03 2090.48 5231.72 20.2923 68
70 2 4241.7 2085.42 5209.97 26.422 69
71 0 4208 2116 5168 23.6125 70
72 2 4177.19 2143.29 5133.19 22.168 71
73 2 4158.65 2144 5121.59 21.4133 72
74 0 4116 2160 5092 18.3961 73
75 0 4066.09 2174.73 5049.27 34.8952 74
76 0 4040 2212 5012 50.1536 75
77 2 4038.72 2215.21 5011.79 50.8132 76
78 2 4026.08 2246.81 5009.68 57.3153 77
79 2 4016.64 2270.4 5008.11 62.1682 78
80 0 3984 2328 5008 24.8328 79
81 0 3968 2356 5008 20.6274 80
82 2 3925.55 2399.03 5000.39 36.9803 81
83 2 3921.92 2405.55 4996.53 35.6354 82
84 2 3915.67 2422.2 4986.12 29.7477 83
85 0 3900 2472 4972 22 84
86 0 3884 2532 4948 30 85
87 2 3880 2589.35 4951.17 22.2696 86
88 0 3888 2660 4968 15.8885 87
89 0 3892 2708 4972 18.3961 88
90 0 3888 2744 4984 34.2215 89
91 0 3868 2836 4996 40.5206 90
92 0 3824 2832 4996 19.5407 91
93 0 3780 2812 4976 22.3311 92
94 0 3724 2824 4960 22.3311 93
95 0 3684 2848 4928 18 94
96 0 3656 2872 4908 18 95
97 0 3608 2900 4880 23.2982 96
98 0 3580 2924 4876 34.8782 97
99 0 3528 2948 4852 15.8885 98
100 0 3499.02 2980.44 4841.51 16.8101 99
101 0 3492 3004 4840 10.6491 100
102 0 3484 3036 4840 14.4924 101
103 0 3472 3080 4836 22.3311 102
104 0 3440 3144 4836 15.8885 103
105 0 3432 3180 4852 21.3238 104
106 2 3422 3222 4868 33.138 105
107 2 3408 3236 4868 27.0763 106
108 0 3364 3300 4884 20.6274 107
109 0 3348 3316 4892 14.4924 108
110 0 3324 3340 4896 18 109
111 2 3280.78 3362.41 4887.19 24.633 110
112 2 3269.32 3358.43 4877.32 24.9035 111
113 0 3240 3328 4852 18 112
114 2 3218.82 3296.71 4852 20.3717 113
115 2 3203.9 3279.9 4842.93 16.3503 114
116 0 3172 3264 4836 6 115
117 0 3152 3256 4832 9.31371 116
118 0 3132 3244 4832 9.31371 117
119 0 3120 3232 4828 6.94427 118
120 0 3108 3212 4828 9.31371 119
121 0 3104 3200 4828 10 120
122 0 3104 3188 4824 6.94427 121
123 0 3096 3176 4820 6.94427 122
124 0 3076 3148 4820 12.4222 123
125 0 3056 3124 4804 12.4222 124
126 0 3040 3092 4804 6.94427 125
127 0 3036 3080 4804 9.31371 126
128 2 3026.62 3071.54 4813.38 9.67028 127
129 0 3016 3068 4824 12.4222 128
130 0 3012 3088 4836 10 129
131 0 3012 3100 4840 6.94427 130
132 0 3004 3124 4840 10 131
133 2 2999.06 3136.71 4848.71 13.8029 132
134 0 2976 3156 4864 6.94427 133
135 0 2960 3176 4864 9.31371 134
136 0 2944 3192 4868 9.31371 135
137 0 2928 3204 4872 9.31371 136
138 0 2912 3224 4876 9.31371 137
139 0 2900 3236 4884 9.31371 138
140 0 2896 3244 4904 6.94427 139
141 0 2908 3252 4924 10 140
142 0 2899.33 3277.33 4936.67 9.94281 141
143 0 2884 3300 4952 9.31371 142
144 0 2864 3312 4960 12.4222 143
145 0 2844 3328 4968 9.31371 144
146 0 2832 3344 4976 6.94427 145
147 0 2828 3368 4988 12.4222 146
148 0 2798.89 3424.44 5005.11 32.8359 147
149 0 2784 3492 5012 14.9706 148
150 0 2768 3520 5004 14.4924 149
151 0 2768 3540 5000 10.6491 150
152 0 2764 3556 4992 12.4222 151
153 0 2756 3580 4988 9.31371 152
154 0 2752 3592 4984 6 153
155 0 2752 3608 4984 10 154
156 0 2760 3632 4980 6.94427 155
157 0 2768 3648 4980 6 156
158 0 2772 3664 4980 6 157
159 0 2772 3688 4980 9.31371 158
160 0 2768 3704 4968 6.94427 159
161 0 2760 3712 4964 2 160
162 0 2756 3712 4960 2 161
163 0 2756 3388 5040 10.6491 148
164 0 2896 3264 4948 6 142
165 0 2892 3240 4948 12.4222 164
166 0 2884 3220 4960 6.94427 165
167 0 2884 3208 4972 9.31371 166
168 0 3016 3156 4844 9.31371 133
169 0 3020 3168 4840 3.65685 168
170 0 3024 3172 4836 6 169
171 0 3028 3192 4836 6 170
172 0 3020 3204 4840 6.94427 171
173 0 3020 3212 4848 6 172
174 0 3020 3220 4848 2 173
175 0 3016 3224 4848 3.65685 174
176 0 3016 3232 4848 6 175
177 0 3024 3252 4848 6.94427 176
178 0 3040 3268 4848 9.31371 177
179 0 3060 3276 4848 3.65685 178
180 0 3068 3284 4852 6.94427 179
181 0 3076 3292 4848 6.94427 180
182 0 3084 3296 4852 6 181
183 0 2996 3052 4820 6.94427 129
184 0 2988 3048 4820 3.65685 183
185 0 2980 3040 4820 6 184
186 0 2972 3036 4824 9.31371 185
187 0 2952 3020 4836 6.94427 186
188 0 2944 3012 4844 10 187
189 0 2952 2992 4844 6 188
190 0 2956 2988 4848 2 189
191 0 2956 2984 4852 2 190
192 0 3024 3040 4804 10 128
193 0 3020 3028 4804 6.94427 192
194 0 3000 3012 4816 6 193
195 0 2996 3008 4820 6 194
196 0 2988 3004 4820 3.65685 195
197 0 2984 3000 4824 6 196
198 0 2980 2992 4828 3.65685 197
199 0 2980 2988 4828 2 198
200 0 3212 3260 4872 10 115
201 0 3212 3252 4888 9.31371 200
202 0 3200 3248 4896 12.4222 201
203 0 3192 3236 4896 6 202
204 0 3256 3300 4836 10 114
205 0 3272 3296 4832 6 204
206 0 3284 3300 4816 6.94427 205
207 0 3292 3304 4808 9.31371 206
208 0 3308 3304 4800 6 207
209 0 3328 3308 4792 9.31371 208
210 0 3340 3316 4788 9.31371 209
211 0 3356 3316 4784 6.94427 210
212 0 3372 3316 4776 6.94427 211
213 0 3380 3320 4768 9.31371 212
214 0 3388 3324 4752 6 213
215 0 3404 3324 4740 6.94427 214
216 0 3416 3316 4740 6 215
217 0 3432 3312 4744 6 216
218 0 3444 3320 4748 6.94427 217
219 0 3460 3324 4736 6 218
220 0 3468 3324 4732 6 219
221 0 3476 3328 4728 9.31371 220
222 0 3492 3332 4716 6 221
223 0 3500 3336 4708 6.94427 222
224 0 3516 3348 4708 6 223
225 0 3528 3356 4708 6.94427 224
226 0 3540 3372 4704 6.94427 225
227 0 3552 3384 4704 6 226
228 0 3564 3384 4716 6.94427 227
229 0 3576 3396 4724 6.94427 228
230 0 3588 3412 4720 9.31371 229
231 0 3608 3428 4724 9.31371 230
232 0 3620 3432 4724 6 231
233 0 3636 3440 4724 6.94427 232
234 0 3652 3456 4728 6.94427 233
235 0 3668 3472 4736 6.94427 234
236 0 3684 3480 4740 6.94427 235
237 0 3700 3484 4740 6 236
238 0 3716 3484 4748 6 237
239 0 3732 3484 4752 6 238
240 0 3740 3484 4752 6 239
241 0 3748 3488 4760 6 240
242 0 3764 3488 4764 6 241
243 0 3784 3480 4768 6.94427 242
244 0 3792 3472 4768 6.94427 243
245 0 3804 3468 4776 9.31371 244
246 0 3812 3476 4776 9.31371 245
247 0 3820 3484 4776 6 246
248 0 3836 3492 4776 6.94427 247
249 0 3848 3500 4776 2 248
250 2 3278.32 3396.83 4855.98 29.1981 112
251 0 3308 3452 4852 21.3238 250
252 0 3312 3472 4844 12.4222 251
253 0 3292 3364 4832 14 250
254 0 3276 3336 4828 10.6491 253
255 0 3268 3328 4828 9.31371 254
256 2 3276.98 3413.94 4931.33 40.0542 111
257 2 3268.75 3448.99 4938.42 39.5844 256
258 2 3262.49 3471.32 4940 37.7648 257
259 0 3216 3544 4936 41.0813 258
260 0 3168 3612 4900 28.4631 259
261 0 3148 3700 4888 22 260
262 0 3142.87 3769.04 4885.74 22.9018 261
263 0 3140 3792 4880 18 262
264 0 3124 3812 4864 26 263
265 0 3096 3788 4832 9.31371 264
266 0 3096 3776 4812 10.6491 265
267 0 3096 3780 4792 3.65685 266
268 0 3088 3772 4784 9.31371 267
269 0 3088 3772 4772 10 268
270 0 3088 3780 4756 6 269
271 0 3084 3788 4744 6 270
272 0 3088 3792 4724 6.94427 271
273 0 3096 3808 4708 6 272
274 0 3100 3824 4704 6 273
275 0 3104 3844 4708 6 274
276 0 3124 3880 4852 26 264
277 0 3148 3916 4864 9.31371 276
278 0 3164 3924 4864 2 277
279 0 3116 3800 4896 10.6491 262
280 0 3104 3820 4892 6.94427 279
281 0 3096 3832 4888 14 280
282 0 3092 3848 4888 10 281
283 0 3088 3868 4888 10 282
284 0 3076 3896 4880 10.6491 283
285 0 3064 3916 4880 9.31371 284
286 0 3048 3924 4876 2 285
287 0 3044 3924 4876 2 286
288 0 3244 3504 4884 6 258
289 0 3248 3512 4872 6 288
290 0 3248 3524 4856 6 289
291 0 3248 3532 4840 9.31371 290
292 0 3240 3436 4964 12.4222 257
293 0 3228 3444 4976 3.65685 292
294 0 3224 3448 4980 6 293
295 0 3220 3452 4976 6 294
296 0 3244 3384 4968 12.4222 256
297 0 3232 3380 4996 10 296
298 0 3220 3368 5024 12.4222 297
299 0 3224 3364 5044 9.31371 298
300 0 3240 3372 5048 6 299
301 0 3256 3376 5048 10 300
302 0 3280.48 3380.64 5060 14.3387 301
303 0 3304 3412 5056 9.31371 302
304 0 3312 3416 5052 6.94427 303
305 0 3332 3432 5040 9.31371 304
306 0 3348 3456 5032 10.6491 305
307 0 3364 3476 5028 6.94427 306
308 0 3376 3496 5028 9.31371 307
309 0 3380 3512 5032 14.4924 308
310 0 3368 3524 5044 12.4222 309
311 0 3292 3368 5080 6 302
312 0 3292 3364 5088 2 311
313 0 3292 3356 5096 6 312
314 0 3292 3348 5104 6 313
315 0 3284 3340 5112 6.94427 314
316 0 3284 3336 5120 6 315
317 0 3288 3340 5124 3.65685 316
318 0 3288 3340 5132 3.65685 317
319 0 3292 3340 5136 3.65685 318
320 0 3296 3336 5136 2 319
321 0 3440 3260 4860 14 107
322 0 3440 3276 4860 9.31371 321
323 0 3428 3292 4852 6 322
324 0 3424 3300 4848 6 323
325 0 3433.06 3235.29 4912.71 13.6471 106
326 0 3456 3220 4924 6 325
327 0 3460 3216 4928 6 326
328 0 3448 3212 4952 10 327
329 0 3440 3208 4960 6.94427 328
330 0 3432 3196 4960 6 329
331 0 3420 3184 4968 6 330
332 0 3412 3168 4968 6 331
333 0 3412 3160 4968 6 332
334 0 3408 3156 4972 6 333
335 0 3408 3140 4972 6 334
336 0 3408 3132 4972 6 335
337 0 3412 3124 4980 6 336
338 0 3416 3120 4984 6 337
339 0 3420 3112 4992 9.31371 338
340 0 3428 3108 5000 6 339
341 2 3429.67 3232.51 4921.79 12.0396 325
342 0 3412 3224 4948 6 341
343 0 3408 3220 4964 6 342
344 0 3408 3212 4972 6 343
345 0 3408 3204 4980 9.31371 344
346 0 3408 3196 4988 6.94427 345
347 0 3408 3188 4996 9.31371 346
348 0 3416 3176 5012 6 347
349 0 3416 3168 5024 2 348
350 0 3456 3244 4940 6 341
351 0 3460 3240 4936 6 350
352 0 3468 3240 4936 6 351
353 0 3476 3248 4936 6 352
354 0 3484 3256 4940 10 353
355 0 3492 3256 4948 6.94427 354
356 0 3472 2984 4828 10.6491 100
357 2 3441.6 2988 4813.2 10 356
358 0 3432 2988 4800 6.94427 357
359 0 3416 2984 4780 9.31371 358
360 0 3408 2976 4768 14 359
361 0 3388 2956 4748 12.4222 360
362 0 3351.18 2911.18 4733.86 26.0921 361
363 2 3315.13 2857.57 4720.52 40.2941 362
364 2 3313.74 2840.87 4714.96 44.6078 363
365 2 3312.4 2824.77 4709.59 48.7675 364
366 0 3312 2820 4708 50 365
367 0 3280 2776 4708 19.5407 366
368 0 3236 2748 4692 20.6274 367
369 0 3204 2716 4692 10.6491 368
370 0 3188 2700 4696 10.6491 369
371 0 3160 2692 4700 10.6491 370
372 2 3128.8 2680.4 4700 12.3011 371
373 0 3068 2652 4704 18 372
374 0 3040 2632 4704 6 373
375 0 3032 2628 4708 9.31371 374
376 0 3016 2616 4708 6.94427 375
377 0 3004 2596 4704 6.94427 376
378 0 2996 2588 4704 3.65685 377
379 0 2992 2588 4704 3.65685 378
380 0 2988 2584 4700 3.65685 379
381 0 2984 2584 4700 3.65685 380
382 0 2980 2584 4700 2 381
383 0 2976 2584 4700 2 382
384 0 2972 2584 4700 2 383
385 0 2968 2580 4696 3.65685 384
386 0 2960 2584 4696 3.65685 385
387 0 2952 2588 4696 3.65685 386
388 0 2948 2592 4696 3.65685 387
389 0 2940 2596 4696 6 388
390 0 2924 2600 4700 6 389
391 0 2916 2600 4700 6.94427 390
392 0 2896 2616 4704 9.31371 391
393 0 2880 2624 4688 6.94427 392
394 0 2864 2628 4676 6 393
395 0 2852 2628 4664 9.31371 394
396 0 2836 2612 4660 6.94427 395
397 0 2820 2596 4660 6 396
398 0 2820 2580 4660 6 397
399 0 2816 2564 4660 6 398
400 0 2808 2540 4660 10 399
401 0 2804 2520 4664 6 400
402 0 2804 2504 4664 6 401
403 0 2804 2488 4668 6 402
404 0 2796 2480 4668 2 403
405 0 2792 2480 4668 2 404
406 0 2848 2640 4644 10.6491 395
407 0 2844 2648 4632 6 406
408 0 3056 2668 4696 6.94427 373
409 0 3036 2688 4696 6.94427 408
410 0 3028 2700 4700 10 409
411 2 3026.33 2714.33 4712.67 6.01388 410
412 0 3028 2716 4720 3.65685 411
413 0 3036 2708 4728 6.94427 412
414 0 3048 2692 4736 10 413
415 0 3052 2676 4740 10 414
416 0 3056 2660 4748 6 415
417 0 3064 2640 4756 6 416
418 0 3068 2628 4760 9.31371 417
419 0 3068 2612 4748 9.31371 418
420 0 3056 2584 4744 6 419
421 0 3056 2576 4744 6 420
422 0 3056 2568 4740 2 421
423 0 3056 2564 4736 2 422
424 0 3052 2556 4732 6 423
425 0 3052 2540 4732 6 424
426 0 3048 2528 4728 6.94427 425
427 0 3048 2512 4716 10 426
428 0 3040 2496 4712 9.31371 427
429 0 3040 2484 4704 6 428
430 0 3040 2472 4696 10 429
431 0 3024 2448 4684 6 430
432 0 3020 2432 4688 6 431
433 0 3016 2732 4708 6.94427 411
434 0 3004 2744 4708 6.94427 433
435 0 2992 2752 4708 6.94427 434
436 0 2984 2760 4708 9.31371 435
437 0 2968 2776 4712 3.65685 436
438 0 2960 2784 4712 6.94427 437
439 0 2952 2796 4712 6.94427 438
440 0 2944 2804 4720 3.65685 439
441 0 2940 2804 4720 2 440
442 0 2936 2804 4720 2 441
443 0 3132 2684 4684 6 372
444 0 3144 2688 4672 6 443
445 0 3152 2692 4664 9.31371 444
446 0 3156 2700 4660 6 445
447 0 3160 2716 4644 6.94427 446
448 0 3168 2724 4640 3.65685 447
449 0 3172 2728 4636 6 448
450 0 3176 2732 4632 3.65685 449
451 0 3180 2736 4628 3.65685 450
452 0 3184 2744 4624 6 451
453 0 3184 2760 4608 6.94427 452
454 0 3196 2764 4596 6 453
455 0 3200 2764 4588 6 454
456 0 3208 2760 4580 3.65685 455
457 0 3208 2760 4576 3.65685 456
458 0 3212 2756 4572 3.65685 457
459 0 3212 2752 4568 2 458
460 0 3372 2816 4712 15.8885 366
461 0 3400 2820 4708 10 460
462 0 3336 2772 4724 30 365
463 0 3360 2752 4728 10.6491 462
464 0 3280 2824 4680 14.4924 364
465 0 3268 2824 4664 9.31371 464
466 0 3268 2828 4648 6.94427 465
467 0 3272 2828 4640 3.65685 466
468 0 3272 2832 4632 6 467
469 0 3276 2832 4620 6 468
470 0 3272 2820 4600 6 469
471 0 3272 2824 4592 3.65685 470
472 0 3272 2824 4584 6 471
473 0 3268 2824 4572 6 472
474 0 3260 2816 4564 6.94427 473
475 0 3252 2808 4564 6 474
476 0 3244 2808 4556 6 475
477 0 3232 2796 4556 12.4222 476
478 0 3220 2796 4560 9.31371 477
479 0 3204 2812 4552 6 478
480 0 3200 2828 4544 6 479
481 0 3196 2840 4544 6.94427 480
482 0 3188 2848 4540 6 481
483 0 3180 2848 4540 2 482
484 0 3172 2852 4540 6 483
485 0 3160 2856 4540 9.31371 484
486 0 3152 2868 4540 9.31371 485
487 0 3152 2880 4536 6 486
488 0 3148 2888 4540 2 487
489 0 3148 2892 4540 2 488
490 0 3268 2860 4744 20.6274 363
491 0 3248 2852 4748 6.94427 490
492 0 3240 2844 4752 10 491
493 0 3232 2836 4760 6.94427 492
494 0 3220 2832 4772 9.31371 493
495 0 3204 2816 4784 9.31371 494
496 0 3192 2804 4796 12.4222 495
497 0 3172 2788 4808 3.65685 496
498 0 3172 2780 4816 6 497
499 0 3172 2772 4816 6 498
500 0 3172 2756 4832 6 499
501 0 3168 2748 4840 6.94427 500
502 0 3164 2740 4848 3.65685 501
503 0 3164 2740 4852 2 502
504 0 3164 2740 4856 2 503
505 0 3164 2740 4860 2 504
506 0 3168 2744 4864 6 505
507 0 3168 2764 4872 6 506
508 0 3168 2776 4888 6 507
509 0 3164 2772 4896 6 508
510 0 3164 2772 4908 6 509
511 0 3160 2780 4924 6 510
512 0 3160 2780 4932 6 511
513 0 3152 2776 4944 6.94427 512
514 0 3148 2768 4952 10 513
515 0 3148 2756 4956 6 514
516 0 3148 2748 4956 6 515
517 0 3148 2736 4960 9.31371 516
518 0 3148 2728 4968 9.31371 517
519 0 3324 2928 4720 6.94427 362
520 0 3316 2936 4712 6 519
521 0 3308 2940 4704 9.31371 520
522 0 3300 2948 4692 3.65685 521
523 0 3300 2948 4688 3.65685 522
524 0 3296 2952 4684 6 523
525 0 3288 2952 4676 6 524
526 0 3276 2956 4668 9.31371 525
527 0 3264 2956 4652 9.31371 526
528 0 3264 2964 4632 6.94427 527
529 0 3268 2972 4620 6.94427 528
530 0 3272 2976 4612 9.31371 529
531 0 3424 2984 4832 10 357
532 0 3412 2976 4844 6.94427 531
533 0 3408 2960 4856 6 532
534 0 3408 2940 4868 10.6491 533
535 0 3380 2936 4880 14 534
536 0 3328 2928 4888 12.4222 535
537 0 3296 2928 4892 12.4222 536
538 0 3260 2932 4900 14 537
539 2 3229.06 2916.71 4911.29 14 538
540 0 3228 2896 4924 6.94427 539
541 0 3240 2888 4936 6 540
542 0 3248 2888 4944 9.31371 541
543 0 3260 2888 4956 6.94427 542
544 0 3268 2888 4964 10 543
545 0 3284 2892 4960 10 544
546 0 3292 2892 4968 10.6491 545
547 0 3300 2884 4972 6 546
548 0 3304 2880 4976 6 547
549 0 3320 2880 4976 6 548
550 0 3328 2880 4976 6 549
551 0 3340 2880 4984 10 550
552 0 3352 2884 4988 6 551
553 0 3368 2888 4988 6 552
554 0 3380 2896 4996 6 553
555 0 3400 2904 4996 10 554
556 0 3300 2920 4964 6.94427 546
557 0 3312 2936 4964 6.94427 556
558 0 3320 2948 4968 6.94427 557
559 0 3340 2952 4976 6 558
560 0 3352 2952 4988 6 559
561 0 3360 2948 4996 9.31371 560
562 0 3372 2948 4996 6 561
563 0 3212 2932 4912 10.6491 539
564 0 3200 2936 4924 6 563
565 0 3196 2932 4932 9.31371 564
566 0 3184 2928 4948 6 565
567 0 3176 2920 4960 6 566
568 0 3172 2912 4968 9.31371 567
569 0 3172 2908 4988 9.31371 568
570 0 3176 2904 5012 10 569
571 0 3184 2900 5020 6 570
572 0 3192 2900 5028 6 571
573 0 3196 2904 5036 2 572
574 0 3196 2908 5036 2 573
575 2 3965.72 2908.31 5003.63 40.7411 91
576 0 3972.15 2957.32 5000 34.1143 575
577 0 3976 2992 5000 14 576
578 0 3972 3020 5008 6 577
579 0 3976 3051.68 5033.76 16.08 578
580 0 3972 3088 5056 9.31371 579
581 0 3968 3096 5084 10.6491 580
582 0 3948 3116 5096 10.6491 581
583 0 3932 3140 5084 15.8885 582
584 0 3920 3168 5080 6.94427 583
585 0 3908 3180 5084 9.31371 584
586 2 3893.41 3197.88 5098.59 13.173 585
587 0 3884 3212 5108 6.94427 586
588 0 3872 3232 5108 6 587
589 0 3868 3244 5108 6.94427 588
590 0 3858.07 3248 5123.86 6.45552 589
591 0 3848 3260 5144 6.94427 590
592 0 3844 3268 5152 9.31371 591
593 0 3836 3272 5160 6.94427 592
594 0 3828 3276 5168 9.31371 593
595 0 3820 3280 5188 6 594
596 0 3820 3284 5196 6 595
597 0 3816 3272 5208 6 596
598 0 3812 3264 5216 9.31371 597
599 0 3804 3256 5220 6 598
600 0 3796 3252 5224 6 599
601 0 3792 3240 5232 6.94427 600
602 0 3792 3232 5232 6 601
603 0 3788 3224 5236 9.31371 602
604 0 3788 3212 5236 6 603
605 0 3788 3204 5236 6 604
606 0 3796 3188 5236 10 605
607 0 3792 3156 5240 9.31371 606
608 0 3784 3140 5248 6.94427 607
609 0 3772 3124 5264 6 608
610 0 3764 3124 5268 3.65685 609
611 0 3760 3120 5272 6 610
612 0 3756 3116 5276 6 611
613 0 3752 3112 5280 3.65685 612
614 0 3752 3108 5284 3.65685 613
615 0 3748 3104 5288 6 614
616 0 3732 3088 5296 6.94427 615
617 0 3716 3076 5296 6.94427 616
618 0 3700 3060 5296 6.94427 617
619 0 3684 3052 5296 6.94427 618
620 0 3668 3044 5300 6 619
621 0 3844 3256 5116 9.31371 590
622 0 3836 3264 5112 10 621
623 0 3832 3276 5112 6 622
624 0 3832 3292 5112 6 623
625 0 3828 3308 5108 6 624
626 0 3900 3180 5116 9.31371 586
627 0 3904 3168 5124 10.6491 626
628 0 3908 3160 5132 6 627
629 0 4004 3056 5036 6.94427 579
630 0 4016 3064 5040 9.31371 629
631 0 4040 3076 5040 6.94427 630
632 0 4048 3084 5040 10 631
633 0 4044 3112 5032 9.31371 632
634 0 4044 3124 5016 6 633
635 0 4048 3128 4996 9.31371 634
636 0 4040 3136 4976 6.94427 635
637 0 4028 3152 4960 6 636
638 0 3924 2984 4996 9.31371 576
639 0 3916 2980 4988 2 638
640 0 3916 2980 4984 2 639
641 0 3980 2868 5016 6.94427 575
642 0 3988 2852 5024 18 641
643 0 3868 2580 4920 12.4222 87
644 0 3864.88 2585.25 4891.01 17.6477 643
645 2 3853.16 2589.94 4872.26 31.3579 644
646 2 3848.97 2591.61 4865.55 36.2634 645
647 2 3816.6 2589.38 4861.38 37.7909 646
648 0 3664 2584 4860 37.3954 647
649 0 3568 2516 4840 41.0813 648
650 2 3566.26 2514.02 4840.99 39.856 649
651 2 3549.33 2494.67 4850.67 27.9096 650
652 0 3520 2476 4864 6.94427 651
653 0 3504 2476 4868 9.31371 652
654 0 3492 2472 4872 10 653
655 2 3467.43 2474.74 4872.91 17.1983 654
656 0 3436 2484 4876 9.31371 655
657 0 3420 2500 4884 6.94427 656
658 0 3404 2504 4892 9.31371 657
659 0 3384 2508 4896 10 658
660 0 3364 2500 4912 9.31371 659
661 0 3352 2500 4916 6 660
662 0 3336 2500 4916 9.31371 661
663 0 3324 2496 4920 10 662
664 0 3308 2492 4924 6 663
665 0 3288 2484 4936 12.4222 664
666 2 3273.78 2484 4957.33 7.62463 665
667 0 3264 2488 4968 6.94427 666
668 2 3251.76 2496.94 4972 13.585 667
669 0 3248 2512 4972 6.94427 668
670 0 3244 2524 4988 6 669
671 0 3240 2524 5000 9.31371 670
672 0 3232 2528 5008 9.31371 671
673 0 3228 2536 5012 6 672
674 0 3220 2548 5012 6 673
675 0 3208 2564 5020 6.94427 674
676 0 3196 2580 5020 6 675
677 0 3180 2584 5020 6 676
678 0 3172 2584 5016 6 677
679 0 3164 2592 5008 9.31371 678
680 0 3148 2596 5000 9.31371 679
681 0 3136 2596 5000 6 680
682 0 3112 2592 5000 9.31371 681
683 0 3096 2584 5008 14 682
684 0 3088 2584 5020 6.94427 683
685 0 3076 2576 5036 6 684
686 0 3068 2568 5044 9.31371 685
687 0 3068 2564 5056 9.31371 686
688 0 3072 2572 5064 3.65685 687
689 0 3076 2576 5068 3.65685 688
690 0 3080 2580 5068 2 689
691 0 3240 2492 4988 6 668
692 0 3232 2492 5004 6 691
693 0 3216 2488 5020 10 692
694 0 3216 2464 5036 6 693
695 0 3296 2480 4972 9.31371 666
696 0 3316 2468 4988 6.94427 695
697 0 3320 2452 4992 6.94427 696
698 0 3332 2436 4996 12.4222 697
699 0 3344 2432 5008 9.31371 698
700 0 3476 2464 4896 9.31371 655
701 0 3476 2456 4908 9.31371 700
702 0 3480 2456 4920 6 701
703 0 3488 2448 4932 9.31371 702
704 0 3492 2432 4952 9.31371 703
705 0 3492 2420 4972 9.31371 704
706 0 3500 2412 4984 10 705
707 0 3500 2416 4996 6 706
708 0 3488 2420 5008 6.94427 707
709 0 3484 2416 5016 6 708
710 0 3512 2516 4828 10.6491 651
711 0 3504 2508 4824 6.94427 710
712 0 3500 2500 4816 10 711
713 0 3504 2496 4804 6 712
714 0 3568 2484 4792 19.5407 650
715 0 3588 2464 4764 6.94427 714
716 0 3588 2460 4736 9.31371 715
717 0 3584 2456 4724 9.31371 716
718 0 3584 2452 4712 6 717
719 0 3584 2452 4704 6 718
720 0 3580 2448 4696 9.31371 719
721 0 3588 2436 4668 14.4924 720
722 0 3604 2432 4652 18 721
723 0 3624 2432 4648 9.31371 722
724 0 3640 2424 4648 6.94427 723
725 0 3656 2404 4644 10 724
726 0 3668 2404 4640 9.31371 725
727 0 3672 2396 4632 6 726
728 0 3676 2388 4624 6.94427 727
729 0 3692 2400 4620 6.94427 728
730 0 3704 2416 4620 6.94427 729
731 0 3712 2432 4616 6.94427 730
732 0 3716 2452 4612 6.94427 731
733 0 3728 2468 4608 6.94427 732
734 0 3740 2484 4604 6.94427 733
735 0 3752 2492 4588 6 734
736 0 3540 2520 4776 12.4222 714
737 0 3528 2520 4772 6.94427 736
738 0 3512 2520 4768 6 737
739 0 3504 2520 4760 9.31371 738
740 0 3496 2520 4752 6 739
741 0 3488 2520 4744 9.31371 740
742 0 3492 2516 4736 9.31371 741
743 0 3496 2512 4728 6 742
744 0 3580 2464 4880 6 649
745 0 3584 2464 4888 6 744
746 0 3592 2452 4904 6.94427 745
747 0 3604 2440 4916 10 746
748 0 3604 2420 4932 10.6491 747
749 0 3600 2392 4936 6 748
750 0 3604 2376 4936 6.94427 749
751 0 3612 2352 4944 10 750
752 0 3612 2340 4948 6 751
753 0 3616 2328 4952 6 752
754 0 3616 2312 4956 6 753
755 0 3620 2296 4960 6 754
756 0 3624 2280 4960 6.94427 755
757 0 3632 2268 4960 9.31371 756
758 0 3636 2260 4956 6.94427 757
759 0 3812 2609.65 4778.59 14.2028 647
760 0 3820 2612 4752 10.6491 759
761 0 3828 2624 4740 12.4222 760
762 0 3840 2636 4732 6.94427 761
763 0 3848 2652 4724 9.31371 762
764 0 3852 2660 4716 9.31371 763
765 0 3864 2664 4704 6 764
766 0 3872 2664 4696 6 765
767 0 3880 2668 4688 3.65685 766
768 0 3884 2672 4684 3.65685 767
769 0 3888 2680 4676 6 768
770 0 3888 2680 4668 6 769
771 0 3896 2688 4660 6 770
772 0 3900 2700 4652 9.31371 771
773 0 3900 2708 4640 6 772
774 0 3904 2716 4632 6 773
775 0 3904 2724 4624 3.65685 774
776 0 3908 2728 4620 6 775
777 0 3908 2740 4612 6.94427 776
778 0 3916 2760 4596 10.6491 777
779 0 3924 2776 4572 6 778
780 0 3924 2792 4560 6 779
781 0 3928 2804 4548 9.31371 780
782 0 3924 2812 4540 6.94427 781
783 0 3916 2820 4532 6 782
784 0 3908 2824 4520 6.94427 783
785 0 3900 2836 4512 6.94427 784
786 0 3892 2848 4504 6.94427 785
787 0 3892 2864 4500 3.65685 786
788 0 3892 2868 4500 2 787
789 0 3892 2872 4500 2 788
790 0 3948 2828 4536 9.31371 782
791 0 3956 2836 4536 6 790
792 0 3964 2844 4528 6 791
793 0 3788 2608 4764 9.31371 759
794 0 3780 2596 4748 9.31371 793
795 0 3780 2592 4732 9.31371 794
796 0 3764 2580 4728 6 795
797 0 3756 2580 4728 6.94427 796
798 0 3748 2588 4724 6 797
799 0 3880 2632 4848 10 646
800 0 3888 2636 4840 6 799
801 0 3896 2636 4840 3.65685 800
802 0 3900 2640 4840 2 801
803 0 3872 2540 4856 9.31371 645
804 0 3896 2524 4856 6.94427 803
805 0 3912 2512 4860 9.31371 804
806 0 3920 2508 4864 6 805
807 0 3868 2628 4884 14.4924 644
808 0 3884 2660 4872 10 807
809 0 3888 2680 4868 10 808
810 0 3900 2704 4860 9.31371 809
811 0 3916 2716 4856 6.94427 810
812 0 3928 2728 4856 6.94427 811
813 0 3936 2736 4852 9.31371 812
814 0 3944 2752 4852 6.94427 813
815 0 3956 2760 4852 6 814
816 0 3968 2764 4852 9.31371 815
817 0 3976 2776 4852 10.6491 816
818 0 3972 2796 4844 6 817
819 0 3972 2808 4836 6 818
820 0 3976 2820 4836 6 819
821 0 3976 2836 4832 6 820
822 0 3980 2852 4832 6 821
823 0 3984 2876 4836 10 822
824 0 3980 2904 4828 6 823
825 0 3976 2920 4832 6 824
826 0 3976 2924 4840 2 825
827 0 3976 2924 4844 2 826
828 0 3888 2380 4968 21.3238 84
829 0 3904 2372 4952 9.31371 828
830 0 3908 2372 4940 6.94427 829
831 0 3904 2360 4912 12.4222 830
832 0 3888 2344 4892 12.4222 831
833 0 3860 2336 4880 10.6491 832
834 0 3836 2324 4872 10 833
835 0 3812 2304 4872 12.4222 834
836 0 3788 2288 4880 12.4222 835
837 0 3764 2268 4888 12.4222 836
838 0 3744 2240 4896 12.4222 837
839 0 3728 2216 4900 14.4924 838
840 0 3700 2184 4908 10.6491 839
841 0 3676 2168 4908 10.6491 840
842 0 3644 2160 4916 14 841
843 0 3608 2156 4924 10.6491 842
844 0 3584 2140 4936 12.4222 843
845 0 3548 2116 4948 12.4222 844
846 0 3524 2092 4968 12.4222 845
847 0 3512 2072 4984 14 846
848 0 3504 2036 4984 14 847
849 0 3500 2008 4992 12.4222 848
850 0 3492 1980 4996 10 849
851 0 3473.85 1935.79 5006.05 16.0513 850
852 0 3440 1912 5028 14.4924 851
853 0 3416 1908 5040 10 852
854 0 3400 1912 5052 12.4222 853
855 0 3392 1924 5064 9.31371 854
856 0 3380 1932 5068 14 855
857 0 3356 1920 5088 18 856
858 0 3352 1928 5108 9.31371 857
859 0 3340 1928 5128 10.6491 858
860 0 3316 1936 5140 14 859
861 0 3300 1948 5140 18 860
862 0 3280 1952 5144 10.6491 861
863 0 3264 1956 5148 10.6491 862
864 0 3248 1956 5144 14.9706 863
865 0 3216 1980 5140 12.4222 864
866 0 3208 1992 5148 14.9706 865
867 0 3188 2004 5160 12.4222 866
868 0 3152 2028 5164 21.3238 867
869 0 3096 2048 5144 33.7771 868
870 2 3058.69 2066.66 5132.81 42.6183 869
871 0 3056 2068 5132 43.2548 870
872 0 3048 2116 5156 14.9706 871
873 0 3052 2148 5164 6.94427 872
874 0 3056 2160 5168 6 873
875 0 3060 2176 5172 6 874
876 0 3068 2184 5176 9.31371 875
877 0 3076 2196 5184 6.94427 876
878 0 3076 2216 5184 6.94427 877
879 0 3080 2232 5184 6 878
880 0 3080 2248 5184 6 879
881 0 3080 2256 5184 6 880
882 0 3080 2268 5184 10 881
883 0 3088 2292 5188 6 882
884 0 3096 2300 5196 9.31371 883
885 0 3116 2312 5200 6 884
886 0 3132 2312 5200 6 885
887 0 3152 2312 5196 6.94427 886
888 0 3172 2304 5208 9.31371 887
889 0 3192 2304 5212 6.94427 888
890 0 3208 2300 5216 6 889
891 0 3232 2300 5216 10.6491 890
892 0 3244 2304 5220 6.94427 891
893 0 3252 2312 5216 6 892
894 0 3264 2316 5216 6 893
895 0 3276 2316 5216 6 894
896 0 3296 2324 5216 6 895
897 0 3312 2324 5224 6 896
898 0 3320 2324 5224 3.65685 897
899 0 3324 2320 5220 2 898
900 0 2980 2072 5100 14.4924 871
901 0 2960 2080 5080 9.31371 900
902 0 2952 2088 5072 2 901
903 0 2952 2092 5072 2 902
904 0 3012 2008 5116 9.31371 870
905 0 3328 1908 5084 6.94427 857
906 0 3308 1900 5084 9.31371 905
907 0 3296 1896 5080 10 906
908 0 3284 1892 5076 6 907
909 0 3268 1888 5076 6.94427 908
910 0 3256 1884 5072 10 909
911 0 3244 1880 5068 3.65685 910
912 0 3240 1876 5064 2 911
913 0 3236 1876 5064 2 912
914 0 3232 1876 5064 2 913
915 0 3228 1876 5064 2 914
916 0 3224 1876 5064 2 915
917 0 3220 1876 5060 2 916
918 0 3216 1876 5056 2 917
919 0 3360 1892 5084 10.6491 857
920 0 3344 1876 5076 2 919
921 0 3340 1876 5072 2 920
922 0 3492 1920 5024 9.31371 851
923 0 3504 1932 5032 6 922
924 0 3504 1940 5040 6 923
925 0 3504 1948 5048 9.31371 924
926 0 3508 1956 5056 6 925
927 0 3520 1960 5072 9.31371 926
928 0 3860 2360 4960 9.31371 828
929 0 3852 2360 4952 6 928
930 0 3832 2364 4932 6 929
931 0 3824 2364 4924 6 930
932 0 3820 2368 4920 3.65685 931
933 0 3820 2372 4916 3.65685 932
934 0 3808 2384 4904 10 933
935 0 3800 2392 4896 3.65685 934
936 0 3796 2396 4892 2 935
937 0 3796 2400 4892 2 936
938 0 3880 2372 5004 22 83
939 0 3860 2356 5016 6 938
940 0 3852 2348 5016 6 939
941 0 3848 2336 5024 6.94427 940
942 0 3844 2328 5028 9.31371 941
943 0 3828 2320 5040 6 942
944 0 3820 2316 5048 6.94427 943
945 0 3820 2308 5064 6 944
946 0 3932 2380 5052 6 82
947 0 3936 2376 5060 6 946
948 0 3924 2364 5068 6.94427 947
949 0 3920 2352 5076 10.6491 948
950 0 3904 2332 5080 10 949
951 0 3903.33 2312 5055.33 10.0927 950
952 0 3892 2316 5044 10.6491 951
953 0 3880 2316 5044 6 952
954 0 3868 2320 5052 9.31371 953
955 0 3856 2324 5064 9.31371 954
956 0 3848 2324 5072 3.65685 955
957 0 3840 2320 5080 6.94427 956
958 0 3832 2308 5088 9.31371 957
959 0 3824 2300 5092 6 958
960 0 3900 2288 5048 6 951
961 0 3900 2272 5044 6 960
962 0 3900 2256 5036 6.94427 961
963 0 3892 2244 5028 6.94427 962
964 0 3884 2236 5028 9.31371 963
965 0 3884 2228 5020 3.65685 964
966 0 3884 2224 5020 2 965
967 0 3892 2316 5096 9.31371 950
968 0 3908 2300 5116 9.31371 967
969 0 3908 2292 5124 9.31371 968
970 0 3904 2284 5132 3.65685 969
971 0 3900 2280 5136 6 970
972 0 3900 2272 5144 6 971
973 0 3896 2260 5148 9.31371 972
974 0 3884 2240 5144 6.94427 973
975 0 3876 2232 5144 3.65685 974
976 0 3876 2228 5144 2 975
977 0 3960 2228 5028 15.8885 79
978 0 3944 2224 5024 10 977
979 0 3932 2224 5024 10 978
980 0 3924 2228 5016 6 979
981 0 4016 2200 4964 29.241 78
982 0 3984 2228 4936 6.94427 981
983 0 3976 2232 4932 3.65685 982
984 0 3972 2228 4932 2 983
985 0 4028 2152 4996 39.7612 77
986 0 4000 2100 5008 9.31371 985
987 0 3992 2072 5016 10.6491 986
988 0 3980 2060 5016 6.94427 987
989 0 3972 2052 5016 6.94427 988
990 0 3964 2036 5028 18 989
991 0 3928 2008 5036 10.6491 990
992 0 3920 2000 5040 9.31371 991
993 0 3904 1988 5040 14.4924 992
994 0 3884 1972 5044 10.6491 993
995 0 3876 1964 5052 6.94427 994
996 0 3868 1948 5068 6.94427 995
997 0 3860 1940 5084 10 996
998 0 3848 1944 5096 14 997
999 0 3836 1944 5104 9.31371 998
1000 0 3820 1944 5112 10.6491 999
1001 2 3812.67 1947.67 5119.33 7.25301 1000
1002 0 3804 1952 5128 9.31371 1001
1003 0 3804 1956 5140 6 1002
1004 0 3804 1956 5156 6 1003
1005 0 3816 1956 5176 9.31371 1004
1006 0 3824 1972 5192 6.94427 1005
1007 0 3828 1980 5196 6.94427 1006
1008 0 3832 1992 5204 2 1007
1009 0 3808 1928 5128 6 1001
1010 0 3812 1920 5136 6 1009
1011 0 3816 1908 5148 6.94427 1010
1012 0 3808 1904 5156 6 1011
1013 0 3812 1928 5108 3.65685 1000
1014 0 3804 1920 5108 6.94427 1013
1015 0 3788 1916 5104 6 1014
1016 0 4000 2036 5048 6 990
1017 0 4016 2036 5064 6 1016
1018 0 4024 2044 5072 6 1017
1019 0 4024 2052 5072 3.65685 1018
1020 0 4028 2056 5068 2 1019
1021 0 4028 2060 5068 2 1020
1022 0 4028 2064 5068 2 1021
1023 0 4028 2068 5068 2 1022
1024 0 4084 2196 4992 14.4924 76
1025 0 4092 2188 4976 6.94427 1024
1026 0 4088 2192 4960 6.94427 1025
1027 0 4092 2200 4944 6 1026
1028 0 4100 2196 4932 6 1027
1029 0 4104 2184 4920 6 1028
1030 0 4108 2176 4916 2 1029
1031 0 4108 2172 4916 2 1030
1032 0 4076 2104 5052 14 75
1033 0 4084 2092 5056 3.65685 1032
1034 0 4084 2088 5056 2 1033
1035 0 4144 2160 5156 10 73
1036 0 4148 2168 5176 6 1035
1037 0 4200 2160 5120 9.31371 72
1038 0 4212 2168 5112 6.94427 1037
1039 0 4220 2168 5104 10 1038
1040 0 4232 2176 5092 10 1039
1041 0 4244 2176 5084 14 1040
1042 0 4272 2180 5080 6 1041
1043 0 4284 2180 5080 10 1042
1044 0 4304 2188 5096 6.94427 1043
1045 0 4316 2192 5096 10 1044
1046 0 4336 2192 5108 10 1045
1047 0 4360 2204 5108 9.31371 1046
1048 0 4384 2212 5104 10 1047
1049 0 4400 2216 5104 14 1048
1050 0 4432 2232 5128 20.6274 1049
1051 2 4454.4 2243.2 5128 23.1202 1050
1052 0 4468 2264 5128 15.8885 1051
1053 0 4476 2296 5124 14 1052
1054 0 4480 2332 5120 18 1053
1055 0 4492 2372 5108 34 1054
1056 0 4512 2436 5096 18 1055
1057 0 4520 2456 5096 10 1056
1058 0 4464 2216 5144 9.31371 1051
1059 0 4460 2196 5144 6 1058
1060 0 4456 2184 5144 9.31371 1059
1061 0 4448 2180 5136 3.65685 1060
1062 0 4444 2180 5136 2 1061
1063 2 4278.31 2060.8 5230.12 32.1953 70
1064 0 4348 1972 5288 26.8444 1063
1065 0 4352 1980 5316 6 1064
1066 0 4356 1980 5324 6.94427 1065
1067 0 4368 1992 5332 10 1066
1068 0 4380 1992 5344 6.94427 1067
1069 0 4380 1996 5356 6.94427 1068
1070 0 4396 2004 5372 6.94427 1069
1071 0 4400 2008 5380 9.31371 1070
1072 0 4412 2008 5396 6.94427 1071
1073 0 4424 2008 5408 6.94427 1072
1074 0 4440 1996 5416 6.94427 1073
1075 0 4452 1980 5420 6.94427 1074
1076 0 4468 1960 5432 6.94427 1075
1077 0 4476 1952 5440 6 1076
1078 0 4480 1944 5444 6 1077
1079 0 4480 1932 5448 9.31371 1078
1080 0 4476 1912 5452 6 1079
1081 0 4476 1892 5452 6.94427 1080
1082 0 4476 1884 5452 6 1081
1083 0 4480 1880 5456 2 1082
1084 0 4480 1876 5456 2 1083
1085 0 4416 1928 5296 24.8328 1064
1086 0 4456 1900 5304 22.3311 1085
1087 0 4496 1892 5320 18 1086
1088 0 4524 1880 5344 6 1087
1089 0 4528 1876 5352 2 1088
1090 0 4528 1876 5356 2 1089
1091 0 4308 2072 5212 14.4924 1063
1092 0 4324 2084 5212 9.31371 1091
1093 0 4324 2096 5212 6 1092
1094 0 4324 2104 5212 6 1093
1095 0 4320 2108 5216 6 1094
1096 0 4276 2092 5268 9.31371 69
1097 0 4304 2092 5284 12.4222 1096
1098 0 4332 2080 5304 6 1097
1099 0 4340 2076 5308 3.65685 1098
1100 0 4340 2072 5308 2 1099
1101 0 3912 2212 5336 14.9706 59
1102 0 3924 2220 5368 10.6491 1101
1103 2 3920.57 2226.86 5378.29 10.0927 1102
1104 0 3912 2236 5396 3.65685 1103
1105 0 3908 2240 5404 6 1104
1106 0 3892 2240 5416 6 1105
1107 0 3884 2244 5424 9.31371 1106
1108 0 3864 2240 5428 10 1107
1109 0 3852 2240 5436 10 1108
1110 0 3840 2236 5448 6 1109
1111 0 3832 2232 5456 10 1110
1112 2 3828.4 2232 5466.8 10 1111
1113 0 3824 2236 5480 6.94427 1112
1114 0 3812 2236 5496 14 1113
1115 0 3792 2220 5512 6 1114
1116 0 3788 2216 5516 6 1115
1117 0 3788 2220 5524 6 1116
1118 0 3776 2220 5536 6.94427 1117
1119 0 3760 2216 5552 6.94427 1118
1120 0 3744 2216 5564 6.94427 1119
1121 0 3732 2208 5572 10 1120
1122 0 3724 2200 5576 6 1121
1123 0 3712 2184 5588 6.94427 1122
1124 0 3700 2172 5592 6.94427 1123
1125 0 3684 2168 5596 6.94427 1124
1126 0 3664 2164 5604 6.94427 1125
1127 0 3652 2168 5604 12.4222 1126
1128 0 3636 2152 5620 9.31371 1127
1129 0 3636 2140 5636 10 1128
1130 0 3632 2140 5648 6 1129
1131 0 3644 2136 5664 9.31371 1130
1132 0 3648 2132 5672 6 1131
1133 0 3648 2132 5680 6 1132
1134 0 3648 2132 5696 6 1133
1135 0 3640 2136 5712 6 1134
1136 0 3636 2136 5720 6 1135
1137 0 3644 2140 5728 2 1136
1138 0 3648 2140 5728 2 1137
1139 0 3664 2116 5684 3.65685 1133
1140 0 3664 2112 5684 2 1139
1141 0 3664 2104 5684 6 1140
1142 0 3664 2096 5688 6 1141
1143 0 3844 2224 5472 6.94427 1112
1144 0 3852 2224 5480 6.94427 1143
1145 0 3864 2220 5484 10 1144
1146 0 3876 2212 5488 6 1145
1147 0 3940 2240 5384 6.94427 1103
1148 0 3948 2264 5384 6.94427 1147
1149 0 3952 2272 5388 6 1148
1150 0 3888 2184 5336 14.4924 1101
1151 0 3852 2160 5336 21.3238 1150
1152 2 3814.67 2122.67 5357.33 30.4328 1151
1153 2 3804.21 2112.21 5378.18 25.9943 1152
1154 2 3790.78 2095.71 5400.29 16.1545 1153
1155 0 3780 2080 5412 9.31371 1154
1156 0 3772 2072 5420 9.31371 1155
1157 0 3768 2064 5428 6 1156
1158 0 3760 2056 5436 6.94427 1157
1159 0 3752 2048 5448 6.94427 1158
1160 0 3744 2036 5460 6.94427 1159
1161 0 3736 2020 5464 6.94427 1160
1162 0 3732 2008 5472 6.94427 1161
1163 0 3720 1988 5476 6 1162
1164 0 3712 1976 5484 6 1163
1165 0 3704 1968 5488 3.65685 1164
1166 0 3700 1964 5484 2 1165
1167 0 3788 2120 5420 6.94427 1154
1168 0 3788 2136 5436 6 1167
1169 0 3788 2136 5444 6 1168
1170 0 3788 2144 5448 6 1169
1171 0 3840 2108 5388 14 1153
1172 0 3860 2124 5408 9.31371 1171
1173 0 3868 2144 5420 9.31371 1172
1174 0 3880 2164 5424 6.94427 1173
1175 0 3884 2180 5424 6 1174
1176 0 3888 2184 5428 6 1175
1177 0 3888 2200 5432 6 1176
1178 0 3888 2208 5436 6 1177
1179 0 3892 2216 5444 9.31371 1178
1180 0 3904 2228 5460 3.65685 1179
1181 0 3908 2232 5464 3.65685 1180
1182 0 3912 2236 5468 2 1181
1183 0 3780 2136 5348 6.94427 1152
1184 0 3768 2136 5336 6.94427 1183
1185 0 3752 2140 5332 10 1184
1186 0 3732 2132 5328 10 1185
1187 0 3708 2124 5324 6.94427 1186
1188 0 3684 2112 5320 9.31371 1187
1189 0 3672 2112 5316 6 1188
1190 0 3664 2116 5316 2 1189
1191 0 3660 2116 5316 2 1190
1192 0 3880 2184 5288 6.94427 55
1193 0 3888 2180 5280 6 1192
1194 0 3896 2180 5280 6 1193
1195 0 3912 2176 5268 6 1194
1196 0 3928 2168 5264 6.94427 1195
1197 0 3940 2164 5256 6.94427 1196
1198 0 3948 2164 5252 6 1197
1199 0 3956 2156 5244 9.31371 1198
1200 0 3964 2148 5236 6 1199
1201 0 3980 2140 5232 6.94427 1200
1202 0 3988 2136 5232 3.65685 1201
1203 0 3992 2132 5236 2 1202
1204 0 3748 2388 5244 6 46
1205 0 3756 2396 5252 6.94427 1204
1206 0 3768 2412 5264 10 1205
1207 0 3772 2432 5272 6 1206
1208 0 3780 2448 5284 10.6491 1207
1209 0 3788 2456 5292 10 1208
1210 0 3792 2464 5300 3.65685 1209
1211 0 3796 2468 5300 2 1210
