# Generated by NeuTu (https://github.com/janelia-flyem/NeuTu)
1 0 2934 2635 4560 2 -1
2 0 2930 2635 4560 3.65685 1
3 0 2926 2635 4552 6 2
4 0 2930 2647 4536 6 3
5 0 2930 2655 4528 6.94427 4
6 0 2934 2671 4528 6 5
7 0 2934 2683 4528 10 6
8 0 2938 2695 4528 10 7
9 0 2942 2711 4528 6 8
10 0 2946 2719 4528 6 9
11 0 2950 2723 4532 3.65685 10
12 0 2954 2731 4536 6 11
13 0 2958 2735 4540 6 12
14 0 2958 2735 4548 6 13
15 0 2958 2739 4556 3.65685 14
16 0 2962 2743 4560 3.65685 15
17 0 2962 2747 4572 6 16
18 0 2966 2751 4576 6 17
19 0 2966 2751 4584 6 18
20 0 2970 2755 4588 2 19
21 0 2970 2763 4596 6 20
22 0 2978 2771 4600 6 21
23 0 2986 2783 4608 6.94427 22
24 0 2994 2787 4616 9.31371 23
25 0 3006 2787 4620 6 24
26 0 3022 2787 4624 6 25
27 0 3034 2783 4632 6 26
28 0 3058 2771 4648 10 27
29 0 3078 2775 4644 6.94427 28
30 0 3094 2771 4632 6.94427 29
31 0 3102 2763 4624 9.31371 30
32 0 3110 2747 4616 2 31
33 0 3110 2743 4616 2 32
34 0 3110 2739 4616 2 33
35 0 3110 2735 4616 2 34
36 0 3110 2731 4616 2 35
