# Generated by NeuTu (https://github.com/janelia-flyem/NeuTu)
1 0 2988 2513 4684 6 -1
2 0 2972 2517 4672 6 1
3 0 2968 2521 4664 6 2
4 0 2960 2521 4656 9.31371 3
5 0 2964 2541 4644 6.94427 4
6 0 2968 2553 4640 10 5
7 0 2968 2565 4636 6 6
8 0 2972 2581 4632 6 7
9 0 2968 2601 4624 6 8
10 0 2964 2613 4620 9.31371 9
11 0 2960 2621 4612 6 10
12 0 2952 2641 4604 6 11
13 0 2952 2657 4604 6 12
14 0 2948 2665 4596 9.31371 13
15 0 2960 2681 4584 3.65685 14
16 0 2968 2689 4576 6.94427 15
17 0 2972 2693 4568 9.31371 16
18 0 2988 2701 4556 9.31371 17
