# Generated by NeuTu (https://github.com/janelia-flyem/NeuTu)
1 0 2910 2841 4613 2 -1
2 0 2910 2837 4613 2 1
3 0 2910 2833 4613 3.65685 2
4 0 2914 2825 4609 6 3
5 0 2922 2821 4601 6.94427 4
6 0 2942 2825 4601 6.94427 5
7 0 2954 2833 4601 9.31371 6
8 0 2970 2849 4605 3.65685 7
9 0 2978 2857 4605 6 8
10 0 2986 2869 4605 6.94427 9
11 2 2995.66 2878.11 4609 7.27285 10
12 0 3018 2901 4609 14 11
13 0 3026 2913 4609 6.94427 12
14 0 3026 2929 4613 6 13
15 0 3034 2937 4617 6 14
16 0 3038 2949 4617 6 15
17 0 3038 2957 4617 6 16
18 0 3034 2965 4621 9.31371 17
19 0 3034 2981 4621 6.94427 18
20 0 3043.61 2996.21 4634.61 8.36268 19
21 0 3050 3017 4641 6 20
22 0 3050 3025 4641 6 21
23 0 3054 3029 4645 3.65685 22
24 0 3050 3037 4653 6.94427 23
25 0 3034 3053 4669 9.31371 24
26 0 3026 3061 4677 9.31371 25
27 0 3022 3069 4681 6 26
28 0 3022 3085 4681 6 27
29 0 3022 3101 4681 6 28
30 0 3030.24 3117.94 4681.24 9.17409 29
31 0 3034 3133 4685 6.94427 30
32 0 3042 3137 4685 6 31
33 0 3058 3137 4697 6 32
34 0 3070 3125 4705 6.94427 33
35 0 3078 3109 4705 6 34
36 0 3082 3097 4705 9.31371 35
37 0 3094 3093 4697 12.4222 36
38 0 3102 3085 4689 9.31371 37
39 0 3102 3073 4689 6 38
40 0 3106 3065 4681 6 39
41 0 3106 3061 4669 3.65685 40
42 0 3106 3065 4657 6 41
43 0 3114 3073 4657 6.94427 42
44 0 3114 3081 4657 3.65685 43
45 0 3114 3085 4653 2 44
46 0 3114 3089 4653 2 45
47 0 3118 3089 4701 9.31371 38
48 0 3126 3101 4701 6 47
49 0 3130 3109 4705 6 48
50 0 3018 3129 4697 6 31
51 0 3014 3121 4701 3.65685 50
52 0 3010 3117 4701 3.65685 51
53 0 3006 3113 4705 6 52
54 0 3002 3109 4709 3.65685 53
55 0 2998 3105 4709 3.65685 54
56 0 2998 3101 4709 2 55
57 0 3054 3133 4661 9.31371 30
58 0 3070 3149 4657 6 57
59 0 3082 3161 4657 6 58
60 0 3086 3169 4661 3.65685 59
61 0 3086 3173 4661 2 60
62 0 3086 3177 4661 2 61
63 0 3046 2985 4653 6 20
64 0 3054 2981 4661 6 63
65 0 3062 2977 4669 6 64
66 0 3070 2969 4677 6.94427 65
67 0 3078 2961 4681 6 66
68 0 3078 2953 4681 6.94427 67
69 0 3074 2941 4681 2 68
70 0 2978 2893 4589 6 11
71 0 2962 2897 4589 6 70
72 0 2946 2897 4589 6.94427 71
73 0 2930 2897 4589 6 72
74 0 2914 2885 4589 6.94427 73
75 0 2902 2869 4597 9.31371 74
