# Generated by NeuTu (https://github.com/janelia-flyem/NeuTu)
1 0 2641 2675 4755 9.31371 -1
2 0 2653 2683 4755 10.6491 1
3 0 2669 2683 4747 6 2
4 0 2685 2683 4747 6.94427 3
5 0 2697 2683 4747 6 4
6 0 2705 2683 4755 6.94427 5
7 0 2705 2687 4771 6 6
8 0 2701 2691 4775 2 7
9 0 2689 2695 4779 10 8
10 0 2673 2711 4799 9.31371 9
11 0 2661 2715 4803 2 10
12 0 2657 2715 4803 2 11
13 0 2721 2687 4743 6.94427 6
14 0 2729 2687 4735 6.94427 13
15 0 2725 2687 4719 6 14
16 0 2729 2687 4711 6 15
17 0 2721 2691 4703 2 16
18 0 2721 2691 4699 2 17
19 0 2721 2691 4695 2 18
