# Generated by NeuTu (https://github.com/janelia-flyem/NeuTu)
1 0 2871 3116 4759 2 -1
2 0 2871 3112 4759 2 1
3 0 2867 3108 4763 6 2
4 0 2863 3088 4771 6.94427 3
5 0 2859 3076 4783 6 4
6 0 2855 3064 4795 6.94427 5
7 0 2855 3052 4807 6.94427 6
8 0 2851 3040 4811 6 7
9 0 2851 3020 4811 6 8
10 0 2851 3008 4811 9.31371 9
11 0 2859 2996 4819 12.4222 10
12 0 2883 2996 4815 6 11
13 0 2903 3000 4811 6 12
14 0 2911 3004 4811 6.94427 13
15 0 2931 3000 4799 6.94427 14
16 0 2935 2984 4795 6 15
17 0 2939 2968 4799 6 16
18 0 2939 2960 4799 6.94427 17
19 0 2951 2952 4803 6.94427 18
20 0 2967 2948 4799 6 19
21 0 2983 2948 4799 6 20
22 0 2999 2948 4795 6 21
23 0 3015 2948 4795 6 22
24 0 3035 2944 4779 6.94427 23
25 0 3047 2932 4771 6.94427 24
26 0 3055 2928 4763 3.65685 25
27 0 3059 2928 4763 2 26
28 0 3063 2928 4763 2 27
29 0 2843 2976 4819 6.94427 11
30 0 2835 2968 4819 3.65685 29
31 0 2831 2960 4819 6 30
32 0 2827 2956 4815 6 31
33 0 2831 2948 4811 6 32
