# Generated by NeuTu (https://github.com/janelia-flyem/NeuTu)
1 0 4416 3460 1616 6 -1
2 0 4424 3464 1612 6 1
3 0 4432 3472 1612 3.65685 2
4 0 4440 3476 1612 6 3
5 0 4448 3484 1612 3.65685 4
6 0 4456 3492 1608 6.94427 5
7 0 4472 3504 1608 6.94427 6
8 0 4488 3516 1616 9.31371 7
9 0 4488 3524 1624 6.94427 8
10 0 4496 3532 1628 6 9
11 0 4500 3536 1632 3.65685 10
12 0 4500 3540 1632 3.65685 11
13 0 4504 3544 1636 6 12
14 0 4508 3548 1640 6 13
15 0 4512 3552 1644 3.65685 14
16 0 4516 3560 1644 3.65685 15
17 0 4520 3564 1648 2 16
