# Generated by NeuTu (https://github.com/janelia-flyem/NeuTu)
1 0 2854 2439 4990 6 -1
2 0 2850 2435 4978 6.94427 1
3 0 2850 2435 4970 6 2
4 0 2838 2439 4958 6 3
5 0 2830 2447 4958 3.65685 4
6 0 2822 2455 4958 6.94427 5
7 0 2806 2471 4950 9.31371 6
8 0 2790 2491 4954 6.94427 7
9 0 2778 2507 4954 6.94427 8
10 0 2770 2531 4954 9.31371 9
11 0 2762 2539 4958 6.94427 10
12 0 2754 2551 4962 9.31371 11
13 0 2750 2571 4962 6 12
14 0 2750 2587 4966 6 13
15 0 2750 2603 4966 6 14
16 0 2750 2619 4966 6 15
17 0 2750 2635 4966 6 16
18 0 2754 2639 4970 6 17
19 0 2750 2655 4970 6 18
20 0 2750 2663 4970 6 19
21 0 2750 2671 4970 3.65685 20
22 0 2746 2675 4966 3.65685 21
23 0 2746 2679 4966 3.65685 22
24 0 2742 2683 4966 2 23
25 0 2742 2691 4966 6 24
26 0 2750 2711 4962 6.94427 25
27 0 2750 2731 4970 6.94427 26
28 0 2754 2743 4970 6 27
29 0 2742 2755 4970 6 28
30 0 2738 2759 4974 6 29
