# Generated by NeuTu (https://github.com/janelia-flyem/NeuTu)
1 0 2943 3355 4929 6 -1
2 0 2935 3351 4937 9.31371 1
3 0 2923 3347 4941 6 2
4 0 2907 3339 4945 6.94427 3
5 0 2891 3339 4949 6 4
6 0 2883 3335 4957 6 5
7 0 2879 3331 4961 2 6
8 0 2871 3321 4969 10 7
9 0 2875 3295 4965 6.94427 8
10 0 2883 3287 4957 6 9
11 0 2887 3287 4945 6 10
12 0 2899 3291 4929 6 11
13 0 2911 3291 4917 6.94427 12
14 0 2919 3291 4909 6 13
15 0 2923 3291 4901 2 14
16 0 2923 3291 4889 6 15
17 0 2915 3307 4885 6 16
18 0 2911 3311 4881 6 17
19 0 2851 3327 4981 6 8
20 0 2847 3331 4985 6 19
21 0 2843 3335 4989 3.65685 20
22 0 2839 3339 4989 3.65685 21
23 0 2835 3343 4993 6 22
24 0 2835 3359 4997 6 23
25 0 2839 3371 4997 2 24
