# Generated by NeuTu (https://github.com/janelia-flyem/NeuTu)
1 0 2610 3347 4903 2 -1
2 0 2610 3347 4899 2 1
3 0 2614 3343 4895 3.65685 2
4 0 2618 3339 4891 6 3
5 0 2626 3339 4891 6 4
6 0 2630 3343 4887 3.65685 5
7 0 2638 3343 4883 6 6
8 0 2650 3331 4875 6 7
9 0 2654 3327 4871 3.65685 8
10 0 2662 3323 4863 6 9
11 0 2678 3323 4859 6.94427 10
12 0 2686 3327 4855 9.31371 11
13 0 2694 3331 4851 6 12
14 0 2710 3331 4847 6 13
15 0 2718 3335 4843 6 14
16 0 2734 3335 4855 6 15
17 0 2742 3335 4855 6 16
18 0 2750 3331 4859 2 17
19 0 2754 3327 4859 2 18
20 2 2760.67 3320.33 4862.33 8.09476 19
21 0 2762 3319 4863 9.31371 20
22 0 2770 3303 4863 6 21
23 0 2786 3307 4863 6 22
24 0 2794 3311 4863 6 23
25 0 2802 3311 4863 3.65685 24
26 0 2806 3315 4867 3.65685 25
27 0 2818 3315 4867 9.31371 26
28 0 2830 3319 4871 9.31371 27
29 0 2834 3315 4879 6 28
30 0 2830 3303 4895 6 29
31 0 2826 3295 4903 6 30
32 0 2830 3283 4919 6 31
33 0 2834 3279 4927 6.94427 32
34 0 2846 3279 4939 6 33
35 0 2858 3279 4955 6 34
36 0 2862 3295 4959 6.94427 35
37 0 2846 3311 4963 6 36
38 0 2846 3319 4959 3.65685 37
39 0 2850 3323 4959 2 38
40 0 2758 3323 4843 6 21
41 0 2742 3327 4835 6 40
42 0 2766 3331 4863 3.65685 20
43 0 2762 3339 4863 6 42
44 0 2762 3347 4863 6 43
45 0 2770 3355 4863 6 44
46 0 2770 3363 4863 6 45
47 0 2774 3371 4867 9.31371 46
48 0 2778 3379 4863 6.94427 47
