# Generated by NeuTu (https://github.com/janelia-flyem/NeuTu)
1 0 2610 3660 4723 2 -1
2 0 2614 3656 4727 3.65685 1
3 0 2634 3656 4731 9.31371 2
4 0 2646 3656 4735 6 3
5 0 2654 3656 4735 6 4
6 0 2662 3660 4743 6 5
7 0 2674 3652 4759 6 6
8 0 2686 3648 4771 6.94427 7
9 0 2694 3652 4779 6 8
10 0 2702 3656 4779 6 9
11 0 2710 3648 4783 6.94427 10
12 0 2726 3648 4783 6 11
13 0 2742 3656 4783 6.94427 12
14 0 2758 3660 4787 9.31371 13
15 0 2778 3672 4795 6.94427 14
16 0 2786 3680 4795 6.94427 15
17 0 2798 3684 4799 10 16
18 0 2818 3684 4799 6 17
19 0 2826 3684 4799 3.65685 18
20 0 2834 3680 4799 3.65685 19
21 0 2838 3676 4799 2 20
22 0 2846 3676 4799 6 21
23 0 2866 3680 4795 6 22
24 0 2874 3688 4787 6.94427 23
25 0 2890 3700 4783 6 24
26 0 2898 3700 4783 6 25
27 0 2902 3704 4779 6 26
28 0 2910 3704 4787 6 27
29 0 2926 3700 4791 6.94427 28
30 0 2942 3688 4787 6.94427 29
31 0 2942 3672 4787 6 30
32 0 2950 3652 4787 6.94427 31
33 0 2954 3632 4787 6 32
34 0 2954 3624 4787 6 33
35 0 2950 3616 4779 6 34
36 0 2946 3608 4771 3.65685 35
37 0 2946 3604 4767 3.65685 36
38 0 2942 3600 4763 2 37
