# Generated by NeuTu (https://github.com/janelia-flyem/NeuTu)
1 0 3170 3743 4729 2 -1
2 0 3174 3743 4729 2 1
3 0 3178 3743 4725 3.65685 2
4 0 3182 3747 4721 6 3
5 0 3186 3751 4717 6 4
6 0 3190 3755 4713 3.65685 5
7 0 3194 3759 4709 3.65685 6
8 2 3198 3769.77 4694.84 8.80568 7
9 0 3198 3779 4685 6.94427 8
10 2 3190.1 3802.69 4685 6.02423 9
11 0 3186 3807 4689 6 10
12 0 3186 3823 4705 6.94427 11
13 0 3178 3831 4721 9.31371 12
14 0 3170 3839 4729 9.31371 13
15 0 3162 3851 4729 6.94427 14
16 0 3154 3879 4733 9.31371 15
17 0 3138 3895 4737 9.31371 16
18 0 3122 3911 4741 6.94427 17
19 0 3110 3923 4749 6 18
20 0 3106 3927 4753 2 19
21 0 3102 3927 4757 2 20
22 0 3190 3803 4665 3.65685 10
23 0 3194 3807 4657 6 22
24 0 3194 3815 4645 6 23
25 0 3194 3823 4637 6 24
26 0 3214 3767 4697 6.94427 8
27 0 3226 3759 4705 6.94427 26
28 0 3234 3755 4709 9.31371 27
