# Generated by NeuTu (https://github.com/janelia-flyem/NeuTu)
1 0 2980 3698 4771 2 -1
2 0 2984 3702 4771 3.65685 1
3 0 2992 3706 4775 6 2
4 0 2996 3702 4779 6 3
5 0 3004 3702 4783 2 4
6 0 3012 3702 4787 6 5
7 0 3020 3698 4791 6 6
8 0 3028 3690 4795 9.31371 7
9 0 3028 3678 4799 10 8
10 0 3032 3670 4807 6 9
11 0 3040 3666 4811 3.65685 10
12 0 3044 3658 4815 6 11
13 0 3052 3650 4819 6.94427 12
14 0 3060 3642 4819 3.65685 13
15 0 3072.67 3625.33 4819.33 9.74536 14
16 0 3080 3618 4823 6.94427 15
17 0 3080 3610 4823 3.65685 16
18 0 3080 3602 4831 6 17
19 0 3084 3594 4839 6 18
20 0 3092 3582 4847 6 19
21 0 3092 3562 4855 6.94427 20
22 0 3088 3542 4863 6.94427 21
23 0 3076 3534 4875 9.31371 22
24 0 3068 3530 4883 6 23
25 0 3084 3626 4803 6 15
26 0 3096 3626 4795 6.94427 25
27 0 3104 3630 4787 3.65685 26
28 0 3108 3626 4783 2 27
