# Generated by NeuTu (https://github.com/janelia-flyem/NeuTu)
1 0 2662 3891 4847 6 -1
2 0 2666 3887 4851 6 1
3 0 2666 3875 4851 6 2
4 0 2674 3863 4855 9.31371 3
5 0 2682 3847 4863 6.94427 4
6 0 2686 3839 4863 6 5
7 0 2694 3831 4867 9.31371 6
8 0 2694 3819 4863 6 7
9 0 2694 3803 4863 6 8
10 0 2690 3787 4863 6 9
11 0 2690 3779 4871 6 10
12 0 2686 3759 4871 6 11
13 0 2678 3743 4875 6.94427 12
14 0 2674 3727 4879 6 13
15 0 2666 3715 4887 6 14
16 0 2662 3703 4899 6 15
17 0 2662 3695 4907 3.65685 16
18 0 2662 3695 4915 6 17
19 0 2658 3691 4931 6 18
20 0 2654 3683 4943 6.94427 19
21 0 2646 3675 4959 6.94427 20
22 0 2638 3667 4967 6.94427 21
23 0 2630 3659 4971 3.65685 22
24 0 2622 3651 4971 6 23
25 0 2614 3651 4967 6 24
26 0 2610 3647 4963 2 25
27 0 2610 3643 4963 2 26
