# Generated by NeuTu (https://github.com/janelia-flyem/NeuTu)
1 0 4530 2664 5346 2 -1
2 0 4526 2668 5346 3.65685 1
3 0 4514 2692 5334 18 2
4 0 4486 2712 5318 33.7771 3
5 0 4414 2716 5290 38 4
6 0 4338 2728 5246 35.9473 5
7 0 4282 2768 5226 26.2843 6
8 0 4214 2792 5194 26.2843 7
9 0 4154 2788 5174 24.8328 8
10 0 4090 2784 5162 23.2982 9
11 0 4030 2792 5150 26.2843 10
12 0 3994 2800 5142 26 11
13 0 3906 2832 5090 54.8507 12
14 0 3846 2908 5070 26.2843 13
15 0 3818 2944 5066 26.8444 14
16 0 3798 2964 5058 19.5407 15
17 0 3774 2976 5042 30.9848 16
18 0 3710 2996 5042 30.9848 17
19 2 3641.47 3066.67 5029.73 42.9743 18
20 2 3613.76 3091.18 5010.82 41.8111 19
21 0 3526 3220 4994 30.9848 20
22 2 3472.8 3289.2 4986.9 32.6017 21
23 0 3442 3328 4982 23.6125 22
24 0 3394 3408 4982 26.8444 23
25 0 3358 3468 4974 26.8444 24
26 0 3310 3548 4962 30.249 25
27 0 3262 3600 4954 27.1204 26
28 0 3238 3620 4966 26 27
29 0 3238 3660 4962 27.1204 28
30 0 3214 3748 4938 51.8145 29
31 0 3146 3800 4906 29.241 30
32 0 3094 3864 4902 23.2982 31
33 0 3086 3888 4894 24.8328 32
34 0 3050 3916 4894 6.94427 33
35 0 3042 3920 4894 3.65685 34
36 0 3038 3924 4890 2 35
37 0 3478 3252 4954 12.4222 22
38 0 3466 3252 4934 9.31371 37
39 0 3454 3232 4910 12.4222 38
40 0 3450 3208 4898 12.4222 39
41 0 3450 3196 4890 14 40
42 0 3450 3184 4882 9.31371 41
43 0 3450 3160 4878 10 42
44 0 3434 3124 4874 14.4924 43
45 0 3406 3104 4878 14.4924 44
46 0 3394 3084 4874 9.31371 45
47 0 3382 3068 4870 10 46
48 0 3378 3056 4878 12.4222 47
49 0 3366 3044 4882 10.6491 48
50 0 3362 3020 4886 10 49
51 0 3350 2988 4886 9.31371 50
52 0 3334 2968 4882 9.31371 51
53 0 3326 2960 4878 6.94427 52
54 0 3314 2940 4874 10.6491 53
55 0 3306 2924 4874 10.6491 54
56 0 3294 2896 4874 18 55
57 0 3262 2812 4874 54 56
58 0 3206 2728 4882 23.6125 57
59 0 3194 2708 4890 14 58
60 0 3670 3136 5018 6.94427 20
61 0 3674 3144 5018 3.65685 60
62 0 3670 3148 5022 2 61
63 0 3626 3020 5034 9.31371 19
64 0 3610 3004 5046 6.94427 63
65 0 3610 3004 5054 6.94427 64
66 0 3602 2996 5062 6 65
