# Generated by NeuTu (https://github.com/janelia-flyem/NeuTu)
1 0 3379 1940 4946 9.31371 -1
2 0 3363 1952 4950 6 1
3 0 3351 1960 4962 6 2
4 0 3347 1968 4978 6 3
5 0 3355 1976 4986 6 4
6 0 3355 1980 5002 6 5
7 0 3359 1992 5010 6 6
8 0 3363 2004 5018 6 7
9 0 3363 2020 5022 6 8
10 0 3371 2036 5026 6 9
11 0 3375 2044 5026 6 10
12 0 3367 2056 5030 6.94427 11
13 0 3367 2076 5030 6 12
14 0 3375 2084 5034 6 13
15 0 3383 2092 5038 6 14
16 0 3391 2108 5038 6.94427 15
17 0 3399 2116 5042 6 16
18 0 3403 2124 5038 2 17
19 0 3403 2128 5038 2 18
20 0 3403 2132 5038 2 19
