# Generated by NeuTu (https://github.com/janelia-flyem/NeuTu)
1 0 3499 2131 4508 2 -1
2 0 3495 2135 4508 3.65685 1
3 0 3495 2139 4508 3.65685 2
4 0 3499 2143 4512 3.65685 3
5 0 3507 2151 4520 6.94427 4
6 0 3519 2151 4536 6 5
7 0 3523 2147 4540 3.65685 6
8 0 3527 2147 4548 3.65685 7
9 0 3535 2143 4556 6 8
10 0 3539 2139 4564 6 9
11 0 3543 2135 4572 3.65685 10
12 0 3547 2131 4576 3.65685 11
13 0 3551 2131 4580 3.65685 12
14 0 3555 2127 4584 6 13
15 0 3555 2127 4596 6 14
16 0 3555 2127 4608 6 15
17 0 3555 2127 4620 6 16
