# Generated by NeuTu (https://github.com/janelia-flyem/NeuTu)
1 0 3456 1935 4744 9.31371 -1
2 0 3460 1947 4744 6.94427 1
3 0 3464 1959 4744 10 2
4 0 3468 1979 4740 10 3
5 0 3464 2003 4724 6 4
6 0 3456 2011 4716 6 5
7 0 3452 2019 4704 6 6
8 0 3444 2019 4700 3.65685 7
9 0 3440 2019 4696 3.65685 8
10 0 3436 2019 4688 6 9
11 0 3424 2023 4672 6 10
12 0 3416 2023 4664 3.65685 11
13 0 3408 2019 4656 6 12
14 0 3400 2023 4640 6 13
15 0 3392 2011 4624 9.31371 14
16 0 3380 1999 4612 6.94427 15
17 0 3364 1995 4600 6 16
18 0 3356 1995 4596 6.94427 17
19 0 3356 1987 4588 2 18
20 0 3356 1979 4580 6 19
21 0 3352 1967 4568 6 20
22 0 3344 1963 4560 9.31371 21
23 0 3400 2027 4616 6 15
24 0 3404 2039 4604 6 23
25 0 3412 2047 4596 2 24
