# Generated by NeuTu (https://github.com/janelia-flyem/NeuTu)
1 0 3608 2011 4578 2 -1
2 0 3604 2007 4582 3.65685 1
3 0 3604 1999 4590 6 2
4 0 3596 1987 4614 9.31371 3
5 0 3580 1971 4630 10.6491 4
6 0 3572 1971 4638 6 5
7 0 3564 1971 4646 6 6
8 0 3564 1971 4654 6 7
9 0 3556 1967 4662 6 8
10 0 3548 1967 4670 6 9
11 0 3548 1967 4682 6 10
12 0 3536 1967 4694 6.94427 11
13 0 3528 1963 4702 9.31371 12
14 0 3524 1955 4706 6 13
15 0 3524 1947 4706 2 14
16 0 3524 1943 4706 2 15
17 0 3524 1939 4706 3.65685 16
18 0 3520 1935 4706 2 17
19 0 3520 1931 4706 3.65685 18
20 0 3516 1927 4706 2 19
21 0 3532 1951 4654 9.31371 10
22 0 3524 1943 4650 6 21
23 0 3516 1939 4654 6 22
24 0 3508 1931 4658 3.65685 23
25 0 3504 1927 4662 2 24
26 0 3580 1951 4626 3.65685 5
27 0 3584 1947 4622 6 26
28 0 3588 1939 4614 6 27
29 0 3580 1931 4606 6 28
30 0 3572 1931 4598 6 29
31 0 3564 1927 4594 2 30
32 0 3560 1927 4594 2 31
