#Generated by NeuTu (https://github.com/janelia-flyem/NeuTu)
#<json>{"ds_intv": [3, 3, 3], "min_length": 40.0}</json>
1 0 2476 2642 5059 2 -1
2 0 2480 2638 5063 3.65685 1
3 0 2488 2630 5063 6.94427 2
4 0 2500 2614 5067 6.94427 3
5 0 2508 2606 5067 3.65685 4
6 0 2512 2598 5067 6 5
7 0 2516 2594 5063 3.65685 6
8 0 2516 2586 5059 6 7
9 0 2516 2578 5051 6 8
10 0 2516 2562 5051 6 9
11 0 2508 2542 5051 6 10
12 0 2500 2522 5051 6.94427 11
13 0 2492 2506 5051 6.94427 12
14 0 2480 2490 5051 6 13
15 0 2476 2482 5051 6 14
16 0 2472 2474 5055 9.31371 15
17 0 2468 2462 5063 9.31371 16
18 0 2472 2454 5071 6 17
19 0 2476 2446 5075 6 18
20 2 2485.78 2431.11 5084.78 10.6491 19
21 0 2500 2426 5091 6.94427 20
22 0 2516 2418 5091 9.31371 21
23 0 2544 2418 5099 10 22
24 0 2568 2418 5095 10 23
25 0 2592 2426 5087 12.4222 24
26 0 2616 2446 5087 9.31371 25
27 0 2636 2462 5079 10 26
28 0 2656 2470 5083 10.6491 27
29 0 2680 2494 5087 15.8885 28
30 0 2712 2530 5099 23.2982 29
31 0 2760 2534 5107 14 30
32 0 2788 2522 5119 14 31
33 0 2820 2522 5131 9.31371 32
34 0 2852 2522 5151 18 33
35 0 2900 2522 5139 10 34
36 0 2924 2530 5135 12.4222 35
37 0 2948 2538 5139 10.6491 36
38 0 2976 2542 5143 10 37
39 2 2987.45 2545.82 5146.82 10.6196 38
40 0 3008 2550 5151 6 39
41 0 3020 2550 5151 10 40
42 0 3044 2550 5151 10 41
43 0 3068 2550 5155 10 42
44 0 3092 2550 5167 10 43
45 0 3104 2550 5171 10 44
46 0 3116 2550 5175 6 45
47 0 3148 2554 5175 10 46
48 0 3172 2554 5175 10 47
49 0 3188 2554 5175 14 48
50 0 3204 2546 5179 9.31371 49
51 2 3231.43 2544.86 5168.71 7.62125 50
52 0 3240 2542 5163 9.31371 51
53 0 3256 2534 5155 18 52
54 0 3308 2514 5159 14.4924 53
55 0 3332 2498 5155 18 54
56 0 3360 2470 5155 12.4222 55
57 0 3384 2446 5151 10.6491 56
58 2 3394.6 2426.2 5147 10.2272 57
59 0 3400 2410 5147 10 58
60 0 3408 2398 5147 14 59
61 0 3412 2382 5147 10.6491 60
62 0 3420 2362 5151 14 61
63 0 3436 2338 5159 9.31371 62
64 0 3448 2310 5171 12.4222 63
65 0 3460 2282 5187 18 64
66 0 3484 2250 5195 9.31371 65
67 0 3492 2234 5211 9.31371 66
68 0 3511.11 2197.11 5211.44 22.9889 67
69 0 3536 2190 5215 18 68
70 2 3577.26 2196.21 5208.79 20.5109 69
71 0 3616 2198 5207 21.3238 70
72 0 3640 2202 5207 14 71
73 0 3676 2206 5207 15.8885 72
74 0 3704 2222 5207 15.8885 73
75 0 3720 2222 5207 14 74
76 0 3756 2222 5211 21.3238 75
77 0 3807.41 2226.3 5234.41 21.2803 76
78 0 3868 2166 5263 32.176 77
79 0 3892 2138 5263 28.4631 78
80 0 3920 2130 5251 10 79
81 0 3936 2122 5235 12.4222 80
82 0 3956 2110 5215 9.31371 81
83 0 3972 2094 5207 9.31371 82
84 0 3992 2082 5191 10.6491 83
85 0 3996 2070 5179 14 84
86 0 4004 2062 5151 10.6491 85
87 0 4008 2046 5127 10 86
88 2 4014 2034 5099 14.4721 87
89 0 4032 2022 5075 12.4222 88
90 0 4044 2006 5051 14.9706 89
91 0 4072 1994 5031 14 90
92 0 4096 1994 5011 10 91
93 0 4120 2002 4999 10 92
94 0 4140 1998 4983 10 93
95 2 4165.16 1994.95 4961.84 15.8885 94
96 0 4184 1978 4947 9.31371 95
97 0 4192 1966 4923 10 96
98 0 4196 1954 4903 9.31371 97
99 0 4208 1954 4883 9.31371 98
100 0 4224 1954 4859 14 99
101 0 4240 1954 4835 14.4924 100
102 0 4248 1934 4807 10.6491 101
103 0 4256 1918 4791 10 102
104 0 4264 1906 4771 10 103
105 0 4268 1906 4747 10 104
106 0 4268 1898 4723 10 105
107 0 4268 1898 4707 14.4924 106
108 0 4264 1886 4667 12.4222 107
109 0 4264 1890 4635 10 108
110 0 4272 1886 4603 10 109
111 0 4280 1878 4575 14 110
112 0 4284 1874 4559 15.8885 111
113 0 4304 1866 4531 9.31371 112
114 0 4320 1862 4511 9.31371 113
115 0 4336 1838 4495 12.4222 114
116 0 4348 1814 4471 15.8885 115
117 0 4348 1790 4443 10.6491 116
118 0 4364 1778 4427 10.6491 117
119 0 4376 1770 4411 10.6491 118
120 0 4396 1758 4391 14.4924 119
121 0 4416 1758 4355 15.8885 120
122 0 4436 1770 4331 12.4222 121
123 0 4448 1770 4307 12.4222 122
124 0 4460 1770 4283 10.6491 123
125 0 4464 1774 4247 12.4222 124
126 0 4484 1766 4211 14.4924 125
127 0 4512 1754 4175 14 126
128 0 4528 1758 4151 10.6491 127
129 0 4536 1762 4119 9.31371 128
130 0 4536 1766 4095 10 129
131 0 4540 1770 4071 10 130
132 0 4544 1774 4035 12.4222 131
133 0 4548 1766 3999 10.6491 132
134 0 4552 1766 3975 10.6491 133
135 0 4560 1754 3943 15.8885 134
136 0 4572 1742 3915 12.4222 135
137 0 4580 1742 3895 10 136
138 0 4584 1742 3883 12.4222 137
139 0 4588 1742 3871 10 138
140 0 4592 1742 3851 14 139
141 0 4604 1742 3819 10.6491 140
142 0 4616 1746 3791 10 141
143 0 4616 1746 3763 10 142
144 0 4616 1742 3723 9.31371 143
145 0 4616 1742 3699 10 144
146 0 4612 1742 3687 12.4222 145
147 0 4604 1746 3663 10 146
148 0 4588 1762 3635 10 147
149 0 4588 1770 3615 10.6491 148
150 0 4588 1770 3587 12.4222 149
151 0 4580 1774 3547 14.9706 150
152 0 4584 1778 3511 14 151
153 0 4588 1790 3475 10.6491 152
154 0 4592 1798 3463 9.31371 153
155 0 4592 1798 3427 12.4222 154
156 0 4588 1822 3383 6.94427 155
157 0 4592 1830 3367 10 156
158 0 4596 1846 3343 6.94427 157
159 0 4600 1850 3331 6 158
160 0 4604 1854 3315 6 159
161 0 4608 1854 3295 6 160
162 0 4608 1858 3279 6 161
163 0 4608 1858 3271 6 162
164 0 4620 1870 3243 18 163
165 0 4640 1866 3199 15.8885 164
166 0 4660 1866 3167 14 165
167 0 4680 1854 3139 14.9706 166
168 0 4688 1846 3119 18 167
169 0 4696 1842 3087 9.31371 168
170 0 4700 1842 3059 6.94427 169
171 0 4704 1846 3039 9.31371 170
172 0 4708 1854 3015 10 171
173 0 4708 1858 2991 10 172
174 0 4712 1858 2967 10 173
175 0 4724 1854 2939 10.6491 174
176 0 4728 1846 2923 14 175
177 0 4740 1834 2895 10 176
178 0 4756 1830 2867 12.4222 177
179 0 4768 1830 2843 9.31371 178
180 0 4780 1834 2819 18 179
181 0 4804 1826 2783 10 180
182 0 4816 1826 2743 14 181
183 0 4824 1822 2711 14 182
184 0 4832 1822 2683 12.4222 183
185 0 4840 1814 2643 15.8885 184
186 0 4852 1818 2631 10.6491 185
187 0 4868 1826 2611 14 186
188 0 4892 1838 2575 12.4222 187
189 0 4904 1846 2547 12.4222 188
190 0 4916 1846 2527 18 189
191 0 4932 1854 2483 14 190
192 0 4944 1854 2447 12.4222 191
193 0 4952 1850 2407 10 192
194 0 4956 1850 2383 9.31371 193
195 0 4964 1850 2355 14 194
196 0 4976 1858 2323 12.4222 195
197 0 4988 1858 2295 14.4924 196
198 0 4996 1854 2263 12.4222 197
199 0 5000 1850 2235 9.31371 198
200 0 5004 1846 2199 12.4222 199
201 0 5008 1842 2175 10 200
202 0 5008 1838 2151 9.31371 201
203 0 5008 1838 2127 9.31371 202
204 0 5008 1838 2115 9.31371 203
205 0 5008 1838 2103 6 204
206 0 5008 1838 2087 6 205
207 0 5008 1842 2063 6.94427 206
208 0 5004 1842 2043 9.31371 207
209 0 5000 1854 2015 9.31371 208
210 0 5000 1858 1991 9.31371 209
211 0 5000 1862 1975 12.4222 210
212 0 5004 1866 1943 9.31371 211
213 0 5008 1870 1923 9.31371 212
214 0 5004 1862 1899 10.6491 213
215 0 5004 1862 1867 14 214
216 0 4992 1858 1831 10 215
217 0 5000 1854 1807 14 216
218 0 5000 1858 1775 14 217
219 0 4992 1870 1747 12.4222 218
220 0 4972 1898 1719 14.9706 219
221 0 4956 1922 1695 15.8885 220
222 0 4928 1938 1667 10 221
223 0 4896 1942 1651 18 222
224 0 4844 1934 1631 14.4924 223
225 0 4812 1930 1611 10 224
226 0 4784 1930 1611 12.4222 225
227 0 4764 1938 1603 14 226
228 0 4740 1930 1583 10.6491 227
229 0 4728 1914 1559 12.4222 228
230 0 4736 1898 1543 22.3311 229
231 0 4772 1902 1515 15.8885 230
232 0 4804 1910 1507 14 231
233 0 4836 1914 1503 10 232
234 0 4860 1922 1499 10 233
235 0 4896 1942 1483 10.6491 234
236 0 4920 1950 1479 12.4222 235
237 0 4944 1954 1471 10.6491 236
238 0 4968 1954 1459 10 237
239 0 4992 1954 1443 10 238
240 0 5012 1958 1435 10 239
241 0 5036 1958 1431 10 240
242 0 5052 1962 1423 14 241
243 0 5068 1958 1419 10 242
244 0 5084 1958 1415 14 243
245 0 5104 1966 1399 9.31371 244
246 0 5120 1970 1387 10 245
247 0 5140 1978 1371 14 246
248 0 5164 1982 1347 14.4924 247
249 0 5176 1986 1315 10 248
250 0 5188 1990 1291 14.4924 249
251 0 5204 1982 1255 14 250
252 0 5228 1966 1231 10 251
253 0 5232 1958 1219 12.4222 252
254 0 5240 1946 1207 9.31371 253
255 0 5252 1918 1191 10.6491 254
256 0 5264 1890 1171 10 255
257 0 5268 1878 1167 12.4222 256
258 0 5276 1846 1159 10 257
259 0 5284 1806 1147 14 258
260 0 5292 1778 1127 10 259
261 0 4172 2018 4967 6.94427 95
262 0 4188 2026 4967 6 261
263 0 4206 2034 4965 6.7082 262
264 0 4216 2038 4951 6 263
265 0 4220 2042 4947 3.65685 264
266 0 4224 2046 4943 6 265
267 0 4224 2050 4927 6 266
268 0 4232 2054 4919 6 267
269 0 4248 2054 4903 6 268
270 0 4264 2054 4891 6.94427 269
271 0 4276 2050 4879 6.94427 270
272 0 4284 2058 4875 3.65685 271
273 0 4288 2058 4875 2 272
274 0 4224 2046 4971 3.65685 263
275 0 4228 2050 4971 3.65685 274
276 0 4236 2058 4971 6 275
277 0 3992 2014 5103 10 88
278 0 3984 1998 5103 6 277
279 0 3984 1990 5103 6 278
280 0 3984 1962 5115 12.4222 279
281 0 3984 1942 5135 9.31371 280
282 0 3984 1938 5147 2 281
283 0 3984 1938 5151 2 282
284 2 3893.37 2093.86 5296.9 24.382 79
285 2 3927.7 2062.91 5310.39 27.1887 284
286 0 3996 2022 5307 18 285
287 2 4008.22 2019.56 5309.44 16.7097 286
288 0 4064 1994 5319 12.4222 287
289 0 4088 1978 5327 12.4222 288
290 0 4104 1966 5335 14.9706 289
291 0 4120 1946 5347 12.4222 290
292 2 4135.56 1915.11 5377.89 24.2583 291
293 0 4105.82 1914.12 5409.18 15.9394 292
294 0 4080 1926 5451 14 293
295 0 4052 1930 5491 23.2982 294
296 0 4016 1942 5523 18 295
297 0 3964 1954 5547 18 296
298 0 3932 1942 5567 18 297
299 0 3900 1910 5579 14.4924 298
300 0 3884 1878 5599 14 299
301 0 3892 1858 5623 12.4222 300
302 0 3900 1862 5655 10.6491 301
303 0 3896 1858 5687 15.8885 302
304 0 3880 1858 5727 18 303
305 0 3856 1854 5759 14.9706 304
306 0 3832 1834 5787 21.3238 305
307 0 3820 1814 5835 15.8885 306
308 0 3812 1802 5879 12.4222 307
309 0 3804 1794 5923 10.6491 308
310 0 3800 1790 5947 10 309
311 0 3792 1790 5967 9.31371 310
312 0 3780 1786 5987 3.65685 311
313 0 3776 1782 5991 2 312
314 0 3772 1782 5991 2 313
315 0 4072 1898 5403 9.31371 293
316 0 4060 1890 5395 10 315
317 0 4036 1890 5391 10 316
318 0 4028 1898 5383 2 317
319 0 4028 1898 5379 2 318
320 0 4028 1898 5375 2 319
321 0 4164 1902 5359 15.8885 292
322 0 4204 1894 5351 18 321
323 0 4236 1890 5339 10 322
324 0 4268 1890 5339 14 323
325 0 4316.33 1906.67 5339.33 26.0652 324
326 0 4328 1930 5351 18.3961 325
327 0 4332 1982 5355 22 326
328 0 4352 2038 5375 34.8782 327
329 0 4336 2070 5371 20.6274 328
330 0 4324 2090 5351 3.65685 329
331 0 4324 2094 5347 3.65685 330
332 0 4324 2098 5343 2 331
333 0 4324 2098 5339 2 332
334 0 4324 2102 5331 6 333
335 0 4320 2106 5319 6.94427 334
336 0 4300 2110 5299 6.94427 335
337 0 4292 2114 5295 6 336
338 0 4272 2110 5283 10 337
339 2 4261.17 2099.17 5279 8.75523 338
340 0 4244 2082 5279 6.94427 339
341 0 4224 2066 5287 6 340
342 0 4208 2066 5299 6 341
343 0 4204 2062 5303 6 342
344 0 4196 2054 5307 10 343
345 0 4208 2034 5303 6.94427 344
346 0 4216 2018 5307 6 345
347 0 4220 2002 5307 6 346
348 0 4224 1998 5303 3.65685 347
349 0 4232 1978 5291 9.31371 348
350 0 4224 1962 5283 6.94427 349
351 0 4220 1954 5275 6.94427 350
352 0 4232 1942 5259 6 351
353 0 4248 1918 5251 9.31371 352
354 0 4264 1902 5255 10.6491 353
355 0 4268 1886 5255 2 354
356 0 4176 2062 5311 6 344
357 0 4172 2066 5315 6 356
358 0 4176 2078 5331 6 357
359 0 4180 2082 5335 3.65685 358
360 0 4180 2086 5335 3.65685 359
361 0 4184 2090 5339 6 360
362 0 4192 2094 5351 6 361
363 0 4204 2094 5363 6.94427 362
364 0 4220 2110 5363 6.94427 363
365 0 4228 2114 5367 2 364
366 0 4232 2114 5371 2 365
367 0 4248 2110 5255 9.31371 339
368 0 4240 2118 5247 3.65685 367
369 0 4236 2118 5243 3.65685 368
370 0 4232 2122 5235 6 369
371 0 4232 2130 5227 6.94427 370
372 0 4224 2138 5223 6 371
373 0 4220 2142 5219 3.65685 372
374 0 4216 2146 5219 3.65685 373
375 0 4212 2154 5211 6.94427 374
376 0 4208 2162 5207 9.31371 375
377 0 4184 2174 5195 6 376
378 0 4176 2178 5187 10 377
379 0 4152 2186 5183 6.94427 378
380 2 4324.61 2088.98 5389.98 12.8394 329
381 0 4324 2102 5403 6.94427 380
382 0 4328 2106 5411 6 381
383 0 4324 2118 5419 6 382
384 0 4324 2126 5435 6 383
385 0 4336 2126 5451 6 384
386 0 4336 2126 5463 9.31371 385
387 0 4344 2126 5475 6 386
388 0 4348 2126 5483 6 387
389 0 4352 2118 5491 6 388
390 0 4356 2110 5499 2 389
391 0 4356 2106 5499 2 390
392 0 4296 2082 5391 6 380
393 0 4280 2078 5387 6 392
394 0 4272 2074 5387 6 393
395 0 4396 2038 5387 18 328
396 0 4444 2042 5391 22.3311 395
397 0 4496 2066 5387 23.2982 396
398 0 4516 2094 5359 14 397
399 0 4520 2122 5351 9.31371 398
400 0 4524 2134 5351 6 399
401 0 4524 2146 5351 6 400
402 0 4524 2162 5351 6 401
403 0 4520 2178 5351 6 402
404 0 4516 2190 5359 10 403
405 0 4516 2202 5359 6 404
406 0 4516 2218 5359 6 405
407 0 4524 2226 5367 6 406
408 0 4524 2234 5375 3.65685 407
409 0 4528 2238 5375 2 408
410 0 4456 2014 5407 10 396
411 0 4456 2002 5407 10 410
412 0 4468 1986 5419 6 411
413 0 4480 1970 5419 9.31371 412
414 0 4484 1962 5423 6 413
415 0 4488 1942 5427 6.94427 414
416 0 4488 1934 5427 6 415
417 0 4492 1930 5431 6 416
418 0 4492 1914 5435 9.31371 417
419 0 4488 1894 5431 6.94427 418
420 0 4488 1886 5423 6 419
421 0 4480 1878 5415 2 420
422 0 4480 1878 5411 2 421
423 0 4344 1882 5339 6 325
424 0 4352 1878 5339 2 423
425 0 4356 1878 5339 2 424
426 0 4360 1878 5339 2 425
427 0 4364 1878 5339 2 426
428 0 4368 1878 5339 2 427
429 0 4372 1878 5339 2 428
430 0 4376 1878 5343 2 429
431 0 4008 2038 5279 9.31371 287
432 0 4008 2054 5267 6 431
433 0 4008 2070 5255 6 432
434 0 4016 2090 5251 6.94427 433
435 0 4016 2098 5251 6 434
436 0 4020 2110 5247 9.31371 435
437 0 4024 2118 5243 6 436
438 0 3980 2014 5283 6 286
439 0 3976 2010 5279 6 438
440 0 3972 2010 5267 6 439
441 0 3960 1994 5255 6.94427 440
442 0 3948 1994 5247 6.94427 441
443 0 3932 1998 5243 6.94427 442
444 0 3924 1998 5235 10 443
445 0 3912 1998 5235 6 444
446 0 3900 1998 5235 9.31371 445
447 0 3884 1982 5239 9.31371 446
448 0 3872 1966 5247 6.94427 447
449 0 3868 1958 5251 6.94427 448
450 0 3852 1954 5247 6.94427 449
451 0 3836 1946 5247 6.94427 450
452 0 3816 1930 5251 9.31371 451
453 0 3804 1914 5243 6 452
454 0 3800 1902 5247 6 453
455 0 3800 1886 5247 6.94427 454
456 0 3808 1882 5251 6 455
457 0 3896 2042 5315 12.4222 285
458 0 3896 2026 5319 6 457
459 0 3896 2014 5323 10.6491 458
460 0 3888 2006 5331 6 459
461 0 3860 2082 5283 9.31371 284
462 0 3852 2082 5275 9.31371 461
463 0 3808 2262 5239 14 77
464 0 3804 2328.75 5233.11 26 463
465 2 3794.21 2388.47 5247.68 21.8694 464
466 0 3792.55 2459.38 5279 18.0929 465
467 0 3808 2506 5279 9.31371 466
468 0 3824 2534 5279 14.4924 467
469 2 3846 2556 5265 15.7355 468
470 0 3856 2583 5242 18 469
471 2 3848.53 2650.83 5193.11 26.1153 470
472 0 3848 2654 5191 26.8444 471
473 0 3812 2682 5167 14.4924 472
474 0 3804 2694 5159 12.4222 473
475 2 3773.46 2719.24 5147 21.8111 474
476 2 3728.03 2751.18 5147 45.1976 475
477 0 3676 2774 5151 34.8782 476
478 0 3620 2782 5151 10 477
479 0 3596 2790 5151 12.4222 478
480 0 3580 2822 5151 6.94427 479
481 0 3572 2838 5151 9.31371 480
482 0 3564 2850 5151 6.94427 481
483 2 3554.67 2867.33 5156.33 9.54247 482
484 0 3544 2882 5163 6.94427 483
485 0 3532 2902 5163 6.94427 484
486 0 3513.12 2924.16 5147 13.9523 485
487 0 3500 2934 5147 9.31371 486
488 0 3488 2942 5155 9.31371 487
489 0 3480 2946 5159 6 488
490 0 3464 2950 5163 10 489
491 0 3452 2950 5159 6 490
492 0 3444 2950 5155 6 491
493 0 3432 2950 5151 10 492
494 0 3404 2954 5147 10 493
495 0 3392 2954 5139 6 494
496 0 3355.56 2953.56 5122.56 10.6953 495
497 0 3344 2930 5115 9.31371 496
498 0 3336 2910 5111 6 497
499 0 3336 2894 5111 6 498
500 0 3336 2878 5107 6 499
501 0 3344 2866 5095 6.94427 500
502 0 3356 2854 5083 6.94427 501
503 0 3360 2858 5063 6 502
504 0 3352 2862 5055 10 503
505 0 3336 2854 5043 6 504
506 0 3320 2838 5035 9.31371 505
507 0 3300 2842 5031 6 506
508 0 3284 2842 5019 6 507
509 0 3280 2838 5007 6.94427 508
510 0 3280 2830 4999 6 509
511 0 3276 2826 4995 3.65685 510
512 0 3272 2818 4987 6.94427 511
513 0 3264 2814 4979 10 512
514 0 3256 2814 4971 6.94427 513
515 0 3248 2810 4971 6.94427 514
516 0 3240 2810 4963 9.31371 515
517 0 3232 2826 4947 9.31371 516
518 0 3228 2838 4947 6 517
519 0 3228 2854 4963 6 518
520 0 3220 2858 4975 6 519
521 0 3224 2862 4999 9.31371 520
522 0 3228 2854 5007 6 521
523 0 3228 2838 5015 9.31371 522
524 0 3224 2830 5023 6 523
525 0 3224 2814 5023 6 524
526 0 3224 2806 5027 6 525
527 0 3340 2966 5123 6.94427 496
528 0 3320 2962 5119 6 527
529 0 3304 2962 5119 6.94427 528
530 0 3288 2962 5119 6.94427 529
531 0 3272 2966 5123 6 530
532 0 3264 2966 5123 6 531
533 0 3248 2986 5111 12.4222 532
534 0 3236 2998 5103 12.4222 533
535 0 3216 3002 5099 10.6491 534
536 0 3204 3010 5099 6 535
537 0 3188 3014 5107 6.94427 536
538 0 3176 3026 5107 6 537
539 0 3168 3034 5107 9.31371 538
540 0 3156 3042 5107 9.31371 539
541 0 3144 3046 5107 6 540
542 0 3132 3054 5107 6 541
543 0 3116 3058 5107 6 542
544 0 3100 3066 5107 6.94427 543
545 0 3084 3074 5103 6.94427 544
546 0 3068 3086 5103 6 545
547 0 3060 3098 5099 6.94427 546
548 0 3052 3110 5091 6.94427 547
549 0 3044 3118 5083 6.94427 548
550 0 3036 3122 5083 6 549
551 0 3032 3134 5083 2 550
552 0 3520 2946 5143 3.65685 486
553 0 3524 2950 5147 3.65685 552
554 0 3528 2954 5151 6 553
555 0 3528 2958 5159 6 554
556 0 3528 2962 5171 9.31371 555
557 0 3564 2862 5175 6 483
558 0 3568 2866 5191 6 557
559 0 3572 2874 5207 6 558
560 0 3568 2878 5211 3.65685 559
561 0 3560 2882 5215 6 560
562 0 3552 2882 5223 6 561
563 0 3540 2886 5227 10 562
564 0 3508 2894 5223 6.94427 563
565 0 3492 2902 5219 6 564
566 0 3472 2910 5219 9.31371 565
567 0 3460 2914 5219 10 566
568 0 3448 2914 5219 6 567
569 0 3720 2754 5099 6.94427 476
570 0 3716 2762 5091 6.94427 569
571 0 3716 2762 5083 6.94427 570
572 0 3704 2762 5071 9.31371 571
573 0 3684 2770 5055 10 572
574 0 3672 2766 5035 6 573
575 0 3728 2774 5071 9.31371 571
576 0 3744 2790 5055 6.94427 575
577 0 3756 2794 5051 6 576
578 0 3772 2798 5127 14.4924 476
579 0 3784 2810 5123 14.4924 578
580 0 3804 2802 5131 3.65685 579
581 0 3808 2798 5131 2 580
582 0 3776 2714 5119 6 475
583 0 3772 2718 5111 9.31371 582
584 0 3776 2722 5095 6 583
585 0 3776 2722 5087 3.65685 584
586 0 3776 2722 5079 3.65685 585
587 0 3776 2722 5071 3.65685 586
588 0 3776 2718 5059 6 587
589 0 3772 2718 5051 6 588
590 0 3768 2726 5043 3.65685 589
591 0 3768 2726 5039 3.65685 590
592 0 3772 2730 5035 2 591
593 0 3884 2706 5191 12.4222 472
594 0 3904 2730 5191 12.4222 593
595 0 3932 2762 5187 14.4924 594
596 0 3960 2778 5187 18 595
597 0 3980 2790 5171 9.31371 596
598 0 4004 2798 5163 10.6491 597
599 0 4024 2814 5163 9.31371 598
600 0 4044 2838 5155 12.4222 599
601 0 4064 2862 5135 14.4924 600
602 0 4052 2894 5115 14.4924 601
603 0 4032 2922 5095 12.4222 602
604 0 4016 2942 5075 9.31371 603
605 0 4004 2954 5071 14 604
606 0 3988 2974 5055 9.31371 605
607 0 3980 2982 5055 9.31371 606
608 0 3956 3002 5051 18 607
609 0 3928 3010 5063 30.9848 608
610 0 3872 3046 5055 19.5407 609
611 0 3836 3054 5043 18.3961 610
612 0 3816 3062 5027 22 611
613 0 3784 3050 5003 10.6491 612
614 2 3774.3 3067.21 4981.79 18.887 613
615 0 3784 3090 4963 14.9706 614
616 0 3812 3118 4955 14.4924 615
617 0 3828 3122 4959 10.6491 616
618 0 3856 3134 4967 10.6491 617
619 0 3884 3134 4975 10 618
620 0 3896 3134 4987 6 619
621 0 3904 3138 4995 3.65685 620
622 0 3904 3142 4999 2 621
623 2 3761.56 3058.25 4977.2 21.2433 614
624 2 3748.31 3055.64 4963.56 24.8548 623
625 2 3719 3057 4955 23.2801 624
626 0 3688 3058 4963 14.4924 625
627 0 3672 3042 4967 10 626
628 0 3644 3042 4967 6.94427 627
629 0 3636 3038 4971 9.31371 628
630 0 3624 3038 4971 6 629
631 0 3616 3042 4975 6.94427 630
632 0 3720 3014 4959 21.3238 625
633 0 3720 2998 4975 10.6491 632
634 0 3768 3010 4959 15.8885 624
635 0 3764 2998 4971 9.31371 634
636 0 3744 3006 4995 14.9706 623
637 0 3740 2978 4975 14 636
638 0 3928 2970 5091 18 609
639 0 3924 2942 5095 9.31371 638
640 0 3924 2930 5095 6 639
641 0 3916 2910 5091 6 640
642 0 3912 2894 5079 6.94427 641
643 0 3904 2882 5063 9.31371 642
644 0 3888 2862 5051 9.31371 643
645 0 3880 2842 5047 6 644
646 0 3876 2834 5047 6 645
647 0 4096 2862 5139 10 601
648 0 4112 2862 5139 6.94427 647
649 0 4128 2858 5139 10 648
650 0 4148 2850 5139 9.31371 649
651 0 4156 2842 5139 6.94427 650
652 0 4164 2834 5143 10.6491 651
653 0 4172 2834 5155 10.6491 652
654 0 4164 2834 5163 6.94427 653
655 0 4168 2826 5175 12.4222 654
656 0 4172 2822 5187 6.94427 655
657 0 4180 2810 5199 9.31371 656
658 0 4180 2794 5207 6 657
659 0 4184 2774 5207 6.94427 658
660 0 4192 2766 5211 6.94427 659
661 0 4200 2746 5211 6 660
662 0 4212 2730 5211 9.31371 661
663 0 4236 2726 5211 6.94427 662
664 0 4252 2722 5215 6 663
665 0 4268 2714 5219 6.94427 664
666 0 4280 2714 5219 2 665
667 0 4180 2854 5159 6 653
668 0 4184 2870 5155 6 667
669 0 4180 2874 5159 6 668
670 0 4180 2890 5155 6 669
671 0 4180 2898 5151 6 670
672 0 4176 2906 5147 9.31371 671
673 0 4168 2914 5147 9.31371 672
674 0 4168 2926 5147 6 673
675 0 4168 2942 5147 6.94427 674
676 0 4168 2962 5159 6 675
677 0 4168 2966 5175 6 676
678 0 4168 2970 5183 6 677
679 0 3968 2794 5207 14 596
680 0 3976 2818 5231 24.8328 679
681 2 3993.62 2820.2 5235.41 28.8769 680
682 0 4053.61 2780.79 5282.41 42.2616 681
683 0 4112 2754 5335 10.6491 682
684 0 4120 2750 5343 6.94427 683
685 2 4142.15 2739.23 5351 12.0496 684
686 0 4180 2722 5355 6 685
687 0 4196 2718 5355 6 686
688 0 4208 2710 5355 6.94427 687
689 0 4216 2698 5355 10.6491 688
690 0 4220 2674 5371 6 689
691 2 4144 2750.8 5360.6 10.872 685
692 0 4148 2762 5371 10 691
693 0 4140 2786 5371 12.4222 692
694 0 4132 2814 5363 6 693
695 2 4163.36 2738.41 5374.54 7.06948 691
696 0 4184 2722 5379 6 695
697 0 4200 2718 5375 6 696
698 0 4176 2754 5391 6.94427 695
699 0 4184 2762 5391 3.65685 698
700 0 4188 2766 5391 2 699
701 0 4192 2766 5391 2 700
702 0 4048 2762 5327 30.249 682
703 0 4032 2710 5335 6.94427 702
704 0 4032 2694 5335 6 703
705 0 4032 2686 5343 6 704
706 0 4036 2678 5351 3.65685 705
707 0 4040 2674 5355 3.65685 706
708 0 4040 2674 5359 3.65685 707
709 0 4044 2678 5363 6 708
710 0 4060 2678 5379 6 709
711 0 4076 2670 5395 6 710
712 0 4080 2666 5411 6.94427 711
713 0 4084 2662 5419 6 712
714 0 4088 2666 5423 2 713
715 0 4092 2666 5423 2 714
716 0 3980 2790 5271 22 681
717 0 3960 2762 5271 3.65685 716
718 0 3956 2758 5275 2 717
719 0 3944 2822 5267 10 680
720 0 3920 2806 5287 6.94427 719
721 0 3916 2806 5299 9.31371 720
722 0 3904 2822 5307 6.94427 721
723 0 3896 2834 5307 9.31371 722
724 0 3888 2842 5303 6.94427 723
725 0 3880 2850 5299 9.31371 724
726 0 3872 2854 5291 6.94427 725
727 2 3849.06 2865.29 5279.71 12.2658 726
728 0 3848 2878 5275 6.94427 727
729 0 3840 2886 5271 6.94427 728
730 0 3828 2886 5271 6.94427 729
731 0 3820 2878 5279 6.94427 730
732 0 3816 2870 5279 6 731
733 0 3808 2862 5283 9.31371 732
734 0 3788 2866 5299 6.94427 733
735 0 3844 2910 5267 6.94427 729
736 0 3848 2918 5267 3.65685 735
737 0 3856 2926 5263 6.94427 736
738 0 3868 2934 5263 9.31371 737
739 0 3836 2846 5279 6.94427 727
740 0 3828 2834 5279 9.31371 739
741 0 3824 2826 5275 6 740
742 0 3820 2818 5271 6.94427 741
743 0 3820 2794 5271 6.94427 742
744 0 3824 2786 5271 6 743
745 0 3984 2762 5199 12.4222 596
746 0 3996 2758 5199 6.94427 745
747 0 4016 2750 5203 6.94427 746
748 0 4020 2734 5207 6 747
749 0 4012 2718 5199 10 748
750 0 3888 2662 5215 6.94427 471
751 0 3896 2654 5215 6.94427 750
752 0 3912 2650 5211 6.94427 751
753 0 3928 2646 5203 6 752
754 0 3876 2570 5219 10 470
755 0 3896 2554 5207 3.65685 754
756 0 3904 2538 5199 9.31371 755
757 0 3892 2526 5183 6.94427 756
758 0 3884 2522 5175 6 757
759 0 3860 2554 5283 6.94427 469
760 0 3872 2542 5291 6 759
761 0 3872 2542 5299 6 760
762 0 3812 2454 5299 6 466
763 0 3824 2454 5315 6.94427 762
764 0 3832 2446 5335 9.31371 763
765 0 3840 2438 5347 6 764
766 0 3844 2434 5351 6 765
767 0 3840 2418 5367 6.94427 766
768 0 3840 2406 5371 10 767
769 0 3836 2390 5371 10 768
770 0 3832 2374 5367 6 769
771 0 3828 2370 5363 3.65685 770
772 0 3820 2354 5363 6.94427 771
773 0 3812 2342 5375 6 772
774 0 3808 2338 5379 6 773
775 0 3808 2338 5391 6 774
776 0 3800 2330 5407 6 775
777 0 3796 2314 5423 6 776
778 0 3792 2310 5439 6.94427 777
779 0 3788 2302 5455 6.94427 778
780 0 3784 2298 5467 6 779
781 0 3776 2294 5479 6 780
782 0 3768 2286 5487 6.94427 781
783 0 3764 2282 5495 6 782
784 0 3764 2278 5503 2 783
785 0 3764 2278 5507 3.65685 784
786 0 3760 2278 5519 6 785
787 0 3752 2278 5535 6 786
788 0 3752 2282 5543 6 787
789 0 3760 2290 5555 12.4222 788
790 0 3768 2298 5575 6 789
791 0 3772 2298 5591 6 790
792 0 3772 2298 5603 6 791
793 0 3780 2294 5615 6 792
794 0 3780 2290 5627 9.31371 793
795 0 3772 2282 5635 6 794
796 0 3764 2278 5643 6.94427 795
797 0 3760 2266 5655 6 796
798 0 3764 2258 5655 2 797
799 0 3764 2254 5655 2 798
800 0 3776 2330 5527 2 789
801 0 3776 2334 5527 2 800
802 0 3784 2354 5515 2 801
803 0 3780 2358 5511 2 802
804 0 3784 2362 5511 2 803
805 0 3784 2366 5511 2 804
806 0 3772 2358 5511 2 803
807 0 3768 2358 5507 2 806
808 0 3768 2358 5503 2 807
809 0 3844 2450 5359 6 766
810 0 3860 2470 5371 6.94427 809
811 0 3864 2486 5371 6 810
812 0 3864 2494 5371 6.94427 811
813 0 3864 2502 5367 2 812
814 0 3864 2506 5367 2 813
815 0 3864 2510 5363 3.65685 814
816 0 3864 2518 5359 6 815
817 0 3860 2530 5343 6.94427 816
818 0 3860 2530 5331 6.94427 817
819 0 3868 2530 5323 6 818
820 2 3785.45 2367.98 5267.89 8.75084 465
821 0 3756 2350 5271 6.94427 820
822 0 3740 2342 5275 6 821
823 0 3732 2338 5275 6 822
824 0 3724 2334 5283 10 823
825 0 3724 2338 5295 6 824
826 0 3716 2350 5315 9.31371 825
827 0 3704 2350 5323 6 826
828 0 3696 2342 5323 6 827
829 0 3696 2326 5323 6 828
830 0 3692 2322 5327 6 829
831 0 3692 2306 5331 6 830
832 0 3688 2290 5343 10 831
833 0 3688 2282 5351 6 832
834 0 3732 2362 5323 6.94427 826
835 0 3744 2370 5331 6 834
836 0 3752 2374 5335 2 835
837 0 3756 2374 5335 2 836
838 0 3760 2374 5339 2 837
839 0 3808 2362 5283 3.65685 820
840 0 3812 2358 5287 3.65685 839
841 0 3820 2354 5295 6 840
842 0 3840 2334 5243 6 464
843 0 3856 2338 5239 6.94427 842
844 0 3864 2342 5239 6.94427 843
845 0 3872 2350 5239 3.65685 844
846 0 3880 2358 5239 6 845
847 0 3884 2366 5243 6 846
848 0 3892 2370 5251 6 847
849 0 3560 2226 5199 10 70
850 0 3560 2242 5199 6.94427 849
851 0 3560 2250 5191 6.94427 850
852 0 3564 2262 5187 6 851
853 0 3568 2278 5179 6 852
854 0 3576 2294 5171 6 853
855 0 3576 2302 5171 6 854
856 0 3584 2314 5163 6 855
857 0 3596 2334 5163 6.94427 856
858 0 3604 2342 5167 10.6491 857
859 0 3600 2350 5175 6.94427 858
860 0 3588 2366 5175 6.94427 859
861 0 3592 2374 5183 2 860
862 0 3592 2374 5187 2 861
863 0 3483.42 2149.32 5227 25.6581 68
864 0 3476 2078 5247 18 863
865 0 3468 2046 5255 12.4222 864
866 0 3448 2014 5255 12.4222 865
867 0 3424 1990 5255 12.4222 866
868 0 3408 1962 5267 12.4222 867
869 0 3392 1934 5271 14.4924 868
870 0 3384 1902 5271 14 869
871 0 3380 1890 5263 12.4222 870
872 0 3448 2150 5207 14.4924 863
873 0 3424 2162 5199 3.65685 872
874 0 3424 2166 5195 2 873
875 0 3392 2430 5171 6 58
876 0 3392 2438 5179 6 875
877 0 3396 2442 5183 3.65685 876
878 0 3396 2446 5183 3.65685 877
879 0 3396 2450 5187 2 878
880 0 3396 2454 5191 3.65685 879
881 0 3396 2458 5199 6 880
882 0 3400 2470 5215 6 881
883 0 3400 2474 5223 6 882
884 0 3408 2474 5231 9.31371 883
885 0 3412 2470 5243 6 884
886 0 3420 2462 5271 6.94427 885
887 0 3420 2462 5279 6 886
888 0 3424 2458 5283 6 887
889 2 3256 2555.76 5139.46 19.1971 53
890 2 3263.79 2597.06 5107.73 37.7121 889
891 2 3265.12 2597.78 5104.98 37.1532 890
892 0 3284 2594 5071 19.5407 891
893 0 3272 2574 5043 9.31371 892
894 0 3256 2570 5035 14 893
895 0 3240 2566 5039 6.94427 894
896 0 3224 2550 5039 6.94427 895
897 0 3208 2550 5039 6.94427 896
898 0 3196 2558 5035 2 897
899 0 3328 2618 5127 38.1995 891
900 0 3368 2654 5147 6 899
901 0 3192 2598 5095 6.94427 890
902 0 3224 2546 5119 10 889
903 0 3220 2538 5111 6.94427 902
904 0 3224 2530 5183 9.31371 51
905 0 3208 2522 5203 9.31371 904
906 0 3196 2522 5207 6 905
907 0 3184 2534 5211 9.31371 906
908 0 3176 2542 5219 10 907
909 0 3160 2534 5231 9.31371 908
910 0 3148 2538 5239 6 909
911 0 3144 2546 5251 6 910
912 0 3140 2554 5259 6 911
913 0 3144 2558 5263 3.65685 912
914 0 3148 2558 5271 6 913
915 0 3152 2558 5279 3.65685 914
916 0 3156 2558 5287 3.65685 915
917 0 3156 2558 5291 2 916
918 0 3152 2558 5295 3.65685 917
919 0 3144 2558 5303 6.94427 918
920 0 3136 2554 5307 6 919
921 0 3128 2550 5311 9.31371 920
922 0 3108 2554 5311 6 921
923 0 3096 2558 5311 6 922
924 0 3084 2562 5311 6 923
925 0 3064 2578 5311 6.94427 924
926 0 3052 2578 5315 6 925
927 0 3004 2530 5127 6.94427 39
928 0 3016 2514 5123 10 927
929 0 3008 2502 5127 10 928
930 0 3012 2486 5135 14.4924 929
931 0 3016 2474 5147 9.31371 930
932 0 2852 2530 5171 6 34
933 0 2852 2546 5171 6 932
934 0 2848 2558 5167 6 933
935 0 2848 2566 5163 3.65685 934
936 0 2844 2574 5163 6 935
937 0 2840 2590 5155 6 936
938 0 2840 2606 5147 6 937
939 0 2848 2622 5147 6 938
940 0 2848 2630 5143 6 939
941 0 2848 2638 5143 2 940
942 0 2848 2650 5143 6.94427 941
943 0 2852 2674 5139 10.6491 942
944 0 2856 2690 5143 6 943
945 0 2848 2706 5143 6.94427 944
946 0 2836 2722 5143 6.94427 945
947 0 2832 2734 5143 9.31371 946
948 0 2824 2754 5143 6 947
949 0 2812 2770 5139 6 948
950 0 2804 2782 5139 6 949
951 0 2796 2798 5139 6 950
952 0 2796 2806 5139 6 951
953 0 2792 2810 5135 6 952
954 0 2792 2818 5135 6 953
955 0 2788 2822 5131 6 954
956 0 2788 2830 5131 3.65685 955
957 0 2784 2838 5131 6 956
958 0 2788 2842 5135 2 957
959 0 2788 2846 5135 2 958
960 0 2692 2550 5107 6.94427 30
961 0 2684 2550 5115 6 960
962 0 2684 2562 5131 6 961
963 0 2688 2566 5139 6 962
964 0 2676 2566 5151 6 963
965 0 2660 2570 5155 6 964
966 0 2652 2574 5163 6 965
967 0 2644 2582 5171 6 966
968 0 2640 2590 5187 6 967
969 0 2640 2594 5199 3.65685 968
970 0 2636 2594 5203 2 969
971 0 2672 2546 5103 6.94427 961
972 0 2660 2542 5103 6 971
973 0 2652 2538 5095 6 972
974 0 2644 2542 5095 2 973
975 0 2640 2542 5095 2 974
976 0 2456 2418 5087 10 20
977 0 2432 2406 5079 12.4222 976
978 0 2416 2402 5075 14 977
979 0 2404 2414 5071 6.94427 978
980 0 2400 2422 5071 6 979
981 0 2400 2438 5071 9.31371 980
982 0 2392 2450 5071 6.94427 981
983 0 2384 2458 5067 9.31371 982
984 0 2388 2470 5067 10.6491 983
985 0 2400 2478 5063 6.94427 984
986 0 2464 2414 5107 6 976
987 0 2472 2418 5115 9.31371 986
988 0 2472 2434 5119 2 987
