# Generated by NeuTu (https://github.com/janelia-flyem/NeuTu)
1 0 3330 2858 4522 2 -1
2 0 3326 2854 4522 3.65685 1
3 0 3318 2850 4522 3.65685 2
4 0 3310 2846 4530 6 3
5 0 3298 2846 4538 9.31371 4
6 0 3286 2842 4554 6 5
7 0 3282 2838 4558 3.65685 6
8 0 3278 2834 4562 6 7
9 0 3258 2838 4578 6 8
10 0 3238 2854 4578 6 9
11 0 3234 2866 4582 9.31371 10
12 0 3238 2870 4590 6 11
13 0 3242 2870 4610 3.65685 12
14 0 3246 2870 4614 2 13
15 0 3250 2862 4622 6 14
16 0 3254 2858 4634 6 15
17 0 3262 2858 4646 6 16
18 0 3266 2854 4658 6 17
19 0 3266 2842 4674 6 18
20 0 3266 2826 4686 6 19
21 0 3270 2814 4690 6.94427 20
22 0 3278 2798 4706 6 21
23 0 3278 2790 4714 3.65685 22
24 0 3282 2782 4722 6 23
25 0 3298 2766 4730 6 24
26 0 3314 2762 4742 6.94427 25
27 0 3330 2766 4750 6 26
28 0 3346 2770 4754 6.94427 27
29 0 3354 2778 4762 3.65685 28
30 0 3358 2782 4766 6 29
31 0 3366 2794 4778 3.65685 30
32 0 3374 2802 4786 3.65685 31
33 0 3378 2806 4786 2 32
34 0 3382 2806 4786 2 33
35 2 3222.73 2871.63 4578.24 9.31371 11
36 0 3210 2878 4574 9.31371 35
37 0 3210 2894 4574 6 36
38 0 3210 2910 4574 6 37
39 0 3206 2918 4574 3.65685 38
40 0 3202 2922 4570 3.65685 39
41 0 3198 2926 4566 2 40
42 0 3222 2862 4566 6 35
43 0 3214 2862 4558 6 42
44 0 3214 2858 4550 6 43
45 0 3206 2854 4542 6 44
46 0 3198 2854 4534 6 45
47 0 3190 2858 4530 2 46
48 0 3186 2858 4530 2 47
49 0 3182 2858 4530 2 48
50 0 3274 2826 4554 6 8
51 0 3274 2826 4542 6 50
52 0 3270 2826 4526 6.94427 51
