# Generated by NeuTu (https://github.com/janelia-flyem/NeuTu)
1 0 4380 4040 1596 2 -1
2 0 4384 4036 1600 3.65685 1
3 0 4388 4032 1604 6 2
4 0 4396 4028 1604 6.94427 3
5 0 4412 4020 1620 6 4
6 0 4432 4020 1620 6.94427 5
7 0 4444 4028 1624 9.31371 6
8 0 4452 4036 1632 6.94427 7
9 0 4472 4044 1632 6.94427 8
10 0 4484 4052 1624 6.94427 9
11 0 4492 4056 1620 9.31371 10
12 0 4492 4072 1604 6.94427 11
13 0 4492 4088 1600 6 12
14 0 4483.56 4100.22 1591.56 9.12961 13
15 0 4472 4108 1580 3.65685 14
16 0 4464 4112 1576 6.94427 15
17 0 4448 4108 1564 6 16
18 0 4436 4096 1564 6 17
19 2 4414.8 4096 1564.4 8.98234 18
20 0 4404 4096 1568 6 19
21 0 4388 4096 1568 6.94427 20
22 0 4376 4096 1580 6.94427 21
23 0 4360 4088 1592 6 22
24 0 4352 4088 1600 6 23
25 0 4348 4084 1604 3.65685 24
26 0 4344 4080 1608 6 25
27 0 4336 4076 1620 6 26
28 0 4324 4076 1636 6 27
29 0 4324 4072 1648 6 28
30 0 4324 4072 1664 6 29
31 0 4324 4076 1680 6 30
32 0 4324 4076 1696 6 31
33 0 4328 4076 1708 6 32
34 0 4328 4076 1716 6 33
35 0 4328 4076 1724 2 34
36 0 4328 4076 1728 2 35
37 0 4412 4092 1548 6 19
38 0 4404 4088 1532 6 37
39 0 4404 4088 1516 6.94427 38
40 0 4404 4092 1508 3.65685 39
41 0 4404 4096 1500 3.65685 40
42 0 4404 4100 1500 2 41
43 0 4492 4128 1592 10.6491 14
44 0 4484 4136 1588 6 43
45 0 4468 4140 1588 6 44
