# Generated by NeuTu (https://github.com/janelia-flyem/NeuTu)
1 0 3519 2973 4830 2 -1
2 0 3519 2969 4834 3.65685 1
3 0 3519 2961 4834 6 2
4 0 3519 2953 4830 3.65685 3
5 0 3519 2945 4822 6 4
6 0 3523 2937 4814 9.31371 5
7 0 3535 2933 4794 6.94427 6
8 0 3551 2917 4782 6.94427 7
9 0 3563 2913 4778 6 8
10 0 3571 2909 4770 6 9
11 0 3567 2909 4762 6.94427 10
12 0 3563 2909 4754 3.65685 11
13 0 3555 2905 4746 6.94427 12
14 0 3547 2905 4734 6.94427 13
15 0 3543 2905 4718 3.65685 14
16 0 3535 2909 4702 6.94427 15
17 0 3531 2913 4690 9.31371 16
18 0 3535 2921 4674 6 17
19 0 3543 2929 4658 6 18
20 0 3555 2949 4642 10.6491 19
21 0 3567 2965 4626 6.94427 20
22 2 3570.64 2975.91 4622.36 9.72221 21
23 0 3567 2985 4614 6 22
24 0 3563 2993 4606 6 23
25 0 3559 3001 4598 6 24
26 0 3547 3009 4586 6 25
27 0 3539 3009 4582 3.65685 26
28 0 3535 3013 4582 2 27
29 0 3531 3017 4578 6 28
30 0 3515 3033 4570 6 29
31 0 3511 3045 4562 6 30
32 0 3511 3061 4554 6 31
33 0 3511 3069 4554 3.65685 32
34 0 3515 3077 4554 6 33
35 0 3515 3093 4558 6 34
36 0 3519 3113 4558 6 35
37 0 3523 3121 4558 3.65685 36
38 0 3523 3129 4562 6.94427 37
39 0 3515 3137 4570 3.65685 38
40 0 3511 3141 4578 6 39
41 0 3511 3141 4598 6 40
42 0 3511 3141 4606 6 41
43 0 3515 3137 4614 3.65685 42
44 0 3519 3133 4618 2 43
45 0 3519 3133 4622 3.65685 44
46 0 3519 3129 4626 2 45
47 0 3519 3129 4638 6 46
48 0 3527 3121 4646 10 47
49 0 3515 3117 4658 6.94427 48
50 0 3503 3121 4666 6 49
51 0 3575 2981 4638 6 22
52 0 3579 2985 4642 3.65685 51
53 0 3579 2989 4646 3.65685 52
54 0 3579 2993 4650 2 53
55 0 3575 2997 4654 3.65685 54
56 0 3567 3009 4658 9.31371 55
57 0 3559 3013 4662 6.94427 56
