# Generated by NeuTu (https://github.com/janelia-flyem/NeuTu)
1 0 3147 2703 4980 2 -1
2 0 3151 2707 4980 3.65685 1
3 0 3155 2711 4972 6.94427 2
4 0 3163 2707 4964 10 3
5 0 3175 2703 4964 6 4
6 0 3191 2703 4956 6.94427 5
7 0 3213.67 2711 4948 7.84095 6
8 0 3227 2695 4948 6 7
9 0 3235 2683 4956 6 8
10 0 3243 2671 4956 9.31371 9
11 0 3259 2663 4956 9.31371 10
12 0 3267 2659 4960 6 11
13 0 3283 2655 4964 6 12
14 0 3291 2655 4968 6 13
15 0 3299 2659 4972 3.65685 14
16 0 3307 2659 4976 6.94427 15
17 0 3323 2671 4976 6 16
18 0 3215 2731 4932 9.31371 7
19 0 3207 2735 4924 6 18
20 0 3203 2743 4912 6 19
21 0 3199 2747 4908 3.65685 20
22 0 3195 2751 4908 3.65685 21
23 0 3191 2755 4904 2 22
