# Generated by NeuTu (https://github.com/janelia-flyem/NeuTu)
1 0 4118 4175 1659 2 -1
2 0 4118 4179 1659 2 1
3 0 4126 4187 1659 6.94427 2
4 0 4126 4203 1663 6 3
5 0 4126 4215 1667 10.6491 4
6 0 4142 4235 1663 6.94427 5
7 0 4150 4247 1651 6.94427 6
8 0 4162 4255 1643 9.31371 7
9 0 4174 4259 1635 14 8
10 0 4210 4255 1655 6.94427 9
11 0 4222 4255 1663 6.94427 10
12 0 4234 4263 1675 10 11
13 0 4254 4259 1679 9.31371 12
14 0 4266 4251 1679 12.4222 13
15 0 4290 4255 1671 9.31371 14
16 0 4310 4251 1659 6.94427 15
17 0 4318 4247 1663 9.31371 16
18 0 4326 4243 1667 6 17
