# Generated by NeuTu (https://github.com/janelia-flyem/NeuTu)
1 0 3356 2992 4651 2 -1
2 0 3360 2996 4651 3.65685 1
3 0 3364 3004 4655 6.94427 2
4 0 3368 3012 4655 6.94427 3
5 0 3376 3020 4659 3.65685 4
6 0 3380 3024 4659 3.65685 5
7 0 3380 3032 4667 9.31371 6
8 0 3392 3028 4671 3.65685 7
9 0 3400 3024 4671 6 8
10 0 3412 3020 4671 3.65685 9
11 0 3420 3016 4671 6.94427 10
12 0 3428 3008 4675 6 11
13 0 3440 3004 4675 6 12
14 0 3456 3008 4679 6 13
15 0 3460 3012 4675 6 14
16 0 3464 3016 4679 2 15
17 0 3468 3020 4679 2 16
