# Generated by NeuTu (https://github.com/janelia-flyem/NeuTu)
1 0 3413 2984 4583 2 -1
2 0 3413 2984 4587 2 1
3 0 3409 2980 4595 6.94427 2
4 0 3389 2984 4595 6 3
5 0 3377 2992 4595 6 4
6 0 3361 3004 4591 6 5
7 0 3361 3012 4595 6 6
8 0 3361 3024 4595 2 7
9 0 3361 3032 4595 6 8
10 0 3365 3048 4591 6 9
11 0 3365 3068 4575 6.94427 10
12 0 3361 3080 4559 6 11
13 0 3361 3076 4551 2 12
14 0 3361 3076 4547 3.65685 13
15 0 3357 3072 4543 3.65685 14
16 0 3357 3064 4535 3.65685 15
17 0 3361 3060 4531 6 16
18 0 3369 3056 4523 6.94427 17
19 0 3377 3060 4511 2 18
