# Generated by NeuTu (https://github.com/janelia-flyem/NeuTu)
1 0 3421 1876 5042 2 -1
2 0 3417 1876 5042 2 1
3 0 3413 1876 5042 2 2
4 0 3409 1880 5042 3.65685 3
5 0 3401 1892 5054 9.31371 4
6 0 3409 1904 5062 6.94427 5
7 0 3413 1912 5066 9.31371 6
8 0 3409 1924 5066 6 7
9 0 3401 1940 5066 6 8
10 0 3405 1948 5078 10.6491 9
11 0 3413 1972 5098 10.6491 10
12 0 3421 1992 5102 6.94427 11
13 0 3429 2004 5110 6 12
14 0 3429 2012 5118 6 13
15 0 3433 2020 5126 9.31371 14
16 0 3441 2020 5134 6 15
17 0 3449 2016 5150 6.94427 16
18 0 3457 2008 5158 9.31371 17
19 0 3469 2008 5166 6 18
20 0 3485 2012 5170 6.94427 19
21 0 3493 2020 5166 6.94427 20
22 0 3501 2028 5174 6 21
23 0 3505 2036 5178 9.31371 22
24 0 3529 2048 5214 20.6274 23
25 0 3565 2052 5210 6 24
26 0 3577 2056 5206 6.94427 25
27 0 3593 2064 5202 6.94427 26
28 0 3613 2076 5202 9.31371 27
29 0 3625 2080 5202 6.94427 28
30 0 3653 2080 5202 10 29
31 0 3677 2092 5202 9.31371 30
32 2 3690.46 2095.03 5202.97 10.2937 31
33 0 3701 2088 5210 12.4222 32
34 0 3713 2080 5214 6.94427 33
35 0 3721 2072 5218 9.31371 34
36 0 3729 2064 5226 6.94427 35
37 0 3733 2052 5226 10 36
38 0 3733 2044 5234 6 37
39 0 3733 2028 5246 6 38
40 0 3745 2012 5250 6 39
41 0 3745 1996 5250 10.6491 40
42 0 3745 1984 5254 6 41
43 0 3745 1976 5254 6 42
44 0 3745 1964 5254 10 43
45 0 3749 1952 5254 6.94427 44
46 0 3749 1940 5258 10 45
47 0 3749 1928 5258 6 46
48 0 3749 1912 5266 10 47
49 2 3753 1904 5284 11.7573 48
50 0 3717 1936 5338 26.2843 49
51 0 3709 1967.33 5382.89 11.5573 50
52 0 3709 1988 5390 14.4924 51
53 0 3701 2004 5390 9.31371 52
54 0 3701 2032 5386 10 53
55 0 3697 2044 5382 12.4222 54
56 0 3689 2072 5382 10.6491 55
57 0 3685 2100 5374 12.4222 56
58 0 3668.45 2132.55 5374.36 17.8406 57
59 0 3653 2168 5398 14 58
60 0 3637 2180 5414 9.31371 59
61 0 3621 2188 5430 12.4222 60
62 0 3601 2208 5430 14.9706 61
63 0 3573 2228 5406 10 62
64 0 3561 2232 5402 9.31371 63
65 0 3541 2248 5390 14.4924 64
66 0 3521 2264 5370 14.4924 65
67 0 3493 2288 5354 12.4222 66
68 0 3461 2308 5342 12.4222 67
69 0 3441 2332 5330 12.4222 68
70 0 3425 2364 5322 9.31371 69
71 0 3413 2388 5310 9.31371 70
72 0 3393.49 2429.47 5301.27 25.7137 71
73 0 3401 2488 5274 10 72
74 0 3401 2508 5270 18 73
75 0 3401 2548 5258 23.6125 74
76 2 3397.3 2596.11 5250.6 48.0285 75
77 0 3397 2600 5250 50 76
78 0 3453 2632 5206 14.4924 77
79 0 3469 2636 5194 9.31371 78
80 0 3481 2648 5174 9.31371 79
81 0 3501 2668 5162 12.4222 80
82 0 3526.36 2692.91 5140.64 9.04445 81
83 0 3537 2700 5130 6.94427 82
84 0 3549 2716 5114 9.31371 83
85 0 3557 2732 5102 6.94427 84
86 0 3569 2748 5090 9.31371 85
87 0 3585 2764 5082 9.31371 86
88 0 3601 2780 5074 10.6491 87
89 0 3617 2796 5066 9.31371 88
90 0 3633 2804 5054 10.6491 89
91 0 3649 2812 5038 10 90
92 0 3665 2820 5018 9.31371 91
93 0 3685 2816 4986 12.4222 92
94 0 3697 2812 4958 10 93
95 0 3713 2816 4942 10 94
96 0 3737 2832 4930 14.4924 95
97 0 3753 2864 4902 12.4222 96
98 0 3757 2872 4886 10.6491 97
99 0 3761 2876 4870 14.4924 98
100 0 3761 2880 4854 12.4222 99
101 2 3764.28 2880 4831.04 18.2593 100
102 0 3773 2872 4810 18 101
103 2 3799 2884 4784 24.9793 102
104 0 3861 2900 4738 12.4222 103
105 0 3885 2904 4726 10.6491 104
106 0 3909 2904 4714 14 105
107 0 3929 2912 4702 10 106
108 0 3949 2912 4694 10 107
109 0 3973 2912 4690 10 108
110 2 3983.74 2912 4693.58 9.38557 109
111 0 4021 2920 4694 10.6491 110
112 2 4060.12 2931.71 4701.85 21.7428 111
113 2 4069.76 2932.88 4700.25 21.2106 112
114 0 4121 2940 4694 14 113
115 0 4178.89 2956 4709.95 18.2852 114
116 0 4221 2960 4714 10 115
117 0 4249 2960 4714 10 116
118 0 4277 2956 4722 14.4924 117
119 0 4297 2976 4734 3.65685 118
120 0 4301 2976 4738 3.65685 119
121 0 4305 2980 4742 3.65685 120
122 0 4329 2996 4754 10 121
123 0 4341 2996 4758 6.94427 122
124 0 4353 3004 4758 6 123
125 0 4369 3020 4758 6.94427 124
126 0 4385 3036 4742 14.4924 125
127 0 4385 3028 4726 6 126
128 0 4389 3028 4718 2 127
129 0 4393 3028 4710 6 128
130 0 4397 3032 4698 9.31371 129
131 0 4401 3040 4690 6 130
132 0 4409 3044 4682 6 131
133 0 4417 3048 4674 9.31371 132
134 0 4425 3064 4666 6.94427 133
135 0 4433 3080 4666 6 134
136 0 4449 3096 4666 6.94427 135
137 0 4465 3104 4658 3.65685 136
138 0 4469 3104 4658 3.65685 137
139 0 4473 3108 4654 6 138
140 0 4485 3112 4642 6 139
141 0 4489 3108 4638 6 140
142 0 4505 3116 4630 6 141
143 0 4513 3116 4622 6 142
144 0 4517 3112 4618 3.65685 143
145 0 4529 3108 4618 10 144
146 0 4545 3120 4614 9.31371 145
147 0 4561 3132 4610 6 146
148 0 4577 3144 4594 6 147
149 0 4581 3148 4590 6 148
150 0 4421 3032 4666 6 133
151 0 4425 3020 4658 6 150
152 0 4429 3016 4650 9.31371 151
153 0 4433 3020 4638 6 152
154 0 4433 3028 4630 3.65685 153
155 0 4433 3028 4626 3.65685 154
156 0 4433 3028 4622 2 155
157 0 4165 2988 4706 6 115
158 0 4157 3000 4702 6 157
159 0 4153 3004 4698 3.65685 158
160 0 4153 3008 4694 3.65685 159
161 0 4149 3012 4690 3.65685 160
162 0 4145 3012 4686 2 161
163 0 4081 2900 4718 10 113
164 0 4089 2880 4718 6 163
165 0 4089 2872 4718 6 164
166 0 4057 2960 4694 6.94427 112
167 0 4057 2980 4682 6 166
168 0 4057 2996 4666 6 167
169 0 4057 3008 4658 9.31371 168
170 0 4057 3020 4646 6 169
171 0 4057 3036 4634 6 170
172 0 4049 3052 4630 6 171
173 0 4037 3068 4618 6 172
174 0 4017 3072 4618 6 173
175 0 4001 3076 4614 6 174
176 0 3981 3076 4602 10 175
177 0 3969 3072 4598 6 176
178 0 3949 3072 4586 6 177
179 0 3933 3060 4586 6 178
180 0 3917 3056 4586 6 179
181 0 3901 3052 4586 6 180
182 0 3893 3048 4586 6.94427 181
183 0 3885 3044 4578 3.65685 182
184 0 3885 3040 4578 2 183
185 0 3989 2900 4682 3.65685 110
186 0 3993 2892 4682 6 185
187 0 3993 2884 4682 6 186
188 0 3997 2876 4682 3.65685 187
189 0 3997 2872 4678 3.65685 188
190 0 3993 2868 4670 6 189
191 0 3981 2852 4646 9.31371 190
192 0 3993 2848 4638 6 191
193 0 4001 2848 4634 6.94427 192
194 0 4013 2840 4630 12.4222 193
195 0 4033 2852 4614 6.94427 194
196 0 4057 2852 4602 6.94427 195
197 0 4065 2856 4594 3.65685 196
198 0 4069 2860 4590 2 197
199 0 4073 2864 4586 6 198
200 0 4085 2872 4574 6.94427 199
201 0 4101 2880 4566 6.94427 200
202 0 4117 2892 4554 9.31371 201
203 0 4129 2900 4554 9.31371 202
204 0 4129 2912 4554 10 203
205 0 4129 2924 4554 6.94427 204
206 0 4133 2936 4550 10 205
207 0 4137 2948 4550 9.31371 206
208 0 4137 2956 4542 6 207
209 0 3769 2904 4786 6.94427 103
210 0 3761 2908 4786 3.65685 209
211 0 3757 2912 4786 3.65685 210
212 0 3737 2908 4786 9.31371 211
213 0 3717 2904 4770 9.31371 212
214 0 3705 2916 4758 6.94427 213
215 0 3697 2920 4754 3.65685 214
216 0 3689 2924 4746 6 215
217 0 3681 2928 4738 10 216
218 0 3661 2932 4722 6 217
219 0 3661 2932 4714 6 218
220 0 3653 2936 4706 3.65685 219
221 0 3649 2940 4702 6 220
222 0 3645 2944 4698 6 221
223 0 3637 2964 4694 6.94427 222
224 0 3621 2984 4694 9.31371 223
225 0 3613 2988 4690 6 224
226 0 3605 2988 4690 6 225
227 0 3597 3004 4686 6.94427 226
228 0 3589 3016 4686 6 227
229 0 3585 3032 4670 6 228
230 0 3589 3044 4662 6 229
231 0 3589 3060 4654 6 230
232 0 3589 3076 4642 6 231
233 0 3589 3092 4630 6.94427 232
234 0 3581 3108 4618 6 233
235 0 3581 3116 4614 2 234
236 0 3577 3124 4606 6 235
237 0 3569 3140 4594 6 236
238 2 3569 3147.2 4590.4 6.84984 237
239 0 3573 3160 4586 6 238
240 0 3581 3176 4582 6 239
241 0 3585 3192 4578 6 240
242 0 3585 3208 4578 9.31371 241
243 0 3585 3220 4578 6 242
244 0 3581 3236 4578 9.31371 243
245 2 3581 3251.58 4575.79 4.21115 244
246 0 3581 3256 4578 2 245
247 0 3581 3264 4582 6.94427 246
248 0 3577 3280 4582 6 247
249 0 3581 3292 4586 6 248
250 0 3585 3300 4598 6 249
251 0 3597 3316 4594 6.94427 250
252 0 3601 3336 4586 6.94427 251
253 0 3597 3368 4570 14.4924 252
254 0 3609 3384 4570 6.94427 253
255 0 3621 3400 4578 6.94427 254
256 0 3621 3408 4578 6 255
257 0 3613 3416 4570 6.94427 256
258 0 3601 3424 4554 6 257
259 0 3597 3428 4550 6 258
260 0 3593 3424 4546 2 259
261 0 3593 3424 4542 2 260
262 0 3581 3260 4566 2 245
263 0 3577 3268 4558 6 262
264 0 3581 3268 4550 6 263
265 0 3557 3144 4574 6 238
266 0 3561 3152 4566 6 265
267 0 3561 3164 4562 9.31371 266
268 0 3557 3184 4562 6 267
269 0 3549 3196 4562 6.94427 268
270 0 3545 3212 4550 6 269
271 0 3593 3024 4698 6 228
272 0 3597 3032 4706 6 271
273 0 3605 3040 4714 6 272
274 0 3605 3048 4722 6 273
275 0 3605 3056 4730 3.65685 274
276 0 3609 3064 4734 6 275
277 0 3609 3080 4734 6 276
278 0 3613 3088 4738 6.94427 277
279 0 3613 3108 4742 6 278
280 0 3613 3116 4746 6 279
281 0 3609 3120 4750 3.65685 280
282 0 3605 3124 4750 3.65685 281
283 0 3601 3128 4746 3.65685 282
284 0 3597 3132 4746 3.65685 283
285 0 3589 3140 4742 6.94427 284
286 0 3589 3152 4750 6 285
287 0 3593 3164 4758 6 286
288 0 3649 2936 4686 6 222
289 0 3641 2928 4678 6.94427 288
290 0 3641 2928 4666 6 289
291 0 3633 2924 4658 6 290
292 0 3629 2920 4650 6 291
293 0 3625 2924 4642 2 292
294 0 3625 2924 4638 2 293
295 0 3701 2900 4778 6 213
296 0 3693 2892 4774 9.31371 295
297 0 3701 2872 4766 6 296
298 0 3701 2864 4766 6 297
299 0 3701 2856 4758 6 298
300 0 3737 2876 4834 3.65685 101
301 0 3729 2872 4834 3.65685 300
302 0 3725 2868 4838 3.65685 301
303 0 3717 2868 4838 6 302
304 0 3701 2868 4834 6 303
305 0 3693 2880 4826 6 304
306 0 3693 2888 4818 6 305
307 0 3533 2704 5154 6.94427 82
308 0 3549 2720 5162 6 307
309 0 3553 2736 5162 6.94427 308
310 0 3565 2756 5170 6 309
311 0 3573 2764 5170 10 310
312 0 3585 2768 5170 6.94427 311
313 0 3593 2784 5170 6 312
314 0 3601 2796 5170 6 313
315 0 3617 2808 5166 6.94427 314
316 0 3625 2824 5158 9.31371 315
317 0 3625 2840 5150 6 316
318 0 3625 2852 5146 6 317
319 0 3625 2868 5138 6.94427 318
320 0 3633 2884 5126 6 319
321 0 3641 2896 5114 6 320
322 0 3645 2908 5110 6 321
323 0 3645 2924 5102 6.94427 322
324 0 3649 2932 5098 6 323
325 0 3381 2632 5294 9.31371 77
326 0 3381 2648 5298 6.94427 325
327 0 3381 2660 5306 6 326
328 0 3377 2676 5306 14 327
329 0 3373 2696 5306 6 328
330 0 3377 2712 5306 6 329
331 0 3377 2720 5306 6 330
332 0 3377 2732 5306 9.31371 331
333 0 3377 2752 5314 6 332
334 0 3385 2580 5314 10 76
335 0 3377 2572 5322 6 334
336 0 3365 2564 5334 6.94427 335
337 0 3353 2548 5342 12.4222 336
338 0 3333 2536 5350 9.31371 337
339 0 3321 2532 5350 10 338
340 0 3309 2532 5358 6.94427 339
341 0 3401 2576 5334 6 334
342 0 3401 2568 5342 6.94427 341
343 0 3405 2560 5354 2 342
344 0 3405 2556 5358 2 343
345 0 3341 2428 5298 18 72
346 2 3316.96 2428 5291.13 14.9888 345
347 0 3293 2428 5290 14.4924 346
348 0 3257 2408 5286 10 347
349 0 3233 2396 5282 10.6491 348
350 0 3213 2380 5282 9.31371 349
351 0 3197 2368 5278 9.31371 350
352 0 3181 2356 5274 6.94427 351
353 0 3161 2344 5262 10.6491 352
354 0 3137 2344 5246 10 353
355 0 3117 2344 5222 14.9706 354
356 0 3089 2324 5198 9.31371 355
357 0 3073 2296 5182 14.9706 356
358 0 3045 2272 5186 10.6491 357
359 0 3029 2248 5190 10.6491 358
360 0 3017 2220 5198 10 359
361 0 3009 2204 5214 10.6491 360
362 0 3005 2184 5226 9.31371 361
363 0 2993 2168 5242 12.4222 362
364 2 2961.71 2136.47 5269.53 30.6802 363
365 2 2934 2136 5261 28.0865 364
366 2 2905.92 2123.28 5248.46 29.6079 365
367 2 2900.03 2117.74 5246.65 28.8114 366
368 0 2889 2092 5254 12.4222 367
369 0 2889 2072 5266 9.31371 368
370 0 2885 2068 5274 6 369
371 0 2877 2064 5286 6.94427 370
372 0 2873 2060 5294 9.31371 371
373 0 2857 2056 5306 6 372
374 0 2845 2056 5314 6.94427 373
375 0 2837 2060 5314 6 374
376 0 2821 2056 5326 6 375
377 0 2805 2056 5342 10 376
378 0 2801 2052 5362 10 377
379 0 2813 2032 5378 9.31371 378
380 0 2825 2024 5390 12.4222 379
381 0 2905 2060 5254 10 369
382 0 2913 2060 5246 6 381
383 0 2921 2052 5238 9.31371 382
384 0 2925 2032 5234 6 383
385 0 2925 2016 5230 6 384
386 0 2925 2008 5230 2 385
387 0 2925 2004 5230 2 386
388 0 2861 2120 5238 9.31371 367
389 0 2841 2124 5238 6.94427 388
390 0 2833 2124 5238 6 389
391 0 2825 2124 5238 2 390
392 0 2817 2124 5234 6 391
393 0 2801 2128 5242 6.94427 392
394 0 2793 2136 5250 3.65685 393
395 0 2789 2136 5250 2 394
396 0 2909 2156 5222 9.31371 366
397 0 2913 2164 5218 6 396
398 0 2921 2172 5214 6 397
399 0 2929 2180 5206 6 398
400 0 2929 2192 5198 10 399
401 0 2925 2212 5202 6 400
402 0 2925 2220 5202 6 401
403 0 2921 2228 5206 3.65685 402
404 0 2917 2232 5206 2 403
405 0 2913 2152 5294 21.3238 365
406 0 2901 2172 5294 9.31371 405
407 0 2905 2192 5294 9.31371 406
408 0 2909 2208 5302 18 407
409 0 2881 2176 5282 9.31371 406
410 0 2861 2192 5270 6 409
411 0 2973 2108 5298 26.2843 364
412 0 3305 2428 5318 9.31371 346
413 0 3293 2428 5318 6 412
414 0 3273 2424 5322 6.94427 413
415 0 3257 2420 5322 6 414
416 0 3241 2420 5318 6 415
417 0 3229 2424 5314 6 416
418 0 3213 2432 5306 6.94427 417
419 0 3197 2440 5306 6 418
420 0 3181 2448 5302 6.94427 419
421 0 3165 2448 5294 6 420
422 0 3149 2448 5282 6 421
423 0 3133 2444 5282 6 422
424 0 3125 2440 5290 6 423
425 0 3113 2444 5302 6 424
426 0 3097 2452 5310 6 425
427 0 3089 2460 5314 6 426
428 0 3085 2464 5318 6 427
429 0 3081 2476 5318 6 428
430 0 3077 2488 5318 2 429
431 2 3670.33 2149.33 5348.67 9.77124 58
432 0 3649 2160 5326 9.31371 431
433 0 3641 2152 5318 9.31371 432
434 0 3641 2140 5314 6 433
435 0 3637 2136 5310 3.65685 434
436 0 3637 2136 5306 3.65685 435
437 0 3633 2132 5302 6 436
438 0 3625 2128 5290 6.94427 437
439 0 3621 2132 5274 6 438
440 0 3621 2144 5262 6.94427 439
441 0 3617 2160 5254 6 440
442 0 3609 2172 5246 6 441
443 0 3609 2188 5234 6 442
444 0 3613 2204 5222 6.94427 443
445 0 3617 2212 5214 3.65685 444
446 0 3621 2216 5210 6 445
447 0 3625 2228 5202 6 446
448 0 3625 2236 5194 6.94427 447
449 0 3625 2256 5194 6.94427 448
450 0 3637 2272 5182 6.94427 449
451 0 3641 2288 5182 6 450
452 0 3697 2148 5346 6.94427 431
453 0 3709 2152 5350 6 452
454 0 3713 2156 5354 6 453
455 0 3717 2164 5346 6 454
456 0 3717 2172 5338 3.65685 455
457 0 3721 2180 5338 3.65685 456
458 0 3725 2184 5334 2 457
459 0 3717 1960 5398 6 51
460 0 3721 1956 5402 3.65685 459
461 0 3721 1956 5410 3.65685 460
462 0 3725 1960 5414 6 461
463 0 3737 1960 5422 6.94427 462
464 0 3753 1956 5434 6 463
465 0 3761 1952 5442 6 464
466 0 3765 1952 5450 6 465
467 0 3769 1956 5454 3.65685 466
468 0 3773 1956 5462 6 467
469 0 3773 1952 5470 6.94427 468
470 0 3761 1948 5486 14.4924 469
471 0 3769 1948 5518 10 470
472 0 3781 1940 5518 3.65685 471
473 0 3785 1936 5518 2 472
474 2 3756.67 1885.67 5270.67 13.7577 49
475 0 3769 1836 5270 10.6491 474
476 0 3793 1808 5274 15.8885 475
477 0 3817 1776 5286 12.4222 476
478 0 3841 1764 5294 6.94427 477
479 0 3865 1748 5306 12.4222 478
480 0 3885 1708 5314 14.4924 479
481 0 3889 1684 5314 18.3961 480
482 0 3921 1656 5334 14.9706 481
483 0 3957 1624 5346 21.3238 482
484 2 3982.86 1612.92 5349.69 25.6433 483
485 0 4013 1596 5338 18 484
486 0 3997 1584 5334 6.94427 485
487 0 3973 1564 5362 26 484
488 0 3993 1544 5362 6 487
489 0 4001 1540 5362 2 488
490 0 4005 1540 5362 2 489
491 0 3865 1676 5318 6 481
492 0 3853 1676 5322 10 491
493 0 3829 1672 5334 6 492
494 0 3825 1668 5338 3.65685 493
495 0 3817 1668 5346 3.65685 494
496 0 3813 1664 5350 3.65685 495
497 0 3809 1660 5354 2 496
498 0 3805 1656 5354 2 497
499 0 3773 1896 5250 6.94427 474
500 0 3789 1900 5238 6 499
501 0 3801 1884 5226 6.94427 500
502 0 3809 1880 5226 6 501
503 0 3813 1880 5218 3.65685 502
504 0 3821 1880 5210 3.65685 503
505 0 3825 1876 5206 2 504
506 0 3825 1876 5202 2 505
507 0 3697 2116 5210 6 32
508 0 3705 2136 5210 6 507
509 0 3705 2152 5210 6 508
510 0 3709 2168 5210 6 509
511 0 3713 2172 5206 6 510
512 0 3713 2180 5206 6 511
513 0 3713 2192 5198 10 512
514 0 3721 2208 5182 6.94427 513
515 0 3733 2220 5170 9.31371 514
516 0 3753 2252 5170 12.4222 515
517 0 3777 2272 5162 6 516
518 0 3785 2292 5158 6 517
519 0 3785 2308 5158 9.31371 518
520 0 3785 2320 5154 6 519
521 2 3506.69 2055.44 5241.26 13.6176 24
522 0 3493 2060 5258 9.31371 521
523 0 3493 2076 5258 6 522
524 0 3501 2092 5262 9.31371 523
525 0 3501 2108 5262 6 524
526 0 3505 2124 5262 6 525
527 0 3509 2140 5258 6 526
528 0 3513 2156 5254 6.94427 527
529 0 3517 2172 5250 6 528
530 0 3517 2184 5246 9.31371 529
531 0 3513 2204 5246 9.31371 530
532 0 3501 2220 5230 6.94427 531
533 0 3493 2228 5222 6 532
534 0 3493 2236 5214 6 533
535 0 3489 2248 5202 2 534
536 0 3489 2252 5202 3.65685 535
537 0 3481 2260 5202 9.31371 536
538 0 3481 2280 5194 6 537
539 0 3485 2296 5190 6.94427 538
540 0 3485 2312 5178 6.94427 539
541 0 3489 2324 5170 10 540
542 0 3477 2348 5154 10 541
543 0 3481 2360 5154 6 542
544 0 3481 2368 5154 6 543
545 0 3485 2380 5150 9.31371 544
546 0 3485 2400 5142 3.65685 545
547 0 3485 2404 5142 3.65685 546
548 0 3485 2408 5142 2 547
549 0 3489 2416 5142 6 548
550 0 3493 2424 5138 6 549
551 2 3501.34 1999.52 5264.53 41.8309 521
552 0 3457 1996 5282 12.4222 551
553 0 3445 2000 5294 6.94427 552
554 0 3425 2012 5298 6 553
555 0 3417 2012 5298 6 554
556 0 3405 2016 5298 10 555
557 0 3469 1964 5262 33.7771 551
558 0 3449 1936 5278 6 557
559 0 3445 1932 5286 6.94427 558
560 0 3409 1932 5094 10 10
561 0 3421 1928 5102 6 560
