# Generated by NeuTu (https://github.com/janelia-flyem/NeuTu)
1 0 3319 3037 4707 2 -1
2 0 3323 3037 4707 2 1
3 0 3331 3045 4707 6.94427 2
4 0 3347 3057 4707 6.94427 3
5 0 3355 3065 4699 9.31371 4
6 0 3371 3077 4695 6.94427 5
7 0 3383 3089 4691 6 6
8 0 3387 3093 4687 3.65685 7
9 0 3395 3097 4687 3.65685 8
10 0 3403 3105 4687 3.65685 9
11 0 3407 3105 4687 3.65685 10
12 0 3411 3109 4683 6 11
13 0 3423 3125 4683 6 12
14 0 3423 3133 4683 6 13
15 0 3427 3141 4683 3.65685 14
16 0 3431 3145 4679 6 15
17 0 3435 3157 4679 6 16
18 0 3439 3165 4679 3.65685 17
19 0 3439 3169 4675 2 18
20 0 3439 3173 4675 2 19
