# Generated by NeuTu (https://github.com/janelia-flyem/NeuTu)
1 0 3175 3150 4806 2 -1
2 0 3179 3146 4806 3.65685 1
3 0 3187 3146 4806 6.94427 2
4 0 3207 3158 4806 6 3
5 0 3223 3166 4806 9.31371 4
6 0 3243 3170 4810 6 5
7 0 3259 3182 4810 6 6
8 0 3275 3186 4810 6 7
9 0 3291 3190 4810 9.31371 8
10 0 3307 3206 4810 6.94427 9
11 0 3319 3222 4806 6 10
12 0 3323 3226 4802 3.65685 11
13 0 3331 3234 4802 3.65685 12
14 0 3339 3234 4794 3.65685 13
15 0 3347 3230 4786 6.94427 14
16 0 3351 3234 4778 3.65685 15
17 0 3351 3234 4770 6 16
18 0 3355 3234 4754 6 17
19 0 3355 3230 4738 6 18
20 0 3359 3226 4730 6 19
21 0 3371 3226 4718 6.94427 20
22 0 3383 3226 4710 6 21
