# Generated by NeuTu (https://github.com/janelia-flyem/NeuTu)
1 0 3524 2986 4829 2 -1
2 0 3528 2990 4833 3.65685 1
3 0 3528 2998 4837 6 2
4 0 3528 3006 4837 6 3
5 0 3532 3014 4845 3.65685 4
6 0 3536 3018 4849 6 5
7 0 3552 3034 4861 6.94427 6
8 0 3560 3058 4861 10 7
9 0 3564 3070 4861 6.94427 8
10 0 3564 3094 4861 10 9
11 0 3560 3114 4861 6.94427 10
12 0 3556 3126 4861 6.94427 11
13 0 3556 3138 4865 10 12
14 0 3544 3162 4861 6.94427 13
15 0 3536 3178 4857 6.94427 14
16 0 3528 3194 4853 6.94427 15
17 0 3520 3206 4857 12.4222 16
18 0 3496 3230 4853 9.31371 17
19 0 3488 3238 4853 10.6491 18
20 0 3476 3242 4849 6.94427 19
21 0 3460 3254 4849 6.94427 20
22 0 3444 3266 4853 6.94427 21
23 0 3424 3282 4853 6 22
24 0 3404 3290 4853 6.94427 23
25 0 3392 3298 4861 6 24
26 0 3384 3306 4873 6 25
27 0 3380 3318 4885 6 26
28 0 3380 3334 4885 6 27
29 0 3380 3342 4885 6 28
30 0 3376 3350 4885 3.65685 29
31 0 3372 3362 4885 9.31371 30
32 0 3348 3378 4873 9.31371 31
33 0 3344 3386 4869 6 32
34 0 3340 3402 4869 6 33
35 0 3344 3418 4873 6 34
36 0 3344 3434 4873 6 35
