# Generated by NeuTu (https://github.com/janelia-flyem/NeuTu)
1 0 3308 2931 4860 6 -1
2 0 3300 2935 4860 6 1
3 0 3296 2939 4856 3.65685 2
4 0 3288 2947 4856 3.65685 3
5 0 3280 2963 4856 6.94427 4
6 0 3272 2979 4860 6.94427 5
7 0 3264 2995 4860 3.65685 6
8 0 3260 3003 4860 6 7
9 0 3256 3011 4860 2 8
10 0 3256 3015 4860 2 9
11 0 3252 3019 4860 3.65685 10
12 0 3252 3027 4860 6 11
13 0 3248 3031 4864 6 12
14 2 3248 3041 4864 5.41421 13
15 0 3248 3047 4864 3.65685 14
16 0 3244 3051 4864 2 15
17 0 3244 3055 4864 2 16
18 0 3244 3063 4864 6 17
19 0 3240 3079 4868 10 18
20 0 3232 3103 4872 6.94427 19
21 0 3228 3127 4884 9.31371 20
22 0 3224 3143 4884 6.94427 21
23 0 3216 3155 4884 6 22
24 0 3212 3167 4884 3.65685 23
25 0 3208 3171 4884 2 24
26 0 3208 3175 4884 2 25
27 0 3208 3179 4884 2 26
28 0 3208 3183 4884 3.65685 27
29 0 3208 3187 4884 3.65685 28
30 0 3200 3195 4884 6 29
31 0 3196 3207 4884 6 30
32 0 3196 3223 4884 6 31
33 0 3200 3231 4884 6 32
34 0 3192 3247 4884 6.94427 33
35 0 3184 3263 4884 6.94427 34
36 0 3180 3271 4884 6.94427 35
37 0 3172 3279 4880 3.65685 36
38 0 3164 3287 4880 6.94427 37
39 0 3160 3299 4868 6 38
40 0 3160 3307 4864 6 39
41 0 3264 3055 4864 2 15
42 0 3260 3059 4860 3.65685 41
43 0 3260 3059 4856 3.65685 42
44 0 3260 3055 4852 2 43
45 0 3236 3043 4872 6 14
46 0 3228 3035 4880 9.31371 45
47 0 3220 3027 4884 6.94427 46
48 0 3208 3015 4888 6.94427 47
49 0 3196 3007 4892 2 48
