# Generated by NeuTu (https://github.com/janelia-flyem/NeuTu)
1 0 3501 3414 4870 6.94427 -1
2 0 3501 3402 4870 10 1
3 0 3505 3394 4878 6.94427 2
4 0 3517 3378 4882 6 3
5 0 3521 3374 4886 6 4
6 0 3521 3358 4886 6.94427 5
7 0 3521 3342 4886 6 6
8 0 3521 3330 4886 6 7
9 0 3521 3314 4886 6 8
10 0 3521 3298 4886 6.94427 9
11 0 3521 3290 4886 6 10
12 0 3525 3286 4890 6 11
13 0 3517 3266 4890 12.4222 12
14 0 3505 3246 4890 19.5407 13
15 0 3481 3230 4898 6 14
16 0 3473 3226 4902 2 15
17 0 3465 3226 4906 6 16
18 0 3449 3218 4922 6.94427 17
19 0 3441 3210 4930 3.65685 18
20 0 3437 3206 4934 3.65685 19
21 0 3429 3198 4946 6.94427 20
22 0 3413 3182 4958 6.94427 21
23 0 3405 3174 4966 6 22
24 0 3401 3170 4970 3.65685 23
25 0 3401 3162 4974 6.94427 24
26 0 3389 3146 4978 6.94427 25
27 0 3381 3130 4986 6 26
28 0 3377 3114 4986 6 27
29 0 3377 3098 4986 6 28
30 0 3377 3082 4986 6 29
31 0 3377 3066 4978 6.94427 30
32 0 3373 3050 4966 6.94427 31
33 0 3365 3034 4966 6.94427 32
34 0 3361 3026 4966 6.94427 33
35 0 3521 3226 4906 10.6491 14
36 0 3529 3218 4910 6.94427 35
37 0 3541 3210 4914 6 36
38 0 3549 3210 4914 6.94427 37
39 0 3553 3226 4914 6 38
