# Generated by NeuTu (https://github.com/janelia-flyem/NeuTu)
1 0 3132 3176 4910 9.31371 -1
2 0 3144 3180 4902 10 1
3 0 3156 3188 4898 6 2
4 0 3160 3192 4894 6 3
5 0 3160 3208 4894 6 4
6 0 3160 3224 4898 6 5
7 0 3160 3240 4898 6 6
8 0 3160 3248 4898 6 7
9 0 3164 3256 4906 3.65685 8
10 0 3164 3260 4910 3.65685 9
11 0 3168 3264 4914 6 10
12 0 3176 3264 4922 2 11
13 0 3184 3264 4930 6 12
14 0 3184 3264 4938 6 13
15 0 3180 3268 4942 6 14
16 0 3180 3268 4954 2 15
17 0 3176 3268 4958 3.65685 16
18 0 3176 3268 4966 3.65685 17
19 0 3176 3268 4974 6 18
