# Generated by NeuTu (https://github.com/janelia-flyem/NeuTu)
1 0 3539 3556 4986 2 -1
2 0 3535 3556 4986 2 1
3 0 3531 3556 4986 2 2
4 0 3523 3560 4990 6 3
5 0 3515 3560 4990 6.94427 4
6 0 3499 3544 4994 6.94427 5
7 0 3495 3536 4998 6 6
8 0 3479 3532 5010 6 7
9 0 3459 3516 5018 10 8
10 0 3439 3508 5026 9.31371 9
11 0 3419 3496 5022 6.94427 10
12 0 3403 3480 5022 6.94427 11
13 0 3395 3472 5018 10.6491 12
14 0 3379 3444 5018 10.6491 13
15 0 3375 3436 5026 9.31371 14
16 0 3367 3412 5046 14.4924 15
17 0 3363 3392 5046 14.9706 16
18 2 3345.36 3360.25 5053.05 26.8685 17
19 2 3329.81 3332.92 5063.89 33.2099 18
20 2 3327 3312 5074 28.7599 19
21 0 3327 3296 5082 23.2982 20
22 2 3327 3265.4 5088.2 8.88999 21
23 0 3327 3252 5098 6 22
24 0 3327 3244 5106 10 23
25 0 3331 3220 5118 9.31371 24
26 0 3331 3196 5126 12.4222 25
27 2 3310.51 3153.37 5142.49 31.109 26
28 0 3316.22 3080.96 5168.91 35.088 27
29 0 3347 3040 5174 10 28
30 0 3363 3024 5186 9.31371 29
31 0 3371 3020 5190 6 30
32 0 3379 3020 5190 6.94427 31
33 0 3391 3008 5194 14 32
34 0 3407 3000 5202 12.4222 33
35 0 3419 2992 5206 6.94427 34
36 0 3435 2988 5210 6.94427 35
37 0 3447 2984 5214 6 36
38 0 3455 2984 5214 6 37
39 0 3467 2984 5218 10 38
40 0 3491 2980 5218 10.6491 39
41 0 3515 2968 5226 6.94427 40
42 0 3531 2952 5226 6.94427 41
43 0 3543 2948 5222 6 42
44 0 3551 2948 5222 6 43
45 0 3563 2944 5222 10 44
46 0 3599 2928 5230 12.4222 45
47 0 3615 2912 5230 9.31371 46
48 0 3631 2896 5234 9.31371 47
49 0 3655 2876 5242 9.31371 48
50 0 3671 2864 5242 9.31371 49
51 0 3683 2860 5242 6.94427 50
52 0 3699 2852 5242 10 51
53 0 3723 2848 5242 12.4222 52
54 0 3739 2840 5250 10 53
55 0 3759 2824 5246 9.31371 54
56 0 3771 2820 5246 10 55
57 0 3783 2812 5246 6.94427 56
58 0 3799 2804 5242 9.31371 57
59 0 3815 2792 5250 6.94427 58
60 0 3831 2776 5250 6.94427 59
61 0 3839 2768 5250 6.94427 60
62 0 3851 2756 5254 12.4222 61
63 0 3871 2740 5262 9.31371 62
64 0 3887 2724 5266 6.94427 63
65 0 3903 2708 5270 6.94427 64
66 0 3911 2704 5278 9.31371 65
67 0 3944.33 2688 5278 13.6298 66
68 0 3979 2700 5278 14 67
69 0 4031 2708 5270 26.8444 68
70 0 4058.63 2748.31 5242.37 28.7165 69
71 0 4075 2800 5242 6.94427 70
72 0 4079 2820 5242 6 71
73 0 4079 2828 5238 6 72
74 0 4095 2852 5222 12.4222 73
75 0 4111 2872 5222 12.4222 74
76 0 4127 2888 5222 9.31371 75
77 0 4143 2904 5214 10 76
78 0 4162.04 2920.55 5198 12.2213 77
79 0 4179 2952 5202 9.31371 78
80 0 4203 2976 5202 10 79
81 0 4215 2988 5202 14 80
82 0 4247 3004 5198 34 81
83 0 4299 3004 5214 12.4222 82
84 0 4311 3000 5222 3.65685 83
85 0 4315 2996 5222 2 84
86 0 4139 2928 5182 6 78
87 0 4131 2928 5182 6 86
88 0 4119 2928 5174 10 87
89 0 4107 2924 5166 6.94427 88
90 0 4115 2740 5222 12.4222 70
91 0 4131 2748 5222 2 90
92 0 3943 2664 5266 10 67
93 0 3931 2648 5254 6 92
94 0 3931 2648 5246 3.65685 93
95 0 3927 2648 5238 3.65685 94
96 0 3927 2648 5234 2 95
97 0 3923 2644 5230 2 96
98 0 3267 3048 5178 18 28
99 0 3231 3048 5174 12.4222 98
100 0 3203 3048 5170 9.31371 99
101 0 3187 3064 5166 6.94427 100
102 0 3183 3072 5166 6 101
103 0 3323 3192 5154 21.3238 27
104 0 3327 3216 5150 6 103
105 0 3335 3224 5146 2 104
106 0 3335 3228 5146 2 105
107 0 3343 3264 5066 10 22
108 0 3371 3244 5070 6.94427 107
109 0 3347 3300 5114 14 21
110 0 3355 3288 5126 6 109
111 0 3359 3276 5138 6.94427 110
112 0 3343 3344 5082 27.1204 20
113 0 3363 3364 5094 14.9706 112
114 0 3379 3360 5102 6.94427 113
115 0 3379 3352 5110 6 114
116 0 3315 3372 5038 23.6125 19
117 0 3323 3396 5034 12.4222 116
118 0 3343 3408 5070 10.6491 18
119 0 3343 3416 5062 10 118
