# Generated by NeuTu (https://github.com/janelia-flyem/NeuTu)
1 0 3387 3572 4532 2 -1
2 0 3391 3568 4532 3.65685 1
3 0 3407 3560 4536 9.31371 2
4 0 3415 3544 4552 6.94427 3
5 0 3427 3544 4560 6.94427 4
6 0 3443 3544 4564 6.94427 5
7 0 3447 3552 4572 6 6
8 0 3451 3572 4572 6.94427 7
9 0 3463 3584 4556 6 8
10 0 3471 3592 4552 6 9
11 0 3479 3600 4540 6 10
12 0 3487 3604 4532 6.94427 11
13 0 3487 3604 4520 2 12
14 0 3487 3604 4512 6.94427 13
15 0 3487 3604 4504 3.65685 14
16 0 3483 3608 4500 3.65685 15
17 0 3479 3608 4500 2 16
18 0 3475 3608 4500 2 17
19 0 3399 3528 4556 6 4
20 0 3383 3524 4552 6 19
