# Generated by NeuTu (https://github.com/janelia-flyem/NeuTu)
1 0 3501 3616 4505 2 -1
2 0 3501 3620 4509 3.65685 1
3 0 3501 3624 4513 3.65685 2
4 0 3501 3632 4521 6 3
5 0 3509 3648 4533 6 4
6 0 3513 3660 4545 6 5
7 0 3517 3668 4553 6 6
8 0 3517 3676 4553 3.65685 7
9 0 3513 3684 4553 6 8
10 0 3513 3700 4553 6 9
11 0 3513 3716 4553 6 10
12 0 3513 3732 4549 6 11
13 0 3509 3748 4545 6 12
14 0 3509 3756 4545 6 13
15 0 3505 3760 4549 6 14
16 0 3497 3768 4549 3.65685 15
17 0 3493 3772 4553 6 16
18 0 3485 3776 4557 6 17
19 0 3485 3788 4573 6 18
20 0 3489 3796 4581 6.94427 19
21 0 3497 3808 4585 2 20
22 0 3497 3812 4585 3.65685 21
23 0 3501 3816 4585 2 22
24 0 3501 3820 4585 2 23
