# Generated by NeuTu (https://github.com/janelia-flyem/NeuTu)
1 0 3611 3680 4551 2 -1
2 0 3611 3676 4551 2 1
3 0 3607 3672 4551 3.65685 2
4 0 3603 3668 4547 6 3
5 0 3595 3664 4543 6 4
6 0 3587 3660 4543 3.65685 5
7 0 3571 3648 4543 6.94427 6
8 0 3547 3644 4543 10 7
9 0 3527 3644 4543 10 8
10 0 3515 3644 4543 10 9
11 0 3511 3660 4555 6.94427 10
12 0 3503 3684 4559 9.31371 11
13 0 3495 3692 4563 6.94427 12
14 0 3479 3704 4559 9.31371 13
15 0 3471 3712 4559 6.94427 14
16 0 3463 3720 4555 9.31371 15
17 0 3447 3728 4543 3.65685 16
18 0 3447 3728 4535 6 17
19 0 3439 3728 4523 6 18
