# Generated by NeuTu (https://github.com/janelia-flyem/NeuTu)
1 0 3520 3704 4914 6 -1
2 0 3524 3712 4898 6.94427 1
3 0 3532 3716 4890 6 2
4 0 3548 3724 4878 10.6491 3
5 0 3560 3732 4878 6.94427 4
6 0 3568 3740 4878 6.94427 5
7 0 3588 3736 4878 6.94427 6
8 0 3596 3724 4886 6.94427 7
9 0 3612 3720 4886 9.31371 8
10 0 3624 3712 4890 6.94427 9
11 0 3628 3704 4898 10 10
12 0 3632 3680 4914 6 11
13 0 3632 3664 4918 6.94427 12
14 2 3646.12 3645.88 4935.18 11.8523 13
15 0 3668 3644 4958 14.9706 14
16 2 3687 3644 4977 20.3446 15
17 0 3708 3636 4982 9.31371 16
18 0 3720 3632 4978 6.94427 17
19 0 3728 3624 4978 9.31371 18
20 2 3755.4 3620.2 4978 12.2668 19
21 0 3768 3620 4982 6.94427 20
22 0 3776 3620 4982 6.94427 21
23 0 3796 3632 4994 6 22
24 0 3800 3636 4998 3.65685 23
25 0 3808 3640 5002 6.94427 24
26 0 3828 3648 4998 6 25
27 0 3836 3656 4998 3.65685 26
28 0 3840 3660 4998 3.65685 27
29 0 3844 3668 4998 6 28
30 0 3852 3680 4990 6.94427 29
31 0 3864 3688 4990 6.94427 30
32 0 3884 3704 4990 9.31371 31
33 0 3892 3712 4986 10 32
34 0 3900 3732 4986 6 33
35 0 3904 3740 4986 6 34
36 0 3908 3752 4994 6.94427 35
37 0 3904 3768 5002 6 36
38 0 3904 3784 5002 6 37
39 0 3904 3800 5002 6 38
40 0 3896 3816 5002 9.31371 39
41 0 3884 3832 5002 6.94427 40
42 0 3880 3840 5002 6.94427 41
43 0 3876 3848 5002 3.65685 42
44 0 3868 3856 5002 3.65685 43
45 0 3860 3864 5002 3.65685 44
46 0 3856 3872 4998 9.31371 45
47 0 3852 3872 4986 9.31371 46
48 0 3844 3872 4978 3.65685 47
49 0 3840 3872 4978 2 48
50 0 3744 3596 4966 9.31371 20
51 0 3736 3588 4966 6.94427 50
52 0 3692 3676 4958 9.31371 16
53 0 3696 3688 4958 6 52
54 0 3700 3704 4958 6 53
55 0 3696 3720 4954 6 54
56 0 3696 3732 4942 6.94427 55
57 0 3712 3748 4938 6.94427 56
58 0 3720 3756 4930 6.94427 57
59 0 3736 3768 4930 6 58
60 0 3744 3768 4930 6 59
61 0 3628 3628 4930 6 14
62 0 3620 3608 4930 6 61
63 0 3616 3600 4930 3.65685 62
64 0 3612 3596 4930 3.65685 63
65 0 3604 3588 4930 6.94427 64
66 0 3604 3580 4938 10 65
67 0 3588 3568 4950 6.94427 66
68 0 3580 3556 4958 6 67
69 0 3576 3548 4966 6.94427 68
70 0 3580 3540 4966 6.94427 69
71 0 3596 3524 4970 12.4222 70
72 0 3604 3512 4978 6 71
