# Generated by NeuTu (https://github.com/janelia-flyem/NeuTu)
1 0 3773 2098 4504 6 -1
2 0 3777 2098 4512 6 1
3 0 3785 2098 4520 10 2
4 0 3801 2106 4536 6.94427 3
5 0 3813 2114 4544 3.65685 4
6 0 3821 2114 4548 6 5
7 0 3833 2118 4556 6 6
8 0 3833 2122 4572 6 7
9 0 3845 2126 4584 6 8
10 0 3861 2130 4596 6 9
11 0 3877 2130 4608 6 10
12 0 3881 2138 4620 6 11
13 0 3881 2138 4628 6 12
14 0 3889 2146 4640 6 13
15 0 3897 2154 4644 9.31371 14
16 0 3913 2174 4644 6.94427 15
17 0 3925 2190 4652 6.94427 16
18 0 3933 2202 4652 6 17
19 0 3941 2206 4652 2 18
20 0 3945 2206 4652 2 19
