# Generated by NeuTu (https://github.com/janelia-flyem/NeuTu)
1 0 3784 1927 4779 2 -1
2 0 3780 1927 4779 2 1
3 0 3776 1931 4783 6 2
4 0 3768 1939 4779 10 3
5 0 3764 1951 4775 6.94427 4
6 0 3756 1971 4763 6 5
7 0 3748 1983 4751 6 6
8 0 3748 1995 4735 6 7
9 0 3744 1995 4719 9.31371 8
10 0 3736 1991 4711 6 9
11 0 3724 1987 4695 6 10
12 2 3714.67 1988.33 4682.33 9.33333 11
13 0 3708 1995 4679 6 12
14 0 3696 2007 4679 6 13
15 0 3680 2015 4671 6 14
16 0 3672 2023 4659 6 15
17 0 3668 2035 4639 6 16
18 0 3664 2039 4623 6 17
19 0 3652 2039 4611 6 18
20 0 3644 2039 4595 6 19
21 0 3636 2043 4587 3.65685 20
22 0 3632 2043 4583 3.65685 21
23 0 3628 2039 4579 6 22
24 0 3632 2031 4563 6 23
25 0 3632 2031 4555 3.65685 24
26 0 3632 2027 4551 2 25
27 0 3632 2027 4547 2 26
28 0 3712 1975 4663 6 12
29 0 3708 1967 4655 6 28
30 0 3700 1959 4647 6 29
31 0 3696 1955 4643 6 30
32 0 3692 1951 4639 3.65685 31
33 0 3688 1951 4635 3.65685 32
34 0 3684 1955 4631 2 33
