# Generated by NeuTu (https://github.com/janelia-flyem/NeuTu)
1 0 3746 2223 4652 2 -1
2 0 3750 2223 4656 2 1
3 0 3754 2227 4660 6 2
4 0 3754 2235 4664 6 3
5 0 3754 2247 4660 6 4
6 0 3750 2263 4652 6 5
7 0 3746 2275 4644 6.94427 6
8 2 3739.17 2275 4637.17 6.13829 7
9 0 3738 2263 4628 6 8
10 0 3738 2251 4624 6 9
11 0 3742 2247 4620 6 10
12 0 3746 2251 4608 9.31371 11
13 0 3754 2263 4596 9.31371 12
14 0 3762 2271 4588 6 13
15 0 3770 2271 4576 6.94427 14
16 0 3766 2259 4560 6.94427 15
17 0 3766 2247 4548 6 16
18 0 3774 2239 4536 6 17
19 0 3778 2235 4532 2 18
20 0 3782 2235 4532 2 19
21 0 3734 2295 4640 6 8
22 0 3730 2307 4640 6 21
23 0 3726 2315 4644 6 22
24 0 3722 2327 4644 3.65685 23
25 0 3722 2331 4640 2 24
