# Generated by NeuTu (https://github.com/janelia-flyem/NeuTu)
1 0 3847 2370 4815 2 -1
2 0 3851 2366 4815 3.65685 1
3 0 3859 2358 4811 6.94427 2
4 0 3863 2342 4811 6 3
5 0 3859 2334 4811 6.94427 4
6 0 3855 2330 4819 2 5
7 0 3855 2330 4827 6 6
8 0 3847 2322 4835 6 7
9 0 3827 2306 4851 9.31371 8
10 0 3807 2290 4855 6.94427 9
11 0 3791 2282 4851 6 10
12 0 3775 2278 4851 6.94427 11
13 0 3759 2266 4839 6.94427 12
14 0 3747 2254 4839 6 13
15 0 3735 2238 4835 6 14
16 0 3735 2230 4835 6 15
17 0 3743 2222 4831 6 16
18 0 3755 2218 4819 6 17
19 0 3755 2214 4811 3.65685 18
20 0 3751 2210 4807 3.65685 19
21 0 3747 2206 4803 6 20
22 0 3739 2194 4795 6 21
23 0 3731 2178 4795 6.94427 22
24 0 3727 2170 4799 6 23
25 0 3727 2162 4799 3.65685 24
26 0 3723 2158 4803 2 25
