# Generated by NeuTu (https://github.com/janelia-flyem/NeuTu)
1 0 3794 2074 4839 6 -1
2 0 3810 2074 4835 6 1
3 0 3826 2074 4835 6 2
4 0 3838 2082 4827 6 3
5 0 3854 2098 4823 6 4
6 0 3870 2118 4827 6 5
7 0 3878 2126 4839 6 6
8 0 3882 2130 4843 6 7
9 0 3902 2134 4867 14.4924 8
10 0 3902 2130 4887 6 9
11 0 3902 2138 4895 6 10
12 0 3906 2138 4907 9.31371 11
13 0 3918 2138 4927 3.65685 12
14 0 3926 2134 4935 6 13
15 0 3934 2134 4935 6 14
16 0 3946 2134 4939 9.31371 15
17 0 3962 2150 4943 6.94427 16
18 0 3974 2154 4947 10 17
19 0 4002 2158 4951 6.94427 18
20 0 4018 2174 4951 6.94427 19
21 0 4030 2190 4955 6.94427 20
22 0 4046 2206 4955 6.94427 21
23 0 4054 2214 4959 6.94427 22
24 0 4054 2230 4959 6 23
25 0 4054 2242 4959 9.31371 24
26 0 4062 2270 4967 9.31371 25
27 0 4070 2286 4979 6 26
