# Generated by NeuTu (https://github.com/janelia-flyem/NeuTu)
1 0 4047 2063 4820 2 -1
2 0 4043 2067 4820 3.65685 1
3 0 4035 2071 4820 6 2
4 0 4027 2075 4832 6 3
5 0 4023 2075 4840 3.65685 4
6 0 4023 2071 4844 3.65685 5
7 0 4015 2075 4864 9.31371 6
8 0 4027 2059 4872 6 7
9 0 4027 2043 4872 6.94427 8
10 0 4027 2027 4864 6 9
11 0 4027 2019 4856 6 10
12 0 4031 2011 4856 3.65685 11
13 0 4035 2007 4852 2 12
14 0 4031 1995 4852 6.94427 13
15 0 4035 1975 4856 6.94427 14
16 0 4039 1963 4852 6 15
17 0 3999 2055 4864 6 7
18 0 3999 2047 4868 3.65685 17
19 0 3999 2043 4872 3.65685 18
20 0 4003 2039 4876 3.65685 19
21 0 4003 2035 4880 3.65685 20
22 0 4007 2031 4884 3.65685 21
23 0 4007 2027 4888 3.65685 22
24 0 4011 2027 4892 2 23
