# Generated by NeuTu (https://github.com/janelia-flyem/NeuTu)
1 0 3907 1991 4883 2 -1
2 0 3903 1987 4883 2 1
3 0 3895 1979 4883 6.94427 2
4 0 3883 1963 4883 6 3
5 0 3871 1947 4879 6.94427 4
6 0 3859 1939 4875 6.94427 5
7 0 3847 1935 4875 6 6
8 0 3835 1931 4887 6 7
9 0 3827 1935 4891 9.31371 8
10 0 3815 1939 4895 6.94427 9
11 0 3795 1955 4891 6.94427 10
12 0 3763 1967 4887 9.31371 11
13 0 3751 1971 4883 6.94427 12
14 0 3747 1979 4875 3.65685 13
15 0 3743 1983 4871 3.65685 14
16 0 3743 1987 4871 3.65685 15
17 0 3747 1991 4867 2 16
