# Generated by NeuTu (https://github.com/janelia-flyem/NeuTu)
1 0 3998 2850 4921 2 -1
2 0 3994 2838 4925 9.31371 1
3 0 3990 2830 4933 9.31371 2
4 0 3986 2822 4937 6 3
5 0 3986 2814 4941 6 4
6 0 3982 2806 4945 3.65685 5
7 0 3982 2802 4945 2 6
8 0 3982 2794 4949 6 7
9 0 3978 2786 4957 6 8
10 0 3978 2770 4961 6 9
11 0 3974 2758 4969 6 10
12 0 3962 2746 4969 6 11
13 0 3946 2734 4965 6 12
14 0 3938 2714 4969 6 13
15 0 3934 2706 4969 6 14
16 0 3934 2698 4973 3.65685 15
17 0 3930 2694 4977 3.65685 16
18 0 3926 2690 4981 6 17
19 0 3926 2678 4993 6 18
20 0 3926 2670 4997 6.94427 19
21 0 3930 2658 4997 2 20
