# Generated by NeuTu (https://github.com/janelia-flyem/NeuTu)
1 0 3891 2831 4751 2 -1
2 0 3895 2827 4751 2 1
3 0 3903 2819 4755 6 2
4 0 3907 2811 4755 3.65685 3
5 0 3915 2803 4755 6.94427 4
6 0 3927 2795 4759 6.94427 5
7 0 3943 2795 4759 6.94427 6
8 0 3951 2803 4759 6.94427 7
9 0 3963 2807 4755 10 8
10 0 3975 2803 4751 6 9
11 0 3987 2803 4747 6 10
12 0 4011 2807 4747 9.31371 11
13 0 4035 2799 4743 6 12
14 0 4051 2799 4743 6 13
15 0 4067 2795 4751 6.94427 14
16 0 4083 2791 4763 6 15
17 0 4099 2783 4767 6 16
18 0 4107 2775 4771 3.65685 17
19 0 4111 2771 4771 2 18
