# Generated by NeuTu (https://github.com/janelia-flyem/NeuTu)
1 0 3943 3178 4833 10.6491 -1
2 0 3955 3194 4837 6 1
3 0 3955 3206 4837 9.31371 2
4 0 3947 3214 4849 6 3
5 0 3943 3222 4869 10 4
6 0 3939 3222 4881 6.94427 5
7 0 3927 3218 4893 6.94427 6
8 0 3919 3210 4901 6 7
9 0 3907 3202 4901 6.94427 8
10 0 3891 3190 4905 6.94427 9
11 0 3875 3182 4905 9.31371 10
12 0 3867 3162 4905 9.31371 11
13 0 3871 3142 4901 6 12
14 0 3867 3122 4901 6.94427 13
15 0 3867 3110 4905 9.31371 14
16 0 3863 3102 4909 6 15
17 0 3863 3094 4917 6 16
18 0 3855 3078 4917 6 17
19 0 3855 3062 4917 6 18
20 0 3855 3046 4909 6 19
21 0 3855 3030 4909 6 20
22 0 3855 3022 4909 6 21
23 0 3851 3018 4905 6 22
24 0 3851 3002 4905 6 23
25 0 3851 2986 4901 6 24
26 0 3859 2974 4893 6.94427 25
27 0 3867 2962 4889 6 26
28 0 3863 2958 4881 6 27
29 0 3875 2954 4877 6.94427 28
30 0 3895 2954 4873 6.94427 29
31 0 3911 2942 4861 6.94427 30
32 0 3919 2934 4853 6 31
33 0 3927 2930 4845 9.31371 32
34 0 3935 2934 4837 6.94427 33
35 0 3951 2950 4833 9.31371 34
36 0 3947 2962 4841 2 35
37 0 3947 2966 4845 3.65685 36
38 0 3955 2978 4845 9.31371 37
39 0 3955 2990 4841 6 38
40 0 3955 3002 4833 6 39
41 0 3951 3018 4833 6 40
42 0 3951 3034 4833 6.94427 41
43 0 3947 3054 4833 6 42
44 0 3951 3062 4825 6 43
45 0 3951 3070 4825 6 44
46 0 3951 3078 4825 3.65685 45
47 0 3955 3086 4825 6 46
48 0 3955 3102 4821 6.94427 47
49 0 3955 3122 4821 6 48
50 0 3955 3130 4821 6.94427 49
51 0 3947 3138 4825 10 50
52 0 3951 3150 4829 3.65685 51
53 0 3951 3154 4833 3.65685 52
54 0 3955 3158 4837 2 53
