# Generated by NeuTu (https://github.com/janelia-flyem/NeuTu)
1 0 3951 2755 4875 2 -1
2 0 3951 2759 4875 2 1
3 0 3955 2767 4871 6.94427 2
4 0 3967 2787 4879 6.94427 3
5 0 3967 2811 4891 6 4
6 0 3967 2827 4903 6 5
7 0 3971 2843 4911 6 6
8 0 3975 2847 4915 3.65685 7
9 0 3979 2851 4915 3.65685 8
10 0 3987 2859 4915 6 9
11 0 3995 2863 4919 9.31371 10
12 0 4003 2867 4923 6 11
13 0 4015 2871 4931 6 12
14 0 4023 2875 4939 6 13
15 0 4023 2895 4943 6.94427 14
16 0 4023 2903 4943 6.94427 15
17 0 4035 2915 4951 6 16
18 0 4035 2915 4959 3.65685 17
19 0 4035 2915 4967 6 18
20 0 4035 2923 4975 6 19
21 0 4039 2931 4983 3.65685 20
22 0 4039 2935 4987 3.65685 21
23 0 4043 2939 4991 3.65685 22
24 2 4049.89 2945.89 4997.89 6.48681 23
25 0 4059 2955 5007 6 24
26 0 4063 2971 5011 6 25
27 0 4071 2983 5023 6 26
28 0 4083 2991 5023 6.94427 27
29 0 4095 2999 5027 6 28
30 0 4103 2999 5031 6 29
31 0 4115 3007 5031 6.94427 30
32 0 4123 3019 5027 6 31
33 0 4135 3035 5031 6.94427 32
34 0 4151 3051 5031 3.65685 33
35 2 4158 3058 5031 5.70711 34
36 0 4167 3063 5035 6 35
37 0 4179 3067 5035 3.65685 36
38 0 4199 3079 5035 9.31371 37
39 0 4215 3095 5039 9.31371 38
40 0 4223 3099 5043 6 39
41 0 4159 3047 5015 6.94427 35
42 0 4159 3039 5011 6 41
43 0 4163 3035 5007 2 42
44 0 4167 3031 5003 3.65685 43
45 0 4171 3031 5003 2 44
46 0 4175 3031 5003 2 45
47 0 4051 2923 5011 6 24
48 0 4047 2907 5011 6 47
49 0 4047 2891 5015 6 48
50 0 4043 2883 5007 6 49
51 0 4039 2879 5003 2 50
52 0 4035 2879 5003 2 51
