# Generated by NeuTu (https://github.com/janelia-flyem/NeuTu)
1 0 3642 3016 4998 6 -1
2 0 3642 3020 4982 6.94427 1
3 0 3642 3024 4966 6 2
4 0 3646 3028 4950 6 3
5 0 3650 3032 4934 9.31371 4
6 0 3650 3040 4926 10 5
7 0 3650 3048 4918 6.94427 6
8 0 3650 3060 4906 6 7
9 0 3650 3072 4898 6 8
10 0 3650 3088 4882 6 9
11 0 3646 3096 4874 6 10
12 0 3642 3108 4858 6 11
13 0 3642 3112 4850 3.65685 12
14 0 3642 3120 4842 3.65685 13
15 0 3642 3128 4834 6 14
16 0 3638 3136 4826 6 15
17 0 3638 3136 4818 6.94427 16
18 0 3638 3148 4802 6 17
19 0 3638 3156 4794 9.31371 18
20 0 3650 3168 4790 12.4222 19
21 0 3654 3180 4778 9.31371 20
22 0 3654 3192 4778 6 21
23 0 3654 3212 4778 6.94427 22
24 0 3670 3232 4766 6 23
25 0 3670 3236 4754 6 24
26 0 3674 3240 4750 3.65685 25
27 0 3674 3244 4742 6 26
28 0 3678 3248 4734 6 27
29 0 3678 3248 4722 6.94427 28
30 0 3682 3256 4710 6.94427 29
31 0 3686 3264 4702 6.94427 30
32 0 3686 3260 4686 3.65685 31
33 0 3686 3260 4678 3.65685 32
34 0 3686 3260 4670 3.65685 33
35 0 3690 3260 4662 6 34
36 0 3694 3260 4654 2 35
37 0 3694 3260 4650 3.65685 36
38 0 3694 3260 4642 3.65685 37
39 0 3694 3260 4634 3.65685 38
40 0 3694 3252 4626 6 39
41 0 3690 3240 4614 6 40
42 0 3678 3228 4598 9.31371 41
43 0 3678 3216 4582 6.94427 42
44 0 3674 3208 4574 2 43
45 0 3674 3208 4570 2 44
