# Generated by NeuTu (https://github.com/janelia-flyem/NeuTu)
1 0 4025 3329 4915 9.31371 -1
2 0 4021 3325 4903 6 1
3 0 4017 3321 4887 6.94427 2
4 0 4009 3325 4879 6 3
5 0 4013 3333 4871 2 4
6 0 4013 3341 4867 6 5
7 0 4017 3345 4863 6 6
8 0 4021 3353 4855 10 7
9 0 4033 3361 4847 3.65685 8
10 0 4041 3369 4847 6 9
11 0 4049 3373 4847 6 10
12 0 4061 3373 4835 6.94427 11
13 0 4069 3381 4835 6.94427 12
14 0 4073 3389 4831 3.65685 13
15 0 4077 3397 4827 6 14
16 0 4077 3405 4819 6.94427 15
17 0 4073 3409 4811 3.65685 16
18 0 4073 3409 4803 6 17
19 0 4073 3405 4795 6 18
20 0 4077 3401 4791 3.65685 19
21 0 4085 3405 4783 6 20
22 0 4093 3401 4767 6 21
23 0 4093 3397 4747 6 22
24 0 4093 3397 4739 3.65685 23
25 0 4089 3393 4735 2 24
