# Generated by NeuTu (https://github.com/janelia-flyem/NeuTu)
1 0 3816 3044 4842 6 -1
2 0 3816 3044 4826 6 1
3 0 3808 3052 4818 6 2
4 0 3804 3064 4806 6.94427 3
5 0 3800 3072 4798 6 4
6 2 3792 3081.2 4789.6 9.6 5
7 0 3792 3100 4786 3.65685 6
8 0 3788 3108 4786 6 7
9 0 3792 3116 4782 6.94427 8
10 0 3792 3136 4778 6 9
11 0 3804 3152 4774 9.31371 10
12 0 3804 3164 4770 6 11
13 0 3804 3172 4770 6 12
14 0 3808 3176 4766 6 13
15 0 3812 3184 4770 6 14
16 0 3820 3200 4766 6 15
17 0 3820 3216 4766 6 16
18 0 3824 3232 4770 6 17
19 0 3832 3244 4778 6 18
20 0 3840 3256 4790 6 19
21 0 3844 3260 4794 6 20
22 0 3856 3260 4794 6.94427 21
23 0 3864 3256 4802 9.31371 22
24 0 3872 3236 4806 6 23
25 0 3876 3228 4806 6 24
26 0 3768 3076 4782 6 6
27 0 3752 3072 4782 6.94427 26
