# Generated by NeuTu (https://github.com/janelia-flyem/NeuTu)
1 0 3983 2927 4825 2 -1
2 0 3987 2939 4825 6.94427 1
3 0 3991 2951 4821 10.6491 2
4 0 4007 2967 4809 6 3
5 0 4015 2975 4801 6 4
6 0 4019 2983 4789 6 5
7 0 4019 2991 4773 6 6
8 0 4007 2987 4765 6 7
9 0 3999 2971 4765 6 8
10 0 3983 2967 4765 6 9
11 0 3971 2959 4765 6 10
12 0 3959 2955 4777 6 11
13 0 3943 2955 4781 6 12
14 0 3927 2955 4781 6 13
15 0 3907 2947 4781 6.94427 14
16 0 3891 2943 4781 6 15
17 0 3883 2943 4785 6 16
18 0 3879 2951 4793 6.94427 17
