# Generated by NeuTu (https://github.com/janelia-flyem/NeuTu)
1 0 4006 3663 5032 6 -1
2 0 4014 3675 5032 14 1
3 0 4014 3707 5016 18 2
4 2 4002.61 3717.85 4984.61 16.459 3
5 0 3978 3723 4964 10.6491 4
6 0 3966 3723 4960 10.6491 5
7 0 3954 3719 4956 6.94427 6
8 0 3946 3719 4948 10 7
9 0 3924.4 3720.07 4939.47 7.67629 8
10 0 3902 3739 4932 14.9706 9
11 0 3870 3743 4936 6 10
12 0 3858 3743 4936 9.31371 11
13 0 3842 3759 4932 12.4222 12
14 0 3830 3759 4928 6.94427 13
15 0 3806 3771 4924 9.31371 14
16 0 3786 3783 4912 9.31371 15
17 0 3770 3787 4920 10.6491 16
18 0 3758 3795 4920 6 17
19 0 3914 3699 4936 6 9
20 0 3914 3691 4936 6 19
21 0 3918 3683 4932 3.65685 20
22 0 3918 3675 4928 6 21
23 0 3922 3667 4920 2 22
24 0 3922 3663 4920 2 23
25 0 4018 3747 4988 10.6491 4
26 0 4042 3763 4992 12.4222 25
27 0 4046 3775 4996 3.65685 26
28 0 4046 3779 4996 2 27
