# Generated by NeuTu (https://github.com/janelia-flyem/NeuTu)
1 0 4013 3652 4792 2 -1
2 0 4013 3648 4792 2 1
3 0 4009 3644 4792 3.65685 2
4 0 4005 3640 4788 2 3
5 0 4005 3636 4788 3.65685 4
6 0 4005 3632 4788 3.65685 5
7 0 4001 3628 4784 6 6
8 0 3997 3624 4780 3.65685 7
9 0 3989 3604 4776 12.4222 8
10 0 3973 3584 4772 9.31371 9
11 0 3957 3564 4772 10.6491 10
12 0 3949 3552 4780 9.31371 11
13 0 3945 3544 4784 3.65685 12
14 0 3941 3540 4784 3.65685 13
15 0 3933 3532 4788 6.94427 14
16 0 3921 3516 4788 10 15
17 0 3909 3516 4792 6 16
18 0 3893 3512 4792 6.94427 17
19 0 3885 3508 4784 6.94427 18
20 0 3873 3504 4784 9.31371 19
21 0 3857 3496 4776 3.65685 20
22 0 3853 3496 4776 3.65685 21
23 0 3849 3496 4776 2 22
