# Generated by NeuTu (https://github.com/janelia-flyem/NeuTu)
1 0 4478 2588 4895 6 -1
2 0 4474 2576 4903 9.31371 1
3 0 4478 2568 4915 6.94427 2
4 0 4494 2580 4927 9.31371 3
5 0 4514 2584 4927 10 4
6 0 4538 2588 4927 10 5
7 0 4550 2592 4931 6 6
8 0 4574 2613.44 4943.08 14 7
9 0 4572.11 2624.63 4952.89 13.3684 8
10 0 4562 2628 4963 10 9
11 0 4522 2628 4975 23.6125 10
12 2 4503.13 2605.35 4971.23 19.7705 11
13 0 4502 2572 4967 19.5407 12
14 0 4494 2532.92 4999.62 13.3932 13
15 0 4506 2504 5011 6 14
16 0 4510 2492 5007 6 15
17 0 4514 2484 5007 6 16
18 2 4518 2466 5003 10.4265 17
19 0 4514 2448 4999 14 18
20 0 4518 2432 4995 6.94427 19
21 0 4534 2416 4995 9.31371 20
22 0 4550 2400 4987 18 21
23 0 4566 2400 4971 9.31371 22
24 0 4562 2392 4959 12.4222 23
25 0 4542 2468 4999 6.94427 18
26 0 4558 2472 4999 6.94427 25
27 0 4574 2468 4999 6 26
28 0 4482 2552 5007 6.94427 14
29 0 4482 2568 5003 9.31371 28
30 0 4478 2576 4995 10 29
31 0 4506 2604 4995 14 12
32 0 4478 2628 5007 9.31371 31
33 0 4594 2628 4967 10 9
34 0 4602 2636 4971 10 33
35 0 4598 2652 4987 6 34
36 0 4598 2660 4995 6.94427 35
37 0 4602 2672 4995 2 36
38 0 4598 2604 4943 14 8
39 0 4602 2592 4935 6.94427 38
40 0 4606 2580 4931 6 39
41 0 4606 2564 4931 6 40
42 0 4606 2556 4927 6 41
43 0 4606 2548 4923 3.65685 42
44 0 4610 2544 4923 2 43
45 0 4610 2540 4923 2 44
46 0 4610 2536 4923 2 45
