# Generated by NeuTu (https://github.com/janelia-flyem/NeuTu)
1 0 4493 2641 4584 6 -1
2 0 4497 2625 4580 6 1
3 0 4501 2617 4572 9.31371 2
4 0 4497 2597 4572 6 3
5 0 4481 2577 4560 10 4
6 0 4481 2565 4552 12.4222 5
7 0 4485 2537 4552 6 6
8 0 4489 2525 4544 6.94427 7
9 0 4489 2509 4544 6 8
10 0 4485 2497 4544 6 9
11 0 4481 2477 4540 6.94427 10
12 0 4473 2453 4552 6.94427 11
13 0 4469 2441 4560 6 12
14 0 4469 2425 4564 6.94427 13
15 0 4473 2413 4576 6.94427 14
16 0 4481 2405 4584 6 15
17 0 4481 2397 4588 6 16
18 0 4481 2389 4596 2 17
19 0 4481 2385 4596 2 18
20 0 4481 2381 4600 3.65685 19
21 0 4485 2365 4608 9.31371 20
