# Generated by NeuTu (https://github.com/janelia-flyem/NeuTu)
1 0 4456 2405 4727 6 -1
2 0 4448 2389 4719 9.31371 1
3 0 4440 2381 4715 10 2
4 0 4436 2353 4707 10 3
5 0 4436 2341 4707 6 4
6 0 4436 2325 4707 6 5
7 0 4432 2309 4707 6.94427 6
8 0 4432 2301 4707 6 7
9 0 4432 2285 4707 9.31371 8
10 0 4428 2269 4703 6.94427 9
11 0 4424 2253 4707 6.94427 10
12 0 4424 2237 4707 9.31371 11
13 0 4428 2229 4711 6 12
14 0 4428 2209 4711 6 13
15 0 4424 2201 4715 3.65685 14
16 0 4424 2197 4715 3.65685 15
17 0 4428 2193 4719 2 16
