# Generated by NeuTu (https://github.com/janelia-flyem/NeuTu)
1 0 4228 2609 5148 2 -1
2 0 4224 2609 5144 2 1
3 0 4220 2609 5144 2 2
4 0 4216 2613 5140 6 3
5 0 4200 2601 5128 9.31371 4
6 0 4192 2581 5128 6 5
7 0 4188 2577 5124 6 6
8 0 4188 2561 5120 6.94427 7
9 0 4184 2553 5120 6.94427 8
10 2 4187.6 2542.2 5120 6.94427 9
11 0 4212 2541 5100 6 10
12 0 4224 2537 5084 6 11
13 0 4224 2537 5076 6 12
14 0 4220 2529 5064 6 13
15 0 4216 2525 5056 6 14
16 0 4216 2521 5048 3.65685 15
17 0 4216 2517 5040 3.65685 16
18 0 4220 2513 5036 6 17
19 0 4224 2513 5028 6 18
20 0 4224 2521 5024 3.65685 19
21 0 4228 2529 5020 6 20
22 0 4232 2541 5016 6 21
23 0 4232 2553 5004 6 22
24 0 4236 2557 4980 6.94427 23
25 0 4240 2577 4960 6 24
26 0 4244 2585 4952 6 25
27 0 4248 2597 4940 6 26
28 0 4252 2601 4936 6 27
29 0 4256 2605 4932 3.65685 28
30 0 4260 2609 4932 3.65685 29
31 0 4268 2613 4932 6 30
32 0 4276 2617 4932 6 31
33 0 4284 2621 4932 3.65685 32
34 0 4292 2621 4936 6 33
35 0 4304 2629 4940 6 34
36 0 4312 2629 4944 3.65685 35
37 0 4316 2633 4944 2 36
38 0 4168 2533 5140 6 10
39 0 4164 2529 5144 6 38
40 0 4156 2521 5148 2 39
