# Generated by NeuTu (https://github.com/janelia-flyem/NeuTu)
1 0 4267 2561 4500 6 -1
2 0 4255 2565 4504 6 1
3 0 4243 2557 4512 9.31371 2
4 0 4227 2549 4524 9.31371 3
5 0 4227 2541 4532 6.94427 4
6 0 4227 2541 4540 3.65685 5
7 0 4231 2537 4548 6 6
8 0 4231 2541 4560 3.65685 7
9 0 4231 2541 4568 3.65685 8
10 0 4231 2541 4576 3.65685 9
11 0 4227 2541 4584 6.94427 10
12 0 4227 2549 4592 6 11
13 0 4227 2549 4600 3.65685 12
14 0 4227 2553 4604 3.65685 13
15 0 4235 2561 4612 3.65685 14
16 0 4239 2565 4616 3.65685 15
17 0 4243 2565 4624 6 16
18 0 4247 2573 4632 2 17
19 0 4247 2577 4636 2 18
20 0 4247 2581 4636 2 19
