# Generated by NeuTu (https://github.com/janelia-flyem/NeuTu)
1 0 4337 2526 4595 6 -1
2 0 4357 2518 4595 6.94427 1
3 0 4369 2514 4599 6 2
4 0 4385 2510 4619 6 3
5 0 4389 2510 4627 6 4
6 0 4389 2510 4635 3.65685 5
7 0 4393 2510 4643 3.65685 6
8 0 4393 2514 4647 2 7
9 0 4393 2514 4651 2 8
10 0 4393 2518 4663 6 9
11 0 4389 2522 4671 9.31371 10
12 0 4397 2530 4687 6 11
13 0 4401 2538 4695 6.94427 12
14 0 4397 2546 4703 6 13
15 0 4401 2558 4711 10 14
16 0 4401 2574 4719 6 15
17 0 4413 2582 4723 10 16
18 0 4441 2594 4723 6.94427 17
19 0 4457 2598 4723 6.94427 18
20 0 4465 2606 4723 6.94427 19
21 0 4473 2614 4715 6.94427 20
22 0 4473 2626 4699 6.94427 21
23 0 4461 2634 4687 6 22
24 0 4449 2646 4675 9.31371 23
25 0 4445 2654 4671 6 24
26 0 4441 2666 4659 9.31371 25
27 0 4429 2670 4655 6.94427 26
28 0 4421 2678 4655 9.31371 27
29 0 4421 2690 4647 6 28
30 0 4405 2710 4635 10 29
31 0 4397 2714 4627 3.65685 30
32 0 4393 2710 4623 2 31
33 0 4409 2566 4743 6 17
34 0 4397 2546 4759 9.31371 33
