# Generated by NeuTu (https://github.com/janelia-flyem/NeuTu)
1 0 4393 2698 4606 6 -1
2 0 4409 2702 4602 6 1
3 0 4417 2702 4598 3.65685 2
4 0 4421 2698 4594 6 3
5 0 4437 2698 4594 6 4
6 0 4445 2698 4594 6 5
7 0 4457 2702 4594 9.31371 6
8 0 4477 2710 4594 6.94427 7
9 0 4497 2722 4598 6 8
10 0 4501 2726 4602 3.65685 9
11 0 4509 2734 4606 6.94427 10
12 0 4517 2742 4614 9.31371 11
13 0 4521 2750 4622 6 12
14 0 4521 2766 4626 6 13
15 0 4521 2782 4630 6 14
16 0 4529 2786 4642 6 15
17 0 4525 2782 4654 9.31371 16
18 0 4517 2778 4666 6.94427 17
19 0 4501 2774 4670 6.94427 18
20 0 4493 2782 4670 3.65685 19
21 0 4489 2790 4674 6 20
22 0 4489 2798 4674 6 21
23 0 4493 2802 4678 3.65685 22
24 0 4493 2806 4678 3.65685 23
25 0 4493 2810 4682 2 24
