# Generated by NeuTu (https://github.com/janelia-flyem/NeuTu)
1 0 4505 2612 4604 2 -1
2 0 4509 2612 4608 3.65685 1
3 0 4513 2608 4612 6 2
4 0 4509 2604 4624 10 3
5 0 4505 2592 4640 9.31371 4
6 0 4501 2572 4644 6.94427 5
7 0 4501 2560 4652 10.6491 6
8 0 4497 2540 4664 10 7
9 0 4497 2528 4668 6 8
10 0 4497 2520 4668 6 9
11 0 4501 2508 4672 10 10
12 0 4501 2500 4680 10 11
13 0 4505 2492 4688 6 12
14 0 4513 2484 4696 6.94427 13
15 0 4517 2476 4704 9.31371 14
16 0 4521 2468 4708 6 15
17 0 4521 2460 4712 6 16
