# Generated by NeuTu (https://github.com/janelia-flyem/NeuTu)
1 0 4472 2579 4875 2 -1
2 0 4468 2575 4875 3.65685 1
3 0 4464 2567 4883 9.31371 2
4 0 4460 2555 4887 6 3
5 0 4456 2539 4887 6 4
6 0 4448 2519 4879 6 5
7 0 4448 2511 4871 6 6
8 0 4436 2507 4859 6 7
9 0 4432 2503 4855 6 8
10 0 4428 2499 4851 3.65685 9
11 0 4424 2495 4847 6 10
12 0 4420 2491 4843 6 11
13 0 4412 2491 4835 10 12
14 0 4420 2491 4819 10.6491 13
15 0 4428 2491 4811 6 14
16 0 4444 2491 4799 14.4924 15
17 0 4456 2487 4787 6.94427 16
18 0 4468 2487 4775 6.94427 17
19 0 4480 2483 4763 6.94427 18
20 2 4487.67 2486.67 4747.67 6 19
21 0 4492 2491 4743 6 20
22 0 4488 2507 4727 6 21
23 0 4484 2515 4719 6 22
24 0 4480 2519 4703 6.94427 23
25 0 4472 2527 4691 6 24
26 0 4464 2535 4679 6 25
27 0 4456 2551 4663 6.94427 26
28 0 4452 2551 4655 6 27
29 0 4452 2551 4643 9.31371 28
30 0 4452 2551 4631 3.65685 29
31 0 4452 2551 4623 3.65685 30
32 0 4448 2551 4619 3.65685 31
33 0 4448 2555 4615 2 32
34 0 4496 2467 4747 6 20
35 0 4512 2467 4747 6 34
36 0 4528 2463 4747 6 35
37 0 4544 2463 4747 6.94427 36
38 0 4568 2459 4755 6 37
39 0 4592 2451 4755 10 38
40 0 4600 2443 4759 10 39
41 0 4604 2427 4759 2 40
42 0 4384 2503 4835 10 13
43 0 4372 2515 4831 6.94427 42
44 0 4364 2527 4831 6 43
45 0 4356 2539 4823 6 44
