# Generated by NeuTu (https://github.com/janelia-flyem/NeuTu)
1 0 4552 2920 4848 2 -1
2 0 4548 2920 4848 3.65685 1
3 0 4540 2912 4848 6.94427 2
4 0 4532 2908 4844 3.65685 3
5 0 4524 2908 4844 6 4
6 0 4512 2900 4840 6.94427 5
7 0 4496 2892 4836 6.94427 6
8 0 4480 2884 4836 12.4222 7
9 0 4468 2876 4828 6 8
10 0 4460 2876 4828 2 9
11 0 4452 2876 4828 6 10
12 0 4448 2872 4824 6 11
13 0 4444 2868 4820 3.65685 12
14 0 4436 2864 4816 6.94427 13
15 0 4420 2856 4812 6.94427 14
16 0 4412 2856 4804 10 15
17 0 4404 2848 4796 6.94427 16
18 0 4396 2844 4788 2 17
19 0 4392 2844 4788 2 18
