# Generated by NeuTu (https://github.com/janelia-flyem/NeuTu)
1 0 4450 2857 4818 2 -1
2 0 4446 2857 4818 3.65685 1
3 0 4438 2853 4822 6 2
4 0 4422 2853 4826 6 3
5 0 4410 2857 4834 6 4
6 0 4394 2857 4838 6 5
7 0 4386 2857 4846 3.65685 6
8 0 4382 2857 4850 3.65685 7
9 0 4378 2853 4854 3.65685 8
10 0 4378 2853 4858 3.65685 9
11 0 4378 2853 4866 6 10
12 0 4370 2845 4874 6 11
13 0 4358 2833 4886 14 12
14 0 4366 2821 4890 9.31371 13
15 0 4374 2813 4890 9.31371 14
16 0 4374 2801 4894 6 15
17 0 4374 2785 4894 6 16
18 0 4378 2773 4894 6 17
19 0 4382 2761 4898 6.94427 18
20 0 4390 2745 4898 6.94427 19
21 0 4402 2729 4898 6 20
22 0 4406 2721 4898 6.94427 21
23 0 4418 2713 4890 6 22
24 0 4342 2845 4902 6 13
25 0 4334 2845 4902 6 24
26 0 4314 2857 4914 6.94427 25
27 0 4310 2865 4914 6 26
