# Generated by NeuTu (https://github.com/janelia-flyem/NeuTu)
1 0 1710 1488 4280 6 -1
2 0 1710 1488 4264 6 1
3 0 1710 1488 4256 6 2
4 0 1718 1500 4224 14 3
5 0 1718 1500 4200 14 4
6 0 1726 1504 4172 22 5
7 0 1726 1512 4140 22 6
8 0 1738 1520 4108 34 7
9 0 1746 1568 4044 42 8
10 0 1758 1608 4008 54 9
11 0 1758 1664 4008 54 10
12 0 1758 1784 4008 54 11
13 0 1750 1896 4040 46 12
14 0 1742 1932 4076 38 13
15 2 1731.42 1954.58 4151.47 27.4211 14
16 2 1723.82 1962.18 4181.61 19.8246 15
17 0 1718 1968 4216 14 16
18 0 1718 1968 4248 14 17
19 0 1714 1972 4264 6 18
20 0 1714 1972 4276 10 19
21 0 1714 1948 4276 10 20
22 0 1714 1920 4272 10 21
23 0 1714 1892 4272 10 22
24 0 1714 1868 4272 10 23
25 0 1714 1856 4272 10 24
26 0 1714 1844 4272 6 25
27 0 1714 1832 4272 10 26
28 0 1710 1820 4276 6 27
29 0 1710 1812 4284 6 28
30 0 1718 1940 4244 14 18
31 0 1718 1906 4240 14 30
32 0 1718 1852 4240 14 31
33 0 1714 1820 4244 10 32
34 0 1714 1808 4252 10 33
35 0 1710 1800 4260 6 34
36 0 1710 1784 4276 6 35
37 0 1710 1780 4284 3.65685 36
38 0 1706 1776 4288 2 37
39 0 1722 1888 4220 18 31
40 0 1718 1852 4212 14 39
41 0 1718 1836 4212 14 40
42 0 1726 1920 4180 22 16
43 0 1726 1872 4180 22 42
44 0 1726 1812 4180 22 43
45 0 1718 1796 4196 14 44
46 0 1718 1772 4220 14 45
47 0 1718 1760 4232 14 46
48 0 1710 1760 4260 6 47
49 0 1710 1760 4276 6 48
50 0 1706 1760 4284 2 49
51 0 1706 1760 4288 2 50
52 0 1742 1912 4108 38 15
53 0 1742 1832 4108 38 52
54 2 1742 1764 4108 35.3551 53
55 0 1740.75 1697.11 4111.13 36.7467 54
56 0 1726 1636 4160 22 55
57 0 1718 1608 4208 14 56
58 0 1714 1600 4244 10 57
59 0 1710 1600 4256 6 58
60 0 1710 1600 4272 6 59
61 0 1706 1600 4280 2 60
62 0 1706 1600 4284 2 61
63 0 1706 1600 4288 2 62
64 0 1718 1644 4208 14 56
65 0 1714 1632 4240 10 64
66 0 1714 1632 4252 10 65
67 0 1710 1632 4264 6 66
68 0 1710 1632 4272 6 67
69 0 1710 1632 4280 2 68
70 0 1710 1632 4284 2 69
71 0 1710 1632 4288 2 70
72 0 1710 1632 4292 2 71
73 0 1726 1664 4176 22 55
74 0 1718 1660 4212 14 73
75 0 1714 1660 4252 10 74
76 0 1710 1660 4264 6 75
77 0 1710 1660 4280 6 76
78 2 1726.43 1730.16 4161.84 22.4314 54
79 0 1726 1712 4180 22 78
80 0 1718 1704 4228 14 79
81 0 1714 1696 4252 10 80
82 0 1710 1692 4264 6 81
83 0 1710 1688 4280 6 82
84 0 1718 1732 4192 14 78
85 0 1718 1732 4232 14 84
86 0 1710 1732 4260 6 85
87 0 1710 1732 4276 6 86
88 0 1706 1732 4284 2 87
89 0 1706 1732 4288 2 88
90 0 1758 1932 4020 50 14
91 0 1798 1960 4004 22 90
92 0 1738 1592 4096 34 11
93 2 1728.34 1568 4143.86 24.3448 92
94 0 1718 1568 4200 14 93
95 0 1714 1568 4236 10 94
96 0 1710 1568 4248 6 95
97 0 1710 1568 4264 6 96
98 0 1710 1568 4280 6 97
99 0 1726 1540 4176 22 93
100 0 1718 1536 4204 14 99
101 2 1716.17 1528.35 4233.13 12.1743 100
102 0 1714 1524 4244 10 101
103 0 1710 1544 4252 6 101
104 0 1710 1544 4268 6 103
105 0 1710 1540 4276 6 104
106 0 1706 1536 4284 2 105
107 0 1706 1536 4288 2 106
108 0 1706 1536 4292 2 107
109 0 1762 1536 4000 54 10
110 0 1798 1496 4008 14 109
