# Generated by NeuTu (https://github.com/janelia-flyem/NeuTu)
1 0 4491 3200 4800 2 -1
2 0 4487 3196 4800 3.65685 1
3 0 4479 3188 4808 6.94427 2
4 0 4475 3172 4820 6 3
5 0 4471 3168 4824 6 4
6 0 4471 3152 4824 10 5
7 0 4455 3136 4820 9.31371 6
8 0 4447 3128 4824 6 7
9 0 4439 3120 4832 6 8
10 0 4427 3116 4840 6 9
11 0 4415 3116 4852 6.94427 10
12 0 4407 3108 4860 3.65685 11
13 0 4399 3100 4868 6.94427 12
14 0 4391 3100 4876 6 13
15 0 4383 3100 4876 6 14
16 0 4367 3092 4884 6.94427 15
17 0 4347 3088 4884 6 16
