# Generated by NeuTu (https://github.com/janelia-flyem/NeuTu)
1 0 4394 3056 4932 2 -1
2 0 4394 3052 4932 2 1
3 0 4390 3044 4932 6 2
4 0 4386 3036 4936 6.94427 3
5 0 4378 3028 4932 3.65685 4
6 0 4370 3024 4928 6.94427 5
7 0 4358 3012 4916 9.31371 6
8 0 4354 3000 4896 6 7
9 0 4354 2996 4884 6 8
10 0 4358 3008 4876 6 9
11 0 4354 3024 4872 6 10
12 0 4350 3032 4872 6 11
13 0 4350 3040 4872 2 12
14 0 4350 3048 4876 6.94427 13
15 0 4362 3068 4884 6.94427 14
16 0 4374 3076 4888 6 15
17 0 4390 3084 4900 6.94427 16
18 0 4398 3092 4904 6 17
