# Generated by NeuTu (https://github.com/janelia-flyem/NeuTu)
1 0 2526 2502 5022 6 -1
2 0 2514 2514 5034 6.94427 1
3 0 2506 2530 5038 6.94427 2
4 0 2498 2546 5038 6.94427 3
5 2 2484 2554 5038 6.23607 4
6 0 2474 2550 5038 3.65685 5
7 0 2470 2546 5038 3.65685 6
8 0 2462 2538 5042 6.94427 7
9 0 2454 2518 5038 6 8
10 0 2450 2502 5038 6 9
11 0 2450 2494 5042 2 10
12 0 2450 2490 5042 2 11
13 0 2490 2578 5038 6.94427 5
14 0 2494 2594 5038 6 13
15 0 2494 2610 5038 6 14
16 0 2494 2618 5042 3.65685 15
17 0 2490 2622 5042 2 16
