# Generated by NeuTu (https://github.com/janelia-flyem/NeuTu)
1 0 2404 2649 5077 2 -1
2 0 2404 2653 5073 3.65685 1
3 0 2404 2661 5073 6.94427 2
4 0 2388 2673 5077 6.94427 3
5 0 2372 2677 5081 6 4
6 0 2356 2677 5081 6.94427 5
7 0 2344 2677 5085 10.6491 6
8 0 2336 2681 5093 6 7
9 0 2332 2677 5097 3.65685 8
10 0 2328 2677 5105 3.65685 9
11 0 2328 2677 5113 3.65685 10
12 0 2328 2677 5117 2 11
13 0 2324 2677 5125 6 12
14 0 2320 2673 5133 6 13
15 0 2320 2661 5145 9.31371 14
16 0 2320 2653 5153 6 15
17 0 2324 2649 5157 6 16
18 0 2332 2649 5165 3.65685 17
19 0 2336 2649 5169 2 18
20 0 2340 2649 5177 6 19
21 0 2344 2645 5185 6 20
22 0 2352 2649 5197 6.94427 21
23 0 2364 2653 5201 9.31371 22
24 0 2380 2653 5205 6 23
25 0 2400 2653 5205 6.94427 24
26 0 2408 2657 5213 9.31371 25
