# Generated by NeuTu (https://github.com/janelia-flyem/NeuTu)
1 0 2464 2436 5077 2 -1
2 0 2460 2436 5077 3.65685 1
3 0 2452 2432 5085 9.31371 2
4 0 2432 2420 5085 3.65685 3
5 0 2424 2424 5089 6.94427 4
6 0 2408 2440 5089 6 5
7 0 2404 2444 5093 3.65685 6
8 0 2376 2448 5093 14 7
9 0 2364 2456 5101 10 8
10 0 2360 2444 5113 6.94427 9
11 0 2352 2436 5125 3.65685 10
12 0 2352 2432 5133 3.65685 11
13 0 2352 2432 5137 3.65685 12
14 2 2352 2435.34 5143.68 6.4032 13
15 0 2348 2440 5153 6 14
16 0 2344 2444 5157 3.65685 15
17 0 2344 2448 5169 9.31371 16
18 0 2344 2448 5181 6 17
19 0 2328 2452 5189 9.31371 18
20 0 2352 2420 5145 3.65685 14
21 0 2348 2416 5149 3.65685 20
22 0 2348 2412 5149 2 21
23 0 2344 2408 5153 3.65685 22
24 0 2344 2404 5153 2 23
25 0 2344 2400 5153 2 24
26 0 2340 2392 5157 6 25
27 0 2340 2384 5165 6.94427 26
28 0 2332 2376 5173 2 27
29 0 2328 2376 5177 2 28
