# Generated by NeuTu (https://github.com/janelia-flyem/NeuTu)
1 0 2206 2376 5247 2 -1
2 0 2206 2376 5243 2 1
3 0 2206 2376 5239 2 2
4 0 2206 2380 5235 3.65685 3
5 0 2206 2380 5227 6 4
6 0 2214 2388 5215 6 5
7 0 2218 2392 5203 6 6
8 0 2226 2396 5191 6 7
9 0 2226 2400 5179 6 8
10 0 2234 2416 5163 6 9
11 0 2238 2424 5155 2 10
12 0 2238 2428 5155 3.65685 11
13 0 2238 2432 5155 3.65685 12
14 0 2242 2436 5151 3.65685 13
15 0 2242 2444 5147 6 14
16 0 2246 2456 5143 6 15
17 0 2250 2472 5139 6.94427 16
18 0 2250 2480 5135 6.94427 17
19 2 2253.62 2494.48 5127.76 13.328 18
20 2 2250.66 2502.67 5116.99 8.11498 19
21 0 2242 2520 5099 6 20
22 0 2238 2532 5103 6.94427 21
23 0 2234 2536 5111 9.31371 22
24 0 2202 2528 5119 6.94427 23
25 0 2194 2520 5127 6 24
26 0 2186 2508 5131 6 25
27 0 2182 2504 5135 3.65685 26
28 0 2174 2496 5143 3.65685 27
29 0 2170 2492 5147 3.65685 28
30 0 2166 2488 5151 6 29
31 0 2166 2488 5179 12.4222 30
32 0 2182 2492 5191 6 31
33 0 2186 2488 5195 2 32
34 0 2190 2488 5199 2 33
35 0 2274 2516 5115 6.94427 20
36 0 2282 2524 5115 6.94427 35
37 0 2290 2532 5119 3.65685 36
38 0 2294 2536 5119 3.65685 37
39 0 2302 2544 5123 6.94427 38
40 0 2318 2552 5123 6.94427 39
41 0 2334 2556 5119 9.31371 40
42 0 2342 2560 5123 6 41
43 0 2270 2488 5139 6.94427 19
44 0 2286 2480 5143 3.65685 43
45 0 2290 2476 5147 3.65685 44
46 0 2298 2476 5151 6 45
47 0 2302 2480 5155 2 46
48 0 2306 2480 5163 6 47
49 0 2322 2480 5175 6 48
50 0 2338 2472 5179 6 49
51 0 2354 2456 5187 9.31371 50
52 0 2366 2456 5183 3.65685 51
53 0 2370 2460 5179 2 52
