# Generated by NeuTu (https://github.com/janelia-flyem/NeuTu)
1 0 2040 2678 5132 2 -1
2 0 2044 2674 5132 3.65685 1
3 0 2048 2670 5136 6 2
4 0 2056 2666 5148 6 3
5 0 2060 2666 5156 6 4
6 0 2072 2662 5156 10 5
7 0 2092 2666 5164 10 6
8 0 2116 2670 5168 14.9706 7
9 0 2128 2658 5168 9.31371 8
10 0 2140 2658 5164 6 9
11 0 2160 2642 5168 6 10
12 0 2164 2638 5172 6 11
13 0 2172 2638 5180 2 12
14 0 2176 2638 5184 3.65685 13
15 0 2180 2638 5192 3.65685 14
16 0 2180 2634 5200 3.65685 15
17 0 2180 2634 5208 6 16
18 0 2180 2630 5216 2 17
19 0 2184 2626 5220 6 18
20 0 2188 2610 5232 6 19
21 0 2180 2594 5248 6 20
22 0 2176 2590 5252 6 21
23 0 2120 2694 5156 6.94427 8
24 0 2120 2706 5156 2 23
25 0 2124 2710 5156 3.65685 24
26 0 2124 2714 5156 3.65685 25
27 0 2128 2718 5152 2 26
