# Generated by NeuTu (https://github.com/janelia-flyem/NeuTu)
1 0 2411 2805 5252 2 -1
2 0 2411 2809 5252 3.65685 1
3 0 2407 2813 5244 6 2
4 0 2407 2809 5228 6 3
5 0 2403 2805 5224 6 4
6 0 2399 2801 5220 3.65685 5
7 0 2395 2793 5220 3.65685 6
8 0 2387 2785 5212 9.31371 7
9 0 2367 2781 5208 9.31371 8
10 0 2351 2793 5200 6.94427 9
11 0 2347 2809 5184 6.94427 10
12 0 2347 2817 5172 12.4222 11
13 0 2359 2821 5160 10 12
14 0 2371 2821 5160 6 13
15 0 2391 2825 5164 6.94427 14
16 0 2407 2825 5172 9.31371 15
17 0 2435 2829 5180 9.31371 16
18 0 2451 2845 5176 3.65685 17
19 0 2455 2853 5176 3.65685 18
20 0 2455 2857 5176 3.65685 19
21 0 2463 2865 5176 6.94427 20
22 0 2467 2873 5184 2 21
23 0 2471 2873 5188 2 22
24 0 2471 2873 5192 2 23
