# Generated by NeuTu (https://github.com/janelia-flyem/NeuTu)
1 0 2513 2605 5186 2 -1
2 0 2513 2609 5186 2 1
3 0 2513 2617 5186 6 2
4 0 2513 2633 5190 6 3
5 0 2521 2665 5194 10 4
6 0 2521 2677 5198 6 5
7 0 2525 2693 5202 6 6
8 0 2533 2709 5202 6 7
9 0 2537 2725 5202 6 8
10 0 2537 2737 5202 9.31371 9
11 0 2537 2749 5202 6 10
12 0 2541 2753 5198 3.65685 11
13 0 2545 2761 5194 6 12
14 0 2549 2769 5186 6 13
15 0 2561 2777 5178 6 14
16 0 2577 2781 5166 10.6491 15
17 0 2597 2769 5170 3.65685 16
18 0 2605 2765 5170 6 17
19 0 2609 2749 5174 6 18
20 0 2609 2741 5174 6 19
21 0 2625 2721 5174 6.94427 20
22 0 2633 2713 5182 6 21
23 0 2653 2717 5194 6.94427 22
24 0 2661 2725 5202 6 23
25 0 2661 2733 5210 6 24
26 0 2665 2741 5218 3.65685 25
27 0 2669 2745 5222 3.65685 26
28 0 2669 2749 5230 3.65685 27
29 0 2669 2749 5234 2 28
30 0 2669 2749 5238 3.65685 29
31 0 2669 2757 5246 6 30
32 0 2669 2765 5254 9.31371 31
33 0 2661 2769 5262 6 32
34 0 2653 2773 5262 2 33
35 0 2649 2773 5262 3.65685 34
36 0 2645 2777 5266 6 35
37 0 2629 2789 5262 6.94427 36
38 0 2613 2785 5266 6 37
39 0 2609 2781 5270 3.65685 38
40 0 2605 2773 5278 6 39
41 0 2597 2769 5282 3.65685 40
42 0 2593 2765 5286 3.65685 41
43 0 2593 2765 5290 3.65685 42
44 0 2589 2761 5294 2 43
45 0 2573 2785 5146 6.94427 16
46 0 2573 2793 5138 3.65685 45
47 0 2573 2797 5134 2 46
48 0 2573 2801 5134 2 47
49 0 2573 2805 5130 3.65685 48
50 0 2577 2809 5126 3.65685 49
51 0 2581 2813 5122 2 50
