# Generated by NeuTu (https://github.com/janelia-flyem/NeuTu)
1 0 2523 2617 5331 2 -1
2 0 2511 2617 5335 6.94427 1
3 0 2503 2613 5347 9.31371 2
4 0 2487 2597 5355 6 3
5 0 2483 2593 5359 3.65685 4
6 0 2475 2585 5359 3.65685 5
7 0 2467 2577 5359 6.94427 6
8 0 2459 2565 5355 6.94427 7
9 0 2451 2553 5335 6 8
10 0 2435 2537 5327 6.94427 9
11 0 2423 2529 5319 6.94427 10
12 0 2415 2529 5315 3.65685 11
13 0 2411 2525 5311 6 12
14 0 2399 2521 5307 6 13
15 0 2379 2505 5291 6 14
16 0 2375 2501 5295 3.65685 15
17 0 2371 2501 5295 2 16
18 0 2367 2501 5295 2 17
