# Generated by NeuTu (https://github.com/janelia-flyem/NeuTu)
1 0 2219 2520 5498 2 -1
2 0 2215 2516 5494 3.65685 1
3 0 2215 2508 5486 6 2
4 0 2215 2496 5470 9.31371 3
5 0 2211 2488 5462 6 4
6 0 2195 2488 5446 6 5
7 0 2191 2488 5438 2 6
8 0 2191 2488 5434 2 7
9 0 2187 2484 5430 3.65685 8
10 0 2183 2484 5422 6 9
11 0 2179 2488 5414 3.65685 10
12 0 2179 2488 5406 6 11
13 0 2175 2488 5398 3.65685 12
14 0 2171 2484 5394 2 13
15 0 2171 2484 5390 2 14
16 0 2171 2484 5386 3.65685 15
17 0 2171 2476 5378 6 16
18 0 2171 2472 5370 6 17
19 0 2167 2468 5366 3.65685 18
20 0 2167 2460 5358 6 19
21 0 2171 2456 5354 6 20
