# Generated by NeuTu (https://github.com/janelia-flyem/NeuTu)
1 0 2149 2617 5344 2 -1
2 0 2145 2617 5344 3.65685 1
3 0 2137 2609 5348 6.94427 2
4 0 2129 2609 5356 6 3
5 0 2121 2605 5364 9.31371 4
6 0 2113 2601 5372 6 5
7 0 2101 2597 5384 6 6
8 0 2097 2593 5388 6 7
9 0 2085 2597 5392 6 8
10 0 2069 2597 5404 6 9
11 0 2053 2593 5416 6.94427 10
12 0 2041 2585 5424 6 11
13 0 2037 2577 5432 6 12
14 0 2033 2561 5444 6 13
15 0 2037 2553 5456 6 14
16 0 2041 2553 5464 6 15
17 0 2049 2557 5472 9.31371 16
18 0 2053 2561 5480 6 17
19 0 2053 2561 5488 6 18
