# Generated by NeuTu (https://github.com/janelia-flyem/NeuTu)
1 0 2420 2517 5365 6 -1
2 0 2412 2525 5373 6 1
3 0 2412 2529 5381 6 2
4 0 2408 2533 5385 2 3
5 0 2408 2541 5393 6 4
6 0 2412 2553 5405 6 5
7 0 2416 2557 5409 3.65685 6
8 0 2424 2561 5417 9.31371 7
9 0 2450.46 2564.38 5434.85 12.0496 8
10 0 2480 2553 5453 9.31371 9
11 0 2496 2545 5461 6.94427 10
12 0 2512 2549 5469 6 11
13 0 2528 2549 5469 6 12
14 0 2544 2545 5477 6.94427 13
15 0 2564 2537 5477 10 14
16 0 2576 2525 5473 6.94427 15
17 0 2596 2509 5469 9.31371 16
18 0 2608 2505 5469 6 17
19 0 2620 2497 5469 6 18
20 0 2628 2489 5469 3.65685 19
21 0 2636 2481 5469 10 20
22 0 2644 2473 5461 6.94427 21
23 0 2656 2473 5461 2 22
24 0 2440 2577 5445 6 9
25 0 2424 2585 5445 6 24
26 0 2416 2589 5449 6 25
