# Generated by NeuTu (https://github.com/janelia-flyem/NeuTu)
1 0 2220 2508 5485 6 -1
2 0 2228 2520 5493 6 1
3 0 2236 2520 5501 6 2
4 0 2244 2516 5517 10 3
5 0 2248 2504 5521 6.94427 4
6 0 2252 2492 5525 9.31371 5
7 0 2256 2480 5537 3.65685 6
8 0 2256 2472 5541 3.65685 7
9 2 2269.63 2465.18 5543.82 6.66488 8
10 0 2284 2460 5545 9.31371 9
11 0 2296 2460 5541 6 10
12 0 2304 2460 5537 6.94427 11
13 0 2312 2456 5525 6 12
14 0 2308 2456 5509 6.94427 13
15 0 2320 2464 5501 6 14
16 0 2336 2480 5497 6.94427 15
17 0 2352 2488 5497 6 16
18 0 2368 2492 5497 6 17
19 0 2384 2500 5497 9.31371 18
20 0 2400 2516 5501 6.94427 19
21 0 2408 2524 5501 6.94427 20
22 0 2424 2536 5513 6.94427 21
23 0 2448 2548 5505 6 22
24 0 2456 2552 5497 6 23
25 0 2468 2568 5489 6.94427 24
26 0 2476 2580 5477 6 25
27 0 2480 2584 5469 6 26
28 0 2484 2596 5465 6.94427 27
29 0 2488 2608 5465 9.31371 28
30 0 2500 2620 5465 6.94427 29
31 0 2516 2632 5473 6 30
32 0 2532 2636 5473 6 31
33 0 2296 2452 5505 6 14
34 0 2272 2436 5497 9.31371 33
35 0 2260 2428 5497 6 34
36 0 2248 2420 5497 6.94427 35
37 0 2240 2416 5489 6 36
38 0 2224 2400 5485 9.31371 37
39 0 2208 2388 5481 6.94427 38
40 0 2200 2380 5477 6 39
41 0 2252 2452 5565 6 9
42 0 2248 2448 5569 6 41
