# Generated by NeuTu (https://github.com/janelia-flyem/NeuTu)
1 0 2623 3465 5083 6 -1
2 0 2591 3449 5091 14.9706 1
3 0 2579 3437 5095 14.9706 2
4 0 2539.71 3424.63 5090.26 30.9718 3
5 0 2527 3402.33 5060.33 27.1316 4
6 0 2531 3369 5027 10 5
7 0 2535 3361 5019 10.6491 6
8 0 2547 3357 5015 6 7
9 0 2567 3357 5011 6.94427 8
10 0 2583 3357 5011 3.65685 9
11 0 2587 3353 5011 2 10
12 0 2519 3433 5035 14 5
13 0 2507 3433 5023 6.94427 12
14 0 2507 3429 5015 3.65685 13
15 0 2507 3429 5011 3.65685 14
16 0 2507 3433 5007 2 15
17 0 2535 3377 5119 14.4924 4
18 0 2519 3357 5131 9.31371 17
19 0 2507 3345 5139 6.94427 18
20 0 2499 3341 5139 6 19
