# Generated by NeuTu (https://github.com/janelia-flyem/NeuTu)
1 0 2530 2888 5221 2 -1
2 0 2526 2884 5217 3.65685 1
3 0 2526 2884 5213 3.65685 2
4 0 2522 2880 5209 6 3
5 0 2518 2880 5201 3.65685 4
6 0 2514 2880 5193 3.65685 5
7 0 2506 2884 5185 10 6
8 0 2498 2884 5177 6.94427 7
9 0 2486 2884 5169 6.94427 8
10 0 2478 2880 5161 6 9
11 0 2470 2884 5153 6 10
12 0 2462 2892 5141 6 11
13 0 2462 2896 5133 3.65685 12
14 0 2462 2892 5125 3.65685 13
15 0 2462 2892 5121 3.65685 14
16 0 2462 2892 5113 6 15
17 0 2462 2896 5105 6 16
18 0 2462 2904 5097 9.31371 17
19 0 2466 2912 5093 6 18
20 0 2474 2920 5089 6 19
21 0 2490 2924 5085 6 20
22 0 2502 2924 5085 9.31371 21
23 0 2506 2916 5081 2 22
24 0 2510 2912 5077 2 23
25 0 2430 2924 5169 6 12
26 0 2418 2936 5173 6 25
27 0 2406 2940 5185 6 26
28 0 2398 2936 5189 3.65685 27
29 0 2390 2932 5189 6 28
30 0 2382 2928 5189 6 29
