# Generated by NeuTu (https://github.com/janelia-flyem/NeuTu)
1 0 2529 3017 5341 2 -1
2 0 2529 3013 5341 2 1
3 0 2525 3009 5341 3.65685 2
4 0 2521 3005 5345 3.65685 3
5 0 2513 2997 5345 3.65685 4
6 0 2509 2989 5345 6 5
7 0 2505 2973 5341 6 6
8 0 2497 2961 5341 6.94427 7
9 0 2489 2953 5345 6 8
10 0 2489 2945 5349 3.65685 9
11 0 2485 2941 5353 3.65685 10
12 0 2485 2937 5353 3.65685 11
13 0 2481 2933 5357 3.65685 12
14 0 2481 2925 5361 3.65685 13
15 0 2477 2921 5361 2 14
16 0 2477 2917 5361 2 15
17 0 2477 2909 5361 6 16
18 0 2473 2901 5365 3.65685 17
19 0 2469 2893 5365 6.94427 18
20 0 2461 2885 5361 6.94427 19
