# Generated by NeuTu (https://github.com/janelia-flyem/NeuTu)
1 0 2402 3103 5379 6.94427 -1
2 0 2398 3095 5375 9.31371 1
3 0 2382 3079 5371 6.94427 2
4 0 2374 3071 5375 3.65685 3
5 0 2370 3067 5375 3.65685 4
6 0 2362 3059 5375 6 5
7 0 2358 3043 5375 6 6
8 0 2354 3039 5371 6 7
9 0 2354 3031 5371 6.94427 8
10 0 2342 3019 5367 12.4222 9
11 0 2334 3007 5359 6.94427 10
12 0 2322 3003 5347 6 11
13 0 2302 2999 5347 6 12
14 0 2282 2999 5355 9.31371 13
15 0 2258 2995 5363 10 14
16 0 2246 2999 5375 12.4222 15
17 0 2230 2995 5375 6.94427 16
18 0 2214 2991 5379 6.94427 17
19 0 2198 2991 5391 6 18
20 0 2182 2987 5411 9.31371 19
21 0 2178 2991 5419 6 20
22 0 2178 2991 5427 6 21
23 0 2182 2999 5439 6.94427 22
24 0 2186 2995 5455 6 23
25 0 2186 2987 5463 6 24
26 0 2190 2987 5475 6 25
27 0 2190 2983 5483 6 26
