# Generated by NeuTu (https://github.com/janelia-flyem/NeuTu)
1 0 2145 3553 5090 2 -1
2 0 2141 3549 5086 3.65685 1
3 0 2137 3545 5082 3.65685 2
4 0 2129 3541 5082 6 3
5 0 2121 3541 5082 6 4
6 0 2109 3537 5086 9.31371 5
7 0 2093 3529 5102 6 6
8 0 2077 3529 5114 6 7
9 0 2069 3521 5122 6 8
10 0 2061 3517 5130 6 9
11 0 2061 3517 5138 3.65685 10
12 0 2057 3513 5142 6 11
13 0 2045 3509 5154 6 12
14 0 2037 3505 5162 6.94427 13
15 0 2033 3501 5170 3.65685 14
16 0 2033 3501 5174 3.65685 15
17 0 2029 3501 5178 2 16
