# Generated by NeuTu (https://github.com/janelia-flyem/NeuTu)
1 0 2464 3818 5057 2 -1
2 0 2468 3818 5061 3.65685 1
3 0 2488 3822 5061 12.4222 2
4 0 2508 3830 5077 6 3
5 0 2516 3830 5085 6 4
6 0 2520 3830 5093 3.65685 5
7 0 2524 3834 5097 6 6
8 0 2532 3838 5113 6 7
9 0 2532 3842 5125 6 8
10 0 2528 3850 5137 9.31371 9
11 0 2528 3850 5149 9.31371 10
12 0 2520 3846 5157 9.31371 11
13 0 2512 3842 5161 3.65685 12
14 0 2504 3838 5169 6 13
15 0 2496 3834 5173 6 14
16 0 2492 3830 5177 3.65685 15
17 0 2480 3822 5185 9.31371 16
18 0 2468 3810 5193 6.94427 17
19 0 2464 3802 5197 2 18
20 0 2464 3798 5197 2 19
