# Generated by NeuTu (https://github.com/janelia-flyem/NeuTu)
1 0 2067 3513 5164 2 -1
2 0 2067 3513 5160 2 1
3 0 2071 3513 5156 3.65685 2
4 0 2075 3517 5152 3.65685 3
5 0 2083 3521 5152 3.65685 4
6 0 2087 3525 5152 3.65685 5
7 0 2095 3525 5152 6 6
8 0 2111 3525 5152 6 7
9 2 2127.71 3521 5156.71 8.33842 8
10 0 2131 3521 5172 6 9
11 0 2135 3525 5184 6 10
12 0 2131 3521 5188 2 11
13 0 2131 3521 5196 6 12
14 0 2131 3513 5204 6.94427 13
15 0 2139 3505 5212 6.94427 14
16 0 2143 3497 5224 2 15
17 0 2135 3529 5136 6 9
18 0 2135 3529 5128 2 17
19 0 2139 3533 5124 3.65685 18
20 0 2139 3533 5120 2 19
21 0 2143 3533 5116 3.65685 20
22 0 2147 3537 5112 2 21
