# Generated by NeuTu (https://github.com/janelia-flyem/NeuTu)
1 0 2135 3497 5202 2 -1
2 0 2139 3497 5202 3.65685 1
3 0 2143 3493 5198 6 2
4 0 2151 3493 5194 6 3
5 0 2167 3481 5186 6.94427 4
6 0 2179 3469 5182 6.94427 5
7 0 2187 3457 5174 6 6
8 0 2191 3453 5170 3.65685 7
9 0 2195 3445 5170 6 8
10 0 2199 3437 5162 6 9
11 0 2203 3433 5158 6 10
12 0 2207 3429 5154 3.65685 11
13 0 2211 3425 5150 3.65685 12
14 0 2215 3421 5146 2 13
15 0 2219 3421 5142 3.65685 14
16 0 2219 3421 5138 3.65685 15
17 0 2219 3421 5134 2 16
18 0 2223 3421 5126 6 17
19 0 2231 3421 5118 2 18
20 0 2235 3421 5118 2 19
