# Generated by NeuTu (https://github.com/janelia-flyem/NeuTu)
1 0 2361 3550 5286 2 -1
2 0 2361 3554 5282 3.65685 1
3 0 2361 3554 5278 3.65685 2
4 0 2357 3550 5274 3.65685 3
5 0 2353 3550 5266 3.65685 4
6 0 2353 3550 5262 3.65685 5
7 0 2349 3546 5258 6 6
8 0 2341 3542 5250 6 7
9 0 2337 3538 5238 6.94427 8
10 0 2333 3530 5218 6 9
11 0 2329 3526 5210 3.65685 10
12 0 2329 3526 5202 3.65685 11
13 0 2333 3518 5194 6.94427 12
14 0 2345 3510 5182 6 13
15 0 2349 3502 5170 6 14
16 0 2349 3486 5162 6.94427 15
17 0 2349 3478 5158 6 16
18 0 2349 3466 5158 9.31371 17
19 0 2353 3454 5158 6 18
20 0 2353 3438 5158 6.94427 19
21 0 2365 3422 5154 6.94427 20
22 0 2377 3406 5146 6.94427 21
23 0 2385 3398 5146 6.94427 22
24 0 2389 3390 5142 3.65685 23
25 0 2389 3386 5142 2 24
