1 0 4364 3705 2191 2 -1
2 0 4360 3705 2191 3.65685 1
3 0 4352 3705 2199 9.31371 2
4 0 4352 3701 2215 6.94427 3
5 0 4344 3693 2227 2 4
6 0 4348 3709 2183 6.94427 3
7 0 4356 3705 2167 9.31371 6
8 0 4348 3677 2139 15.1905 7
9 0 4364 3685 2115 6.94427 8
10 0 4372 3685 2115 6 9
11 0 4380 3693 2115 10 10
12 0 4392 3689 2115 9.31371 11
13 2 4337.18 3638.18 2142.76 21.0987 8
14 0 4340 3641 2175 10 13
15 0 4332 3637 2195 6.94427 14
16 0 4332 3633 2207 10 15
17 0 4332 3633 2223 6.94427 16
18 0 4336 3625 2231 6 17
19 0 4344 3621 2235 9.31371 18
20 0 4348 3613 2231 6 19
21 0 4352 3617 2227 3.65685 20
22 0 4352 3617 2223 2 21
23 0 4324 3625 2123 23.2982 13
24 2 4340.24 3582.18 2109.82 21.9629 23
25 2 4326.82 3591.12 2100.88 28.808 24
26 0 4324 3593 2099 30.249 25
27 2 4317.61 3598.11 2087.49 25.0547 26
28 0 4304 3609 2063 14 27
29 0 4316 3617 2051 18 28
30 0 4340.67 3617 2030.33 16.1667 29
31 0 4384 3609 2027 12.4222 30
32 0 4396 3617 2039 6.94427 31
33 0 4400 3625 2047 6.94427 32
34 0 4400 3633 2055 3.65685 33
35 0 4396 3637 2059 2 34
36 0 4328 3597 2011 15.8885 30
37 0 4308 3581 2011 9.31371 36
38 0 4296 3581 2011 6 37
39 0 4288 3585 2007 2 38
40 0 4288 3589 2007 2 39
41 0 4284 3629 2107 9.31371 27
42 0 4268 3629 2119 14.4924 41
43 0 4256 3621 2115 10.6491 42
44 0 4332 3641 2083 26.2843 26
45 0 4356 3653 2063 19.5407 44
46 0 4352 3645 2043 12.4222 45
47 0 4356 3649 2031 3.65685 46
48 0 4356 3649 2027 3.65685 47
49 0 4352 3649 2023 2 48
50 0 4352 3625 2067 14.4924 44
51 0 4356 3609 2059 15.8885 50
52 0 4368 3597 2047 9.31371 51
53 0 4364 3593 2035 6 52
54 0 4316 3565 2063 14.9706 25
55 0 4324 3569 2047 6 54
56 0 4332 3573 2039 10 55
57 0 4344 3581 2035 9.31371 56
58 0 4300 3561 2139 10 24
59 0 4300 3561 2167 6 58
60 0 4300 3557 2183 6 59
61 0 4300 3553 2195 6 60
62 0 4292 3549 2203 6 61
63 0 4292 3545 2219 6.94427 62
64 0 4296 3541 2235 6 63
65 0 4292 3533 2247 9.31371 64
66 0 4280 3537 2255 9.31371 65
67 0 4272 3533 2259 3.65685 66
68 0 4268 3529 2259 2 67
69 0 4368 3569 2115 10 24
70 0 4388 3561 2123 10.6491 69
71 0 4396 3553 2127 6.94427 70
72 0 4400 3573 2147 6 71
73 0 4408 3593 2167 6 72
74 0 4412 3601 2171 3.65685 73
75 0 4416 3605 2171 2 74
76 0 4420 3605 2171 2 75
77 0 4412 3533 2127 6.94427 71
78 0 4412 3517 2127 6 77
79 0 4412 3505 2127 9.31371 78
80 0 4419.64 3479.91 2122.64 10 79
81 2 4438.22 3484.47 2104.65 7.2064 80
82 0 4448 3493 2107 6 81
83 0 4456 3505 2119 6 82
84 0 4432 3473 2091 6 81
85 0 4428 3469 2071 6 84
86 0 4424 3465 2067 2 85
87 0 4424 3461 2067 2 86
88 0 4412 3457 2119 12.4222 80
89 0 4400.34 3424.12 2090.12 19.0134 88
90 0 4400 3417 2123 15.8885 89
91 0 4400 3429 2135 10.6491 90
92 0 4396 3429 2147 6 91
93 0 4396 3433 2155 6 92
94 0 4396 3441 2163 3.65685 93
95 0 4396 3445 2171 6 94
96 0 4396 3449 2183 6 95
97 0 4392 3453 2199 6 96
98 0 4396 3453 2207 6 97
99 0 4396 3457 2215 2 98
100 0 4396 3457 2219 3.65685 99
101 0 4392 3461 2223 2 100
102 0 4392 3413 2079 21.3238 89
103 2 4394.48 3394.42 2090.15 27.2686 102
104 2 4396.08 3382.42 2097.35 31.108 103
105 2 4398.37 3365.19 2107.68 36.6193 104
106 2 4402.78 3325.18 2123.35 31.0094 105
107 0 4400 3289 2139 9.31371 106
108 0 4392 3289 2167 12.4222 107
109 0 4384 3261 2187 18.3961 108
110 0 4364 3237 2199 6.94427 109
111 0 4360 3229 2199 3.65685 110
112 0 4352 3221 2199 6.94427 111
113 0 4344 3213 2203 6.94427 112
114 0 4336 3205 2207 3.65685 113
115 0 4332 3201 2207 2 114
116 0 4332 3197 2207 2 115
117 0 4456 3293 2091 19.5407 106
118 0 4484 3273 2087 6 117
119 0 4488 3269 2083 2 118
120 0 4492 3269 2083 2 119
121 0 4496 3269 2083 2 120
122 0 4500 3269 2079 2 121
123 0 4384 3409 2143 9.31371 105
124 0 4384 3417 2163 3.65685 123
125 0 4384 3421 2167 3.65685 124
126 0 4380 3421 2171 2 125
127 0 4400 3321 2087 37.598 104
128 0 4388 3253 2083 10 127
129 0 4388 3225 2087 10 128
130 0 4396 3205 2099 10 129
131 0 4400 3201 2111 6 130
132 0 4344 3373 2091 18.3961 103
133 0 4336 3353 2083 6.94427 132
134 0 4332 3345 2083 6 133
135 0 4388 3417 2055 6.94427 102
136 2 4384.65 3423.69 2041.62 10.0428 135
137 0 4400 3401 2047 6 136
138 0 4412 3393 2047 12.4222 137
139 0 4424 3385 2035 2 138
140 0 4424 3381 2035 2 139
141 0 4376 3433 2031 10 136
142 0 4376 3441 2015 6 141
143 0 4380 3445 2011 6 142
144 0 4380 3449 1995 6 143
145 0 4380 3449 1979 6 144
146 0 4376 3453 1963 6 145
147 0 4376 3465 1947 6 146
148 0 4380 3473 1939 6 147
149 0 4380 3473 1923 6 148
150 0 4380 3473 1907 6 149
151 0 4380 3477 1891 6.94427 150
152 0 4380 3477 1883 6.94427 151
153 0 4380 3489 1867 6 152
154 0 4380 3489 1851 6 153
155 0 4380 3493 1835 6.94427 154
156 0 4380 3489 1823 6.94427 155
157 0 4372 3489 1815 6 156
158 0 4372 3485 1799 6 157
159 0 4372 3485 1779 6.94427 158
160 0 4364 3489 1763 6 159
161 0 4356 3493 1751 6 160
162 0 4348 3489 1743 6 161
163 0 4340 3489 1735 6 162
164 0 4340 3489 1727 6 163
165 0 4332 3481 1719 6 164
166 0 4328 3481 1711 6 165
167 0 4324 3477 1703 9.31371 166
168 2 4316 3469.67 1682.33 9.59966 167
169 0 4308 3453 1699 10 168
170 0 4304 3441 1715 6 169
171 0 4304 3437 1735 6 170
172 0 4300 3437 1743 6 171
173 0 4292 3437 1751 9.31371 172
174 0 4288 3441 1759 6.94427 173
175 0 4280 3441 1775 9.31371 174
176 0 4272 3445 1791 12.4222 175
177 0 4264 3449 1815 6.94427 176
178 0 4256 3453 1831 9.31371 177
179 0 4248 3445 1859 12.4222 178
180 0 4240 3441 1871 14 179
181 0 4216 3433 1895 9.31371 180
182 0 4196 3429 1923 6.94427 181
183 0 4184 3429 1939 6.94427 182
184 0 4176 3425 1955 6.94427 183
185 0 4172 3425 1971 6 184
186 0 4168 3425 1983 9.31371 185
187 0 4160 3421 1991 6 186
188 0 4156 3417 1995 6 187
189 0 4156 3413 2003 3.65685 188
190 0 4156 3413 2011 6 189
191 0 4156 3409 2027 6.94427 190
192 0 4160 3405 2035 6 191
193 0 4160 3405 2043 6 192
194 0 4160 3413 2059 10 193
195 0 4148 3417 2071 12.4222 194
196 0 4140 3421 2083 6 195
197 0 4124 3425 2087 10 196
198 0 4100 3437 2103 12.4222 197
199 0 4096 3445 2131 9.31371 198
200 0 4084 3453 2147 10.6491 199
201 0 4076 3457 2159 10 200
202 2 4036.56 3470.96 2194.44 30.8639 201
203 2 4029.68 3474.89 2201.32 30.622 202
204 2 4013.47 3484.16 2217.53 30.0518 203
205 2 3962.22 3469.89 2292.78 22.8595 204
206 2 3955.31 3473.23 2328.14 20.9334 205
207 0 3936 3481 2363 10 206
208 0 3936 3489 2371 9.31371 207
209 0 3936 3501 2375 10 208
210 0 3920 3513 2383 9.31371 209
211 0 3916 3525 2399 12.4222 210
212 0 3908 3533 2407 6 211
213 0 3904 3541 2419 9.31371 212
214 0 3904 3553 2431 6.94427 213
215 0 3904 3557 2439 3.65685 214
216 0 3904 3557 2447 3.65685 215
217 0 3904 3561 2451 3.65685 216
218 0 3900 3561 2455 3.65685 217
219 0 3900 3565 2459 2 218
220 0 3940 3477 2391 6 208
221 0 3944 3477 2407 6.94427 220
222 0 3948 3473 2415 9.31371 221
223 0 3944 3473 2427 3.65685 222
224 0 3940 3473 2431 3.65685 223
225 0 3936 3477 2431 3.65685 224
226 0 3932 3477 2431 2 225
227 0 3928 3477 2431 2 226
228 0 3968 3449 2359 6.94427 206
229 0 3976 3441 2367 9.31371 228
230 0 3976 3429 2371 6 229
231 0 3976 3417 2387 6 230
232 0 3984 3409 2399 6 231
233 0 3984 3409 2407 6 232
234 0 3992 3401 2415 9.31371 233
235 0 3996 3389 2427 6 234
236 0 3992 3381 2435 6 235
237 0 3992 3385 2443 6 236
238 0 3992 3393 2451 3.65685 237
239 0 3992 3397 2451 2 238
240 0 3956 3497 2291 6 205
241 0 3948 3525 2287 9.31371 240
242 0 3988 3453 2215 18 204
243 0 3956 3449 2227 9.31371 242
244 0 3976 3473 2183 22.3311 203
245 2 3955.34 3455.78 2162.34 18.6028 244
246 2 3954.88 3435.73 2164.76 15.4763 245
247 0 3964 3417 2179 10.6491 246
248 0 3976 3397 2199 10 247
249 0 3980 3389 2223 12.4222 248
250 0 3956 3389 2243 6.94427 249
251 0 3948 3389 2259 6 250
252 0 3948 3389 2267 6 251
253 0 3948 3393 2275 2 252
254 0 3948 3397 2279 2 253
255 0 3988 3377 2243 14 249
256 0 3988 3365 2255 10 255
257 0 3964 3421 2135 14 246
258 0 3972 3417 2123 6.94427 257
259 0 3976 3421 2115 2 258
260 0 3976 3421 2111 2 259
261 0 3956 3457 2131 22 245
262 0 3952 3457 2091 9.31371 261
263 0 3952 3461 2071 10 262
264 0 3952 3477 2043 12.4222 263
265 0 3956 3493 2035 18 264
266 0 3964 3509 2023 6.94427 265
267 0 4008 3457 2151 12.4222 202
268 0 4008 3453 2135 14.4924 267
269 0 4020 3417 2119 10 268
270 0 4024 3405 2111 6 269
271 0 4028 3401 2107 6 270
272 0 4024 3393 2099 2 271
273 0 4024 3389 2099 2 272
274 0 4172 3405 2035 6 192
275 0 4180 3405 2035 6.94427 274
276 2 4194.67 3390.33 2034.33 6.78689 275
277 0 4204 3385 2043 2 276
278 0 4208 3385 2047 2 277
279 0 4212 3389 2051 3.65685 278
280 0 4212 3393 2055 3.65685 279
281 0 4208 3397 2059 6 280
282 0 4208 3401 2075 6.94427 281
283 0 4204 3409 2087 6.94427 282
284 0 4204 3413 2099 9.31371 283
285 0 4200 3405 2111 6.94427 284
286 0 4196 3393 2119 12.4222 285
287 0 4192 3369 2127 6.94427 286
288 0 4208 3385 2015 6.94427 276
289 0 4228 3381 2011 6.94427 288
290 0 4236 3389 2007 3.65685 289
291 0 4236 3393 2003 3.65685 290
292 0 4236 3397 2003 2 291
293 0 4320 3481 1671 9.31371 168
294 0 4320 3485 1655 6.94427 293
295 0 4320 3489 1639 6.94427 294
296 0 4334.44 3503.44 1618.11 8.39226 295
297 0 4340 3521 1635 6 296
298 0 4348 3521 1643 3.65685 297
299 0 4348 3521 1651 6 298
300 0 4352 3521 1663 6 299
301 0 4352 3521 1671 3.65685 300
302 0 4356 3517 1675 3.65685 301
303 0 4360 3513 1679 2 302
304 0 4340 3505 1603 9.31371 296
305 0 4352 3521 1583 6.94427 304
306 0 4364 3541 1567 9.31371 305
307 0 4376 3561 1555 9.31371 306
308 0 4392 3581 1555 6.94427 307
309 0 4404 3601 1551 9.31371 308
310 0 4416 3621 1551 9.31371 309
311 0 4424 3633 1547 12.4222 310
312 0 4448 3653 1543 9.31371 311
313 0 4456 3657 1539 6.94427 312
314 0 4476 3665 1535 9.31371 313
315 0 4496 3677 1535 6.94427 314
316 0 4512 3693 1531 9.31371 315
317 0 4528 3709 1527 6.94427 316
318 0 4540 3725 1523 9.31371 317
319 0 4544 3749 1519 10.6491 318
320 0 4544 3757 1507 14 319
321 0 4544 3769 1499 2 320
322 0 4544 3785 1499 14.4924 321
323 0 4532 3801 1495 12.4222 322
324 0 4512 3805 1483 10.6491 323
325 0 4472 3785 1475 14.4924 324
326 0 4440 3769 1471 10.6491 325
327 0 4428 3761 1467 6 326
328 0 4412 3757 1467 6 327
329 0 4396 3753 1463 9.31371 328
330 0 4372 3745 1459 6.94427 329
331 0 4356 3737 1459 6.94427 330
332 0 4344 3729 1451 6.94427 331
333 0 4324 3717 1447 9.31371 332
334 0 4292 3705 1443 14 333
335 0 4276 3689 1455 12.4222 334
336 2 4260.69 3676.08 1475.23 18 335
337 0 4208 3717 1479 12.4222 336
338 0 4188 3741 1483 6.94427 337
339 0 4168 3761 1479 10 338
340 0 4160 3769 1475 6.94427 339
341 0 4148 3781 1471 12.4222 340
342 0 4128 3805 1459 14 341
343 0 4085.17 3846.12 1459 18.169 342
344 0 4056 3865 1463 15.8885 343
345 0 4040 3865 1463 6 344
346 0 4028 3865 1467 10 345
347 0 4012 3865 1467 10.6491 346
348 0 4004 3865 1459 10 347
349 0 3976 3853 1459 9.31371 348
350 0 3952 3841 1455 10.6491 349
351 0 3928 3833 1451 10.6491 350
352 0 3912 3829 1451 10.6491 351
353 0 3884 3817 1447 18 352
354 0 3848 3825 1439 14 353
355 0 3820 3825 1439 12.4222 354
356 0 3804 3825 1439 14.4924 355
357 0 3764 3837 1439 10 356
358 0 3740 3837 1439 10 357
359 0 3716 3833 1443 12.4222 358
360 0 3700 3829 1447 15.8885 359
361 0 3664 3809 1459 14.9706 360
362 0 3640 3785 1459 10.6491 361
363 0 3624 3769 1459 9.31371 362
364 0 3612 3753 1455 6.94427 363
365 0 3608 3745 1455 6.94427 364
366 0 3604 3733 1451 12.4222 365
367 0 3584 3717 1443 9.31371 366
368 0 3568 3689 1443 14 367
369 0 3552 3665 1443 9.31371 368
370 0 3540 3645 1459 10.6491 369
371 0 3524 3625 1463 9.31371 370
372 0 3516 3613 1463 2 371
373 0 3512 3609 1467 3.65685 372
374 0 3508 3601 1475 6.94427 373
375 0 3476 3577 1495 12.4222 374
376 0 3472 3561 1511 9.31371 375
377 0 3464 3553 1519 6 376
378 0 3452 3541 1535 6 377
379 0 3444 3537 1543 9.31371 378
380 0 3440 3521 1563 9.31371 379
381 0 3440 3513 1571 9.31371 380
382 0 3440 3513 1591 6.94427 381
383 0 3436 3513 1607 6.94427 382
384 0 3432 3513 1623 6.94427 383
385 0 3428 3505 1631 9.31371 384
386 0 3428 3493 1647 6.94427 385
387 0 3432 3485 1655 6.94427 386
388 0 3436 3485 1663 6 387
389 0 3456 3481 1695 18 388
390 0 3456 3473 1723 18 389
391 0 3448 3469 1743 6 390
392 0 3440 3469 1751 6.94427 391
393 0 3440 3469 1763 9.31371 392
394 0 3440 3469 1775 6 393
395 0 3440 3469 1787 6 394
396 0 3444 3465 1803 6 395
397 0 3444 3465 1811 6 396
398 0 3448 3461 1815 6 397
399 2 3448 3457.8 1821.4 6 398
400 0 3448 3449 1851 6.94427 399
401 0 3448 3445 1871 6 400
402 0 3440 3437 1879 6 401
403 0 3436 3433 1883 6 402
404 0 3436 3433 1903 6.94427 403
405 0 3436 3433 1923 6.94427 404
406 0 3436 3429 1943 9.31371 405
407 0 3436 3417 1959 10 406
408 0 3448 3413 1983 9.31371 407
409 0 3452 3413 2007 6.94427 408
410 0 3460 3413 2015 10.6491 409
411 2 3457.14 3386.71 2055.57 25.4761 410
412 2 3441.11 3379.04 2070.91 20.1171 411
413 0 3416 3369 2079 6 412
414 0 3404 3365 2087 6 413
415 0 3392 3345 2107 14 414
416 0 3364 3341 2131 10 415
417 0 3332 3341 2139 14 416
418 0 3320 3337 2147 9.31371 417
419 0 3300 3325 2167 9.31371 418
420 0 3292 3317 2175 6.94427 419
421 0 3284 3301 2187 10 420
422 0 3272 3277 2183 12.4222 421
423 0 3264 3253 2175 6.94427 422
424 0 3260 3241 2171 9.31371 423
425 0 3252 3233 2163 6 424
426 0 3248 3233 2147 9.31371 425
427 0 3240 3237 2135 14 426
428 2 3243.6 3229.79 2108.19 10.9812 427
429 0 3252 3225 2095 6 428
430 0 3256 3225 2079 6 429
431 0 3256 3225 2071 6 430
432 0 3252 3221 2059 9.31371 431
433 0 3256 3209 2043 3.65685 432
434 0 3256 3209 2035 3.65685 433
435 0 3256 3209 2027 3.65685 434
436 0 3256 3209 2019 3.65685 435
437 0 3256 3205 2011 6 436
438 0 3256 3205 1999 6 437
439 0 3260 3189 1983 9.31371 438
440 0 3256 3185 1975 6.94427 439
441 0 3240 3165 1959 10.6491 440
442 0 3236 3145 1939 6.94427 441
443 2 3226.69 3134.35 1920.38 10.5798 442
444 0 3224 3137 1903 9.31371 443
445 0 3236 3141 1891 6.94427 444
446 0 3240 3145 1883 6.94427 445
447 0 3232 3153 1859 6.94427 446
448 0 3228 3157 1847 6 447
449 0 3220 3165 1827 6.94427 448
450 0 3220 3173 1807 10 449
451 0 3220 3189 1791 10 450
452 0 3212 3217 1787 14 451
453 0 3208 3233 1791 9.31371 452
454 0 3204 3253 1791 10 453
455 0 3200 3269 1791 10 454
456 0 3192 3285 1791 6 455
457 0 3184 3301 1799 6.94427 456
458 0 3172 3325 1803 10.6491 457
459 0 3156 3345 1823 9.31371 458
460 0 3136 3361 1839 10 459
461 0 3104 3377 1851 14 460
462 0 3072 3385 1847 6.94427 461
463 0 3048 3393 1847 10 462
464 0 3032 3393 1847 6.94427 463
465 0 3020 3397 1851 10.6491 464
466 0 2992 3397 1851 9.31371 465
467 0 2980 3397 1851 6 466
468 0 2960 3393 1851 6 467
469 0 2948 3385 1851 6 468
470 0 2932 3381 1851 6.94427 469
471 0 2912 3381 1855 6 470
472 0 2896 3381 1855 9.31371 471
473 0 2880 3377 1855 6.94427 472
474 0 2864 3377 1855 6.94427 473
475 0 2852 3377 1851 10 474
476 0 2840 3377 1851 6 475
477 0 2824 3377 1851 6 476
478 0 2816 3377 1851 3.65685 477
479 0 2812 3381 1851 3.65685 478
480 0 2804 3381 1847 6 479
481 0 2784 3401 1847 10 480
482 0 2752.89 3444.11 1840.56 22.8208 481
483 2 2743.56 3453.44 1845.22 20.4455 482
484 0 2720 3465 1867 14 483
485 0 2686.85 3470.83 1888.15 20.8842 484
486 0 2640 3485 1931 14.9706 485
487 0 2616 3497 1955 10 486
488 0 2632 3493 1995 18 487
489 0 2684 3493 1843 12.4222 485
490 0 2672 3505 1831 12.4222 489
491 0 2668 3521 1823 6.94427 490
492 0 2664 3541 1811 9.31371 491
493 0 2660 3565 1795 6.94427 492
494 0 2656 3577 1783 6 493
495 0 2652 3589 1771 10 494
496 0 2652 3597 1763 6 495
497 0 2756 3441 1811 18 483
498 0 2772 3429 1799 3.65685 497
499 0 2772 3429 1795 2 498
500 0 2776 3425 1791 3.65685 499
501 0 2776 3425 1783 3.65685 500
502 0 2776 3425 1775 6 501
503 0 2780 3421 1767 2 502
504 0 2784 3421 1763 2 503
505 0 2764 3417 1879 6.94427 482
506 0 2756 3401 1887 6 505
507 0 2752 3393 1895 9.31371 506
508 0 2736 3373 1899 6.94427 507
509 0 2728 3365 1899 6.94427 508
510 0 3212 3125 1947 6.94427 443
511 0 3212 3125 1955 6.94427 510
512 0 3200 3113 1967 12.4222 511
513 2 3175.69 3091.97 1980.44 27.3854 512
514 2 3160.45 3074.19 1985.52 31.2738 513
515 2 3156.59 3064.26 1989.37 30.767 514
516 0 3160 3037 2003 21.3238 515
517 0 3176 3017 2011 6.94427 516
518 0 3192 2997 2015 10 517
519 0 3208 2981 2015 9.31371 518
520 0 3220 2985 2011 6 519
521 0 3232 2981 1999 14 520
522 0 3240 2993 1975 12.4222 521
523 0 3108 3037 2035 18 516
524 0 3148 3049 1959 6 515
525 0 3136 3049 1951 12.4222 524
526 0 3120 3033 1951 18 525
527 0 3104 3025 1943 14 526
528 0 3084 3029 1939 2 527
529 2 3167.43 3063.29 2041.86 28.4007 514
530 2 3152.29 3070.86 2064.57 35.4113 529
531 0 3116 3141 2075 23.2982 530
532 0 3104 3157 2063 6 531
533 0 3168 3017 2087 6.94427 530
534 0 3168 3009 2091 6 533
535 0 3176 3001 2095 2 534
536 0 3188 3029 2059 10.6491 529
537 0 3188 3005 2075 6.94427 536
538 0 3188 3001 2087 2 537
539 0 3156 3105 2007 20.6274 513
540 0 3120 3109 2023 23.2982 539
541 0 3096 3069 2043 10 540
542 0 3112 3105 1999 10.6491 539
543 0 3088 3097 1995 6.94427 542
544 0 3080 3097 1991 6 543
545 0 3288 3181 1987 10 439
546 0 3300 3181 1987 6 545
547 0 3308 3181 1987 6 546
548 0 3320 3185 1987 9.31371 547
549 0 3328 3189 1991 6 548
550 0 3332 3193 1995 6 549
551 0 3340 3201 1995 9.31371 550
552 0 3348 3217 1995 2 551
553 0 3224 3237 2103 6.94427 428
554 0 3216 3241 2095 3.65685 553
555 0 3212 3241 2091 3.65685 554
556 0 3204 3249 2083 3.65685 555
557 0 3204 3249 2079 2 556
558 2 3472.08 3390.21 2082.27 23.0488 412
559 0 3508 3409 2095 19.5407 558
560 2 3533.33 3418.33 2133.67 25.2042 559
561 2 3523.02 3424.25 2162.47 20.7594 560
562 2 3503.53 3421.71 2183.47 15.7771 561
563 0 3476 3405 2211 10 562
564 0 3464 3397 2211 6 563
565 0 3460 3393 2215 3.65685 564
566 0 3452 3385 2223 3.65685 565
567 0 3444 3377 2231 3.65685 566
568 0 3436 3369 2235 6.94427 567
569 0 3424 3353 2247 6.94427 568
570 0 3416 3345 2255 10 569
571 0 3412 3329 2259 6 570
572 0 3408 3321 2263 6.94427 571
573 0 3412 3313 2263 3.65685 572
574 0 3416 3309 2267 2 573
575 0 3516 3445 2199 9.31371 562
576 0 3516 3449 2211 9.31371 575
577 0 3516 3453 2223 6 576
578 0 3520 3457 2239 6.94427 577
579 0 3520 3457 2251 9.31371 578
580 0 3520 3461 2275 6.94427 579
581 0 3520 3465 2291 6.94427 580
582 0 3516 3457 2303 6.94427 581
583 0 3508 3453 2319 6 582
584 0 3532 3453 2179 6.94427 561
585 0 3528 3461 2187 9.31371 584
586 0 3532 3469 2191 6 585
587 0 3548 3441 2103 14.9706 560
588 0 3564 3429 2079 6.94427 587
589 0 3460 3381 2147 14 558
590 0 3468 3393 2175 10 589
591 0 3464 3393 2187 6.94427 590
592 0 3456 3389 2195 3.65685 591
593 0 3452 3389 2199 3.65685 592
594 0 3448 3385 2203 3.65685 593
595 0 3444 3381 2207 2 594
596 0 3510.67 3407.67 2041.67 23.753 411
597 0 3521.31 3423.57 2019.06 15.8885 596
598 0 3524 3437 2011 15.8885 597
599 0 3524 3441 1995 6.94427 598
600 0 3524 3437 1975 6.94427 599
601 0 3508 3437 1955 6.94427 600
602 0 3500 3437 1947 6 601
603 0 3552 3425 2011 10 597
604 0 3568 3433 1995 9.31371 603
605 0 3576 3441 1991 9.31371 604
606 0 3544 3421 2039 14.4924 596
607 0 3576 3449 2027 10.6491 606
608 0 3588 3453 2011 6 607
609 0 3588 3453 2003 6 608
610 0 3440 3469 1827 3.65685 399
611 0 3432 3473 1835 6 610
612 0 3428 3477 1843 6.94427 611
613 0 3424 3473 1851 9.31371 612
614 0 3416 3465 1867 9.31371 613
615 0 3408 3465 1883 10 614
616 0 3400 3473 1895 6.94427 615
617 0 3408 3481 1907 10.6491 616
618 0 3404 3493 1919 6.94427 617
619 0 3385.79 3519.21 1935.97 20.2417 618
620 0 3372 3533 1947 31.9411 619
621 2 3369.18 3530.89 1954.04 30.1915 620
622 2 3363.81 3526.86 1967.48 26.8513 621
623 0 3356 3521 1987 22 622
624 2 3309.8 3493.6 1999 32.7173 623
625 2 3232.26 3442.55 2005.71 15.9478 624
626 0 3196 3421 2003 18 625
627 2 3157.17 3421 2001.65 20.6462 626
628 0 3120 3425 1987 18 627
629 0 3112 3445 1963 6 628
630 0 3100 3453 1963 6 629
631 0 3092 3457 1959 6 630
632 2 3072.91 3468.4 1943.6 14.1011 631
633 0 3056 3477 1935 18 632
634 0 3012 3497 1927 28.4631 633
635 2 2975.66 3490.11 1950.56 25.6959 634
636 0 2948 3485 1967 18 635
637 0 2928 3489 1971 6.94427 636
638 0 2920 3493 1971 6.94427 637
639 0 2908 3497 1983 9.31371 638
640 0 2900 3501 1991 9.31371 639
641 0 2888 3509 1999 15.8885 640
642 0 2856 3513 2023 6 641
643 0 2848 3517 2031 9.31371 642
644 0 2832 3525 2043 6.94427 643
645 0 2824 3525 2047 6 644
646 0 2820 3521 2051 3.65685 645
647 0 2816 3521 2051 3.65685 646
648 0 2812 3521 2055 2 647
649 0 2936 3489 1947 14 635
650 0 2920 3493 1947 9.31371 649
651 0 2912 3501 1955 9.31371 650
652 0 2908 3509 1963 6 651
653 0 2904 3513 1967 6 652
654 0 2900 3517 1971 3.65685 653
655 0 2904 3521 1975 2 654
656 2 3007.17 3497 1925.07 27.6831 634
657 0 2932 3493 1907 24.8328 656
658 0 2896 3497 1919 18.3961 657
659 0 2884 3513 1915 12.4222 658
660 0 2888 3525 1915 6 659
661 0 3024 3541 1919 19.5407 656
662 0 3028 3577 1919 14 661
663 0 3028 3609 1939 10 662
664 0 3040 3613 1947 10.6491 663
665 0 3048 3617 1955 6.94427 664
666 0 3044 3585 1875 9.31371 662
667 0 3056 3589 1871 2 666
668 0 3068 3485 1899 9.31371 633
669 0 3076 3493 1891 6 668
670 0 3080 3457 1919 12.4222 632
671 0 3080 3453 1907 6.94427 670
672 0 3080 3453 1887 6 671
673 0 3108 3413 2027 15.8885 627
674 0 3092 3409 2031 6.94427 673
675 0 3076 3405 2043 6 674
676 0 3072 3401 2047 6 675
677 0 3068 3405 2055 3.65685 676
678 0 3068 3405 2059 3.65685 677
679 0 3064 3401 2063 2 678
680 0 3220 3433 2039 6 625
681 0 3216 3425 2051 6 680
682 0 3212 3421 2055 6 681
683 0 3212 3417 2071 6 682
684 0 3208 3413 2087 6.94427 683
685 0 3212 3413 2103 6 684
686 0 3332 3525 2023 14.4924 624
687 0 3320 3537 2035 9.31371 686
688 0 3312 3533 2043 3.65685 687
689 0 3308 3533 2043 2 688
690 0 3404 3489 2007 14.4924 623
691 0 3320 3557 1959 10.6491 622
692 0 3316 3573 1947 10 691
693 0 3312 3581 1939 6.94427 692
694 0 3312 3589 1935 2 693
695 0 3312 3593 1935 2 694
696 0 3348 3573 1951 10 621
697 0 3344 3593 1947 9.31371 696
698 0 3348 3605 1935 10 697
699 0 3356 3613 1931 3.65685 698
700 0 3360 3617 1931 2 699
701 0 3396 3553 1987 12.4222 620
702 0 3400 3541 1995 6.94427 701
703 0 3412 3529 1963 14.9706 619
704 0 3420 3505 1991 12.4222 703
705 0 3432 3505 2003 6.94427 704
706 0 3404 3549 1915 9.31371 619
707 0 3412 3545 1903 9.31371 706
708 0 3420 3545 1891 6 707
709 0 3452 3453 1807 3.65685 398
710 0 3452 3449 1799 3.65685 709
711 0 3460 3449 1791 6 710
712 0 3460 3453 1771 6 711
713 0 3460 3453 1763 6 712
714 0 3464 3457 1759 6 713
715 0 4116 3865 1423 15.8885 343
716 0 4136 3905 1399 32.176 715
717 0 4132 3941 1395 6.94427 716
718 0 4140 3949 1371 14 717
719 0 4164 3957 1363 26.2843 718
720 2 4164 4003 1363 11.1231 719
721 0 4164 4021 1375 9.31371 720
722 0 4160 4029 1387 6 721
723 0 4160 4041 1403 6 722
724 0 4156 4049 1411 9.31371 723
725 0 4152 4061 1427 6.94427 724
726 0 4148 4073 1443 6.94427 725
727 0 4144 4097 1455 14.4924 726
728 0 4140 4121 1467 15.8885 727
729 0 4124 4117 1475 9.31371 728
730 0 4100 4097 1487 9.31371 729
731 0 4088 4081 1499 9.31371 730
732 0 4072 4065 1515 6.94427 731
733 0 4056 4049 1527 9.31371 732
734 0 4044 4033 1535 10.6491 733
735 0 4036 4025 1543 6 734
736 0 4024 4009 1547 6.94427 735
737 0 4016 3997 1559 6.94427 736
738 0 4004 3981 1571 6.94427 737
739 0 4000 3969 1583 10 738
740 0 3996 3953 1595 10 739
741 0 3992 3937 1603 14.4924 740
742 0 3992 3925 1627 14 741
743 0 3956 3897 1647 18 742
744 0 3944 3885 1655 14 743
745 0 3924 3885 1667 9.31371 744
746 0 3912 3885 1671 12.4222 745
747 0 3888 3893 1695 9.31371 746
748 0 3880 3901 1719 6 747
749 0 3880 3897 1739 6 748
750 0 3884 3893 1751 6.94427 749
751 0 3884 3873 1775 14 750
752 0 3904 3857 1791 6.94427 751
753 0 3916 3837 1795 9.31371 752
754 0 3916 3825 1799 6 753
755 0 3920 3813 1807 6 754
756 0 3924 3797 1819 6.94427 755
757 0 3928 3781 1823 6 756
758 0 3924 3773 1831 6 757
759 0 3924 3765 1839 6 758
760 0 3916 3745 1859 12.4222 759
761 0 3916 3717 1875 9.31371 760
762 0 3924 3705 1887 6.94427 761
763 0 3936 3689 1895 9.31371 762
764 0 3940 3681 1899 6.94427 763
765 0 3948 3657 1923 12.4222 764
766 0 3952 3641 1939 22.3311 765
767 2 3969.89 3625.32 1950.68 22.2966 766
768 0 3992 3629 1947 6.94427 767
769 0 4000 3629 1939 6.94427 768
770 0 4016 3637 1935 3.65685 769
771 0 4032 3633 1923 9.31371 770
772 0 4044 3625 1911 9.31371 771
773 0 4072 3609 1891 10 772
774 0 4092 3593 1887 14 773
775 0 4124 3589 1887 9.31371 774
776 0 4136 3585 1891 6.94427 775
777 0 4148 3585 1895 10.6491 776
778 0 4176 3585 1907 10.6491 777
779 2 4207.4 3585.92 1923.32 19.7528 778
780 0 4216 3565 1935 10 779
781 0 4220 3545 1951 6.94427 780
782 0 4220 3537 1963 6.94427 781
783 0 4228 3529 1971 6.94427 782
784 0 4244 3525 1987 6.94427 783
785 0 4240 3505 1995 6 784
786 0 4244 3489 2011 6 785
787 2 4244 3484.2 2017.4 7.32548 786
788 0 4244 3477 2027 9.31371 787
789 0 4236 3485 2043 6 788
790 2 4239.63 3492.27 2046.63 6.85763 789
791 0 4248 3501 2051 6 790
792 0 4260 3513 2051 6.94427 791
793 0 4260 3521 2051 6 792
794 0 4268 3537 2039 9.31371 793
795 0 4268 3553 2011 6 794
796 0 4236 3485 2059 6.94427 790
797 0 4232 3481 2075 6 796
798 0 4228 3477 2079 6 797
799 0 4224 3473 2083 3.65685 798
800 0 4220 3465 2083 3.65685 799
801 0 4216 3461 2083 3.65685 800
802 0 4212 3457 2083 2 801
803 0 4264 3469 2011 6 787
804 0 4272 3473 2003 9.31371 803
805 0 4280 3477 1995 6 804
806 2 4207.08 3591.23 1918.19 19.9758 779
807 2 4211.92 3596.19 1916.54 22.0035 806
808 2 4234.99 3619.86 1908.7 31.6767 807
809 2 4250.99 3635.99 1902.29 35.7456 808
810 2 4254.92 3639.92 1900.61 36.4487 809
811 0 4268 3653 1895 38.7922 810
812 2 4270.47 3677.71 1897.47 22.5048 811
813 0 4272 3705 1911 10 812
814 0 4272 3725 1915 9.31371 813
815 0 4264 3737 1915 9.31371 814
816 0 4252 3737 1915 10 815
817 0 4248 3721 1911 2 816
818 0 4312 3677 1903 12.4222 812
819 0 4324 3681 1907 6.94427 818
820 0 4332 3685 1915 6 819
821 0 4332 3693 1923 3.65685 820
822 0 4332 3697 1923 2 821
823 0 4332 3701 1923 2 822
824 0 4236 3685 1887 15.8885 811
825 0 4208 3693 1883 12.4222 824
826 0 4200 3713 1879 6.94427 825
827 0 4200 3729 1867 6 826
828 0 4256 3621 1851 26 810
829 0 4252 3605 1827 10 828
830 0 4252 3609 1815 6 829
831 0 4252 3609 1807 6.94427 830
832 0 4236 3673 1919 14.4924 809
833 0 4220 3685 1919 9.31371 832
834 0 4196 3677 1923 12.4222 833
835 0 4180 3661 1919 12.4222 834
836 0 4172 3649 1911 6 835
837 0 4268 3629 1939 18.3961 808
838 0 4276 3657 1951 18 837
839 0 4280 3677 1959 9.31371 838
840 0 4288 3685 1967 3.65685 839
841 0 4292 3689 1971 3.65685 840
842 0 4296 3693 1971 2 841
843 0 4228 3605 1955 26 807
844 2 4257.66 3620.77 1989.94 20.0117 843
845 0 4280 3641 1999 10.6491 844
846 0 4300 3657 2011 12.4222 845
847 0 4304 3669 2011 3.65685 846
848 0 4304 3673 2011 2 847
849 0 4248 3625 2015 14.4924 844
850 0 4256 3625 2031 12.4222 849
851 0 4268 3633 2035 6 850
852 0 4276 3641 2039 6 851
853 0 4276 3649 2043 6 852
854 0 4204 3609 1891 14 806
855 0 4188 3621 1883 6 854
856 0 4176 3629 1891 6 855
857 0 4168 3629 1899 6 856
858 0 4164 3629 1907 3.65685 857
859 0 4164 3625 1911 2 858
860 0 3988 3637 2007 14 767
861 0 3980 3625 2051 35.9473 860
862 2 3960 3631.86 2104.19 19.7872 861
863 2 3955.29 3637.71 2118.06 17.1031 862
864 0 3932 3661 2147 12.4222 863
865 0 3920 3677 2167 6 864
866 0 3920 3677 2183 6 865
867 0 3908 3677 2199 6 866
868 0 3904 3677 2211 6.94427 867
869 0 3896 3669 2219 3.65685 868
870 0 3896 3665 2223 2 869
871 0 3972 3669 2135 10 863
872 0 3976 3677 2147 6 871
873 0 3952 3665 2087 10 862
874 0 3944 3673 2083 3.65685 873
875 0 3940 3677 2079 3.65685 874
876 0 3936 3681 2075 6 875
877 0 3928 3697 2063 6.94427 876
878 0 4004 3641 2111 14 861
879 0 4016 3657 2123 19.5407 878
880 0 4032 3669 2119 6 879
881 0 4036 3669 2111 6 880
882 0 4152 4149 1471 9.31371 728
883 0 4164 4169 1475 6.94427 882
884 0 4180 4189 1491 6.94427 883
885 0 4188 4201 1507 9.31371 884
886 0 4192 4209 1531 6.94427 885
887 0 4192 4213 1547 6.94427 886
888 0 4196 4213 1559 6 887
889 0 4196 4213 1567 2 888
890 0 4196 4213 1575 6 889
891 0 4200 4213 1591 6.94427 890
892 0 4200 4213 1611 6 891
893 0 4204 4209 1627 6 892
894 0 4204 4201 1643 6.94427 893
895 0 4196 4193 1659 12.4222 894
896 0 4196 4189 1687 6.94427 895
897 0 4196 4189 1703 6.94427 896
898 0 4192 4185 1719 6.94427 897
899 0 4184 4177 1735 6.94427 898
900 0 4176 4173 1747 6.94427 899
901 0 4172 4169 1763 6.94427 900
902 0 4164 4173 1779 6 901
903 0 4164 4173 1787 6 902
904 0 4148 4169 1803 6.94427 903
905 0 4132 4169 1819 6 904
906 0 4116 4165 1835 10.6491 905
907 0 4112 4165 1847 10 906
908 0 4112 4165 1859 6 907
909 0 4112 4165 1871 10 908
910 0 4124 4153 1887 6 909
911 0 4128 4145 1899 6 910
912 2 4132 4138.17 1905.83 5.17157 911
913 0 4132 4133 1911 3.65685 912
914 0 4132 4125 1931 9.31371 913
915 2 4135.64 4128.64 1980.09 28.2191 914
916 0 4152 4101 2075 26.8444 915
917 0 4140 4097 2103 14.4924 916
918 0 4120 4109 2111 3.65685 917
919 0 4116 4109 2111 2 918
920 0 4108 4109 2111 6.94427 919
921 0 4096 4105 2119 10 920
922 0 4076 4097 2127 9.31371 921
923 0 4068 4089 2131 10 922
924 0 4064 4077 2127 6.94427 923
925 0 4100 4113 1983 9.31371 915
926 0 4080 4101 1995 6.94427 925
927 0 4068 4093 1995 6 926
928 0 4128 4129 1899 6 912
929 0 4124 4125 1895 6 928
930 0 4116 4121 1887 9.31371 929
931 0 4108 4125 1875 6.94427 930
932 0 4100 4117 1867 6 931
933 0 4172 4021 1335 12.4222 720
934 0 4180 4053 1323 10 933
935 0 4184 4073 1315 10 934
936 0 4188 4097 1315 10 935
937 0 4188 4121 1315 10 936
938 0 4192 4133 1315 12.4222 937
939 0 4200 4165 1311 10.6491 938
940 0 4216 4201 1311 18 939
941 0 4248 4249 1319 26.8444 940
942 0 4276 4289 1335 18 941
943 0 4300 4313 1339 12.4222 942
944 0 4324 4333 1339 12.4222 943
945 0 4352 4357 1339 12.4222 944
946 0 4380 4373 1347 14 945
947 0 4404 4385 1359 12.4222 946
948 0 4424 4405 1371 12.4222 947
949 0 4440 4429 1387 12.4222 948
950 0 4456 4453 1399 12.4222 949
951 0 4472 4469 1415 14.4924 950
952 0 4480 4497 1419 14 951
953 0 4500 4533 1419 14 952
954 0 4508 4561 1411 10 953
955 0 4496 4577 1403 10 954
956 0 4496 4585 1395 6.94427 955
957 0 4280 3637 1479 14 336
958 0 4296 3609 1475 15.8885 957
959 0 4296 3565 1491 15.8885 958
960 0 4300 3529 1503 10.6491 959
961 0 4308 3513 1503 15.8885 960
962 0 4308 3473 1511 10 961
963 0 4312 3449 1519 12.4222 962
964 0 4316 3417 1519 10 963
965 0 4324 3385 1527 12.4222 964
966 0 4324 3361 1531 10 965
967 0 4324 3337 1531 10 966
968 0 4328 3313 1531 10 967
969 0 4336 3297 1531 14.4924 968
970 0 4340 3261 1531 10.6491 969
971 0 4340 3229 1531 10 970
972 0 4340 3205 1531 10 971
973 0 4336 3173 1535 14 972
974 0 4316 3149 1539 12.4222 973
975 0 4300 3129 1547 10.6491 974
976 0 4284 3117 1559 10.6491 975
977 0 4267 3104 1563 9.01753 976
978 0 4256 3097 1579 6.94427 977
979 0 4240 3085 1595 6.94427 978
980 0 4260 3097 1563 6.94427 977
981 0 4252 3089 1563 9.31371 980
982 0 4244 3085 1567 6.94427 981
983 0 4228 3077 1575 9.31371 982
984 0 4208 3061 1591 12.4222 983
985 0 4192 3049 1599 9.31371 984
986 0 4184 3053 1623 9.31371 985
987 0 4176 3061 1627 6.94427 986
988 0 4168 3065 1631 9.31371 987
989 0 4148 3069 1651 6.94427 988
990 0 4148 3069 1659 6.94427 989
991 0 4140 3061 1671 6 990
992 0 4136 3057 1679 6 991
993 0 4132 3049 1691 9.31371 992
994 0 4132 3045 1703 6.94427 993
995 0 4132 3041 1719 9.31371 994
996 0 4112 3029 1743 14.9706 995
997 0 4100 3017 1771 14 996
998 0 4088 3013 1791 19.5407 997
999 0 4064 2985 1823 12.4222 998
1000 0 4048 2981 1827 6 999
1001 0 4040 2981 1835 6 1000
1002 0 4036 2977 1839 3.65685 1001
1003 0 4032 2973 1843 3.65685 1002
1004 0 4028 2973 1843 3.65685 1003
1005 0 4020 2965 1851 6.94427 1004
1006 0 4002.67 2952.33 1868.33 7.33918 1005
1007 0 3996 2949 1875 9.31371 1006
1008 2 3976 2945 1879 7.10457 1007
1009 0 3952 2929 1871 6.94427 1008
1010 0 3936 2913 1871 6.94427 1009
1011 0 3920 2901 1875 6 1010
1012 0 3912 2893 1871 6.94427 1011
1013 0 3896 2881 1875 6.94427 1012
1014 0 3880 2861 1875 9.31371 1013
1015 0 3876 2849 1875 6 1014
1016 0 3864 2833 1887 6.94427 1015
1017 0 3848 2821 1895 10 1016
1018 0 3824 2817 1911 10 1017
1019 0 3800 2817 1927 6.94427 1018
1020 0 3792 2817 1931 6 1019
1021 0 3780 2821 1935 10 1020
1022 0 3752 2829 1947 10 1021
1023 0 3740 2829 1947 9.31371 1022
1024 0 3728 2833 1959 6.94427 1023
1025 0 3716 2837 1963 10.6491 1024
1026 0 3684 2849 1979 10 1025
1027 0 3664 2853 1995 9.31371 1026
1028 0 3660 2853 2007 9.31371 1027
1029 2 3657.8 2827.98 2032.02 21.736 1028
1030 2 3659.02 2821.9 2038.1 24.2538 1029
1031 2 3660 2796.36 2080.83 29.6935 1030
1032 0 3700 2757 2139 10.6491 1031
1033 0 3700 2749 2147 6.94427 1032
1034 0 3700 2741 2159 6 1033
1035 0 3704 2737 2167 6 1034
1036 0 3708 2733 2175 3.65685 1035
1037 0 3708 2729 2179 3.65685 1036
1038 0 3712 2725 2183 6 1037
1039 0 3724 2717 2191 6 1038
1040 0 3740 2709 2195 6 1039
1041 0 3748 2705 2199 9.31371 1040
1042 0 3764 2693 2203 9.31371 1041
1043 0 3780 2681 2211 6.94427 1042
1044 0 3612 2781 2067 6.94427 1031
1045 0 3596 2777 2063 6 1044
1046 0 3592 2773 2059 3.65685 1045
1047 0 3584 2773 2051 6 1046
1048 0 3568 2769 2051 6 1047
1049 0 3560 2773 2051 6 1048
1050 0 3552 2769 2051 2 1049
1051 0 3548 2769 2051 2 1050
1052 0 3544 2769 2051 2 1051
1053 0 3648 2857 2075 6 1030
1054 0 3644 2865 2083 6.94427 1053
1055 0 3644 2873 2083 3.65685 1054
1056 0 3644 2877 2087 2 1055
1057 0 3628 2805 2027 9.31371 1029
1058 0 3612 2789 2023 6 1057
1059 0 3604 2789 2019 3.65685 1058
1060 0 3600 2793 2019 2 1059
1061 0 3596 2793 2019 2 1060
1062 0 3972 2941 1903 6 1008
1063 0 3960 2937 1919 6.94427 1062
1064 0 3952 2937 1931 6.94427 1063
1065 0 3940 2945 1947 10 1064
1066 0 3936 2953 1955 10 1065
1067 0 3932 2953 1971 10 1066
1068 0 3928 2957 1995 18 1067
1069 2 3927.77 2965 2033.85 18 1068
1070 0 3944 2965 2051 12.4222 1069
1071 0 3960 2981 2067 12.4222 1070
1072 0 3976 2997 2071 12.4222 1071
1073 2 3993.3 3016.46 2074.57 23.5685 1072
1074 2 4002.7 3041.54 2071.43 32.5397 1073
1075 2 4002.97 3049.13 2068.42 32.0804 1074
1076 2 4000.78 3079.39 2036.66 22.2234 1075
1077 0 3993.83 3111.86 2000.49 22.3311 1076
1078 0 3992 3145 1987 10 1077
1079 2 3980.36 3183.91 1990.64 19.3747 1078
1080 0 3988 3229 1999 18.3961 1079
1081 0 3992 3257 1983 3.65685 1080
1082 0 3988 3261 1971 9.31371 1081
1083 0 3948 3177 1983 6 1079
1084 0 3932 3177 1983 6 1083
1085 0 3924 3177 1983 3.65685 1084
1086 0 3920 3181 1987 2 1085
1087 0 3992 3089 1967 18 1077
1088 0 3968 3073 1939 12.4222 1087
1089 0 3956 3065 1939 6 1088
1090 0 3970.16 3125.63 2038.68 14.9898 1076
1091 0 3972 3157 2019 10 1090
1092 0 3964 3161 2007 6 1091
1093 0 3944 3145 2043 10.6491 1090
1094 0 3932 3153 2035 6 1093
1095 2 4031.15 3055.84 2046.73 16.6555 1075
1096 0 4056 3069 2023 6 1095
1097 0 4064 3069 2023 6 1096
1098 0 4072 3065 2015 6 1097
1099 0 4080 3065 2007 3.65685 1098
1100 0 4084 3061 2003 3.65685 1099
1101 0 4084 3057 2003 2 1100
1102 2 4021.66 3050.25 2044.15 17.5885 1095
1103 0 4012 3025 2027 12.4222 1102
1104 0 4016 3013 2019 9.31371 1103
1105 0 4032 3073 2019 12.4222 1102
1106 0 4044 3073 2011 6.94427 1105
1107 0 4052 3073 2003 6 1106
1108 0 4060 3077 2003 3.65685 1107
1109 0 4060 3081 2003 2 1108
1110 0 4044 3041 2095 22.3311 1074
1111 0 4064 3053 2095 9.31371 1110
1112 0 4072 3061 2095 6 1111
1113 0 4000 3017 2111 22.3311 1073
1114 0 4004 3005 2131 9.31371 1113
1115 0 3996 3013 2151 6 1114
1116 2 3905.18 2968.8 2046.28 12.7013 1069
1117 0 3876 2973 2079 10.6491 1116
1118 0 3888 2973 2099 9.31371 1117
1119 0 3896 2969 2107 6 1118
1120 0 3908 2969 2123 6 1119
1121 0 3916 2965 2135 6 1120
1122 0 3920 2965 2143 6 1121
1123 0 3928 2961 2147 6 1122
1124 0 3936 2961 2155 3.65685 1123
1125 0 3944 2949 2163 6.94427 1124
1126 0 3956 2937 2171 9.31371 1125
1127 0 3964 2929 2183 9.31371 1126
1128 0 3968 2945 2203 6 1127
1129 0 3964 2949 2207 3.65685 1128
1130 0 3964 2949 2215 3.65685 1129
1131 0 3964 2949 2219 3.65685 1130
1132 0 3960 2945 2223 6 1131
1133 0 3956 2941 2231 2 1132
1134 0 3956 2941 2235 2 1133
1135 0 3968 2909 2183 6 1127
1136 0 3964 2893 2187 6 1135
1137 0 3956 2885 2183 2 1136
1138 0 3956 2881 2183 2 1137
1139 0 3852 2953 2087 10.6491 1117
1140 0 3828 2953 2103 6.94427 1139
1141 0 3816 2953 2115 6.94427 1140
1142 0 3800 2957 2115 10 1141
1143 0 3784 2949 2115 9.31371 1142
1144 0 3772 2949 2115 6 1143
1145 0 3756 2953 2115 6.94427 1144
1146 0 3740 2953 2115 6 1145
1147 0 3732 2953 2115 3.65685 1146
1148 0 3728 2949 2111 2 1147
1149 0 3796 2977 2139 6 1142
1150 0 3796 2977 2147 6 1149
1151 0 3800 2981 2155 2 1150
1152 0 3800 2985 2155 2 1151
1153 0 3888 2965 2035 10 1116
1154 0 3872 2957 2043 9.31371 1153
1155 0 3860 2949 2043 3.65685 1154
1156 0 3860 2945 2043 2 1155
1157 0 4008 2953 1887 6.94427 1006
1158 0 4008 2953 1899 10 1157
1159 0 4004 2949 1919 9.31371 1158
1160 0 4172 3029 1603 12.4222 985
1161 0 4152 3005 1607 12.4222 1160
1162 0 4128 2981 1623 12.4222 1161
1163 0 4112 2957 1623 9.31371 1162
1164 0 4100 2933 1627 10.6491 1163
1165 0 4088 2905 1631 10.6491 1164
1166 0 4076 2881 1631 10 1165
1167 0 4072 2857 1639 10 1166
1168 0 4068 2837 1643 10 1167
1169 0 4064 2797 1659 19.5407 1168
1170 0 4052 2769 1671 30.249 1169
1171 2 4017.03 2710.38 1694.31 28.3933 1170
1172 0 4040 2685 1715 9.31371 1171
1173 0 4048 2673 1735 10 1172
1174 0 4048 2669 1759 10 1173
1175 0 4060 2685 1779 6 1174
1176 0 4060 2685 1787 6 1175
1177 0 4064 2693 1799 6.94427 1176
1178 0 4064 2693 1819 6 1177
1179 0 4068 2693 1827 3.65685 1178
1180 0 4072 2689 1835 6.94427 1179
1181 0 4068 2689 1851 6.94427 1180
1182 0 4068 2689 1871 6 1181
1183 0 4068 2673 1887 6 1182
1184 0 4060 2665 1895 6 1183
1185 0 4052 2653 1915 6.94427 1184
1186 0 4044 2645 1935 6.94427 1185
1187 0 4036 2637 1955 9.31371 1186
1188 0 4036 2633 1971 6.94427 1187
1189 0 4032 2625 1987 6 1188
1190 0 4032 2625 1995 6 1189
1191 0 4024 2617 2003 6 1190
1192 0 4020 2613 2007 6 1191
1193 0 4016 2605 2015 9.31371 1192
1194 0 4008 2593 2023 9.31371 1193
1195 0 4008 2593 2039 14 1194
1196 0 4008 2605 2059 21.3238 1195
1197 0 4004 2649 2091 14 1196
1198 2 4010.79 2665.97 2097.79 14 1197
1199 0 4039.27 2706.78 2096.5 31.7081 1198
1200 0 4064 2737 2091 43.607 1199
1201 2 4090.78 2731.05 2073.15 30.5109 1200
1202 2 4096.88 2729.69 2069.08 27.5279 1201
1203 0 4130 2701 2053 15.9721 1202
1204 2 4143.38 2683.15 2048.54 30.8255 1203
1205 0 4144 2629 2067 34.2215 1204
1206 0 4136 2593 2107 10 1205
1207 0 4140 2589 2131 6.94427 1206
1208 0 4148 2589 2147 3.65685 1207
1209 0 4148 2589 2155 3.65685 1208
1210 0 4144 2593 2159 3.65685 1209
1211 0 4144 2597 2163 3.65685 1210
1212 0 4140 2601 2167 2 1211
1213 2 4137.36 2690.84 2042.35 25.3891 1204
1214 0 4128 2701 1991 23.2982 1213
1215 0 4124 2737 1959 6.94427 1214
1216 0 4152 2737 2055 6.94427 1213
1217 0 4156 2745 2063 6.94427 1216
1218 0 4152 2749 2071 6 1217
1219 0 4152 2749 2083 6 1218
1220 0 4192 2677 2051 10 1213
1221 0 4196 2673 2063 10.6491 1220
1222 0 4204 2669 2071 6 1221
1223 0 4160 2713 2071 6.94427 1204
1224 0 4164 2721 2071 6 1223
1225 0 4172 2733 2079 9.31371 1224
1226 0 4180 2737 2087 3.65685 1225
1227 0 4184 2737 2087 2 1226
1228 0 4160 2689 2079 15.8885 1203
1229 0 4184 2693 2099 9.31371 1228
1230 0 4188 2697 2107 6 1229
1231 0 4188 2697 2115 6 1230
1232 2 4111.1 2760.49 2055.44 27.5469 1202
1233 0 4148 2785 2015 9.31371 1232
1234 0 4168 2801 1999 9.31371 1233
1235 0 4180 2821 1999 3.65685 1234
1236 0 4184 2825 1999 2 1235
1237 0 4188 2825 1999 2 1236
1238 0 4100 2745 2035 9.31371 1232
1239 0 4104 2741 2019 14.4924 1238
1240 0 4132 2753 1991 12.4222 1239
1241 0 4136 2753 1979 3.65685 1240
1242 0 4136 2753 1975 2 1241
1243 0 4088 2721 2035 6.94427 1201
1244 0 4088 2713 2027 6 1243
1245 0 4076 2713 2007 20.6274 1244
1246 0 4036 2749 2059 10 1200
1247 0 4028 2765 2047 9.31371 1246
1248 0 4036 2789 2043 12.4222 1247
1249 0 4036 2801 2039 6.94427 1248
1250 0 4088 2785 2087 26.8444 1200
1251 2 4128.07 2806.63 2095.07 21.6544 1250
1252 0 4144 2813 2111 14 1251
1253 0 4152 2829 2115 9.31371 1252
1254 0 4152 2841 2123 10 1253
1255 0 4160 2857 2123 14 1254
1256 0 4168 2861 2111 6.94427 1255
1257 0 4168 2849 2103 2 1256
1258 0 4136 2809 2139 14.4924 1252
1259 0 4148 2817 2151 6.94427 1258
1260 0 4156 2825 2159 6 1259
1261 0 4148 2845 2083 12.4222 1251
1262 0 4152 2857 2087 6.94427 1261
1263 0 4152 2857 2095 6 1262
1264 0 4016 2757 2127 15.8885 1199
1265 0 3996 2773 2131 10.6491 1264
1266 0 3984 2777 2159 10 1265
1267 0 3972 2773 2163 3.65685 1266
1268 0 3968 2769 2163 2 1267
1269 0 4008 2685 2123 23.6125 1198
1270 0 4004 2705 2143 15.8885 1269
1271 0 3992 2701 2155 6.94427 1270
1272 0 3988 2701 2163 6 1271
1273 0 3972 2717 2179 14 1272
1274 0 3960 2725 2187 6.94427 1273
1275 0 4008.44 2548.11 2071.89 15.7778 1195
1276 0 4036 2525 2099 6.94427 1275
1277 0 4044 2521 2107 9.31371 1276
1278 0 4056 2517 2111 6 1277
1279 0 4076 2513 2115 6.94427 1278
1280 0 4084 2505 2115 3.65685 1279
1281 2 4113.72 2478.83 2122.54 22.5143 1280
1282 0 4144 2457 2111 34 1281
1283 0 4168 2469 2083 26.2843 1282
1284 2 4186.47 2479.47 2045.71 21.0588 1283
1285 0 4200 2489 2019 14 1284
1286 2 4225.48 2485.36 2019 14 1285
1287 0 4244 2485 2019 14 1286
1288 0 4260 2485 1995 10 1287
1289 0 4260 2485 1983 6 1288
1290 0 4260 2489 1975 6 1289
1291 0 4232 2505 2003 6 1286
1292 0 4236 2517 1991 6 1291
1293 0 4212 2489 2047 10.6491 1284
1294 0 4232 2489 2043 10.6491 1293
1295 0 4240 2497 2047 6 1294
1296 0 4224 2485 2091 15.8885 1283
1297 0 4244 2469 2059 10 1296
1298 0 4248 2461 2051 10.6491 1297
1299 0 4256 2453 2043 3.65685 1298
1300 0 4256 2449 2039 2 1299
1301 0 4116 2501 2171 18 1281
1302 0 4120 2505 2191 10.6491 1301
1303 0 4024 2529 2067 9.31371 1275
1304 0 4036 2521 2067 6.94427 1303
1305 0 4044 2513 2075 6 1304
1306 0 4052 2513 2079 6 1305
1307 0 3988 2685 1703 12.4222 1171
1308 0 3968 2657 1707 10.6491 1307
1309 0 3960 2633 1723 10 1308
1310 0 3948 2609 1743 9.31371 1309
1311 0 3940 2593 1751 9.31371 1310
1312 0 3928 2573 1763 6 1311
1313 0 3924 2561 1767 6.94427 1312
1314 2 3921.76 2540.06 1767 13.577 1313
1315 0 3908 2541 1783 6 1314
1316 0 3904 2537 1787 6 1315
1317 0 3900 2533 1795 9.31371 1316
1318 0 3884 2533 1811 6.94427 1317
1319 0 3872 2537 1827 6.94427 1318
1320 0 3864 2541 1839 10 1319
1321 0 3856 2541 1847 6.94427 1320
1322 0 3844 2533 1867 6.94427 1321
1323 0 3840 2529 1875 6.94427 1322
1324 0 3828 2521 1887 14.4924 1323
1325 0 3812 2501 1915 9.31371 1324
1326 0 3804 2489 1927 9.31371 1325
1327 0 3796 2481 1935 10.6491 1326
1328 0 3792 2481 1955 6 1327
1329 0 3792 2481 1971 6 1328
1330 0 3788 2481 1987 6 1329
1331 0 3754.3 2489 2014.03 17.1157 1330
1332 0 3724 2489 2011 26.8444 1331
1333 2 3705.67 2470.67 2018.33 23.5937 1332
1334 0 3696 2469 2047 24.8328 1333
1335 2 3680.27 2426.64 2093.36 26.4868 1334
1336 0 3680 2409 2119 14 1335
1337 2 3684 2395.4 2134.2 10.382 1336
1338 0 3684 2389 2159 6.94427 1337
1339 0 3684 2389 2175 6 1338
1340 0 3688 2381 2187 6 1339
1341 0 3688 2373 2195 6 1340
1342 0 3704 2377 2211 6.94427 1341
1343 0 3712 2381 2219 3.65685 1342
1344 0 3716 2381 2219 3.65685 1343
1345 0 3720 2381 2219 2 1344
1346 0 3708 2385 2127 10 1337
1347 0 3716 2381 2135 10 1346
1348 0 3724 2377 2143 6 1347
1349 0 3644 2393 2087 12.4222 1335
1350 0 3636 2381 2083 9.31371 1349
1351 0 3632 2373 2079 3.65685 1350
1352 0 3636 2369 2079 2 1351
1353 0 3712 2445 1995 9.31371 1333
1354 0 3708 2437 1987 6.94427 1353
1355 0 3704 2429 1979 9.31371 1354
1356 0 3700 2421 1963 6.94427 1355
1357 0 3704 2413 1943 6 1356
1358 0 3708 2413 1935 6 1357
1359 0 3712 2417 1927 3.65685 1358
1360 0 3712 2421 1927 2 1359
1361 0 3700 2509 1999 12.4222 1332
1362 0 3680 2529 1991 14.4924 1361
1363 0 3664 2537 1991 3.65685 1362
1364 0 3660 2541 1991 2 1363
1365 0 3688 2517 2035 12.4222 1361
1366 0 3700 2517 2043 6.94427 1365
1367 0 3732 2477 2031 14.4924 1331
1368 0 3728 2493 2051 22.3311 1367
1369 0 3736 2521 2043 10 1368
1370 0 3732 2529 2035 9.31371 1369
1371 0 3920 2517 1767 6.94427 1314
1372 0 3920 2509 1767 6 1371
1373 0 3920 2497 1771 10 1372
1374 0 3916 2477 1779 9.31371 1373
1375 0 3916 2465 1783 6 1374
1376 0 3912 2449 1783 10 1375
1377 0 3912 2429 1787 6 1376
1378 0 3904 2397 1787 10.6491 1377
1379 0 3888 2373 1791 9.31371 1378
1380 0 3872 2353 1791 9.31371 1379
1381 0 3856 2337 1791 6.94427 1380
1382 0 3840 2321 1791 9.31371 1381
1383 0 3824 2309 1787 10.6491 1382
1384 0 3804 2293 1783 9.31371 1383
1385 0 3788 2281 1783 9.31371 1384
1386 0 3772 2265 1779 6.94427 1385
1387 0 3764 2249 1783 6 1386
1388 2 3761.71 2242.14 1787.57 6 1387
1389 0 3760 2237 1779 3.65685 1388
1390 0 3756 2233 1779 2 1389
1391 0 3756 2225 1779 6 1390
1392 0 3752 2217 1779 6 1391
1393 0 3748 2209 1771 3.65685 1392
1394 0 3744 2201 1771 6 1393
1395 0 3744 2193 1775 2 1394
1396 0 3744 2189 1779 2 1395
1397 0 3760 2225 1799 6 1388
1398 0 3760 2213 1807 10 1397
1399 0 3752 2193 1823 9.31371 1398
1400 0 3740 2181 1827 6.94427 1399
1401 0 3724 2169 1831 9.31371 1400
1402 0 3712 2149 1835 9.31371 1401
1403 0 3700 2133 1843 10 1402
1404 0 3684 2105 1851 12.4222 1403
1405 0 3656 2101 1859 6 1404
1406 0 3640 2093 1859 6.94427 1405
1407 0 3624 2081 1867 9.31371 1406
1408 0 3600 2069 1875 9.31371 1407
1409 0 3592 2065 1883 6 1408
1410 0 3584 2061 1895 6.94427 1409
1411 0 3576 2061 1911 6 1410
1412 0 3556 2053 1923 9.31371 1411
1413 0 3548 2049 1931 6.94427 1412
1414 0 3536 2041 1939 9.31371 1413
1415 0 3516 2021 1947 12.4222 1414
1416 0 3496 2001 1947 9.31371 1415
1417 0 3480 1985 1951 9.31371 1416
1418 0 3472 1969 1959 9.31371 1417
1419 0 3464 1941 1971 9.31371 1418
1420 0 3460 1913 1983 12.4222 1419
1421 0 3452 1889 2007 9.31371 1420
1422 0 3436 1877 2023 10.6491 1421
1423 0 3424 1873 2035 14 1422
1424 0 3412 1877 2043 6.94427 1423
1425 0 3412 1877 2051 6.94427 1424
1426 0 3412 1885 2059 6 1425
1427 0 3412 1893 2067 9.31371 1426
1428 0 3404 1909 2083 6.94427 1427
1429 0 3384 1929 2099 10.6491 1428
1430 0 3372 1937 2103 14.4924 1429
1431 0 3360 1945 2111 10.6491 1430
1432 0 3340 1937 2123 3.65685 1431
1433 0 3336 1933 2127 3.65685 1432
1434 0 3332 1929 2131 6 1433
1435 0 3316 1925 2143 6 1434
1436 0 3308 1925 2155 6.94427 1435
1437 0 3300 1929 2163 9.31371 1436
1438 0 3288 1933 2171 6.94427 1437
1439 0 3223.85 1937 2182.19 28.7088 1438
1440 2 3211.32 1929.59 2178.66 33.6762 1439
1441 2 3203.76 1922.79 2173.22 35.7257 1440
1442 2 3192.14 1912.33 2164.86 38.8736 1441
1443 0 3168 1873 2135 26 1442
1444 0 3152 1849 2123 14.9706 1443
1445 0 3128 1825 2115 10.6491 1444
1446 0 3116 1825 2111 6.94427 1445
1447 0 3100 1821 2111 6 1446
1448 0 3092 1817 2107 9.31371 1447
1449 0 3084 1809 2099 3.65685 1448
1450 0 3080 1805 2095 3.65685 1449
1451 0 3076 1801 2091 2 1450
1452 0 3072 1801 2091 2 1451
1453 0 3168 1861 2099 10.6491 1443
1454 0 3160 1861 2087 12.4222 1453
1455 0 3156 1841 2067 9.31371 1454
1456 0 3172 1941 2119 20.6274 1442
1457 0 3140 1933 2091 28.4631 1456
1458 0 3112 1925 2103 14 1457
1459 0 3076 1905 2111 14.4924 1458
1460 0 3056 1905 2115 6 1459
1461 0 3180 1921 2051 12.4222 1457
1462 0 3192 1925 2043 6.94427 1461
1463 0 3132 1873 2095 10 1457
1464 0 3224 1905 2139 10.6491 1441
1465 0 3236 1893 2123 6 1464
1466 0 3244 1885 2115 6.94427 1465
1467 2 3222.39 1967.48 2151.02 21.3369 1440
1468 0 3244 2005 2135 9.31371 1467
1469 0 3260 2013 2131 10 1468
1470 0 3272 2021 2123 3.65685 1469
1471 0 3276 2021 2123 2 1470
1472 0 3216 1961 2123 21.3238 1467
1473 0 3236 1961 2087 9.31371 1472
1474 0 3240 1965 2075 10 1473
1475 0 3232 1965 2063 6 1474
1476 0 3194.33 1964.33 2224.67 23.8679 1439
1477 0 3204 1965 2255 9.31371 1476
1478 0 3208 1965 2267 6.94427 1477
1479 0 3212 1965 2283 10 1478
1480 0 3204 1965 2295 9.31371 1479
1481 0 3208 1969 2315 10 1480
1482 0 3212 1977 2327 3.65685 1481
1483 0 3212 1981 2327 2 1482
1484 0 3184 1985 2235 10.6491 1476
1485 0 3184 2029 2263 14 1484
1486 0 3188 2061 2299 10 1485
1487 0 3188 2085 2323 6.94427 1486
1488 0 3192 2097 2327 10.6491 1487
1489 0 3192 2109 2331 6 1488
