# Generated by NeuTu (https://github.com/janelia-flyem/NeuTu)
1 0 4743 2441 1998 2 -1
2 0 4743 2437 1998 3.65685 1
3 0 4743 2433 1998 3.65685 2
4 0 4739 2429 1994 6 3
5 0 4739 2421 1986 6 4
6 0 4743 2417 1982 3.65685 5
7 0 4743 2413 1978 3.65685 6
8 0 4743 2409 1970 6 7
9 0 4739 2405 1966 6 8
10 0 4739 2397 1954 14 9
11 0 4735 2381 1930 9.31371 10
12 0 4735 2373 1922 3.65685 11
13 0 4731 2369 1918 6 12
14 0 4727 2365 1914 3.65685 13
15 0 4727 2357 1910 6.94427 14
16 0 4723 2349 1910 3.65685 15
17 0 4715 2341 1906 6.94427 16
18 0 4711 2325 1902 6 17
19 0 4703 2317 1902 3.65685 18
20 0 4699 2309 1898 6.94427 19
21 0 4691 2289 1898 9.31371 20
22 0 4695 2281 1894 2 21
23 0 4695 2277 1894 2 22
24 0 4695 2273 1894 2 23
