# Generated by NeuTu (https://github.com/janelia-flyem/NeuTu)
1 0 2138 3683 5397 2 -1
2 0 2138 3687 5397 2 1
3 0 2138 3691 5397 3.65685 2
4 0 2130 3699 5401 6.94427 3
5 0 2126 3715 5417 6 4
6 0 2122 3727 5421 9.31371 5
7 0 2130 3735 5429 6 6
8 2 2137.6 3750.21 5443.81 8.98529 7
9 0 2146 3743 5453 6 8
10 0 2150 3735 5457 9.31371 9
11 0 2154 3727 5453 6 10
12 0 2158 3719 5441 6.94427 11
13 0 2158 3707 5437 2 12
14 0 2126 3767 5437 6 8
15 0 2122 3771 5433 3.65685 14
16 0 2118 3783 5429 6 15
17 0 2114 3787 5425 6 16
18 0 2110 3799 5425 3.65685 17
19 0 2106 3803 5421 2 18
