# Generated by NeuTu (https://github.com/janelia-flyem/NeuTu)
1 0 2268 3572 5495 2 -1
2 0 2268 3576 5491 3.65685 1
3 0 2272 3580 5487 2 2
4 0 2272 3580 5483 2 3
5 0 2272 3580 5479 3.65685 4
6 0 2276 3576 5471 6.94427 5
7 0 2288 3576 5447 6.94427 6
8 0 2292 3588 5431 6 7
9 0 2296 3596 5423 3.65685 8
10 0 2304 3604 5419 6.94427 9
11 0 2308 3620 5435 6 10
12 0 2308 3636 5447 6 11
13 0 2304 3644 5451 6 12
14 0 2304 3648 5463 6 13
15 0 2300 3652 5467 6 14
16 0 2296 3652 5479 6.94427 15
17 0 2280 3644 5491 6.94427 16
18 0 2272 3636 5499 3.65685 17
19 0 2272 3632 5499 2 18
