# Generated by NeuTu (https://github.com/janelia-flyem/NeuTu)
1 0 2288 3595 5534 9.31371 -1
2 0 2276 3603 5522 6 1
3 0 2268 3611 5514 10.6491 2
4 0 2256 3615 5510 6.94427 3
5 0 2248 3623 5518 6 4
6 0 2244 3627 5530 6 5
7 0 2236 3635 5538 6 6
8 0 2228 3635 5546 10 7
9 0 2216 3635 5562 10 8
10 0 2224 3627 5574 6.94427 9
11 0 2232 3619 5582 6.94427 10
12 0 2240 3611 5586 10 11
13 0 2244 3603 5594 6 12
14 0 2252 3595 5606 6 13
15 0 2260 3591 5622 6 14
16 0 2264 3587 5642 6 15
17 0 2260 3583 5646 2 16
18 0 2256 3583 5650 2 17
19 0 2256 3583 5654 2 18
20 0 2256 3583 5658 2 19
