# Generated by NeuTu (https://github.com/janelia-flyem/NeuTu)
1 0 2537 2172 5096 6.94427 -1
2 0 2545 2168 5092 9.31371 1
3 0 2557 2168 5100 6.94427 2
4 0 2581 2168 5092 6 3
5 0 2597 2172 5092 6 4
6 0 2613 2172 5092 6 5
7 0 2629 2172 5092 6 6
8 0 2637 2168 5088 3.65685 7
9 0 2645 2172 5084 6.94427 8
10 0 2641 2184 5076 6 9
11 0 2641 2192 5068 6 10
12 0 2641 2200 5056 10 11
13 0 2629 2212 5048 3.65685 12
14 0 2625 2220 5040 9.31371 13
15 0 2617 2236 5036 6.94427 14
16 0 2609 2248 5036 6.94427 15
17 0 2605 2256 5032 6.94427 16
18 0 2597 2264 5028 3.65685 17
19 0 2593 2272 5028 6 18
20 0 2581 2292 5020 6.94427 19
21 0 2561 2296 5020 6 20
22 0 2545 2296 5020 6 21
23 0 2537 2292 5020 6.94427 22
24 0 2657 2160 5096 6.94427 9
25 0 2677 2160 5100 6 24
26 0 2685 2160 5108 6 25
27 0 2693 2164 5108 6 26
