# Generated by NeuTu (https://github.com/janelia-flyem/NeuTu)
1 0 2863 2375 5016 2 -1
2 0 2867 2375 5016 2 1
3 0 2875 2367 5016 6 2
4 0 2883 2359 5024 6 3
5 0 2883 2347 5024 6 4
6 0 2883 2331 5024 6 5
7 0 2887 2323 5028 9.31371 6
8 0 2883 2311 5028 6 7
9 0 2879 2299 5032 9.31371 8
10 0 2871 2291 5040 6 9
11 0 2867 2283 5048 6 10
12 0 2863 2279 5056 3.65685 11
13 0 2863 2275 5064 3.65685 12
14 0 2859 2271 5068 6 13
15 0 2855 2267 5088 6 14
16 0 2839 2263 5104 6.94427 15
17 0 2831 2259 5104 6.94427 16
18 0 2823 2255 5112 2 17
19 0 2823 2255 5116 2 18
