# Generated by NeuTu (https://github.com/janelia-flyem/NeuTu)
1 0 2986 2164 5016 2 -1
2 0 2974 2160 5020 9.31371 1
3 0 2970 2148 5032 6.94427 2
4 0 2970 2132 5044 6 3
5 0 2970 2116 5044 6 4
6 0 2970 2108 5044 2 5
7 0 2970 2104 5044 2 6
8 0 2970 2100 5044 2 7
9 0 2970 2088 5048 6 8
10 0 2974 2080 5052 6 9
11 0 2978 2076 5056 3.65685 10
12 0 2982 2068 5056 6.94427 11
13 0 2990 2052 5052 6 12
14 0 2994 2044 5056 6 13
15 0 2994 2036 5052 6 14
16 0 3002 2024 5052 6.94427 15
17 0 3014 2008 5060 9.31371 16
18 0 3022 1984 5068 6.94427 17
19 0 3026 1968 5080 6 18
20 0 3018 1948 5092 6.94427 19
21 0 3010 1940 5100 6 20
22 0 3014 1928 5112 6.94427 21
23 0 3014 1916 5120 9.31371 22
24 0 3022 1904 5132 3.65685 23
25 0 3022 1896 5136 6 24
26 0 3026 1884 5144 6 25
