# Generated by NeuTu (https://github.com/janelia-flyem/NeuTu)
1 0 2615 2302 5027 2 -1
2 0 2619 2302 5027 2 1
3 0 2623 2298 5031 3.65685 2
4 0 2627 2294 5035 6 3
5 0 2643 2286 5035 6.94427 4
6 0 2655 2282 5035 6.94427 5
7 0 2671 2286 5035 6 6
8 0 2679 2286 5035 6 7
9 0 2695 2286 5035 10.6491 8
10 0 2703 2294 5031 6.94427 9
11 0 2719 2302 5031 6 10
12 0 2735 2310 5031 6 11
13 0 2747 2310 5035 6.94427 12
14 0 2759 2302 5051 6 13
15 0 2763 2294 5059 3.65685 14
16 0 2767 2290 5063 3.65685 15
17 0 2767 2286 5063 2 16
