# Generated by NeuTu (https://github.com/janelia-flyem/NeuTu)
1 0 4864 2819 1898 6 -1
2 0 4876 2811 1910 9.31371 1
3 0 4884 2799 1922 9.31371 2
4 0 4896 2775 1938 6 3
5 0 4908 2771 1950 6.94427 4
6 0 4916 2771 1958 6 5
7 0 4920 2775 1970 9.31371 6
8 0 4928 2775 1978 6 7
9 0 4908 2783 2002 2 7
10 0 4904 2779 2006 3.65685 9
11 0 4900 2775 2010 3.65685 10
12 0 4900 2771 2014 3.65685 11
13 0 4896 2771 2018 3.65685 12
14 0 4896 2771 2026 6 13
15 0 4896 2771 2034 3.65685 14
16 0 4896 2767 2046 6 15
17 0 4888 2759 2062 6 16
18 0 4884 2755 2070 3.65685 17
19 0 4884 2755 2074 3.65685 18
20 0 4876 2771 2094 12.4222 19
21 0 4864 2775 2102 6 20
22 0 4848 2779 2114 6 21
23 0 4832 2791 2114 6.94427 22
24 0 4820 2799 2122 10.6491 23
25 0 4808 2807 2122 6.94427 24
26 0 4804 2811 2110 6 25
27 0 4800 2815 2098 6 26
28 0 4792 2819 2090 6.94427 27
29 0 4792 2823 2078 6 28
