# Generated by NeuTu (https://github.com/janelia-flyem/NeuTu)
1 0 2537 2017 5117 6.94427 -1
2 0 2549 2025 5117 6.94427 1
3 0 2565 2041 5113 6 2
4 0 2573 2053 5113 6 3
5 0 2577 2057 5109 6 4
6 0 2585 2057 5109 3.65685 5
7 0 2593 2061 5109 6 6
8 0 2609 2061 5113 6 7
9 0 2641 2061 5109 10.6491 8
10 0 2653 2053 5097 6 9
11 0 2661 2053 5097 2 10
12 0 2665 2053 5097 3.65685 11
13 0 2669 2053 5093 3.65685 12
14 0 2673 2057 5089 3.65685 13
15 0 2681 2057 5089 6 14
16 0 2697 2061 5085 6 15
17 0 2713 2069 5085 6 16
18 0 2725 2077 5085 6.94427 17
19 0 2733 2085 5093 6.94427 18
20 0 2741 2097 5093 6 19
21 0 2741 2113 5105 6 20
22 0 2741 2121 5105 6 21
23 0 2745 2133 5109 10 22
24 0 2761 2145 5117 6 23
25 0 2773 2149 5117 6 24
26 0 2789 2153 5121 6.94427 25
27 0 2805 2169 5121 6.94427 26
28 0 2813 2173 5125 9.31371 27
29 0 2821 2181 5125 6.94427 28
30 0 2829 2197 5125 9.31371 29
31 0 2833 2213 5129 6 30
32 0 2853 2229 5133 9.31371 31
33 0 2861 2237 5133 6 32
34 0 2865 2241 5129 6 33
35 0 2881 2249 5137 9.31371 34
36 0 2889 2249 5145 6 35
37 0 2897 2249 5145 6 36
38 0 2909 2253 5161 6 37
39 0 2909 2253 5177 6 38
40 0 2913 2249 5181 6 39
