# Generated by NeuTu (https://github.com/janelia-flyem/NeuTu)
1 0 2863 2078 5281 6 -1
2 0 2863 2082 5265 6.94427 1
3 0 2859 2086 5249 6 2
4 0 2855 2082 5241 6 3
5 0 2851 2078 5233 9.31371 4
6 0 2847 2070 5229 9.31371 5
7 0 2839 2058 5233 6 6
8 0 2839 2046 5241 6.94427 7
9 0 2835 2030 5249 6.94427 8
10 0 2831 2014 5257 6 9
11 0 2827 2010 5261 3.65685 10
12 0 2827 2006 5265 3.65685 11
13 0 2831 2002 5269 6 12
14 0 2839 1990 5281 6.94427 13
15 0 2847 1990 5285 3.65685 14
16 0 2855 1998 5293 3.65685 15
17 0 2855 1998 5297 2 16
18 0 2855 2002 5309 9.31371 17
19 0 2859 1998 5317 6 18
20 0 2863 1994 5321 6 19
