# Generated by NeuTu (https://github.com/janelia-flyem/NeuTu)
1 0 2533 2127 5262 6 -1
2 0 2541 2143 5258 6.94427 1
3 0 2557 2159 5258 6 2
4 0 2573 2167 5266 9.31371 3
5 0 2589 2159 5270 6 4
6 0 2593 2155 5274 3.65685 5
7 0 2601 2147 5274 3.65685 6
8 0 2605 2143 5274 3.65685 7
9 0 2609 2139 5274 2 8
10 0 2609 2135 5274 3.65685 9
11 0 2613 2131 5274 3.65685 10
12 0 2621 2123 5278 6.94427 11
13 0 2625 2103 5278 6.94427 12
14 0 2629 2087 5274 6 13
15 0 2625 2075 5274 9.31371 14
16 0 2625 2063 5278 6 15
