# Generated by NeuTu (https://github.com/janelia-flyem/NeuTu)
1 0 2893 2080 5346 2 -1
2 0 2893 2080 5350 2 1
3 0 2893 2080 5354 2 2
4 0 2893 2080 5358 2 3
5 0 2889 2080 5362 3.65685 4
6 0 2889 2084 5370 6 5
7 0 2881 2088 5378 10.6491 6
8 0 2885 2092 5390 6.94427 7
9 0 2885 2100 5410 6.94427 8
10 0 2885 2108 5418 6.94427 9
11 0 2893 2112 5438 6.94427 10
12 0 2897 2112 5454 6 11
13 0 2897 2108 5478 9.31371 12
14 0 2901 2108 5490 12.4222 13
15 2 2919.83 2093.17 5498 4.13829 14
16 0 2925 2084 5498 6 15
17 0 2933 2076 5514 6.94427 16
18 0 2945 2064 5526 10.6491 17
19 2 2948.8 2064 5537.4 9.38048 18
20 0 2949 2068 5554 6 19
21 0 2949 2064 5566 9.31371 20
22 0 2957 2068 5586 12.4222 21
23 0 2965 2084 5598 6.94427 22
24 0 2965 2092 5610 9.31371 23
25 0 2973 2104 5618 10 24
26 0 2969 2120 5626 12.4222 25
27 2 2980.11 2143.11 5633.56 9.31371 26
28 0 2989 2152 5626 6.94427 27
29 0 2997 2160 5622 9.31371 28
30 0 3001 2168 5618 6.94427 29
31 0 2981 2136 5650 6 27
32 0 2981 2136 5658 6 31
33 0 2989 2132 5666 3.65685 32
34 0 2993 2132 5670 3.65685 33
35 0 2997 2128 5674 2 34
36 0 3001 2128 5674 2 35
37 0 2961 2080 5534 6.94427 19
38 0 2969 2092 5538 6 37
39 0 2981 2108 5538 6.94427 38
40 0 2985 2124 5538 6 39
41 0 2985 2132 5542 3.65685 40
42 0 2981 2136 5542 2 41
43 0 2917 2092 5490 3.65685 15
44 0 2917 2092 5482 3.65685 43
45 0 2917 2088 5478 3.65685 44
46 0 2917 2084 5462 6.94427 45
47 0 2917 2072 5446 6 46
48 0 2917 2072 5430 6 47
49 0 2925 2072 5418 6 48
50 0 2933 2068 5414 9.31371 49
51 0 2937 2056 5410 6 50
