# Generated by NeuTu (https://github.com/janelia-flyem/NeuTu)
1 0 3537 1748 6944 2 -1
2 0 3541 1748 6940 2 1
3 0 3545 1752 6936 3.65685 2
4 0 3549 1752 6928 6 3
5 0 3553 1756 6908 6.94427 4
6 0 3557 1756 6884 10 5
7 0 3561 1760 6860 12.4222 6
8 0 3561 1764 6824 18 7
9 0 3565 1780 6772 20.6274 8
10 0 3593 1796 6716 34 9
11 0 3625 1816 6644 23.6125 10
12 0 3633 1832 6596 19.5407 11
13 0 3645 1844 6544 18.3961 12
14 0 3649 1856 6496 19.5407 13
15 0 3653 1852 6444 18 14
16 0 3657 1848 6420 14 15
17 0 3653 1848 6376 18 16
18 0 3637 1852 6336 14.9706 17
19 0 3633 1844 6316 18 18
20 0 3629 1840 6280 14 19
21 0 3609 1828 6252 14 20
22 0 3589 1824 6232 10 21
23 0 3565 1820 6216 12.4222 22
24 0 3533 1824 6196 10.6491 23
25 0 3498.71 1827.43 6162.86 23.0162 24
26 0 3465 1824 6092 19.5407 25
27 0 3417 1816 6044 23.2982 26
28 0 3347.02 1834.2 5982.24 29.8625 27
29 2 3317.56 1866.94 5956.05 39.0934 28
30 0 3313 1872 5952 40.5206 29
31 2 3305.73 1871.57 5952 39.7997 30
32 2 3250.05 1868.3 5952 34.2779 31
33 0 3165 1900 5940 18 32
34 0 3129 1900 5936 23.2982 33
35 0 3103.41 1934.12 5890.41 16.8503 34
36 0 3093 1948 5880 9.31371 35
37 0 3085 1964 5864 9.31371 36
38 0 3076.43 1986.29 5841.14 12.4222 37
39 0 3065 1988 5824 9.31371 38
40 0 3041 1980 5796 18 39
41 0 3017.37 1966.42 5724.29 30.3239 40
42 0 3008.7 1973.21 5686.79 20.769 41
43 0 3005 1992 5656 9.31371 42
44 0 3001 1992 5644 9.31371 43
45 0 2997 2008 5628 10 44
46 0 2998.58 2025.58 5595.27 12.4222 45
47 0 3009 2056 5556 12.4222 46
48 0 3021 2084 5536 9.31371 47
49 0 3035.08 2106.77 5532.69 11.8842 48
50 0 3057 2132 5536 6.94427 49
51 0 3073 2144 5540 9.31371 50
52 0 3093 2164 5544 9.31371 51
53 0 3105 2188 5544 10.6491 52
54 0 3117 2212 5548 10 53
55 0 3141 2244 5536 14 54
56 0 3141 2268 5536 10.6491 55
57 0 3149 2284 5536 12.4222 56
58 0 3173 2300 5536 14 57
59 0 3205 2324 5536 18 58
60 0 3223.89 2368.33 5530.16 23.9875 59
61 2 3235.03 2385.05 5538.52 26.6505 60
62 0 3237 2416 5540 22.3311 61
63 0 3237 2440 5552 9.31371 62
64 0 3237 2452 5560 6 63
65 0 3241 2464 5568 6 64
66 0 3245 2480 5584 6.94427 65
67 0 3245 2496 5592 6 66
68 0 3241 2500 5596 6 67
69 0 3237 2516 5592 6 68
70 0 3233 2524 5592 6 69
71 0 3225 2532 5592 3.65685 70
72 0 3225 2536 5592 3.65685 71
73 0 3225 2540 5592 2 72
74 0 3225 2544 5592 3.65685 73
75 0 3225 2552 5600 6.94427 74
76 0 3229 2560 5608 6 75
77 0 3225 2580 5608 6.94427 76
78 0 3217 2588 5608 9.31371 77
79 0 3217 2596 5616 6 78
80 0 3213 2604 5624 6 79
81 0 3209 2612 5632 3.65685 80
82 0 3209 2612 5636 3.65685 81
83 0 3209 2612 5644 6 82
84 0 3209 2616 5660 6 83
85 0 3205 2628 5676 6.94427 84
86 0 3201 2632 5684 6 85
87 0 3197 2628 5688 6 86
88 0 3193 2624 5692 3.65685 87
89 0 3189 2620 5696 6 88
90 0 3181 2624 5708 6 89
91 0 3177 2620 5716 6.94427 90
92 0 3165 2616 5720 6 91
93 0 3149 2616 5720 6 92
94 0 3145 2620 5716 6 93
95 0 3137 2620 5716 6 94
96 0 3237 2352 5552 12.4222 61
97 0 3245 2336 5556 18 96
98 0 3253 2348 5516 18 60
99 0 3257 2324 5524 12.4222 98
100 0 3253 2316 5536 9.31371 99
101 0 3133 2304 5516 9.31371 57
102 0 3129 2312 5508 6 101
103 0 3129 2320 5504 6.94427 102
104 0 3129 2332 5500 2 103
105 0 3165 2236 5544 6.94427 55
106 0 3181 2232 5540 6 105
107 0 3193 2228 5540 3.65685 106
108 0 3197 2224 5536 3.65685 107
109 0 3205 2220 5536 6 108
110 0 3213 2220 5528 6.94427 109
111 0 3233 2236 5520 6.94427 110
112 0 3237 2244 5520 6.94427 111
113 0 3241 2252 5512 3.65685 112
114 0 3245 2256 5512 2 113
115 0 3033 2104 5512 9.31371 49
116 0 3033 2112 5500 6 115
117 0 3037 2124 5488 6.94427 116
118 0 3041 2128 5476 6 117
119 0 3045 2140 5460 6.94427 118
120 0 3049 2144 5444 6 119
121 0 3053 2148 5436 9.31371 120
122 0 3053 2152 5424 10 121
123 0 3045 2156 5412 6.94427 122
124 0 3041 2168 5400 6 123
125 0 3037 2184 5392 6 124
126 0 3037 2192 5388 2 125
127 0 3033 2196 5384 6 126
128 0 3029 2208 5368 9.31371 127
129 0 3045 2224 5364 9.31371 128
130 0 3053 2240 5356 6.94427 129
131 0 3061 2256 5336 10 130
132 0 3057 2280 5328 6 131
133 0 3061 2284 5324 6 132
134 0 3061 2292 5320 3.65685 133
135 0 3061 2296 5316 3.65685 134
136 0 3065 2304 5308 6.94427 135
137 0 3069 2312 5300 6.94427 136
138 0 3073 2328 5300 6 137
139 0 3073 2336 5300 6 138
140 0 3065 2352 5288 6 139
141 0 3065 2360 5288 6 140
142 0 3021 2036 5608 9.31371 46
143 0 3037 2048 5612 3.65685 142
144 0 3041 2052 5612 2 143
145 0 2969 1960 5696 18 42
146 0 2953 1952 5712 10.6491 145
147 0 2941 1952 5724 9.31371 146
148 0 2925 1952 5728 6 147
149 0 2909 1956 5732 6 148
150 0 2889 1952 5732 6 149
151 0 2873 1944 5720 6.94427 150
152 0 2861 1928 5708 6 151
153 0 2861 1920 5700 6 152
154 0 2861 1908 5696 2 153
155 0 3033 2004 5716 10 41
156 0 3033 2020 5724 10 155
157 0 3073 2004 5848 6 38
158 0 3073 2020 5852 6 157
159 0 3081 2032 5852 2 158
160 0 3081 2036 5852 2 159
161 0 3081 2040 5852 2 160
162 0 3081 2044 5852 2 161
163 0 3121 1916 5876 18 35
164 0 3113 1892 5852 6 163
165 0 3085 1880 5932 18 34
166 0 3041 1880 5920 10.6491 165
167 0 3005 1880 5900 18 166
168 0 2965 1884 5884 15.8885 167
169 0 2937 1892 5868 10.6491 168
170 0 2913 1904 5856 9.31371 169
171 0 2897 1916 5844 6.94427 170
172 0 2885 1920 5844 10 171
173 0 2873 1924 5832 12.4222 172
174 0 2841 1928 5812 9.31371 173
175 0 2821 1928 5792 10 174
176 0 2797 1924 5780 18 175
177 0 2761 1900 5760 12.4222 176
178 0 2737 1888 5760 14 177
179 0 2705 1884 5756 12.4222 178
180 0 2681 1880 5752 10 179
181 0 2653 1880 5744 14 180
182 0 2621 1888 5736 10 181
183 0 2597 1892 5728 12.4222 182
184 0 2573 1912 5720 12.4222 183
185 0 2549 1932 5720 14.9706 184
186 0 2525 1956 5712 12.4222 185
187 0 2501 1968 5708 10.6491 186
188 0 2481 1976 5704 12.4222 187
189 0 2473 1988 5700 3.65685 188
190 0 2469 1992 5700 2 189
191 0 2781 1960 5788 6 176
192 0 2777 1972 5788 6 191
193 0 2777 1988 5792 6 192
194 0 2777 2004 5800 6 193
195 0 2777 2020 5804 6 194
196 0 2777 2036 5812 6 195
197 0 2781 2044 5824 6 196
198 0 2785 2052 5832 6 197
199 0 2781 2056 5848 6 198
200 0 3277 1916 5912 12.4222 32
201 0 3289 1924 5908 9.31371 200
202 0 3321 1936 5932 6 31
203 0 3321 1944 5936 2 202
204 0 3321 1948 5936 2 203
205 0 3349 1884 5900 21.3238 30
206 0 3365 1888 5880 12.4222 205
207 0 3389 1896 5856 14 206
208 0 3421 1900 5824 14 207
209 0 3453 1920 5800 10 208
210 0 3481.86 1919.71 5787.43 13.7143 209
211 0 3493 1916 5780 10 210
212 0 3509 1900 5772 12.4222 211
213 0 3556.74 1884.65 5746.97 25.0666 212
214 0 3576.55 1877.47 5739.49 29.563 213
215 0 3601 1860 5736 24.8328 214
216 0 3653 1864 5740 14.4924 215
217 0 3681 1860 5736 9.31371 216
218 0 3689 1856 5724 12.4222 217
219 0 3697 1848 5716 10 218
220 0 3717 1848 5692 12.4222 219
221 0 3729 1848 5688 6.94427 220
222 0 3741 1844 5680 9.31371 221
223 0 3757 1844 5672 6 222
224 0 3769 1840 5660 9.31371 223
225 0 3781 1840 5648 9.31371 224
226 0 3789 1836 5640 6 225
227 0 3797 1836 5632 6 226
228 0 3797 1836 5620 6 227
229 0 3801 1832 5616 6 228
230 0 3589 1832 5736 6.94427 215
231 0 3577 1824 5740 10 230
232 0 3573 1812 5744 6 231
233 0 3569 1804 5744 6.94427 232
234 0 3561 1788 5756 6 233
235 0 3557 1780 5760 2 234
236 0 3553 1780 5760 2 235
237 0 3629 1900 5760 24.8328 214
238 0 3641 1924 5752 9.31371 237
239 0 3641 1940 5752 6 238
240 0 3637 1948 5760 6.94427 239
241 0 3561 1884 5704 18 213
242 0 3557 1884 5684 6 241
243 0 3557 1884 5676 3.65685 242
244 0 3557 1884 5668 6 243
245 0 3561 1888 5652 6 244
246 0 3561 1884 5636 6 245
247 0 3561 1884 5628 3.65685 246
248 0 3561 1884 5624 3.65685 247
249 0 3561 1884 5616 6 248
250 0 3553 1884 5608 6 249
251 0 3553 1888 5596 6 250
252 0 3549 1884 5592 6 251
253 0 3545 1884 5576 9.31371 252
254 0 3549 1904 5560 6.94427 253
255 0 3557 1912 5548 6.94427 254
256 0 3561 1912 5532 6.94427 255
257 0 3561 1904 5516 6 256
258 0 3557 1896 5508 6.94427 257
259 0 3529 1868 5580 6.94427 253
260 0 3525 1860 5588 6 259
261 0 3529 1856 5592 6 260
262 0 3493 1940 5792 6 210
263 0 3497 1956 5788 6.94427 262
264 0 3501 1964 5784 9.31371 263
265 0 3505 1976 5776 3.65685 264
266 0 3505 1980 5772 3.65685 265
267 0 3509 1984 5768 6 266
268 0 3513 1992 5760 6 267
269 0 3517 1996 5756 3.65685 268
270 0 3521 2000 5752 3.65685 269
271 0 3525 2000 5744 6 270
272 0 3537 2004 5732 6 271
273 0 3549 2008 5724 6 272
274 0 3561 2016 5716 10 273
275 0 3577 2024 5712 15.8885 274
276 0 3589 2036 5712 9.31371 275
277 0 3605 2048 5712 6.94427 276
278 0 3621 2060 5708 9.31371 277
279 0 3633 2064 5704 6 278
280 0 3649 2072 5700 6.94427 279
281 0 3657 2080 5692 6 280
282 0 3669 2084 5692 6.94427 281
283 0 3353 1836 5932 23.2982 29
284 0 3373 1820 5940 6.94427 283
285 0 3381 1816 5940 6 284
286 0 3389 1820 5940 3.65685 285
287 0 3393 1824 5940 3.65685 286
288 0 3397 1824 5936 2 287
289 0 3309 1796 5968 6 28
290 0 3457 1856 6168 10.6491 25
291 0 3449 1872 6164 6 290
292 0 3449 1880 6164 6 291
293 0 3445 1888 6160 3.65685 292
294 0 3445 1892 6160 2 293
295 0 3445 1896 6160 2 294
