# Generated by NeuTu (https://github.com/janelia-flyem/NeuTu)
1 0 3705 3913 4401 2 -1
2 0 3705 3909 4397 2 1
3 0 3709 3905 4393 3.65685 2
4 0 3709 3897 4381 10 3
5 0 3725 3881 4373 6.94427 4
6 0 3737 3869 4377 9.31371 5
7 0 3741 3861 4385 6 6
8 0 3741 3841 4393 3.65685 7
9 0 3741 3837 4393 2 8
10 0 3741 3833 4397 2 9
11 0 3737 3829 4401 2 10
12 0 3745 3813 4405 2 11
13 0 3749 3809 4405 3.65685 12
14 0 3757 3801 4401 6.94427 13
15 0 3769 3781 4409 6.94427 14
16 0 3785 3765 4425 6 15
17 0 3789 3757 4437 6 16
18 0 3793 3753 4441 3.65685 17
19 0 3793 3745 4449 6 18
20 0 3797 3733 4453 6 19
21 0 3797 3717 4461 6.94427 20
22 0 3801 3701 4461 6 21
23 0 3805 3685 4457 6 22
24 0 3797 3665 4453 14.9706 23
25 0 3765 3677 4445 12.4222 24
26 0 3737 3677 4441 10 25
27 0 3709 3685 4433 14 26
28 0 3673 3689 4437 14 27
29 0 3621 3701 4429 32.176 28
30 0 3581 3701 4425 18.3961 29
31 0 3533 3713 4409 14.4924 30
32 0 3509 3733 4385 14.9706 31
33 0 3485 3753 4385 12.4222 32
34 0 3457 3781 4381 15.8885 33
35 0 3433 3805 4385 18 34
36 0 3413 3809 4385 12.4222 35
37 2 3379 3813 4385 14.3078 36
38 0 3345 3813 4381 24.8328 37
39 0 3325 3833 4361 31.9411 38
40 0 3317 3889 4313 22 39
41 0 3305 3925 4309 18.3961 40
42 0 3269 3977 4301 38 41
43 0 3277 4061 4273 26 42
44 0 3277 4105 4241 18 43
45 0 3261 4133 4217 14 44
46 0 3253 4161 4197 14 45
47 0 3245 4173 4185 18 46
48 0 3225 4193 4181 14.9706 47
49 0 3205 4213 4177 18 48
50 0 3193 4225 4165 12.4222 49
51 0 3165 4245 4157 19.5407 50
52 0 3113 4261 4153 22 51
53 0 3057 4281 4137 21.3238 52
54 0 3037 4245 4133 10.6491 53
55 0 3029 4221 4133 14 54
56 0 3021 4181 4133 14 55
57 0 3017 4133 4117 18 56
58 0 3009 4097 4089 10.6491 57
59 0 3001 4073 4069 12.4222 58
60 0 2985 4041 4045 18 59
61 0 2977 4001 4025 14 60
62 0 2953.49 3960.02 4012.67 21.5367 61
63 0 2965 3937 4005 10.6491 62
64 0 2977 3925 4001 10.6491 63
65 0 2981 3913 3997 6.94427 64
66 0 2989 3897 3997 6.94427 65
67 0 2997 3881 3993 10 66
68 0 3005 3861 3977 6.94427 67
69 0 3013 3849 3973 6.94427 68
70 0 3025 3833 3973 18 69
71 0 3049 3821 3949 9.31371 70
72 0 3061 3817 3945 6 71
73 0 3077 3805 3929 10.6491 72
74 0 3089 3789 3913 6.94427 73
75 0 3113 3773 3897 12.4222 74
76 0 3141 3765 3885 10.6491 75
77 0 3165 3749 3873 9.31371 76
78 0 3181 3741 3865 9.31371 77
79 0 3193 3729 3853 10.6491 78
80 0 3209 3713 3841 9.31371 79
81 0 3233 3701 3825 6 80
82 0 3241 3701 3825 6 81
83 0 3249 3697 3821 9.31371 82
84 0 3265 3689 3813 9.31371 83
85 0 3281 3673 3797 6.94427 84
86 0 3285 3673 3789 6 85
87 0 3297 3661 3777 9.31371 86
88 0 3313 3645 3761 14.4924 87
89 0 3305 3625 3745 9.31371 88
90 0 3305 3613 3745 6.94427 89
91 0 3305 3597 3737 10 90
92 0 3305 3569 3713 6 91
93 0 3301 3553 3697 6 92
94 0 3301 3545 3689 6 93
95 0 3301 3529 3685 6.94427 94
96 0 3305 3521 3673 6 95
97 0 3305 3513 3665 6 96
98 0 3305 3513 3657 6.94427 97
99 0 3305 3501 3645 12.4222 98
100 0 3313 3497 3633 6.94427 99
101 0 3317 3493 3621 6 100
102 0 3321 3485 3613 9.31371 101
103 0 3329 3469 3613 9.31371 102
104 0 3333 3461 3609 6 103
105 0 3333 3453 3601 6 104
106 0 3337 3437 3585 10.6491 105
107 0 3333 3425 3561 9.31371 106
108 0 3321 3421 3545 14.4924 107
109 0 3321 3409 3521 14 108
110 0 3321 3397 3513 6.94427 109
111 0 3317 3385 3501 6 110
112 0 3321 3369 3501 6.94427 111
113 0 3325 3353 3489 9.31371 112
114 0 3339.41 3307.35 3489.83 14.6356 113
115 0 3349 3289 3497 9.31371 114
116 0 3361 3265 3497 9.31371 115
117 0 3369 3245 3493 6.94427 116
118 0 3373 3229 3493 6 117
119 0 3377 3217 3493 9.31371 118
120 0 3373 3205 3493 6 119
121 0 3369 3189 3493 9.31371 120
122 0 3349 3157 3485 14 121
123 0 3345 3145 3477 6.94427 122
124 0 3337 3137 3473 6.94427 123
125 0 3321 3121 3465 18 124
126 0 3321 3101 3457 6.94427 125
127 0 3321 3085 3457 6.94427 126
128 0 3313 3077 3449 6 127
129 0 3309 3069 3445 6.94427 128
130 0 3301 3049 3441 14 129
131 0 3293 3033 3441 10 130
132 0 3289 3013 3433 10 131
133 2 3289 2984.84 3423.88 17.341 132
134 0 3261 2945 3385 10 133
135 0 3253 2933 3369 9.31371 134
136 0 3245 2925 3357 10 135
137 0 3237 2921 3349 6.94427 136
138 0 3221 2913 3345 9.31371 137
139 0 3209 2889 3333 12.4222 138
140 0 3185 2869 3317 14 139
141 0 3169 2865 3309 14.9706 140
142 0 3113 2849 3289 34.8782 141
143 2 3062.23 2870.76 3252.73 45.7106 142
144 0 3021 2873 3217 19.5407 143
145 0 2989 2865 3213 6 144
146 0 2977 2861 3201 9.31371 145
147 0 2961 2861 3185 9.31371 146
148 0 2945 2861 3173 6.94427 147
149 0 2937 2857 3161 9.31371 148
150 0 2925 2869 3149 10 149
151 0 2917 2877 3141 10 150
152 0 2917 2889 3137 6 151
153 0 2921 2905 3133 6.94427 152
154 0 2921 2921 3125 9.31371 153
155 0 2921 2933 3121 6 154
156 0 2913 2941 3117 6 155
157 0 2893 2869 3145 10 151
158 0 2877 2869 3141 10 157
159 0 2865 2869 3137 6 158
160 0 2857 2869 3125 2 159
161 0 3137 2845 3233 14 143
162 0 3149 2833 3221 6.94427 161
163 0 3161 2813 3221 6 162
164 0 3173 2813 3221 6.94427 163
165 0 3181 2817 3213 3.65685 164
166 0 3185 2813 3209 6 165
167 0 3185 2809 3201 3.65685 166
168 0 3193 2805 3189 9.31371 167
169 0 3201 2805 3181 9.31371 168
170 0 3209 2801 3173 6 169
171 0 3225 2801 3169 6 170
172 0 3241 2809 3157 6.94427 171
173 0 3249 2809 3149 6 172
174 0 3285 2973 3453 6.94427 133
175 0 3281 2965 3469 6 174
176 0 3277 2957 3485 6 175
177 0 3273 2953 3497 6 176
178 0 3273 2953 3505 6 177
179 0 3345 3305 3517 6.94427 114
180 0 3345 3301 3533 6 179
181 0 3341 3297 3545 6 180
182 0 3341 3293 3561 6 181
183 0 3341 3293 3569 2 182
184 0 3341 3293 3573 2 183
185 0 3341 3289 3581 6 184
186 0 3341 3289 3597 6.94427 185
187 0 3333 3281 3613 6.94427 186
188 0 3329 3273 3625 6.94427 187
189 0 3309 3429 3509 9.31371 109
190 0 3309 3441 3505 6 189
191 0 3309 3449 3501 6 190
192 0 2909 3945 4033 14 62
193 0 2861 3937 4037 15.8885 192
194 0 2833 3929 4049 14 193
195 0 2805 3929 4049 12.4222 194
196 0 2757 3929 4065 18.3961 195
197 0 2729 3905 4069 12.4222 196
198 0 2697 3885 4077 18 197
199 0 2665 3877 4101 14.4924 198
200 0 2637 3869 4105 18 199
201 0 2601 3869 4117 14 200
202 0 2565 3857 4113 15.8885 201
203 0 2545 3849 4113 12.4222 202
204 0 2529 3841 4109 18 203
205 0 2485 3817 4101 19.5407 204
206 0 2425 3789 4085 18.3961 205
207 0 2377 3757 4077 14.9706 206
208 0 2341 3721 4069 18 207
209 0 2329 3709 4057 14.9706 208
210 0 2305 3685 4049 18 209
211 0 2253 3685 4033 18 210
212 0 2205 3661 4029 20.6274 211
213 0 2169 3593 4029 28.5299 212
214 0 2113 3525 4041 26.2843 213
215 0 2085 3485 4041 14.9706 214
216 0 2049 3465 4033 18 215
217 0 2001 3445 4029 15.8885 216
218 0 1965 3433 4021 18 217
219 0 1917 3421 4009 22.3311 218
220 0 1881 3397 4005 14.4924 219
221 0 1861 3393 4001 15.8885 220
222 0 1849 3421 4001 6 221
223 0 1849 3433 4001 6 222
224 0 1849 3461 4005 12.4222 223
225 0 1857 3473 4001 6.94427 224
226 0 2205 3569 4061 26.2843 213
227 2 2211.56 3569 4068.87 22.8758 226
228 2 2220.74 3569 4079.89 18.104 227
229 0 2257 3565 4121 6.94427 228
230 0 2273 3569 4141 6 229
231 0 2289 3569 4157 6 230
232 0 2297 3569 4165 6 231
233 0 2305 3565 4173 2 232
234 0 2305 3565 4177 2 233
235 0 2305 3565 4181 2 234
236 0 2309 3565 4185 3.65685 235
237 0 2313 3569 4189 6 236
238 0 2313 3569 4197 6 237
239 0 2317 3565 4201 6 238
240 0 2317 3561 4213 6 239
241 0 2317 3553 4233 9.31371 240
242 0 2321 3557 4245 6 241
243 0 2329 3565 4253 6.94427 242
244 0 2197 3577 4093 6 228
245 0 2189 3585 4113 6 244
246 0 2181 3577 4121 2 245
247 0 2257 3601 4053 10.6491 227
248 0 2241 3609 4041 6 247
249 0 2209 3525 4033 10.6491 226
250 0 2213 3513 4033 9.31371 249
251 0 2225 3509 4033 6 250
252 0 2241 3505 4033 6 251
253 0 2253 3497 4037 6.94427 252
254 0 2265 3493 4037 9.31371 253
255 0 2281 3485 4041 6.94427 254
256 0 2297 3477 4041 6 255
257 0 3021 4353 4145 22 53
258 0 3025 4389 4157 19.5407 257
259 0 3025 4441 4165 26 258
260 0 3001 4477 4165 6 259
261 0 2997 4481 4169 2 260
262 0 2993 4481 4169 2 261
263 0 3257 3777 4417 27.1204 39
264 0 3225 3737 4461 14.9706 263
265 0 3193 3701 4497 18 264
266 0 3165 3677 4509 12.4222 265
267 0 3153 3665 4513 14.9706 266
268 0 3141 3641 4529 9.31371 267
269 0 3137 3613 4549 14 268
270 0 3137 3589 4565 6 269
271 0 3141 3581 4573 6.94427 270
272 0 3141 3573 4573 6 271
273 0 3141 3545 4585 14 272
274 0 3145 3517 4601 14 273
275 0 3141 3489 4625 12.4222 274
276 0 3125 3465 4649 14 275
277 0 3117 3441 4669 14 276
278 0 3109 3417 4685 12.4222 277
279 0 3097 3397 4701 9.31371 278
280 0 3085 3377 4713 9.31371 279
281 0 3077 3361 4729 10.6491 280
282 0 3073 3349 4745 12.4222 281
283 0 3073 3345 4761 10 282
284 0 3073 3317 4785 14.4924 283
285 0 3073 3289 4797 14.9706 284
286 0 3081 3261 4809 10.6491 285
287 0 3081 3241 4809 14 286
288 0 3085 3213 4813 10 287
289 0 3081 3185 4825 14 288
290 0 3073 3149 4849 18 289
291 0 3061 3117 4881 18 290
292 0 3033 3093 4909 12.4222 291
293 0 3017 3065 4925 10.6491 292
294 0 3009 3045 4937 22 293
295 0 3021 3025 4945 10.6491 294
296 0 3037 3001 4957 9.31371 295
297 0 3037 2989 4957 6 296
298 0 3041 2977 4965 6.94427 297
299 0 3045 2953 4969 10 298
300 0 3049 2929 4969 10.6491 299
301 2 3053 2916.06 4977.24 13.585 300
302 0 3053 2901 4981 6.94427 301
303 0 3049 2885 4981 9.31371 302
304 0 3049 2877 4989 10 303
305 0 3053 2853 4989 10 304
306 0 3057 2825 5005 10.6491 305
307 0 3061 2797 5013 23.2982 306
308 0 3077 2757 5037 10 307
309 0 3077 2745 5041 6.94427 308
310 0 3073 2737 5049 10 309
311 0 3073 2717 5057 9.31371 310
312 0 3077 2709 5061 6 311
313 0 3081 2689 5077 10 312
314 0 3085 2665 5101 12.4222 313
315 0 3089 2637 5125 10.6491 314
316 0 3093 2629 5137 14 315
317 0 3097 2609 5157 6 316
318 0 3097 2597 5169 9.31371 317
319 0 3097 2581 5193 12.4222 318
320 0 3089 2561 5217 9.31371 319
321 0 3081 2537 5233 14 320
322 0 3077 2525 5241 14 321
323 0 3077 2497 5245 10 322
324 0 3077 2473 5257 10 323
325 0 3073 2453 5265 6 324
326 0 3073 2433 5277 10.6491 325
327 0 3073 2405 5289 10.6491 326
328 0 3073 2393 5297 14 327
329 0 3069 2361 5305 10.6491 328
330 0 3083.6 2318.67 5322.4 20.8863 329
331 0 3065 2289 5337 6.94427 330
332 0 3057 2277 5345 10.6491 331
333 0 3041 2249 5357 9.31371 332
334 0 3033 2237 5365 10.6491 333
335 0 3029 2221 5381 10 334
336 0 3025 2190.31 5393.54 12.4222 335
337 0 3025 2173 5397 12.4222 336
338 0 3025 2149 5409 6.94427 337
339 0 3021 2137 5409 10 338
340 0 3017 2117 5413 9.31371 339
341 0 3005 2093 5421 12.4222 340
342 0 2981 2081 5429 10 341
343 0 2965 2069 5441 12.4222 342
344 0 2937 2065 5453 12.4222 343
345 0 2913 2045 5461 26.2843 344
346 2 2908.02 2037.53 5475.94 21.1277 345
347 0 2893 2033 5501 10.6491 346
348 0 2873 2033 5521 6.94427 347
349 0 2861 2033 5533 10 348
350 2 2836.05 2029.76 5547.48 14 349
351 0 2817 2021 5549 12.4222 350
352 0 2773 2005 5545 20.6274 351
353 0 2709 1985 5541 34 352
354 0 2669 1961 5573 12.4222 353
355 0 2657 1961 5581 6.94427 354
356 0 2645 1957 5593 6.94427 355
357 0 2637 1953 5597 9.31371 356
358 0 2629 1949 5605 6 357
359 0 2613 1949 5609 6 358
360 0 2605 1945 5617 9.31371 359
361 0 2581 1937 5621 9.31371 360
362 0 2569 1933 5621 6 361
363 0 2553 1925 5621 6 362
364 0 2533 1929 5621 3.65685 363
365 0 2529 1933 5621 3.65685 364
366 0 2521 1941 5621 6 365
367 0 2505 1949 5625 9.31371 366
368 0 2489 1953 5649 9.31371 367
369 0 2477 1957 5661 6.94427 368
370 0 2469 1965 5669 2 369
371 0 2469 1965 5673 2 370
372 0 2613 1945 5633 6.94427 360
373 0 2613 1941 5657 6 372
374 0 2617 1937 5661 3.65685 373
375 0 2621 1929 5669 6 374
376 0 2625 1925 5673 6 375
377 2 2674.45 1945.71 5500.26 19.531 353
378 0 2681 1913 5485 14 377
379 0 2689 1889 5493 6.94427 378
380 0 2697 1881 5493 3.65685 379
381 0 2701 1877 5493 2 380
382 0 2657 1957 5477 10 377
383 0 2653 1945 5465 10 382
384 0 2653 1941 5453 6.94427 383
385 0 2849 2029 5569 10 350
386 0 2861 2033 5589 6.94427 385
387 0 2861 2033 5601 6 386
388 0 2861 2033 5609 3.65685 387
389 0 2853 2045 5633 14.4924 388
390 0 2845 2053 5645 9.31371 389
391 0 2837 2073 5661 6 390
392 0 2833 2085 5669 6 391
393 0 2829 2089 5673 6 392
394 0 2821 2097 5677 9.31371 393
395 0 2813 2105 5681 6.94427 394
396 0 2801 2121 5681 3.65685 395
397 0 2797 2125 5677 3.65685 396
398 0 2793 2129 5669 6.94427 397
399 0 2777 2149 5661 6 398
400 0 2773 2165 5661 6 399
401 0 2773 2181 5661 6 400
402 0 2773 2197 5661 6 401
403 0 2773 2205 5653 9.31371 402
404 0 2777 2225 5653 3.65685 403
405 0 2773 2233 5645 6.94427 404
406 0 2777 2241 5637 6.94427 405
407 0 2789 2245 5641 6 406
408 0 2797 2249 5641 6.94427 407
409 0 2809 2249 5633 2 408
410 0 2805 2101 5701 6.94427 395
411 0 2805 2093 5717 3.65685 410
412 0 2805 2093 5725 6 411
413 0 2805 2093 5733 6 412
414 0 2797 2089 5745 6 413
415 0 2793 2085 5749 6 414
416 0 2785 2089 5757 9.31371 415
417 0 2777 2097 5765 6 416
418 0 2777 2105 5769 6 417
419 0 2777 2113 5765 6 418
420 0 2929 2009 5465 10.6491 346
421 0 2961 1989 5457 8.47214 420
422 0 2981 1969 5457 9.31371 421
423 0 2997 1953 5465 9.31371 422
424 0 3009 1933 5473 6.94427 423
425 0 3025 1917 5485 6.94427 424
426 0 3025 1909 5493 6 425
427 0 3037 1885 5505 12.4222 426
428 0 3057 1865 5517 12.4222 427
429 0 3065 1849 5529 9.31371 428
430 0 3069 1841 5537 10.6491 429
431 0 3069 1821 5549 6 430
432 0 3065 1797 5569 15.8885 431
433 0 2969 2001 5441 6.94427 421
434 0 2969 2009 5429 6 433
435 0 2913 2025 5425 9.31371 345
436 0 2921 2021 5417 6 435
437 0 2933 2017 5405 6 436
438 0 2937 2009 5389 6 437
439 0 2937 2005 5381 6.94427 438
440 0 2933 2001 5373 3.65685 439
441 0 2937 1997 5365 6 440
442 0 2949 2009 5349 9.31371 441
443 0 2961 2025 5337 6 442
444 0 2965 2041 5309 14 443
445 0 2953 2045 5297 3.65685 444
446 0 2949 2049 5293 6 445
447 0 2945 2061 5285 6 446
448 0 2945 2069 5281 6.94427 447
449 0 2945 2069 5273 6 448
450 0 2953 2073 5265 6.94427 449
451 0 2949 2065 5257 3.65685 450
452 0 2945 2061 5253 3.65685 451
453 0 2941 2057 5245 6.94427 452
454 0 2941 2057 5233 9.31371 453
455 0 2949 2053 5221 6 454
456 0 2957 2053 5213 6 455
457 0 2965 2057 5205 9.31371 456
458 0 2985 2057 5205 10 457
459 0 2997 2049 5205 6 458
460 0 3041 2185 5409 6 336
461 0 3041 2181 5421 6 460
462 0 3057 2181 5437 6 461
463 0 3061 2177 5441 3.65685 462
464 0 3065 2177 5441 3.65685 463
465 0 3069 2173 5445 6 464
466 0 3085 2157 5449 6.94427 465
467 0 3097 2141 5457 6 466
468 0 3109 2129 5461 14 467
469 0 3129 2121 5465 6 468
470 0 3137 2117 5469 9.31371 469
471 0 3149 2117 5469 6 470
472 0 3169 2117 5469 6 471
473 0 3185 2117 5469 10 472
474 0 3193 2121 5477 6 473
475 0 3201 2121 5485 6 474
476 0 3201 2121 5493 6 475
477 0 3197 2117 5497 6 476
478 0 3017 2233 5349 6 334
479 0 3005 2241 5333 9.31371 478
480 0 3009 2245 5325 6 479
481 0 3137 2297 5357 21.3238 330
482 0 3157 2293 5365 12.4222 481
483 0 3173 2289 5369 10 482
484 0 3185 2277 5381 6.94427 483
485 0 3201 2265 5401 10.6491 484
486 0 3213 2253 5417 10.6491 485
487 0 3241 2249 5429 6 486
488 0 3257 2249 5429 6.94427 487
489 0 3265 2241 5433 3.65685 488
490 0 3273 2233 5433 3.65685 489
491 0 3289 2233 5433 6.94427 490
492 0 3309 2233 5433 6 491
493 0 3317 2229 5429 3.65685 492
494 0 3321 2225 5429 2 493
495 0 3329 2225 5425 6 494
496 0 3345 2221 5409 6.94427 495
497 0 3349 2217 5397 6 496
498 0 3357 2209 5389 6 497
499 0 3361 2201 5385 9.31371 498
500 0 3377 2185 5373 6.94427 499
501 0 3385 2173 5373 6.94427 500
502 0 3393 2165 5369 9.31371 501
503 0 3413 2165 5361 9.31371 502
504 0 3437 2153 5357 6 503
505 0 3453 2153 5357 6.94427 504
506 0 3465 2145 5361 6.94427 505
507 0 3473 2141 5357 9.31371 506
508 0 3489 2153 5357 10 507
509 0 3501 2153 5353 6 508
510 0 3517 2153 5349 6 509
511 0 3533 2153 5341 6.94427 510
512 0 3541 2161 5341 6.94427 511
513 0 3549 2169 5337 10 512
514 0 3561 2169 5337 6 513
515 0 3577 2169 5333 6 514
516 0 3589 2169 5333 6 515
517 0 3605 2161 5333 6 516
518 0 3617 2157 5333 6.94427 517
519 0 3629 2149 5333 12.4222 518
520 0 3633 2141 5321 9.31371 519
521 0 3633 2141 5309 3.65685 520
522 0 3637 2141 5297 6 521
523 0 3641 2145 5281 6 522
524 0 3649 2153 5273 6 523
525 0 3665 2161 5269 6 524
526 0 3673 2169 5261 6.94427 525
527 0 3685 2185 5249 6 526
528 0 3685 2205 5241 6.94427 527
529 0 3685 2221 5241 6 528
530 0 3685 2233 5237 6 529
531 0 3685 2241 5237 6.94427 530
532 0 3685 2249 5237 3.65685 531
533 0 3685 2257 5229 6 532
534 0 3677 2265 5221 10.6491 533
535 0 3673 2289 5213 9.31371 534
536 0 3669 2297 5205 2 535
537 0 3669 2297 5201 2 536
538 0 3641 2153 5313 2 520
539 0 3653 2157 5301 12.4222 538
540 0 3665 2161 5301 6 539
541 0 3657 2149 5349 10 519
542 0 3665 2157 5357 6 541
543 0 3681 2157 5361 6.94427 542
544 0 3718.85 2176.38 5367.46 14.5675 543
545 0 3737 2185 5369 9.31371 544
546 0 3741 2205 5353 6 545
547 0 3745 2217 5345 6.94427 546
548 0 3753 2233 5337 6.94427 547
549 0 3773 2253 5325 6.94427 548
550 0 3781 2261 5321 9.31371 549
551 0 3789 2273 5317 6.94427 550
552 0 3733 2185 5393 9.31371 544
553 0 3745 2193 5409 6 552
554 0 3757 2205 5425 6.94427 553
555 0 3761 2209 5433 6.94427 554
556 0 3093 2529 5253 6 322
557 0 3089 2529 5265 3.65685 556
558 0 3085 2533 5269 6 557
559 0 3073 2529 5285 6 558
560 0 3069 2525 5289 6 559
561 0 3065 2517 5297 9.31371 560
562 0 3065 2509 5305 6.94427 561
563 0 3077 2917 4977 6 301
564 0 3093 2921 4977 6 563
565 0 3101 2921 4977 6 564
566 0 2965 3049 4949 21.3238 294
567 0 2945 3037 4965 26.2843 566
568 0 2905 3025 4985 14.4924 567
569 0 2861 3017 5009 21.3238 568
570 0 2845 3009 5025 14.4924 569
571 0 2821 2997 5037 14 570
572 0 2789 2989 5057 14.4924 571
573 0 2759.15 2973.37 5073.37 17.6752 572
574 0 2741 2977 5077 14.4924 573
575 0 2717 2977 5093 18 574
576 2 2703.67 2970.33 5106.33 14.9012 575
577 0 2681 2965 5129 9.31371 576
578 2 2667.59 2951.59 5137 11.938 577
579 0 2653 2937 5137 6.94427 578
580 0 2625 2913 5141 19.5407 579
581 0 2601 2877 5153 9.31371 580
582 0 2601 2857 5149 9.31371 581
583 0 2597 2841 5149 6 582
584 0 2593 2825 5141 6 583
585 0 2585 2793 5137 10 584
586 0 2581 2785 5129 10.6491 585
587 0 2581 2773 5121 6.94427 586
588 0 2577 2753 5117 6.94427 587
589 0 2573 2745 5117 6 588
590 0 2557 2729 5101 10 589
591 0 2545 2697 5101 10 590
592 0 2541 2685 5105 6.94427 591
593 0 2533 2669 5105 9.31371 592
594 0 2525 2653 5105 6.94427 593
595 0 2521 2637 5105 9.31371 594
596 0 2525 2617 5105 10 595
597 0 2525 2581 5105 14 596
598 0 2513 2549 5113 6.94427 597
599 0 2505 2533 5121 9.31371 598
600 0 2501 2509 5121 6 599
601 0 2485 2485 5121 12.4222 600
602 2 2477.27 2465.67 5124.87 17.8141 601
603 0 2465 2445 5129 9.31371 602
604 0 2461 2425 5137 6 603
605 0 2453 2409 5137 6 604
606 0 2453 2393 5149 6 605
607 0 2449 2385 5157 6 606
608 0 2445 2381 5161 6 607
609 0 2437 2377 5169 2 608
610 0 2433 2377 5169 2 609
611 0 2497 2453 5125 9.31371 602
612 0 2509 2441 5125 14 611
613 0 2513 2429 5117 12.4222 612
614 0 2509 2417 5113 3.65685 613
615 0 2509 2413 5113 2 614
616 0 2653 2949 5177 26.8444 578
617 2 2651.14 2951.79 5178.55 28.3412 616
618 2 2630.86 2982.21 5195.45 44.6696 617
619 0 2657 3021 5221 27.1204 618
620 0 2665 3065 5245 18 619
621 0 2657 3081 5249 10 620
622 0 2641 3101 5265 6.94427 621
623 0 2633 3109 5269 6 622
624 0 2629 3113 5277 9.31371 623
625 0 2625 3117 5289 6.94427 624
626 0 2629 3117 5297 3.65685 625
627 0 2633 3121 5301 2 626
628 0 2665 3053 5205 9.31371 619
629 0 2669 3061 5197 6 628
630 2 2671.33 3056.33 5184.33 9.10543 629
631 0 2669 3045 5169 14 630
632 0 2657 3073 5173 6 630
633 0 2649 3069 5165 3.65685 632
634 0 2645 3065 5161 2 633
635 0 2641 3061 5161 2 634
636 0 2673 3009 5185 10 618
637 0 2685 3017 5185 6 636
638 0 2693 3025 5177 6.94427 637
639 0 2701 3029 5173 6.94427 638
640 0 2709 3037 5173 3.65685 639
641 0 2713 3041 5173 3.65685 640
642 0 2721 3053 5173 9.31371 641
643 0 2717 3061 5177 6 642
644 0 2717 3069 5181 6 643
645 0 2641 2921 5229 18 617
646 0 2633 2909 5241 10 645
647 0 2673 2913 5185 14 616
648 0 2689 2909 5185 6 647
649 0 2697 2913 5185 3.65685 648
650 0 2701 2917 5181 6 649
651 0 2709 2981 5121 6 576
652 0 2717 2997 5129 6 651
653 0 2713 3005 5137 6 652
654 0 2753 2949 5089 6 573
655 0 2749 2937 5101 12.4222 654
656 0 2761 2925 5105 6.94427 655
657 0 2765 2913 5109 6 656
658 0 2745 2893 5117 12.4222 657
659 0 2733 2893 5125 6 658
660 0 3397 3833 4365 3.65685 37
661 0 3405 3837 4357 6 660
662 0 3833 3653 4457 14.4924 24
663 0 3861 3653 4453 26 662
664 0 3869 3673 4477 6 663
665 0 3865 3677 4485 6 664
666 0 3853 3677 4493 6.94427 665
667 0 3845 3681 4497 6.94427 666
668 0 3913 3621 4445 14.9706 663
669 0 3929 3609 4437 21.3238 668
670 0 3993 3585 4397 14.9706 669
671 0 4013 3581 4385 21.3238 670
672 0 4037 3557 4345 19.5407 671
673 0 4061 3529 4325 14.9706 672
674 0 4097 3521 4309 14.4924 673
675 0 4137 3509 4293 22.3311 674
676 0 4161 3481 4281 22.3311 675
677 0 4173 3449 4269 32.176 676
678 0 4181 3405 4225 18 677
679 2 4195.71 3401 4174.18 18 678
680 0 4241 3449 4165 18 679
681 0 4201 3389 4153 12.4222 679
682 0 4217 3381 4121 14 681
683 0 4233 3385 4081 14.4924 682
684 0 4249 3393 4041 12.4222 683
685 0 4265 3405 4009 14.9706 684
686 0 4285 3417 3969 14.4924 685
687 0 4301 3413 3949 14 686
688 0 4317 3413 3933 20.6274 687
689 0 4345 3429 3905 18 688
690 0 4369 3429 3877 14.4924 689
691 0 4401 3429 3841 19.5407 690
692 0 4421 3421 3809 18 691
693 0 4445 3413 3781 14 692
694 0 4465 3409 3753 14 693
695 0 4500.45 3379.9 3728.17 18 694
696 0 4525 3381 3713 10 695
697 0 4549 3373 3701 10.6491 696
698 2 4566.21 3362.67 3690.67 12.1748 697
699 0 4581 3337 3693 10.6491 698
700 0 4589 3321 3689 18 699
701 2 4607.34 3285.14 3689 14.8276 700
702 0 4617 3257 3689 14 701
703 0 4629 3229 3689 15.8885 702
704 0 4653 3193 3685 10.6491 703
705 0 4669 3177 3685 10.6491 704
706 0 4681 3153 3669 10.6491 705
707 0 4689 3145 3669 9.31371 706
708 0 4701 3133 3669 12.4222 707
709 0 4709 3121 3669 9.31371 708
710 0 4725 3093 3661 12.4222 709
711 0 4737 3069 3669 10 710
712 0 4741 3057 3673 12.4222 711
713 0 4741 3033 3677 10 712
714 0 4737 3005 3677 10 713
715 0 4733 2981 3673 10 714
716 0 4733 2969 3673 10 715
717 0 4733 2941 3649 14.9706 716
718 0 4737 2925 3637 18 717
719 0 4741 2889 3629 10 718
720 0 4745 2861 3629 14 719
721 0 4745 2845 3629 10 720
722 0 4757 2817 3645 12.4222 721
723 0 4773 2797 3649 18 722
724 0 4789 2765 3645 15.8885 723
725 0 4805 2733 3641 10.6491 724
726 0 4809 2721 3641 6.94427 725
727 0 4813 2713 3641 6.94427 726
728 0 4817 2681 3645 18 727
729 0 4849 2617 3665 39.1825 728
730 0 4869 2581 3693 48.5964 729
731 0 4845 2537 3709 10.6491 730
732 0 4837 2521 3721 10.6491 731
733 0 4837 2497 3733 10 732
734 0 4829 2465 3749 10 733
735 0 4829 2445 3757 6 734
736 0 4829 2429 3769 6.94427 735
737 0 4829 2413 3769 6 736
738 0 4824.27 2386.82 3773.73 10.6491 737
739 0 4817 2353 3793 10 738
740 0 4821 2329 3801 6.94427 739
741 0 4829 2313 3809 10 740
742 0 4829 2301 3813 6.94427 741
743 0 4817 2281 3825 10.6491 742
744 0 4817 2269 3829 6 743
745 0 4817 2253 3829 6 744
746 0 4821 2233 3829 6 745
747 0 4825 2221 3829 10 746
748 0 4829 2201 3825 9.31371 747
749 0 4833 2169 3837 9.31371 748
750 0 4841 2141 3841 9.31371 749
751 0 4829 2129 3833 6.94427 750
752 0 4817 2113 3829 6.94427 751
753 0 4801 2097 3829 6.94427 752
754 0 4793 2077 3829 9.31371 753
755 0 4789 2065 3825 10 754
756 0 4789 2041 3825 9.31371 755
757 0 4789 2025 3829 6.94427 756
758 0 4793 2013 3833 10 757
759 0 4789 1993 3833 9.31371 758
760 0 4789 1973 3821 6 759
761 0 4785 1945 3813 12.4222 760
762 0 4797 1933 3801 14 761
763 0 4805 1897 3789 35.9473 762
764 2 4808.72 1852.38 3781.56 41.7421 763
765 0 4769 1777 3769 9.31371 764
766 0 4765 1749 3757 9.31371 765
767 0 4753 1725 3757 10 766
768 0 4745 1697 3761 12.4222 767
769 0 4737 1681 3761 9.31371 768
770 0 4733 1661 3765 10 769
771 0 4725 1645 3761 10 770
772 0 4709 1625 3773 6.94427 771
773 0 4701 1617 3773 6 772
774 0 4697 1613 3777 2 773
775 0 4693 1613 3781 2 774
776 0 4817 1817 3825 18 764
777 0 4829 1801 3829 6.94427 776
778 0 4825 1793 3829 3.65685 777
779 0 4821 1793 3833 2 778
780 0 4785 2069 3805 6 755
781 0 4785 2073 3793 3.65685 780
782 0 4781 2077 3789 3.65685 781
783 0 4777 2077 3785 2 782
784 0 4821 2385 3801 9.31371 738
785 0 4817 2389 3821 6 784
786 0 4813 2389 3829 2 785
787 0 4813 2389 3833 2 786
788 0 4945 2569 3689 20.6274 730
789 0 4981 2573 3697 12.4222 788
790 0 5017 2581 3697 18 789
791 0 5053 2585 3717 14.9706 790
792 0 5073 2601 3737 9.31371 791
793 0 5081 2609 3753 9.31371 792
794 0 5093 2617 3777 12.4222 793
795 0 5101 2601 3809 14.4924 794
796 0 5117 2577 3833 10 795
797 0 5129 2557 3837 10.6491 796
798 0 5141 2545 3841 12.4222 797
799 0 5153 2537 3841 9.31371 798
800 0 5177 2521 3841 12.4222 799
801 0 5197 2497 3833 9.31371 800
802 0 5217 2481 3833 10 801
803 0 5225 2469 3833 9.31371 802
804 0 5237 2465 3833 12.4222 803
805 0 5249 2453 3833 6.94427 804
806 0 5257 2445 3837 6 805
807 0 5261 2437 3833 2 806
808 0 5261 2433 3833 2 807
809 0 4617 3277 3701 12.4222 701
810 0 4629 3285 3705 9.31371 809
811 0 4633 3297 3717 6.94427 810
812 0 4629 3305 3713 3.65685 811
813 0 4629 3309 3713 3.65685 812
814 0 4625 3313 3709 2 813
815 0 4573 3385 3681 6.94427 698
816 0 4581 3397 3681 6.94427 815
817 0 4589 3413 3669 6 816
818 0 4605 3429 3661 6.94427 817
819 0 4613 3441 3649 6.94427 818
820 0 4629 3457 3633 10.6491 819
821 0 4637 3465 3625 6.94427 820
822 0 4653 3477 3625 6.94427 821
823 0 4669 3485 3625 6.94427 822
824 0 4685 3493 3625 6.94427 823
825 0 4701 3501 3625 9.31371 824
826 2 4733.76 3512.46 3633 21.0501 825
827 0 4753 3497 3633 12.4222 826
828 0 4777.12 3472.05 3612.05 20.4476 827
829 0 4801.99 3450.43 3581.45 38.8088 828
830 2 4812.64 3447.39 3567.75 39.7682 829
831 2 4817.45 3446.01 3561.57 40.2008 830
832 0 4821 3413 3529 28.4631 831
833 0 4821 3389 3509 9.31371 832
834 0 4821 3373 3505 6 833
835 0 4821 3361 3501 6 834
836 0 4825 3357 3505 6 835
837 0 4805 3481 3537 14 831
838 0 4793 3493 3529 9.31371 837
839 0 4789 3493 3517 6 838
840 0 4865 3453 3573 38 830
841 0 4897 3429 3573 21.3238 840
842 0 4873 3465 3593 31.9411 829
843 0 4885 3509 3605 3.65685 842
844 0 4889 3513 3601 2 843
845 0 4801 3445 3633 23.6125 828
846 0 4821 3457 3641 10 845
847 0 4729 3541 3665 12.4222 826
848 0 4737 3553 3677 6 847
849 0 4737 3565 3681 6.94427 848
850 0 4485 3349 3713 18 695
851 0 4465 3317 3713 14.4924 850
852 0 4445 3289 3705 14.9706 851
853 0 4413 3265 3693 12.4222 852
854 0 4393 3261 3689 9.31371 853
855 0 4369 3249 3685 10 854
856 0 4345 3237 3685 9.31371 855
857 0 4321 3213 3685 14.4924 856
858 0 4305 3197 3669 22.3311 857
859 0 4285 3181 3657 14.9706 858
860 0 4265 3129 3653 18 859
861 0 4257 3109 3633 9.31371 860
862 0 4245 3093 3633 9.31371 861
863 0 4229 3077 3633 9.31371 862
864 0 4209 3053 3637 12.4222 863
865 0 4193 3029 3637 15.8885 864
866 0 4153 3005 3629 12.4222 865
867 0 4145 2997 3621 6.94427 866
868 0 4141 2989 3621 6.94427 867
869 0 4129 2977 3617 12.4222 868
870 0 4117 2969 3613 12.4222 869
871 0 4105 2957 3613 6.94427 870
872 0 4081 2945 3613 9.31371 871
873 0 4053 2933 3613 12.4222 872
874 0 4013 2925 3621 15.8885 873
875 0 3977 2925 3633 9.31371 874
876 0 3953 2929 3633 10.6491 875
877 0 3908.53 2914.88 3633 12.1176 876
878 0 3913 2905 3617 6 877
879 0 3917 2901 3613 3.65685 878
880 0 3917 2901 3609 3.65685 879
881 0 3925 2893 3601 3.65685 880
882 0 3929 2889 3597 6 881
883 0 3933 2881 3585 6 882
884 0 3933 2869 3569 6 883
885 0 3929 2865 3565 6 884
886 0 3925 2861 3561 3.65685 885
887 0 3925 2861 3553 6 886
888 0 3921 2853 3541 6 887
889 0 3925 2849 3525 6 888
890 0 3933 2837 3513 6 889
891 0 3877 2909 3633 12.4222 877
892 0 3853 2901 3633 12.4222 891
893 0 3841 2877 3633 12.4222 892
894 0 3821 2853 3629 14 893
895 0 3801 2817 3617 9.31371 894
896 0 3777 2797 3617 10.6491 895
897 0 3761 2793 3613 14 896
898 0 3725 2777 3613 9.31371 897
899 0 3717 2769 3613 9.31371 898
900 0 3673 2741 3609 30.249 899
901 0 3641 2709 3601 43.607 900
902 0 3581 2713 3613 28.4631 901
903 0 3553 2705 3613 9.31371 902
904 0 3537 2709 3625 6 903
905 0 3521 2713 3629 6 904
906 0 3509 2721 3637 6.94427 905
907 0 3489 2717 3641 10 906
908 0 3469 2709 3645 10 907
909 0 3445 2709 3637 9.31371 908
910 0 3433 2713 3637 3.65685 909
911 0 3425 2721 3637 9.31371 910
912 0 3405 2729 3649 6 911
913 0 3397 2729 3653 6 912
914 0 3641 2649 3569 14 901
915 0 3637 2621 3565 12.4222 914
916 0 3625 2597 3565 12.4222 915
917 0 3593 2573 3557 14 916
918 0 3565 2541 3537 10.6491 917
919 0 3553 2521 3529 9.31371 918
920 0 3545 2505 3521 6.94427 919
921 0 3533 2481 3521 12.4222 920
922 0 3509 2453 3505 18 921
923 0 3497 2437 3521 6.94427 922
924 0 3481 2425 3537 6.94427 923
925 0 3473 2417 3545 9.31371 924
926 0 3465 2409 3549 3.65685 925
927 0 3457 2401 3549 3.65685 926
928 0 3453 2397 3553 3.65685 927
929 0 3453 2389 3557 6 928
930 0 3449 2385 3561 3.65685 929
931 0 3445 2381 3565 6 930
932 0 3441 2377 3569 3.65685 931
933 0 3437 2373 3573 6 932
934 0 3421 2361 3585 6.94427 933
935 0 3409 2353 3589 6.94427 934
936 0 3397 2349 3593 6 935
937 0 3385 2349 3597 10 936
938 0 3373 2345 3597 10.6491 937
939 0 3361 2345 3597 6.94427 938
940 0 3345 2337 3593 6 939
941 0 3329 2329 3585 6 940
942 0 3317 2321 3581 6 941
943 0 3309 2317 3589 6 942
944 0 3297 2313 3593 10 943
945 0 3277 2309 3613 9.31371 944
946 0 3269 2301 3621 6.94427 945
947 0 3261 2301 3629 2 946
948 0 3261 2301 3633 2 947
949 0 3493 2445 3501 12.4222 922
950 0 3473 2441 3485 12.4222 949
951 0 3437.8 2422.6 3477 10.6491 950
952 0 3437 2433 3449 6 951
953 0 3437 2433 3441 3.65685 952
954 0 3437 2441 3433 6.94427 953
955 0 3437 2445 3417 6 954
956 2 3437.44 2449.89 3408.11 6.44444 955
957 0 3441 2457 3401 10 956
958 0 3429 2469 3385 6.94427 957
959 0 3429 2469 3377 6.94427 958
960 0 3417 2457 3361 6 959
961 0 3413 2449 3357 3.65685 960
962 0 3409 2449 3353 3.65685 961
963 0 3405 2445 3349 3.65685 962
964 0 3401 2441 3345 6 963
965 0 3401 2437 3337 6 964
966 0 3401 2429 3333 3.65685 965
967 0 3401 2413 3325 6.94427 966
968 0 3445 2441 3401 6 956
969 0 3445 2433 3401 6 968
970 0 3449 2421 3393 6 969
971 0 3445 2409 3381 6 970
972 0 3445 2393 3369 6 971
973 0 3437 2381 3357 6 972
974 0 3425 2381 3341 6 973
975 0 3425 2377 3333 6 974
976 0 3397 2401 3473 6.94427 951
977 0 3385 2397 3473 10 976
978 0 3361 2393 3477 10.6491 977
979 0 3341 2377 3485 12.4222 978
980 0 3329 2353 3497 14 979
981 0 3313 2317 3497 14.4924 980
982 0 3293 2281 3493 15.8885 981
983 0 3273 2261 3489 12.4222 982
984 0 3245 2249 3489 14.4924 983
985 0 3217 2233 3481 12.4222 984
986 0 3197 2221 3477 14.9706 985
987 0 3181 2209 3469 9.31371 986
988 0 3157 2181 3469 14.4924 987
989 0 3129 2149 3465 19.5407 988
990 0 3113 2125 3465 24.8328 989
991 0 3073 2105 3477 10.6491 990
992 0 3053 2089 3489 12.4222 991
993 0 3037 2065 3505 18 992
994 0 3029 2053 3517 15.8885 993
995 2 3048.43 2029.69 3505.34 9.50156 994
996 0 3049 2021 3489 6 995
997 0 3049 2013 3481 6 996
998 0 3045 2001 3477 10 997
999 0 3041 1981 3473 10 998
1000 0 3029 1953 3473 6.94427 999
1001 0 3021 1929 3473 9.31371 1000
1002 0 3017 1921 3469 6 1001
1003 0 3017 1909 3469 10 1002
1004 0 3013 1885 3465 10 1003
1005 0 3009 1869 3469 10 1004
1006 0 3009 1857 3469 6 1005
1007 0 3005 1837 3477 9.31371 1006
1008 0 3001 1825 3489 6.94427 1007
1009 0 3001 1805 3501 12.4222 1008
1010 0 2989 1777 3521 12.4222 1009
1011 0 2985 1753 3525 9.31371 1010
1012 0 2981 1741 3525 6 1011
1013 0 2977 1733 3525 6.94427 1012
1014 0 2957 1677 3541 42.1814 1013
1015 0 2921 1629 3597 18 1014
1016 0 2905 1613 3617 2 1015
1017 0 2905 1613 3621 2 1016
1018 0 3061 2025 3525 6 995
1019 0 3065 2025 3533 3.65685 1018
1020 0 3073 2025 3541 6 1019
1021 0 3081 2029 3541 2 1020
1022 0 3085 2029 3541 2 1021
1023 0 3001 2037 3537 10.6491 994
1024 0 2989 2029 3537 6.94427 1023
1025 0 2981 2025 3541 9.31371 1024
1026 0 2969 2009 3541 9.31371 1025
1027 0 2953 1989 3545 14.4924 1026
1028 0 2925 1977 3561 10.6491 1027
1029 0 2889 1973 3585 12.4222 1028
1030 0 2857 1961 3593 10 1029
1031 0 2837 1953 3593 6 1030
1032 0 2833 1949 3597 6 1031
1033 0 2821 1949 3597 10 1032
1034 0 2797 1949 3601 10 1033
1035 0 2765 1949 3605 14 1034
1036 0 2733 1949 3613 14 1035
1037 0 2701 1949 3617 14.4924 1036
1038 0 2673 1941 3621 26.2843 1037
1039 0 2625 1921 3621 14.4924 1038
1040 0 2609 1921 3621 9.31371 1039
1041 0 2581 1917 3613 10 1040
1042 0 2569 1909 3609 12.4222 1041
1043 0 2545 1905 3609 10 1042
1044 0 2521 1885 3613 12.4222 1043
1045 0 2505 1865 3609 6.94427 1044
1046 0 2489 1841 3609 9.31371 1045
1047 2 2476.33 1824.33 3600.33 12.4222 1046
1048 0 2469 1813 3621 6 1047
1049 0 2469 1813 3629 3.65685 1048
1050 0 2465 1809 3637 6 1049
1051 0 2465 1805 3645 6.94427 1050
1052 0 2477 1801 3657 6 1051
1053 0 2481 1797 3661 6 1052
1054 0 2485 1793 3665 3.65685 1053
1055 0 2493 1785 3673 3.65685 1054
1056 0 2497 1777 3681 6 1055
1057 0 2497 1773 3689 6 1056
1058 0 2465 1813 3589 9.31371 1047
1059 0 2441 1805 3585 10.6491 1058
1060 0 2413 1805 3585 14.4924 1059
1061 0 2385 1809 3573 14.4924 1060
1062 0 2325 1789 3585 34 1061
1063 0 2289 1757 3593 47.4773 1062
1064 0 2245 1693 3593 14.4924 1063
1065 0 2233 1673 3593 10.6491 1064
1066 0 2217 1645 3597 10.6491 1065
1067 0 2209 1633 3601 14.4924 1066
1068 0 2185 1617 3605 6 1067
1069 0 2181 1613 3601 2 1068
1070 0 2177 1613 3601 2 1069
1071 0 2173 1613 3601 2 1070
