# Generated by NeuTu (https://github.com/janelia-flyem/NeuTu)
1 0 2512 1998 5601 2 -1
2 0 2516 2002 5601 2 1
3 0 2532 2006 5597 2 2
4 0 2536 2002 5593 2 3
5 0 2532 1998 5589 2 4
6 0 2532 1994 5589 2 5
7 0 2548 1998 5605 2 4
8 0 2552 2002 5605 2 7
9 0 2556 2006 5605 2 8
10 0 2560 2006 5601 2 9
11 0 2548 2006 5617 2 8
12 0 2544 2010 5617 2 11
13 0 2528 2038 5577 2 3
14 0 2528 2042 5581 2 13
15 0 2528 2046 5581 2 14
16 0 2532 2050 5581 2 15
17 0 2524 2042 5573 2 13
18 0 2528 2042 5569 2 17
19 0 2532 2046 5565 2 18
20 0 2536 2050 5565 2 19
21 0 2540 2054 5561 2 20
22 0 2548 2054 5557 6 21
23 2 2553.33 2063.33 5541.67 4.20476 22
24 0 2556 2046 5529 9.31371 23
25 0 2568 2046 5521 3.65685 24
26 0 2568 2042 5513 6 25
27 0 2576 2042 5505 6 26
28 0 2584 2042 5505 6 27
29 0 2596 2038 5505 9.31371 28
30 0 2604 2022 5513 10 29
31 0 2604 2010 5517 3.65685 30
32 0 2608 2006 5517 2 31
33 0 2552 2030 5537 3.65685 24
34 0 2548 2022 5537 6 33
35 0 2548 2014 5541 6 34
36 0 2544 2002 5545 10 35
37 0 2540 1982 5541 6 36
38 0 2536 1978 5545 2 37
39 0 2536 1974 5545 2 38
40 0 2560 2070 5545 6.94427 23
41 0 2568 2078 5545 6.94427 40
42 0 2576 2086 5545 10.6491 41
43 0 2596 2098 5533 6.94427 42
44 0 2612 2106 5525 6 43
45 0 2616 2110 5521 3.65685 44
46 0 2620 2114 5517 6 45
47 0 2624 2122 5509 6.94427 46
48 0 2632 2130 5509 6 47
