# Generated by NeuTu (https://github.com/janelia-flyem/NeuTu)
1 0 2919 2787 5068 6 -1
2 0 2911 2783 5052 6 1
3 0 2903 2783 5044 3.65685 2
4 0 2899 2787 5040 6 3
5 0 2879 2783 5040 10 4
6 0 2871 2779 5032 6.94427 5
7 0 2863 2775 5028 9.31371 6
8 0 2855 2779 5020 6 7
9 0 2847 2779 5016 6.94427 8
10 0 2839 2787 5016 3.65685 9
11 0 2831 2791 5016 6.94427 10
12 0 2823 2803 5012 6 11
13 0 2819 2807 5008 3.65685 12
14 0 2815 2811 5004 6 13
15 0 2803 2827 5004 6 14
16 0 2803 2839 5000 6 15
17 0 2795 2855 5000 6 16
