# Generated by NeuTu (https://github.com/janelia-flyem/NeuTu)
1 0 3030 2662 5087 2 -1
2 0 3030 2658 5087 2 1
3 0 3030 2654 5087 2 2
4 0 3030 2650 5087 2 3
5 0 3026 2642 5087 6 4
6 0 3018 2630 5087 12.4222 5
7 0 3018 2614 5087 6 6
8 0 3010 2590 5087 9.31371 7
9 0 2994 2578 5087 9.31371 8
10 0 2974 2566 5087 6.94427 9
11 0 2966 2558 5091 3.65685 10
12 0 2962 2554 5091 3.65685 11
13 0 2954 2546 5091 6.94427 12
14 0 2950 2538 5091 6.94427 13
15 0 2942 2530 5091 3.65685 14
16 0 2938 2526 5095 2 15
17 0 2934 2526 5095 2 16
