# Generated by NeuTu (https://github.com/janelia-flyem/NeuTu)
1 0 2545 2425 5150 2 -1
2 0 2549 2429 5154 3.65685 1
3 0 2553 2433 5158 6 2
4 0 2569 2433 5162 6 3
5 0 2581 2429 5162 6.94427 4
6 0 2589 2425 5166 3.65685 5
7 0 2593 2425 5166 2 6
8 0 2605 2425 5166 6 7
9 0 2617 2425 5170 9.31371 8
10 0 2629 2441 5174 9.31371 9
11 0 2645 2453 5178 6 10
12 0 2653 2461 5182 6.94427 11
13 0 2661 2461 5182 3.65685 12
14 0 2665 2465 5186 2 13
15 0 2673 2465 5186 6 14
16 0 2681 2465 5186 6 15
17 0 2693 2473 5194 6 16
18 0 2697 2477 5198 3.65685 17
19 0 2701 2481 5198 3.65685 18
20 0 2709 2485 5198 6 19
21 0 2729 2489 5202 6 20
22 0 2745 2493 5202 6 21
23 0 2749 2497 5198 6 22
24 0 2765 2501 5202 6.94427 23
25 0 2785 2517 5202 6 24
26 0 2801 2517 5206 6 25
27 0 2809 2521 5206 3.65685 26
28 0 2813 2521 5210 2 27
