# Generated by NeuTu (https://github.com/janelia-flyem/NeuTu)
1 0 2546 2802 5194 2 -1
2 0 2550 2798 5194 3.65685 1
3 0 2558 2790 5194 6.94427 2
4 0 2566 2778 5194 9.31371 3
5 0 2582 2762 5198 6 4
6 0 2590 2746 5194 6.94427 5
7 0 2598 2730 5194 6 6
8 0 2606 2710 5190 6.94427 7
9 0 2610 2702 5186 6 8
10 0 2610 2694 5186 3.65685 9
11 0 2614 2686 5182 6 10
12 0 2606 2678 5174 6 11
13 0 2606 2670 5170 6 12
14 0 2606 2662 5166 3.65685 13
15 0 2614 2654 5166 3.65685 14
16 0 2618 2646 5166 6 15
17 0 2626 2638 5158 9.31371 16
18 0 2634 2638 5150 6 17
