# Generated by NeuTu (https://github.com/janelia-flyem/NeuTu)
1 0 2601 2764 5281 6 -1
2 0 2609 2756 5281 9.31371 1
3 0 2625 2744 5281 10.6491 2
4 0 2641 2728 5277 6.94427 3
5 0 2649 2720 5277 10 4
6 0 2649 2700 5281 6 5
7 0 2649 2684 5281 6 6
8 0 2645 2676 5285 6 7
9 0 2641 2672 5281 6 8
10 0 2637 2664 5285 6 9
11 0 2633 2660 5281 6 10
12 0 2633 2652 5281 6 11
13 0 2629 2648 5277 6 12
14 0 2629 2636 5277 6.94427 13
15 0 2625 2620 5269 6 14
16 0 2621 2612 5269 3.65685 15
17 0 2613 2604 5269 6.94427 16
18 0 2605 2600 5265 3.65685 17
19 0 2597 2592 5265 3.65685 18
20 0 2589 2584 5265 6 19
21 0 2585 2572 5265 2 20
22 0 2665 2728 5273 3.65685 5
23 0 2685 2740 5261 9.31371 22
24 0 2693 2748 5257 3.65685 23
25 0 2697 2752 5253 2 24
