# Generated by NeuTu (https://github.com/janelia-flyem/NeuTu)
1 0 2934 2839 5424 6 -1
2 0 2930 2843 5420 6 1
3 0 2930 2847 5400 6 2
4 0 2926 2847 5388 6 3
5 0 2922 2843 5380 6.94427 4
6 0 2922 2847 5372 3.65685 5
7 0 2922 2847 5368 3.65685 6
8 0 2922 2851 5364 2 7
9 0 2922 2851 5360 2 8
10 0 2922 2851 5352 6 9
11 0 2922 2851 5344 3.65685 10
12 0 2926 2859 5336 6 11
13 0 2926 2859 5328 6 12
14 2 2938.67 2856.67 5317.67 7.38071 13
15 0 2954 2847 5316 6 14
16 0 2962 2839 5316 3.65685 15
17 0 2970 2835 5316 6.94427 16
18 0 2978 2827 5316 3.65685 17
19 0 2986 2819 5316 10 18
20 0 3002 2811 5324 3.65685 19
21 0 3010 2807 5324 6 20
22 0 3014 2803 5328 6 21
23 0 3018 2799 5332 3.65685 22
24 0 3022 2795 5332 3.65685 23
25 0 3026 2795 5332 2 24
26 0 3030 2791 5336 2 25
27 0 3030 2787 5336 2 26
28 0 3038 2783 5344 6 27
29 0 3042 2779 5348 3.65685 28
30 0 3050 2779 5352 6 29
31 0 3062 2775 5356 6 30
32 0 3074 2779 5364 6 31
33 0 3090 2787 5368 6 32
34 0 3094 2791 5372 6 33
35 0 3102 2799 5372 3.65685 34
36 0 3110 2807 5376 6.94427 35
37 0 3130 2815 5384 6 36
38 0 3134 2819 5388 6 37
39 0 3146 2819 5388 2 38
40 0 2926 2863 5304 3.65685 14
41 0 2918 2867 5296 6.94427 40
42 0 2910 2879 5292 6 41
43 0 2906 2887 5296 9.31371 42
44 0 2902 2899 5304 6 43
45 0 2902 2907 5312 6.94427 44
46 0 2910 2915 5320 2 45
47 0 2914 2915 5320 2 46
