# Generated by NeuTu (https://github.com/janelia-flyem/NeuTu)
1 0 3076 2584 5304 2 -1
2 0 3072 2588 5304 3.65685 1
3 0 3064 2592 5308 9.31371 2
4 0 3048 2592 5320 6 3
5 0 3040 2592 5320 6 4
6 2 3024 2595.2 5326.4 9.86274 5
7 0 3000 2588 5340 6.94427 6
8 0 2988 2584 5344 6.94427 7
9 0 2980 2576 5352 6 8
10 0 2976 2560 5352 6 9
11 0 2976 2552 5352 6 10
12 0 2972 2548 5356 3.65685 11
13 0 2972 2544 5356 3.65685 12
14 0 2968 2540 5360 6 13
15 0 2960 2524 5364 6 14
16 0 2960 2516 5372 6 15
17 0 2956 2508 5376 3.65685 16
18 0 2956 2504 5384 6 17
19 0 2952 2500 5388 6 18
20 0 2952 2500 5396 6 19
21 0 2980 2584 5364 6.94427 9
22 0 2976 2576 5372 6 21
23 0 2972 2568 5380 9.31371 22
24 0 2956 2556 5392 6.94427 23
25 0 2948 2544 5404 6.94427 24
26 0 2944 2528 5412 6 25
27 0 3016 2620 5320 6.94427 6
28 0 3008 2640 5320 3.65685 27
29 0 3008 2648 5320 6.94427 28
