# Generated by NeuTu (https://github.com/janelia-flyem/NeuTu)
1 0 2732 2608 5361 2 -1
2 0 2732 2608 5357 2 1
3 0 2728 2616 5349 6 2
4 0 2728 2624 5349 6.94427 3
5 0 2740 2636 5345 6.94427 4
6 0 2756 2644 5345 6.94427 5
7 0 2772 2652 5345 6.94427 6
8 0 2792 2652 5341 6.94427 7
9 0 2812 2640 5337 6.94427 8
10 0 2820 2632 5337 6.94427 9
11 0 2832 2620 5337 10.6491 10
12 0 2844 2616 5337 6 11
13 0 2856 2604 5337 9.31371 12
14 0 2864 2580 5333 10 13
15 0 2860 2564 5333 6.94427 14
16 0 2856 2552 5341 6 15
17 0 2852 2548 5345 6 16
18 0 2852 2540 5345 6 17
19 0 2848 2528 5357 6 18
20 0 2852 2516 5373 6.94427 19
21 0 2852 2504 5389 9.31371 20
22 0 2836 2484 5401 6.94427 21
23 0 2828 2476 5401 6.94427 22
24 0 2820 2468 5405 3.65685 23
25 0 2816 2460 5405 3.65685 24
26 0 2812 2456 5409 6 25
27 0 2800 2448 5417 3.65685 26
28 0 2796 2444 5421 3.65685 27
29 0 2792 2440 5421 3.65685 28
30 0 2788 2436 5425 6 29
31 0 2784 2428 5433 6.94427 30
32 0 2776 2420 5437 3.65685 31
33 0 2764 2404 5445 9.31371 32
34 0 2768 2388 5461 6 33
35 0 2768 2388 5469 6 34
36 0 2760 2380 5481 6 35
37 0 2756 2376 5485 2 36
38 0 2756 2376 5489 2 37
