# Generated by NeuTu (https://github.com/janelia-flyem/NeuTu)
1 0 3966 3547 5536 6 -1
2 0 3942 3539 5536 10.6491 1
3 0 3926 3539 5536 14 2
4 0 3898 3539 5536 12.4222 3
5 0 3866 3539 5532 10.6491 4
6 0 3854 3539 5532 6.94427 5
7 0 3826 3539 5532 12.4222 6
8 0 3794 3547 5540 18 7
9 0 3746 3555 5560 19.5407 8
10 0 3722 3571 5576 19.5407 9
11 0 3706 3583 5592 10 10
12 0 3694 3587 5592 10.6491 11
13 0 3674 3595 5592 20.6274 12
14 0 3618 3611 5588 22.3311 13
15 0 3594 3619 5572 24.8328 14
16 2 3559.27 3619 5564.28 18.2412 15
17 0 3514 3651 5540 9.31371 16
18 0 3498 3663 5528 12.4222 17
19 0 3474 3679 5516 14 18
20 0 3450 3691 5504 10.6491 19
21 0 3426 3691 5492 10.6491 20
22 2 3395.33 3700.33 5474.67 16.8308 21
23 0 3346 3739 5468 18.3961 22
24 0 3310 3751 5468 14.4924 23
25 2 3278 3751 5468 16.8916 24
26 0 3254 3751 5468 14 25
27 0 3214 3743 5468 19.5407 26
28 0 3174 3723 5480 18 27
29 0 3138 3699 5488 18 28
30 0 3106 3675 5472 21.3238 29
31 0 3070 3655 5472 12.4222 30
32 0 3038 3643 5464 9.31371 31
33 0 3010 3631 5456 9.31371 32
34 0 2986 3623 5456 6.94427 33
35 0 2978 3619 5452 9.31371 34
36 0 2954 3611 5448 6 35
37 0 2942 3611 5436 6 36
38 0 2934 3611 5432 6.94427 37
39 0 2926 3615 5432 2 38
40 0 2922 3619 5432 2 39
41 0 2914 3627 5428 6.94427 40
42 0 2906 3635 5428 6 41
43 0 2890 3635 5428 6 42
44 0 2882 3643 5420 6.94427 43
45 0 2874 3655 5416 6 44
46 0 2870 3667 5408 6 45
47 0 2870 3683 5400 6.94427 46
48 0 2870 3691 5396 3.65685 47
49 0 2866 3699 5396 3.65685 48
50 0 2862 3703 5396 3.65685 49
51 0 2862 3707 5392 3.65685 50
52 0 2862 3715 5388 6 51
53 0 2858 3719 5392 6 52
54 0 2854 3747 5380 14 53
55 0 2850 3779 5368 6 54
56 0 2850 3787 5360 6 55
57 0 2846 3799 5356 6.94427 56
58 0 2846 3811 5352 10 57
59 0 2834 3827 5344 10.6491 58
60 2 2827.52 3839.97 5334.28 14.151 59
61 0 2826 3847 5316 10 60
62 0 2826 3839 5296 14.4924 61
63 0 2810 3815 5280 10.6491 62
64 0 2798 3803 5260 15.8885 63
65 2 2798 3761 5260 25.0351 64
66 0 2794 3715 5256 20.6274 65
67 0 2786 3695 5252 12.4222 66
68 0 2782 3655 5248 14.9706 67
69 0 2782 3631 5244 21.3238 68
70 0 2790 3611 5244 14 69
71 0 2798 3571 5240 15.8885 70
72 0 2802 3547 5236 14 71
73 0 2802 3519 5236 23.2982 72
74 0 2790 3487 5244 14.4924 73
75 0 2806 3431 5248 32.176 74
76 0 2814 3367 5248 28.4631 75
77 0 2798 3319 5252 14 76
78 0 2806 3283 5252 22 77
79 0 2794 3231 5256 20.6274 78
80 0 2786 3211 5256 15.8885 79
81 0 2778 3155 5260 23.2982 80
82 0 2770 3119 5264 28.4631 81
83 0 2746 3071 5288 14 82
84 0 2746 3047 5304 10.6491 83
85 0 2750 3039 5316 14.4924 84
86 0 2754 2991 5324 14.9706 85
87 0 2758 2959 5336 9.31371 86
88 0 2762 2931 5352 18 87
89 0 2770 2883 5360 18 88
90 0 2770 2843 5380 14.9706 89
91 0 2782 2815 5396 10.6491 90
92 0 2790 2787 5404 10 91
93 2 2793.87 2767.67 5411.73 9.33658 92
94 0 2806 2739 5420 10.6491 93
95 0 2814 2727 5424 9.31371 94
96 0 2810 2711 5424 14 95
97 0 2822 2679 5444 12.4222 96
98 0 2826 2667 5452 10 97
99 0 2826 2643 5456 18 98
100 0 2826 2607 5472 18 99
101 0 2818 2595 5484 14.4924 100
102 0 2816.17 2540.72 5522.28 26.837 101
103 0 2850 2495 5540 18 102
104 0 2858 2455 5536 14.4924 103
105 0 2866 2423 5536 12.4222 104
106 0 2870 2399 5540 6 105
107 0 2870 2391 5540 6 106
108 0 2870 2375 5540 10.6491 107
109 0 2882 2343 5544 14.4924 108
110 0 2894 2331 5544 9.31371 109
111 0 2910 2311 5552 10.6491 110
112 0 2918 2283 5572 10.6491 111
113 2 2919.14 2267.57 5582.29 10.4637 112
114 0 2926 2247 5600 12.4222 113
115 0 2938 2235 5608 14 114
116 0 2938 2219 5612 14 115
117 0 2950 2199 5608 10 116
118 0 2946 2183 5604 14 117
119 0 2946 2159 5600 10 118
120 0 2942 2127 5596 14 119
121 0 2942 2095 5596 18 120
122 0 2938 2059 5600 12.4222 121
123 0 2946 2035 5620 10.6491 122
124 0 2958 2023 5636 10 123
125 0 2962 2003 5660 9.31371 124
126 0 2970 1995 5668 10 125
127 0 2978 1971 5676 18 126
128 0 3006 1943 5692 10.6491 127
129 0 3022 1927 5704 10.6491 128
130 0 3046 1891 5728 18 129
131 0 3058 1875 5728 9.31371 130
132 0 3062 1863 5716 10 131
133 0 3082 1839 5712 6.94427 132
134 0 3090 1831 5704 6.94427 133
135 0 3098 1819 5692 10.6491 134
136 0 3106 1811 5692 9.31371 135
137 0 3114 1803 5684 12.4222 136
138 2 3158.54 1799 5683.31 18 137
139 0 3182 1799 5684 18 138
140 0 3210 1791 5716 10 139
141 0 3226 1791 5732 10 140
142 0 3230 1787 5748 6 141
143 0 3178 1811 5656 9.31371 139
144 0 3166 1807 5652 12.4222 143
145 0 3154 1799 5648 9.31371 144
146 0 3138 1795 5696 10 138
147 0 3122 1791 5712 10 146
148 0 3114 1799 5716 6.94427 147
149 0 3098 1815 5712 6.94427 136
150 0 3090 1827 5724 10 149
151 0 3078 1831 5736 12.4222 150
152 0 3066 1819 5740 6 151
153 0 3050 1815 5748 6 152
154 0 3042 1819 5748 3.65685 153
155 0 3038 1823 5744 2 154
156 0 2958 2255 5616 10 115
157 0 2966 2267 5620 6 156
158 0 2918 2287 5596 6.94427 113
159 0 2914 2299 5600 6 158
160 0 2914 2307 5600 3.65685 159
161 0 2918 2311 5604 2 160
162 0 2782 2543 5532 9.31371 102
163 0 2770 2543 5532 6 162
164 0 2746 2539 5532 9.31371 163
165 0 2723.15 2539.95 5540 8.75175 164
166 0 2714 2543 5540 6.94427 165
167 0 2702 2547 5540 9.31371 166
168 0 2682 2543 5548 6 167
169 0 2670 2547 5548 9.31371 168
170 0 2658 2551 5548 6 169
171 0 2650 2551 5548 6 170
172 0 2642 2559 5544 9.31371 171
173 0 2630 2559 5544 6 172
174 0 2606 2567 5548 10 173
175 0 2594 2563 5548 6.94427 174
176 0 2586 2559 5556 6.94427 175
177 0 2578 2551 5556 9.31371 176
178 0 2562 2539 5564 6.94427 177
179 0 2538 2527 5568 14 178
180 0 2518 2515 5568 18 179
181 0 2486 2491 5568 14.9706 180
182 0 2462 2483 5568 24.8328 181
183 0 2418 2479 5576 10 182
184 0 2398 2479 5576 6 183
185 0 2382 2479 5576 6 184
186 0 2374 2471 5568 10 185
187 0 2362 2471 5572 10 186
188 0 2350 2475 5576 3.65685 187
189 0 2346 2479 5576 3.65685 188
190 0 2334 2479 5580 9.31371 189
191 0 2326 2483 5588 6.94427 190
192 0 2318 2483 5596 10 191
193 0 2310 2487 5604 3.65685 192
194 0 2306 2495 5612 6.94427 193
195 2 2298.73 2505.18 5619.27 6.68674 194
196 0 2290 2511 5628 6 195
197 0 2286 2507 5632 3.65685 196
198 0 2286 2507 5640 3.65685 197
199 0 2282 2507 5648 6 198
200 0 2282 2523 5664 6 199
201 0 2274 2539 5684 6.94427 200
202 0 2262 2547 5692 6 201
203 0 2254 2555 5700 6 202
204 0 2254 2563 5708 6 203
205 0 2258 2567 5712 3.65685 204
206 0 2258 2571 5720 3.65685 205
207 0 2258 2575 5724 3.65685 206
208 0 2258 2583 5732 6 207
209 0 2258 2591 5740 6 208
210 0 2254 2595 5748 3.65685 209
211 0 2250 2599 5756 6 210
212 0 2250 2603 5772 6 211
213 0 2246 2611 5772 6 212
214 0 2250 2615 5776 2 213
215 0 2250 2619 5776 2 214
216 0 2286 2503 5608 6.94427 195
217 0 2270 2503 5608 6 216
218 0 2254 2503 5600 9.31371 217
219 0 2242 2511 5596 6.94427 218
220 0 2230 2515 5596 2 219
221 0 2322 2491 5568 6.94427 190
222 0 2318 2499 5560 3.65685 221
223 0 2318 2499 5552 6 222
224 0 2710 2539 5556 3.65685 165
225 0 2710 2543 5564 6 224
226 0 2710 2543 5572 6 225
227 0 2714 2543 5580 2 226
228 0 2718 2543 5592 6 227
229 0 2726 2527 5600 6.94427 228
230 0 2722 2519 5604 3.65685 229
231 0 2722 2515 5604 3.65685 230
232 0 2722 2511 5604 2 231
233 0 2786 2783 5424 6.94427 93
234 0 2778 2795 5424 6 233
235 0 2778 2811 5424 6 234
236 0 2782 2819 5424 3.65685 235
237 0 2786 2819 5428 2 236
238 0 2790 3791 5232 14 65
239 0 2790 3815 5220 6 238
240 0 2790 3831 5220 6 239
241 0 2806 3823 5344 6.94427 60
242 0 2806 3815 5352 10 241
243 0 2794 3803 5356 6.94427 242
244 0 2778 3795 5352 6 243
245 0 3290 3759 5440 10 25
246 0 3290 3759 5428 10 245
247 0 3298 3751 5408 2 246
248 0 3298 3747 5404 2 247
249 0 3370 3767 5508 6 23
250 0 3370 3763 5516 6 249
251 0 3378 3763 5524 6.94427 250
252 0 3382 3779 5540 6 251
253 0 3386 3783 5544 2 252
254 0 3390 3783 5548 2 253
255 0 3402 3671 5472 6 22
256 0 3406 3663 5468 6 255
257 0 3402 3651 5464 6.94427 256
258 0 3402 3639 5460 2 257
259 0 3546 3603 5592 6 16
260 0 3542 3595 5600 6 259
261 0 3542 3587 5616 6 260
262 0 3534 3591 5624 2 261
263 2 3530.27 3594.73 5627.73 5.73205 262
264 0 3522 3599 5632 6 263
265 0 3502 3595 5640 6 264
266 0 3494 3591 5644 6.94427 265
267 0 3482 3579 5640 6 266
268 0 3474 3579 5640 3.65685 267
269 0 3466 3579 5632 6.94427 268
270 0 3458 3587 5624 6.94427 269
271 0 3450 3587 5620 6 270
272 0 3542 3595 5632 6 263
273 0 3562 3595 5644 6 272
274 0 3570 3591 5644 2 273
275 0 3574 3591 5644 2 274
