# Generated by NeuTu (https://github.com/janelia-flyem/NeuTu)
1 0 2888 3306 5060 2 -1
2 0 2888 3302 5060 3.65685 1
3 0 2892 3294 5064 6.94427 2
4 0 2896 3286 5068 6.94427 3
5 0 2912 3270 5076 12.4222 4
6 0 2920 3254 5080 6.94427 5
7 0 2932 3238 5092 9.31371 6
8 0 2924 3226 5100 6.94427 7
9 0 2912 3206 5108 6 8
10 0 2908 3202 5112 6 9
11 0 2904 3198 5116 3.65685 10
12 0 2888 3190 5116 6.94427 11
13 0 2880 3182 5124 6.94427 12
14 0 2860 3182 5128 6.94427 13
15 0 2836 3178 5132 9.31371 14
16 0 2820 3170 5132 10.6491 15
17 0 2800 3178 5136 6 16
18 0 2792 3178 5140 3.65685 17
19 0 2784 3182 5140 6 18
20 0 2776 3182 5140 6 19
21 0 2772 3178 5144 6 20
22 0 2756 3178 5144 6 21
23 0 2752 3174 5140 6 22
24 0 2736 3174 5140 6 23
25 0 2728 3166 5144 9.31371 24
26 0 2712 3154 5144 10 25
27 0 2700 3150 5144 10 26
28 0 2688 3154 5144 6 27
29 0 2672 3154 5148 6.94427 28
30 0 2652 3162 5152 6.94427 29
31 0 2636 3170 5164 6 30
32 0 2612 3170 5168 9.31371 31
33 0 2584 3178 5172 9.31371 32
34 0 2572 3178 5176 6 33
