# Generated by NeuTu (https://github.com/janelia-flyem/NeuTu)
1 0 2639 3126 5115 2 -1
2 0 2643 3122 5115 2 1
3 0 2647 3118 5115 3.65685 2
4 0 2651 3114 5115 3.65685 3
5 0 2655 3110 5111 6 4
6 0 2663 3106 5111 6 5
7 0 2667 3098 5119 6 6
8 0 2667 3082 5135 6 7
9 0 2671 3078 5143 6 8
10 0 2687 3070 5147 6 9
11 0 2703 3066 5151 6 10
12 0 2707 3050 5159 6.94427 11
13 0 2715 3038 5167 6.94427 12
14 0 2719 3034 5175 3.65685 13
15 0 2723 3034 5183 6 14
16 0 2727 3026 5195 6 15
17 0 2727 3026 5203 3.65685 16
18 0 2727 3030 5207 3.65685 17
19 0 2727 3034 5207 2 18
