# Generated by NeuTu (https://github.com/janelia-flyem/NeuTu)
1 0 4656 3119 1644 6 -1
2 0 4672 3127 1656 10 1
3 0 4692 3135 1660 9.31371 2
4 0 4708 3139 1664 6 3
5 0 4716 3143 1668 9.31371 4
6 0 4732 3147 1668 6 5
7 0 4740 3147 1664 6 6
8 0 4756 3155 1668 6 7
9 0 4764 3159 1668 3.65685 8
10 0 4784 3163 1664 10 9
11 0 4808 3175 1660 6.94427 10
12 0 4816 3179 1656 9.31371 11
13 0 4832 3191 1660 6.94427 12
14 0 4852 3207 1660 6.94427 13
15 0 4868 3223 1664 6 14
16 0 4884 3235 1668 6.94427 15
17 0 4896 3239 1668 10 16
18 0 4916 3247 1672 6.94427 17
19 0 4924 3251 1676 6.94427 18
20 0 4932 3255 1672 6 19
21 0 4944 3259 1668 9.31371 20
22 0 4976 3283 1668 9.31371 21
23 0 4984 3291 1668 3.65685 22
24 0 4988 3291 1668 3.65685 23
25 0 4992 3291 1668 2 24
26 0 4996 3291 1668 2 25
