# Generated by NeuTu (https://github.com/janelia-flyem/NeuTu)
1 0 2832 3115 5495 6 -1
2 0 2832 3131 5491 6 1
3 0 2832 3139 5483 6 2
4 0 2832 3151 5471 9.31371 3
5 0 2832 3163 5459 14 4
6 0 2828 3195 5463 6 5
7 0 2828 3211 5463 6 6
8 0 2828 3227 5463 6 7
9 0 2828 3235 5463 6 8
10 0 2828 3247 5463 9.31371 9
11 2 2824.22 3254.56 5455.44 7.07591 10
12 0 2824 3255 5447 6 11
13 0 2816 3259 5439 6 12
14 0 2816 3259 5423 6 13
15 0 2816 3263 5411 3.65685 14
16 0 2816 3263 5403 3.65685 15
17 0 2816 3267 5399 3.65685 16
18 0 2820 3271 5395 3.65685 17
19 0 2820 3275 5387 6.94427 18
20 0 2824 3275 5371 6 19
21 0 2824 3275 5363 6 20
22 0 2828 3271 5359 2 21
23 0 2828 3267 5355 3.65685 22
24 0 2828 3267 5351 3.65685 23
25 0 2832 3263 5347 6 24
26 0 2836 3263 5339 6 25
27 0 2840 3259 5335 3.65685 26
28 0 2844 3255 5327 6.94427 27
29 0 2856 3255 5311 6.94427 28
30 0 2856 3255 5295 6 29
31 0 2856 3255 5287 3.65685 30
32 0 2860 3259 5283 3.65685 31
33 0 2864 3263 5275 6.94427 32
34 0 2864 3263 5263 9.31371 33
35 0 2856 3259 5255 3.65685 34
36 0 2852 3259 5251 3.65685 35
37 0 2848 3255 5247 6 36
38 0 2844 3247 5239 6 37
39 0 2844 3243 5231 6 38
40 0 2840 3239 5223 9.31371 39
41 0 2836 3239 5211 9.31371 40
42 0 2832 3235 5203 6 41
43 0 2832 3235 5195 6 42
44 0 2828 3231 5191 2 43
45 0 2828 3227 5187 2 44
46 0 2836 3271 5463 9.31371 11
47 0 2840 3283 5463 6 46
48 0 2844 3299 5463 6.94427 47
49 0 2856 3315 5459 6.94427 48
50 0 2868 3335 5455 6.94427 49
51 0 2872 3347 5455 10 50
52 0 2880 3359 5447 9.31371 51
53 0 2888 3367 5443 3.65685 52
54 0 2892 3371 5447 2 53
