# Generated by NeuTu (https://github.com/janelia-flyem/NeuTu)
1 0 2746 3675 1799 6 -1
2 0 2746 3663 1807 9.31371 1
3 0 2746 3655 1815 3.65685 2
4 0 2750 3643 1823 9.31371 3
5 0 2739.33 3609.67 1831.67 9.49071 4
6 0 2754 3587 1835 6 5
7 0 2758 3575 1835 3.65685 6
8 0 2762 3567 1835 6 7
9 0 2762 3551 1835 6 8
10 0 2756.22 3533.22 1830.11 6.94427 9
11 0 2742 3519 1819 6 10
12 0 2738 3515 1815 6 11
13 0 2730 3507 1811 9.31371 12
14 0 2718 3503 1815 10 13
15 0 2706 3495 1827 3.65685 14
16 0 2698 3487 1827 3.65685 15
17 0 2698 3483 1827 3.65685 16
18 0 2690 3475 1835 6.94427 17
19 0 2682 3475 1843 6 18
20 0 2674 3467 1851 6 19
21 0 2670 3463 1867 6.94427 20
22 0 2662 3455 1875 9.31371 21
23 0 2654 3447 1895 6 22
24 0 2646 3451 1903 2 23
25 0 2642 3451 1907 2 24
26 0 2766 3535 1819 6 10
27 0 2778 3531 1807 6 26
28 0 2778 3531 1799 6 27
29 0 2778 3531 1791 3.65685 28
30 0 2778 3531 1787 3.65685 29
31 0 2782 3535 1783 2 30
32 0 2782 3535 1779 2 31
33 0 2730 3619 1847 6.94427 5
34 0 2722 3627 1855 6 33
35 0 2714 3627 1863 3.65685 34
36 0 2714 3619 1871 6.94427 35
37 0 2710 3615 1879 3.65685 36
38 0 2710 3615 1883 2 37
