# Generated by NeuTu (https://github.com/janelia-flyem/NeuTu)
1 0 3019 3501 5095 6 -1
2 0 3027 3497 5099 6.94427 1
3 0 3043 3501 5103 15.8885 2
4 0 3059 3501 5103 10.6491 3
5 0 3083 3493 5099 10 4
6 0 3091 3485 5103 6 5
7 0 3099 3485 5103 6 6
8 0 3119 3469 5107 9.31371 7
9 0 3127 3473 5111 6.94427 8
10 0 3143 3477 5119 10 9
11 0 3155 3477 5123 12.4222 10
12 0 3163 3489 5131 6 11
13 0 3159 3505 5147 6 12
14 0 3163 3513 5167 9.31371 13
15 0 3167 3517 5175 9.31371 14
16 0 3175 3521 5187 2 15
17 0 3179 3521 5191 2 16
