# Generated by NeuTu (https://github.com/janelia-flyem/NeuTu)
1 0 2866 3417 5305 2 -1
2 0 2862 3417 5305 2 1
3 0 2858 3417 5309 3.65685 2
4 0 2850 3421 5309 6.94427 3
5 0 2842 3433 5305 6 4
6 0 2830 3441 5301 6.94427 5
7 0 2818 3461 5297 6.94427 6
8 0 2814 3473 5305 10 7
9 0 2802 3489 5321 6 8
10 0 2798 3485 5333 6 9
11 0 2794 3477 5341 6 10
12 0 2794 3473 5349 3.65685 11
13 0 2794 3473 5357 6 12
14 0 2802 3469 5369 6.94427 13
15 0 2822 3477 5385 6.94427 14
16 0 2838 3493 5393 6.94427 15
17 0 2854 3505 5401 6.94427 16
18 0 2870 3521 5405 9.31371 17
19 0 2886 3533 5409 6.94427 18
20 0 2898 3549 5409 6.94427 19
21 0 2910 3565 5413 6 20
22 0 2918 3581 5417 6 21
23 0 2918 3589 5417 6 22
24 0 2918 3601 5425 2 23
25 0 2918 3605 5425 3.65685 24
26 0 2918 3613 5433 6 25
27 0 2918 3617 5441 3.65685 26
28 0 2914 3625 5449 6 27
29 0 2906 3629 5457 6 28
30 0 2902 3633 5461 6 29
31 0 2894 3637 5469 2 30
32 0 2890 3637 5469 2 31
