# Generated by NeuTu (https://github.com/janelia-flyem/NeuTu)
1 0 2858 3806 5489 2 -1
2 0 2858 3802 5489 2 1
3 0 2858 3798 5489 3.65685 2
4 0 2862 3790 5493 6.94427 3
5 0 2874 3782 5493 6.94427 4
6 0 2886 3766 5501 6.94427 5
7 0 2890 3742 5505 10.6491 6
8 0 2894 3730 5509 6.94427 7
9 0 2902 3722 5513 9.31371 8
10 0 2926 3706 5533 6.94427 9
11 2 2933.33 3698.67 5540.33 6.07869 10
12 0 2950 3678 5545 9.31371 11
13 0 2962 3670 5549 10 12
14 0 2974 3670 5553 6 13
15 0 2990 3662 5553 6 14
16 0 2998 3658 5553 6.94427 15
17 0 3006 3646 5565 6.94427 16
18 0 3010 3634 5577 6 17
19 0 3018 3626 5581 6 18
20 0 3026 3622 5589 3.65685 19
21 0 3030 3618 5593 6 20
22 0 3038 3606 5597 6 21
23 0 3050 3594 5601 9.31371 22
24 0 3058 3590 5609 6 23
25 0 3066 3586 5617 6 24
26 0 3078 3582 5629 6.94427 25
27 0 3086 3570 5637 6 26
28 0 3090 3554 5649 6 27
29 0 3102 3542 5649 6.94427 28
30 0 3106 3526 5661 6 29
31 0 3110 3510 5673 6 30
32 0 3114 3498 5673 6 31
33 0 3122 3486 5685 6.94427 32
34 0 3130 3470 5689 6 33
35 0 3130 3454 5685 6 34
36 0 3140 3438 5687 8.12899 35
37 0 3154 3422 5681 10.6491 36
38 0 3178 3430 5693 6 37
39 0 3182 3438 5701 6 38
40 0 3182 3442 5713 6 39
41 0 3182 3442 5725 6 40
42 0 3146 3402 5681 6 37
43 0 3146 3386 5681 6 42
44 0 3146 3378 5681 3.65685 43
45 0 3150 3374 5677 2 44
46 0 3154 3446 5705 6.94427 36
47 0 3154 3446 5713 6 46
48 0 3158 3450 5717 6 47
49 0 3162 3450 5733 6 48
50 0 3158 3454 5737 2 49
51 0 3158 3454 5741 2 50
52 0 2922 3702 5553 6 11
53 0 2922 3698 5569 6 52
54 0 2918 3694 5577 3.65685 53
55 0 2918 3694 5581 3.65685 54
56 0 2918 3690 5585 2 55
