# Generated by NeuTu (https://github.com/janelia-flyem/NeuTu)
1 0 2702 3778 5595 6 -1
2 0 2706 3774 5607 6.94427 1
3 0 2722 3774 5619 6 2
4 0 2742 3770 5631 10.6491 3
5 0 2754 3750 5639 6 4
6 0 2758 3734 5639 6 5
7 0 2762 3722 5639 9.31371 6
8 0 2774 3718 5627 10.6491 7
9 0 2774 3722 5615 6.94427 8
10 0 2774 3730 5603 6 9
11 0 2774 3738 5583 10 10
12 0 2774 3738 5559 9.31371 11
13 0 2774 3738 5547 6 12
14 0 2778 3742 5543 6 13
15 0 2778 3746 5535 3.65685 14
16 0 2778 3750 5523 10 15
17 0 2782 3766 5507 9.31371 16
18 0 2786 3778 5503 2 17
19 0 2774 3694 5643 10.6491 8
20 0 2766 3674 5647 3.65685 19
21 0 2762 3670 5647 2 20
