# Generated by NeuTu (https://github.com/janelia-flyem/NeuTu)
1 0 3241 2084 5252 2 -1
2 0 3241 2088 5248 2 1
3 0 3233 2096 5240 6.94427 2
4 0 3221 2096 5228 9.31371 3
5 0 3209 2096 5216 6.94427 4
6 0 3205 2096 5208 6 5
7 0 3205 2112 5196 6 6
8 0 3205 2120 5192 3.65685 7
9 0 3205 2128 5184 3.65685 8
10 0 3209 2128 5164 9.31371 9
11 0 3197 2116 5152 3.65685 10
12 0 3193 2112 5148 6 11
13 0 3189 2096 5144 6 12
14 0 3177 2076 5144 6.94427 13
15 0 3165 2060 5140 6.94427 14
16 0 3153 2052 5132 6 15
17 0 3149 2048 5128 3.65685 16
18 0 3145 2044 5128 3.65685 17
19 0 3141 2040 5124 6 18
20 0 3125 2032 5124 6.94427 19
21 0 3117 2024 5124 6.94427 20
22 0 3109 2016 5128 3.65685 21
23 0 3105 2016 5132 3.65685 22
24 0 3097 2008 5140 3.65685 23
25 0 3089 2000 5148 6.94427 24
26 0 3085 1996 5164 6 25
27 0 3081 1988 5172 3.65685 26
28 0 3081 1988 5176 3.65685 27
29 0 3073 1980 5184 6.94427 28
30 0 3053 1980 5180 6.94427 29
31 0 3041 1972 5168 10 30
32 0 3037 1952 5172 10 31
33 0 3033 1936 5180 6 32
34 0 3033 1920 5180 6 33
35 0 3033 1904 5180 6 34
36 0 3033 1896 5180 6 35
37 0 3033 1888 5184 3.65685 36
38 0 3029 1884 5188 2 37
39 0 3029 1880 5188 2 38
40 0 3029 1876 5188 2 39
41 0 3081 1964 5200 10 29
42 0 3081 1940 5192 10 41
43 0 3089 1920 5200 6 42
44 0 3097 1904 5208 6 43
