# Generated by NeuTu (https://github.com/janelia-flyem/NeuTu)
1 0 3611 2267 5494 2 -1
2 0 3607 2267 5494 2 1
3 0 3599 2267 5498 6 2
4 0 3591 2259 5498 9.31371 3
5 0 3583 2255 5490 6 4
6 0 3579 2239 5474 6 5
7 0 3583 2223 5462 6.94427 6
8 0 3579 2211 5450 14 7
9 2 3568.8 2211 5436.4 17.4 8
10 2 3529.08 2218.31 5388.77 28.4956 9
11 0 3513.23 2236.48 5360.81 23.7994 10
12 0 3523 2243 5338 26 11
13 2 3523 2243 5318 24.5078 12
14 0 3527 2247 5282 18 13
15 2 3516.46 2255.73 5238.39 24.3752 14
16 0 3515 2251 5194 19.5407 15
17 2 3496.87 2233.93 5161.33 23.2119 16
18 2 3490.69 2231.77 5152.92 25.8462 17
19 2 3484.28 2247.79 5130.49 22.641 18
20 0 3475 2267 5102 19.5407 19
21 0 3471 2263 5070 6 20
22 0 3471 2263 5062 6 21
23 0 3511 2271 5194 21.3238 19
24 0 3503 2275 5214 15.8885 23
25 0 3491 2291 5222 10 24
26 0 3475 2315 5218 10.6491 25
27 0 3471 2327 5218 9.31371 26
28 0 3451 2223 5170 6.94427 18
29 0 3443 2215 5174 6 28
30 0 3439 2211 5178 3.65685 29
31 0 3443 2207 5182 2 30
32 0 3519 2211 5186 6.94427 17
33 0 3527 2203 5186 9.31371 32
34 0 3527 2191 5190 3.65685 33
35 0 3531 2187 5190 2 34
36 0 3531 2291 5262 10 15
37 0 3535 2311 5266 6 36
38 0 3531 2319 5262 2 37
39 0 3531 2323 5262 2 38
40 0 3555 2227 5334 12.4222 13
41 0 3555 2211 5338 6 40
42 0 3555 2203 5338 6.94427 41
43 0 3547 2291 5346 9.31371 12
44 0 3555 2299 5346 6.94427 43
45 0 3567 2307 5346 12.4222 44
46 0 3571 2319 5346 6.94427 45
47 0 3579 2327 5346 6 46
48 0 3487 2187 5354 14.9706 11
49 0 3479 2171 5346 6 48
50 0 3475 2175 5338 3.65685 49
51 0 3475 2175 5330 3.65685 50
52 0 3475 2179 5326 3.65685 51
53 0 3471 2183 5322 2 52
54 0 3563 2239 5382 10 10
55 0 3579 2259 5386 3.65685 54
56 0 3579 2263 5386 3.65685 55
57 0 3579 2267 5386 2 56
58 0 3559 2167 5434 10 9
59 0 3547 2159 5426 6.94427 58
60 0 3547 2159 5418 3.65685 59
61 0 3547 2155 5414 2 60
62 0 3615 2179 5482 12.4222 8
63 0 3627 2175 5486 6.94427 62
