# Generated by NeuTu (https://github.com/janelia-flyem/NeuTu)
1 0 3190 2307 5362 6 -1
2 0 3186 2307 5370 6 1
3 0 3174 2307 5370 10.6491 2
4 0 3170 2315 5358 9.31371 3
5 0 3174 2319 5350 6 4
6 0 3174 2307 5334 6 5
7 0 3174 2311 5318 6 6
8 0 3174 2311 5310 3.65685 7
9 0 3170 2315 5298 6 8
10 0 3182 2335 5282 6.94427 9
11 0 3198 2347 5274 6.94427 10
12 0 3218 2367 5270 6 11
13 0 3230 2379 5266 6 12
14 0 3242 2391 5266 6.94427 13
15 0 3258 2407 5254 6.94427 14
16 0 3274 2423 5250 6.94427 15
17 0 3282 2423 5250 6.94427 16
18 0 3298 2439 5246 6.94427 17
19 0 3310 2455 5246 6 18
20 0 3326 2471 5250 6.94427 19
21 0 3338 2487 5250 6.94427 20
22 0 3350 2491 5254 6 21
23 0 3362 2499 5262 6.94427 22
24 0 3378 2499 5266 6 23
25 0 3400 2497 5266 6.94427 24
26 0 3406 2491 5266 6.94427 25
27 0 3410 2475 5274 6 26
28 0 3414 2459 5278 6 27
29 0 3418 2447 5286 6 28
30 0 3418 2431 5290 6 29
31 0 3418 2423 5290 6 30
32 0 3426 2411 5298 6 31
33 0 3434 2399 5306 6 32
34 0 3442 2387 5318 6 33
35 0 3450 2375 5326 6.94427 34
36 0 3458 2363 5338 6.94427 35
37 0 3466 2359 5350 6.94427 36
38 0 3474 2343 5362 6 37
39 0 3482 2335 5366 6 38
40 0 3490 2331 5374 6 39
41 0 3494 2327 5378 3.65685 40
42 0 3498 2327 5378 3.65685 41
43 0 3502 2327 5382 2 42
44 0 3510 2323 5382 6 43
45 0 3526 2323 5386 9.31371 44
46 0 3534 2323 5394 10 45
47 0 3542 2331 5394 6 46
48 0 3422 2511 5262 6.94427 25
49 0 3438 2523 5258 6 48
50 0 3442 2527 5254 3.65685 49
51 0 3450 2531 5254 3.65685 50
52 0 3454 2535 5254 2 51
