# Generated by NeuTu (https://github.com/janelia-flyem/NeuTu)
1 0 4997 3184 1964 6 -1
2 0 4993 3180 1960 6 1
3 0 4989 3176 1956 3.65685 2
4 0 4985 3176 1952 3.65685 3
5 0 4977 3168 1936 9.31371 4
6 0 4977 3164 1916 3.65685 5
7 0 4973 3168 1912 3.65685 6
8 0 4973 3168 1904 6 7
9 0 4969 3168 1888 6 8
10 0 4965 3172 1872 6 9
11 0 4961 3172 1864 2 10
12 0 4961 3172 1856 6 11
13 0 4953 3168 1848 2 12
14 0 4949 3168 1844 3.65685 13
15 0 4933 3164 1832 6.94427 14
16 0 4921 3156 1824 6.94427 15
17 0 4905 3152 1824 6.94427 16
18 0 4893 3152 1820 6 17
19 0 4885 3152 1812 3.65685 18
20 0 4877 3152 1808 3.65685 19
21 0 4873 3148 1804 3.65685 20
22 0 4869 3148 1804 3.65685 21
23 0 4865 3144 1800 2 22
