# Generated by NeuTu (https://github.com/janelia-flyem/NeuTu)
1 0 3311 2160 5299 2 -1
2 0 3315 2164 5299 3.65685 1
3 0 3319 2172 5303 6.94427 2
4 0 3327 2184 5307 6.94427 3
5 0 3335 2192 5311 10 4
6 0 3363 2196 5315 9.31371 5
7 0 3383 2204 5327 6 6
8 0 3399 2204 5331 6 7
9 0 3419 2212 5343 6.94427 8
10 0 3435 2224 5347 6 9
11 0 3443 2228 5351 3.65685 10
12 0 3451 2232 5355 6.94427 11
13 0 3471 2244 5359 6.94427 12
14 0 3483 2260 5355 6 13
15 0 3487 2264 5351 3.65685 14
16 0 3491 2272 5351 6 15
17 0 3495 2280 5347 6 16
18 0 3499 2284 5343 3.65685 17
19 0 3503 2292 5343 6.94427 18
20 0 3511 2300 5343 3.65685 19
21 0 3511 2308 5343 6.94427 20
22 0 3519 2316 5343 9.31371 21
