# Generated by NeuTu (https://github.com/janelia-flyem/NeuTu)
1 0 2570 3736 1798 2 -1
2 0 2566 3736 1798 2 1
3 0 2562 3732 1802 3.65685 2
4 0 2558 3732 1806 3.65685 3
5 0 2554 3728 1810 3.65685 4
6 0 2546 3728 1818 6.94427 5
7 0 2542 3728 1826 6.94427 6
8 0 2534 3740 1838 6.94427 7
9 0 2522 3756 1854 6 8
10 0 2522 3764 1854 2 9
11 0 2522 3768 1854 2 10
12 0 2522 3776 1854 6 11
13 0 2530 3796 1854 12.4222 12
14 0 2542 3804 1846 6 13
15 0 2550 3812 1838 6 14
16 0 2566 3816 1822 6 15
17 0 2574 3816 1806 6 16
18 0 2574 3816 1790 6 17
19 0 2570 3816 1782 6 18
20 0 2570 3816 1774 2 19
21 0 2566 3816 1762 6 20
22 0 2562 3820 1758 2 21
23 0 2558 3820 1750 6 22
24 0 2550 3820 1742 6 23
25 0 2542 3820 1734 9.31371 24
26 0 2530 3820 1726 6 25
27 0 2522 3820 1718 6 26
