# Generated by NeuTu (https://github.com/janelia-flyem/NeuTu)
1 0 3209 2388 5469 2 -1
2 0 3209 2384 5469 2 1
3 0 3209 2380 5469 3.65685 2
4 0 3217 2372 5473 6.94427 3
5 0 3237 2352 5465 9.31371 4
6 0 3241 2352 5453 6 5
7 0 3241 2352 5437 6 6
8 0 3245 2356 5429 3.65685 7
9 0 3249 2356 5425 3.65685 8
10 0 3253 2360 5421 6 9
11 0 3261 2356 5417 3.65685 10
12 0 3273 2352 5413 6 11
13 0 3293 2344 5405 9.31371 12
14 0 3305 2336 5393 12.4222 13
15 0 3309 2320 5385 6.94427 14
16 0 3325 2312 5373 9.31371 15
17 0 3333 2308 5369 3.65685 16
18 0 3341 2304 5365 6 17
19 0 3357 2308 5357 6.94427 18
20 0 3369 2316 5345 9.31371 19
21 0 3385 2324 5333 6.94427 20
22 0 3389 2332 5329 9.31371 21
23 0 3389 2340 5321 6.94427 22
24 0 3393 2352 5313 10 23
25 0 3377 2368 5305 6 24
26 0 3369 2368 5305 6 25
27 0 3361 2368 5297 3.65685 26
28 0 3357 2372 5297 2 27
29 0 3325 2348 5397 6.94427 14
30 0 3333 2356 5397 9.31371 29
31 0 3337 2376 5397 9.31371 30
32 0 3353 2380 5393 6 31
33 0 3361 2376 5393 2 32
34 0 3365 2376 5393 2 33
