# Generated by NeuTu (https://github.com/janelia-flyem/NeuTu)
1 0 3396 2221 5318 2 -1
2 0 3396 2221 5322 2 1
3 0 3404 2217 5330 6 2
4 0 3404 2217 5338 6 3
5 0 3420 2225 5354 6 4
6 0 3436 2229 5358 6.94427 5
7 0 3452 2249 5358 12.4222 6
8 0 3460 2265 5354 18 7
9 0 3484 2289 5342 9.31371 8
10 0 3496 2305 5334 9.31371 9
11 0 3512 2325 5330 12.4222 10
12 0 3520 2353 5318 14 11
13 0 3528 2385 5318 10 12
14 0 3528 2409 5322 10 13
15 0 3540 2433 5322 12.4222 14
16 0 3560.05 2458.46 5320.59 21.3911 15
17 0 3569.78 2478.78 5309.11 31.5417 16
18 0 3640 2533 5298 21.3238 17
19 0 3664 2533 5294 15.8885 18
20 0 3680 2541 5290 6.94427 19
21 0 3700 2557 5286 9.31371 20
22 0 3712 2569 5294 6.94427 21
23 0 3724 2581 5298 6 22
24 0 3740 2581 5306 6 23
25 0 3748 2585 5310 6 24
26 0 3756 2585 5318 9.31371 25
27 2 3764.24 2593.94 5326 9.31371 26
28 0 3768 2609 5326 9.31371 27
29 0 3764 2625 5326 6 28
30 0 3764 2633 5326 6 29
31 0 3768 2645 5326 9.31371 30
32 0 3784 2661 5334 6.94427 31
33 0 3796 2673 5330 6 32
34 0 3800 2677 5334 3.65685 33
35 0 3808 2685 5338 6.94427 34
36 0 3828 2697 5342 6.94427 35
37 0 3836 2709 5346 6 36
38 0 3840 2725 5346 6 37
39 0 3844 2741 5350 6 38
40 0 3844 2753 5350 6.94427 39
41 0 3844 2761 5350 3.65685 40
42 0 3840 2765 5350 2 41
43 0 3840 2773 5350 6 42
44 0 3840 2789 5354 9.31371 43
45 0 3832 2797 5362 6 44
46 0 3816 2813 5370 6.94427 45
47 0 3800 2821 5386 6 46
48 0 3804 2829 5398 6 47
49 0 3804 2829 5406 6 48
50 0 3808 2833 5410 6 49
51 2 3804 2848.9 5416.63 9.76537 50
52 0 3812 2873 5414 12.4222 51
53 0 3804 2897 5402 6.94427 52
54 0 3792 2905 5402 6 53
55 0 3784 2913 5398 9.31371 54
56 0 3780 2921 5394 6 55
57 0 3772 2941 5398 6 56
58 0 3768 2961 5402 6 57
59 0 3772 2977 5406 6 58
60 0 3772 2989 5414 6.94427 59
61 0 3772 2997 5422 6 60
62 0 3772 2997 5430 3.65685 61
63 0 3772 2997 5438 6 62
64 0 3780 2997 5450 6 63
65 0 3796 3001 5462 6 64
66 0 3808 3009 5466 9.31371 65
67 0 3820 3017 5474 6.94427 66
68 0 3828 3025 5478 3.65685 67
69 0 3832 3033 5478 3.65685 68
70 0 3832 3037 5478 2 69
71 0 3804 2825 5434 10 51
72 0 3808 2805 5434 6.94427 71
73 0 3824 2785 5430 9.31371 72
74 0 3824 2773 5426 6 73
75 0 3828 2757 5426 6 74
76 0 3832 2741 5426 6 75
77 0 3832 2733 5418 3.65685 76
78 0 3832 2729 5418 3.65685 77
79 0 3832 2725 5418 2 78
80 0 3832 2721 5418 2 79
81 0 3832 2713 5414 6 80
82 0 3840 2705 5410 6.94427 81
83 0 3848 2701 5406 3.65685 82
84 0 3868 2705 5402 9.31371 83
85 0 3880 2705 5402 6 84
86 0 3888 2705 5402 6 85
87 0 3776 2585 5342 3.65685 27
88 0 3780 2585 5342 2 87
89 0 3784 2581 5342 3.65685 88
90 0 3792 2577 5342 6 89
91 0 3812 2577 5346 6 90
92 0 3836 2577 5362 9.31371 91
93 0 3848 2581 5362 6.94427 92
94 0 3856 2589 5370 10.6491 93
95 0 3876 2585 5382 9.31371 94
96 0 3888 2593 5402 9.31371 95
97 0 3896 2597 5418 6 96
98 0 3896 2597 5426 6 97
99 0 3912 2597 5442 6 98
100 0 3920 2601 5454 6 99
101 0 3924 2605 5458 6 100
102 2 3928 2611.8 5471.6 6 101
103 0 3916 2613 5490 9.31371 102
104 0 3912 2609 5510 9.31371 103
105 0 3916 2605 5518 6 104
106 0 3920 2597 5534 6 105
107 0 3916 2589 5546 6 106
108 0 3924 2577 5566 9.31371 107
109 0 3928 2573 5582 6.94427 108
110 0 3928 2569 5590 6 109
111 0 3932 2573 5594 2 110
112 0 3936 2573 5598 2 111
113 0 3956 2609 5470 12.4222 102
114 0 3968 2605 5466 6 113
115 0 3976 2601 5458 6 114
116 0 3988 2593 5446 9.31371 115
117 0 4008 2581 5450 9.31371 116
118 0 4020 2565 5450 3.65685 117
119 0 4024 2561 5454 2 118
120 0 3920 2613 5454 2 101
121 0 3920 2617 5454 2 120
122 0 3920 2625 5454 6.94427 121
123 0 3912 2641 5434 9.31371 122
124 0 3916 2653 5426 6 123
125 0 3916 2661 5418 6 124
126 0 3920 2673 5414 6 125
127 0 3924 2681 5414 6.94427 126
128 0 3932 2693 5426 6 127
129 0 3936 2697 5430 3.65685 128
130 0 3940 2701 5434 3.65685 129
131 0 3944 2705 5438 6 130
132 0 3948 2713 5442 6 131
133 0 3540 2497 5294 6.94427 17
134 0 3528 2505 5290 9.31371 133
135 0 3516 2521 5286 6.94427 134
136 0 3504 2525 5282 9.31371 135
137 0 3496 2529 5278 6 136
138 0 3484 2529 5270 9.31371 137
139 0 3476 2529 5262 6 138
140 0 3464 2525 5250 6 139
141 0 3464 2521 5234 6 140
142 0 3464 2529 5230 6.94427 141
143 0 3528 2473 5322 6 16
144 0 3520 2473 5322 6 143
145 0 3508 2465 5334 6 144
146 0 3500 2461 5346 6 145
147 0 3492 2453 5358 6.94427 146
148 0 3488 2453 5366 6 147
149 0 3480 2461 5370 6 148
150 0 3476 2465 5374 6 149
151 0 3472 2473 5382 9.31371 150
152 0 3464.11 2464.68 5398.32 9.98194 151
153 0 3468 2453 5410 9.31371 152
154 0 3464 2445 5418 6 153
155 0 3460 2433 5426 6 154
156 0 3456 2421 5442 6.94427 155
157 0 3452 2413 5450 10 156
158 0 3444 2405 5450 6 157
159 0 3440 2397 5450 6 158
160 0 3428 2385 5430 10 159
161 0 3424 2369 5410 6 160
162 0 3416 2357 5394 6 161
163 0 3416 2357 5386 6 162
164 0 3448 2465 5410 6 152
165 0 3436 2465 5414 6.94427 164
166 0 3424 2453 5418 6.94427 165
167 0 3408 2441 5418 9.31371 166
168 0 3404 2425 5410 3.65685 167
169 0 3400 2417 5402 6 168
170 0 3392 2425 5394 6 169
171 0 3392 2437 5390 10 170
172 0 3388 2445 5382 10 171
