# Generated by NeuTu (https://github.com/janelia-flyem/NeuTu)
1 0 3809 2203 5288 2 -1
2 0 3809 2207 5288 2 1
3 0 3805 2215 5280 6.94427 2
4 0 3797 2235 5280 6 3
5 0 3789 2255 5284 6.94427 4
6 0 3781 2263 5292 6.94427 5
7 0 3769 2263 5304 6 6
8 0 3753 2255 5312 6.94427 7
9 0 3741 2247 5316 6.94427 8
10 0 3725 2239 5332 9.31371 9
11 0 3709 2255 5336 6.94427 10
12 0 3701 2255 5336 6 11
13 0 3689 2255 5340 9.31371 12
14 0 3677 2255 5344 6 13
15 0 3661 2247 5344 6.94427 14
16 0 3653 2239 5340 6 15
17 0 3645 2231 5328 3.65685 16
18 0 3645 2231 5324 3.65685 17
19 0 3641 2223 5316 6 18
20 0 3633 2215 5308 10 19
21 0 3625 2227 5308 6 20
22 0 3609 2239 5312 9.31371 21
23 0 3601 2247 5316 6.94427 22
24 0 3593 2255 5316 10 23
25 0 3577 2267 5320 9.31371 24
26 0 3553 2283 5316 10.6491 25
27 0 3521 2287 5308 9.31371 26
28 0 3501 2291 5308 3.65685 27
29 0 3497 2287 5312 2 28
30 0 3653 2207 5288 6 20
31 0 3665 2203 5284 10 30
32 0 3673 2211 5284 6 31
33 0 3645 2243 5348 3.65685 16
34 0 3641 2239 5348 3.65685 33
35 0 3637 2239 5348 2 34
36 0 3633 2239 5348 2 35
37 0 3617 2239 5344 9.31371 36
38 0 3609 2243 5340 6 37
