# Generated by NeuTu (https://github.com/janelia-flyem/NeuTu)
1 0 3060 2038 5494 2 -1
2 0 3056 2042 5494 3.65685 1
3 0 3056 2050 5486 6 2
4 0 3056 2062 5470 6 3
5 0 3052 2070 5462 6 4
6 0 3052 2078 5454 6 5
7 0 3056 2082 5446 3.65685 6
8 0 3056 2086 5442 3.65685 7
9 0 3056 2090 5438 2 8
10 0 3056 2094 5434 2 9
11 0 3056 2098 5430 3.65685 10
12 0 3056 2098 5426 3.65685 11
13 0 3056 2098 5418 6 12
14 0 3052 2098 5402 6 13
15 0 3048 2102 5386 6 14
16 0 3044 2114 5374 6 15
17 0 3044 2114 5366 3.65685 16
18 0 3044 2122 5358 6 17
19 0 3044 2122 5346 6 18
