# Generated by NeuTu (https://github.com/janelia-flyem/NeuTu)
1 0 3599 2427 5557 6 -1
2 0 3587 2415 5553 12.4222 1
3 0 3571 2419 5553 6 2
4 0 3563 2431 5541 6 3
5 0 3559 2443 5533 6 4
6 0 3559 2459 5533 6 5
7 0 3563 2471 5533 9.31371 6
8 0 3571 2479 5533 9.31371 7
9 0 3583 2479 5537 6 8
10 0 3595 2483 5537 6.94427 9
11 0 3603 2479 5549 6.94427 10
12 0 3607 2479 5557 3.65685 11
13 0 3607 2479 5561 3.65685 12
14 0 3607 2479 5565 2 13
15 0 3607 2479 5569 3.65685 14
16 0 3607 2479 5573 3.65685 15
17 0 3615 2470.47 5606.07 14.4206 16
18 0 3611 2455 5625 6 17
19 0 3603 2447 5633 6 18
20 0 3595 2427 5649 10 19
21 0 3587 2423 5657 6 20
22 0 3579 2415 5657 3.65685 21
23 0 3575 2415 5657 3.65685 22
24 0 3571 2411 5653 3.65685 23
25 0 3571 2411 5649 3.65685 24
26 0 3567 2407 5645 6 25
27 0 3555 2407 5629 6 26
28 0 3551 2399 5621 6 27
29 0 3547 2391 5613 6 28
30 0 3543 2383 5609 6 29
31 0 3539 2375 5605 3.65685 30
32 0 3531 2367 5605 6.94427 31
33 0 3523 2359 5597 6.94427 32
34 0 3515 2355 5597 6.94427 33
35 0 3499 2347 5581 6.94427 34
36 0 3487 2347 5577 9.31371 35
37 0 3479 2355 5569 6 36
38 0 3463 2359 5561 6 37
39 0 3459 2363 5557 6 38
40 0 3443 2359 5553 6 39
41 0 3435 2355 5549 6.94427 40
42 0 3431 2347 5545 3.65685 41
43 0 3427 2339 5545 3.65685 42
44 0 3423 2331 5545 3.65685 43
45 0 3415 2323 5545 6.94427 44
46 0 3399 2311 5541 6 45
47 0 3383 2303 5537 6 46
48 0 3367 2299 5537 6 47
49 0 3351 2291 5537 6.94427 48
50 0 3339 2295 5537 6 49
51 0 3331 2291 5529 3.65685 50
52 2 3316.33 2287.67 5525.67 8.9188 51
53 0 3311 2275 5517 6.94427 52
54 0 3303 2267 5517 6.94427 53
55 0 3287 2251 5509 14 54
56 0 3283 2215 5505 6 55
57 0 3283 2207 5501 6 56
58 0 3279 2203 5497 3.65685 57
59 0 3271 2195 5489 3.65685 58
60 0 3271 2195 5481 6 59
61 0 3259 2199 5461 6 60
62 0 3251 2203 5445 6 61
63 0 3247 2207 5441 3.65685 62
64 0 3247 2211 5433 6 63
65 0 3247 2223 5417 6 64
66 0 3243 2227 5401 6 65
67 0 3239 2227 5393 6.94427 66
68 0 3231 2227 5385 3.65685 67
69 0 3227 2227 5385 2 68
70 0 3295 2307 5533 9.31371 52
71 0 3283 2307 5529 6 70
72 0 3275 2311 5525 9.31371 71
73 0 3267 2315 5517 9.31371 72
74 0 3255 2319 5517 6 73
75 0 3607 2491 5617 9.31371 17
76 0 3599 2511 5621 6 75
77 0 3595 2515 5625 6 76
78 0 3595 2523 5625 6 77
79 0 3595 2535 5629 10 78
80 0 3599 2559 5633 6.94427 79
81 0 3607 2567 5637 2 80
82 0 3611 2567 5637 2 81
