# Generated by NeuTu (https://github.com/janelia-flyem/NeuTu)
1 0 3616 2059 5472 2 -1
2 0 3616 2071 5472 6 1
3 0 3616 2079 5472 6 2
4 0 3624 2103 5472 12.4222 3
5 0 3628 2123 5484 10 4
6 0 3624 2147 5488 9.31371 5
7 0 3616 2151 5492 6 6
8 0 3600 2159 5496 6 7
9 0 3584 2167 5500 6 8
10 0 3568 2171 5500 6 9
11 0 3556 2179 5504 6.94427 10
12 0 3548 2187 5508 9.31371 11
13 0 3536 2207 5508 6 12
14 0 3536 2223 5508 6 13
15 0 3536 2231 5504 6 14
16 0 3532 2243 5496 10 15
17 0 3524 2251 5492 10 16
18 0 3524 2263 5488 6.94427 17
19 0 3520 2279 5484 9.31371 18
20 0 3516 2291 5480 6 19
