# Generated by NeuTu (https://github.com/janelia-flyem/NeuTu)
1 0 3347 2091 5502 2 -1
2 0 3363 2087 5502 9.31371 1
3 0 3375 2083 5502 10.6491 2
4 0 3387 2079 5502 6.94427 3
5 0 3395 2071 5498 6.94427 4
6 0 3403 2063 5502 3.65685 5
7 0 3411 2059 5506 6.94427 6
8 0 3419 2055 5510 6.94427 7
9 0 3431 2055 5518 12.4222 8
10 0 3451 2039 5534 6.94427 9
11 0 3459 2031 5534 3.65685 10
12 0 3467 2031 5534 6 11
13 0 3487 2031 5534 6 12
14 0 3507 2039 5526 6 13
15 0 3515 2039 5526 6 14
16 0 3519 2035 5534 6 15
17 0 3515 2031 5542 6 16
18 0 3507 2031 5546 6 17
19 0 3499 2027 5550 3.65685 18
20 0 3491 2019 5566 9.31371 19
21 0 3507 2027 5586 10 20
22 0 3527 2035 5602 6 21
23 0 3535 2043 5610 9.31371 22
24 0 3543 2055 5602 9.31371 23
25 0 3547 2059 5590 6 24
26 0 3543 2051 5582 6 25
27 0 3539 2039 5566 6.94427 26
28 0 3539 2031 5550 6 27
29 0 3543 2023 5542 2 28
