# Generated by NeuTu (https://github.com/janelia-flyem/NeuTu)
1 0 4754 2880 1992 2 -1
2 0 4750 2880 1992 2 1
3 0 4742 2880 1988 6 2
4 0 4718 2872 1976 14.4924 3
5 0 4698 2844 1952 6.94427 4
6 0 4682 2828 1932 6 5
7 0 4678 2824 1928 3.65685 6
8 0 4674 2820 1924 3.65685 7
9 0 4674 2820 1920 3.65685 8
10 0 4674 2816 1916 2 9
11 0 4674 2816 1912 2 10
12 0 4674 2812 1908 2 11
13 0 4674 2812 1904 2 12
14 0 4674 2804 1896 6 13
15 0 4678 2800 1888 6 14
16 0 4682 2796 1876 9.31371 15
17 0 4690 2812 1864 6.94427 16
