# Generated by NeuTu (https://github.com/janelia-flyem/NeuTu)
1 0 3418 2450 5174 2 -1
2 0 3422 2450 5174 2 1
3 0 3426 2454 5170 6 2
4 0 3426 2462 5166 6 3
5 0 3418 2458 5150 6 4
6 0 3426 2466 5138 6 5
7 0 3426 2474 5118 6 6
8 0 3426 2478 5110 3.65685 7
9 0 3426 2482 5106 3.65685 8
10 0 3430 2490 5102 6 9
11 0 3430 2494 5094 6 10
12 0 3434 2498 5090 3.65685 11
13 0 3438 2498 5082 6 12
14 0 3442 2502 5078 3.65685 13
15 0 3446 2502 5070 3.65685 14
16 0 3446 2502 5066 3.65685 15
17 0 3450 2498 5062 2 16
