# Generated by NeuTu (https://github.com/janelia-flyem/NeuTu)
1 0 3220 2767 5221 6 -1
2 0 3228 2775 5217 10.6491 1
3 0 3244 2767 5213 6.94427 2
4 0 3260 2751 5209 6.94427 3
5 0 3269.33 2742.33 5207.67 9.33333 4
6 0 3276 2739 5201 6 5
7 0 3288 2739 5201 6.94427 6
8 0 3304 2751 5197 6 7
9 0 3312 2751 5197 6 8
10 0 3324 2747 5197 9.31371 9
11 0 3340 2751 5197 6.94427 10
12 0 3364 2763 5197 6.94427 11
13 0 3384 2771 5197 6.94427 12
14 0 3400 2771 5193 6 13
15 0 3420 2767 5197 6 14
16 0 3428 2771 5197 2 15
17 0 3432 2771 5197 2 16
18 0 3260 2727 5197 6 5
19 0 3252 2719 5197 3.65685 18
20 0 3248 2719 5197 3.65685 19
21 0 3240 2711 5193 6.94427 20
22 0 3232 2703 5185 9.31371 21
23 0 3224 2703 5177 6 22
