# Generated by NeuTu (https://github.com/janelia-flyem/NeuTu)
1 0 3180 2787 5229 2 -1
2 0 3176 2791 5229 3.65685 1
3 0 3172 2795 5229 3.65685 2
4 0 3164 2803 5229 6.94427 3
5 0 3148 2811 5241 6 4
6 0 3140 2811 5249 6 5
7 0 3136 2803 5261 6.94427 6
8 0 3132 2799 5269 9.31371 7
9 0 3124 2799 5277 6.94427 8
10 0 3116 2807 5281 6 9
11 0 3120 2819 5293 6 10
12 0 3124 2839 5301 6 11
13 0 3128 2847 5305 6 12
14 0 3128 2855 5305 2 13
15 0 3128 2859 5305 3.65685 14
16 0 3132 2863 5305 3.65685 15
17 0 3132 2867 5301 2 16
