# Generated by NeuTu (https://github.com/janelia-flyem/NeuTu)
1 0 3369 2746 5307 6 -1
2 0 3361 2742 5303 9.31371 1
3 0 3329 2750 5295 9.31371 2
4 0 3297 2750 5303 9.31371 3
5 0 3281 2750 5303 6 4
6 0 3277 2746 5307 3.65685 5
7 0 3273 2742 5307 3.65685 6
8 0 3265 2734 5307 6.94427 7
9 0 3249 2722 5307 6.94427 8
10 0 3233 2714 5307 6.94427 9
11 0 3217 2710 5303 6 10
12 0 3201 2710 5303 6 11
13 0 3193 2710 5303 6 12
14 0 3181 2714 5303 10 13
15 0 3169 2706 5307 6 14
16 0 3161 2706 5303 6 15
17 0 3157 2702 5307 6 16
18 0 3137 2698 5311 6 17
19 0 3121 2690 5307 6.94427 18
20 0 3105 2678 5303 6.94427 19
21 0 3097 2678 5303 6.94427 20
22 0 3089 2670 5299 3.65685 21
23 0 3085 2670 5299 3.65685 22
24 0 3081 2666 5295 2 23
