# Generated by NeuTu (https://github.com/janelia-flyem/NeuTu)
1 0 3483 3030 5431 9.31371 -1
2 0 3467 3042 5415 6 1
3 0 3463 3046 5411 6 2
4 0 3459 3050 5407 3.65685 3
5 0 3455 3054 5403 6 4
6 0 3443 3070 5399 6.94427 5
7 0 3427 3078 5387 6 6
8 0 3423 3082 5383 3.65685 7
9 0 3419 3086 5379 6 8
10 0 3415 3094 5371 6 9
11 0 3411 3098 5363 9.31371 10
12 0 3407 3102 5355 6 11
13 0 3391 3114 5339 10 12
14 2 3377.12 3113.53 5335 9.91926 13
15 0 3351 3106 5339 6 14
16 0 3335 3102 5347 6.94427 15
17 0 3323 3090 5355 6.94427 16
18 0 3307 3074 5355 6.94427 17
19 0 3295 3066 5355 9.31371 18
20 0 3283 3046 5347 6 19
21 0 3267 3030 5351 6.94427 20
22 0 3255 3026 5351 6.94427 21
23 0 3247 3018 5351 3.65685 22
24 0 3239 3014 5355 6.94427 23
25 0 3231 3002 5355 6 24
26 0 3223 2986 5359 6 25
27 0 3223 2978 5351 6 26
28 0 3215 2970 5343 6.94427 27
29 0 3203 2954 5327 6.94427 28
30 0 3191 2946 5323 6 29
31 0 3179 2938 5327 6 30
32 0 3167 2926 5327 6.94427 31
33 0 3159 2918 5327 9.31371 32
34 0 3155 2910 5331 6 33
35 0 3155 2894 5335 6 34
36 0 3155 2878 5339 6 35
37 0 3155 2870 5339 6 36
38 0 3147 2850 5347 6 37
39 0 3143 2838 5351 6 38
40 0 3139 2826 5351 6 39
41 0 3131 2818 5351 3.65685 40
42 0 3123 2810 5347 6.94427 41
43 0 3107 2798 5335 6 42
44 0 3331 3130 5383 6 16
45 0 3331 3142 5383 6 44
46 0 3331 3158 5379 6 45
47 0 3335 3170 5379 6 46
48 0 3339 3190 5379 6 47
49 0 3343 3202 5379 2 48
50 0 3347 3206 5379 3.65685 49
51 0 3347 3210 5379 2 50
52 0 3351 3214 5379 3.65685 51
53 0 3355 3222 5379 3.65685 52
54 0 3363 3230 5379 3.65685 53
55 0 3371 3238 5379 6.94427 54
56 0 3387 3254 5379 6.94427 55
57 0 3403 3262 5383 6 56
58 0 3411 3270 5383 3.65685 57
59 0 3415 3270 5383 2 58
60 0 3387 3134 5323 6.94427 14
61 0 3395 3138 5323 3.65685 60
62 0 3403 3138 5331 6.94427 61
63 0 3411 3134 5335 6 62
