# Generated by NeuTu (https://github.com/janelia-flyem/NeuTu)
1 0 3469 3080 5032 2 -1
2 0 3469 3080 5028 2 1
3 0 3461 3072 5020 6.94427 2
4 0 3453 3064 5020 6.94427 3
5 0 3441 3060 5020 10 4
6 0 3429 3064 5028 9.31371 5
7 0 3425 3072 5024 6 6
8 0 3425 3088 5024 6 7
9 0 3425 3104 5020 10 8
10 0 3425 3124 5024 6 9
11 0 3425 3132 5024 6 10
12 0 3433 3140 5028 9.31371 11
13 0 3429 3148 5040 6 12
14 0 3417 3164 5044 6.94427 13
15 0 3409 3172 5044 6.94427 14
16 0 3405 3188 5040 6.94427 15
17 0 3401 3200 5056 6 16
18 0 3397 3204 5060 3.65685 17
19 0 3397 3208 5060 3.65685 18
20 0 3393 3212 5064 6 19
21 0 3381 3220 5068 6 20
22 0 3361 3224 5076 6.94427 21
23 0 3349 3228 5076 6.94427 22
24 0 3341 3232 5076 3.65685 23
25 0 3333 3236 5076 6 24
26 0 3329 3240 5080 3.65685 25
27 0 3321 3244 5088 6.94427 26
28 0 3309 3256 5084 6 27
29 0 3305 3272 5084 6 28
30 0 3305 3288 5088 6 29
31 0 3305 3300 5088 2 30
32 0 3305 3308 5088 6 31
33 0 3297 3316 5092 6 32
34 0 3293 3320 5096 3.65685 33
35 0 3289 3324 5100 3.65685 34
36 0 3285 3332 5100 6 35
37 0 3269 3336 5104 6 36
38 0 3253 3336 5108 6 37
39 0 3245 3336 5108 2 38
40 0 3241 3336 5108 2 39
41 0 3237 3336 5108 3.65685 40
42 0 3229 3344 5104 6.94427 41
43 0 3221 3360 5096 6 42
44 0 3221 3368 5092 3.65685 43
45 0 3217 3372 5088 2 44
