# Generated by NeuTu (https://github.com/janelia-flyem/NeuTu)
1 0 3343 3254 5071 6 -1
2 0 3343 3262 5083 9.31371 1
3 0 3339 3258 5091 6 2
4 0 3339 3262 5107 6 3
5 0 3339 3266 5123 9.31371 4
6 0 3335 3258 5131 6 5
7 0 3335 3250 5139 6 6
8 0 3335 3242 5147 2 7
9 0 3335 3238 5147 3.65685 8
10 0 3331 3230 5155 6 9
11 0 3331 3206 5171 9.31371 10
12 0 3335 3190 5187 10.6491 11
13 0 3335 3182 5199 3.65685 12
14 0 3335 3182 5207 3.65685 13
15 0 3331 3178 5215 6 14
16 0 3315 3166 5231 6 15
17 0 3303 3158 5247 9.31371 16
18 0 3295 3154 5255 6 17
19 0 3279 3150 5271 6 18
20 0 3279 3150 5283 9.31371 19
21 0 3283 3146 5299 6.94427 20
22 0 3283 3154 5315 6 21
23 0 3283 3162 5331 6.94427 22
24 0 3279 3170 5351 6.94427 23
25 0 3267 3182 5363 6.94427 24
26 0 3259 3190 5367 6.94427 25
27 0 3259 3202 5379 6.94427 26
28 0 3251 3206 5391 6.94427 27
29 0 3243 3214 5403 6.94427 28
30 0 3239 3222 5415 6 29
31 0 3231 3234 5427 6 30
32 0 3223 3250 5439 6.94427 31
33 0 3215 3258 5447 9.31371 32
34 0 3199 3270 5455 6.94427 33
35 0 3191 3270 5471 6 34
36 0 3187 3270 5479 6 35
37 0 3183 3270 5487 2 36
38 0 3179 3274 5491 6 37
39 0 3175 3278 5495 3.65685 38
40 0 3171 3282 5499 3.65685 39
41 0 3167 3286 5499 2 40
