# Generated by NeuTu (https://github.com/janelia-flyem/NeuTu)
1 0 3266 3321 5193 6 -1
2 0 3274 3317 5181 9.31371 1
3 0 3278 3321 5173 6 2
4 0 3278 3325 5157 6 3
5 0 3278 3329 5145 6 4
6 0 3282 3333 5141 3.65685 5
7 0 3282 3337 5137 3.65685 6
8 0 3282 3341 5137 2 7
9 0 3282 3345 5133 2 8
10 0 3283.88 3352.76 5123.12 8.05652 9
11 0 3298 3357 5121 6 10
12 0 3310 3349 5125 6 11
13 0 3314 3345 5129 6 12
14 0 3314 3337 5129 6 13
15 0 3318 3329 5129 3.65685 14
16 0 3326 3321 5129 3.65685 15
17 0 3330 3313 5129 6 16
18 0 3342 3301 5137 6.94427 17
19 0 3350 3293 5137 3.65685 18
20 0 3354 3289 5141 3.65685 19
21 0 3362 3277 5149 6.94427 20
22 0 3370 3277 5153 2 21
23 0 3374 3277 5153 2 22
24 0 3262 3357 5113 3.65685 10
25 0 3254 3365 5113 6 24
26 0 3250 3369 5109 6 25
27 0 3254 3373 5105 2 26
28 0 3254 3373 5101 2 27
