# Generated by NeuTu (https://github.com/janelia-flyem/NeuTu)
1 0 3455 3123 5073 2 -1
2 0 3451 3123 5073 2 1
3 0 3447 3119 5073 3.65685 2
4 0 3439 3123 5073 6 3
5 0 3431 3131 5073 3.65685 4
6 0 3427 3139 5073 6 5
7 0 3427 3151 5065 6 6
8 0 3423 3167 5061 6.94427 7
9 0 3419 3175 5057 9.31371 8
10 0 3415 3191 5053 6 9
11 0 3415 3199 5053 6.94427 10
12 0 3391 3219 5057 9.31371 11
13 0 3375 3235 5053 6 12
14 0 3371 3243 5049 6 13
15 0 3367 3251 5049 3.65685 14
16 0 3363 3263 5049 9.31371 15
17 2 3357.22 3272.78 5052.11 8.78717 16
18 0 3347 3287 5049 6 17
19 0 3347 3299 5049 2 18
20 0 3347 3307 5049 6 19
21 0 3347 3323 5041 6.94427 20
22 0 3351 3331 5041 6 21
23 0 3347 3339 5033 2 22
24 0 3347 3347 5033 6 23
25 0 3347 3359 5025 6 24
26 0 3347 3367 5025 3.65685 25
27 0 3351 3371 5021 2 26
28 0 3355 3275 5069 3.65685 17
29 0 3355 3279 5081 6 28
30 0 3347 3283 5089 6 29
31 0 3343 3283 5105 6 30
32 0 3339 3287 5109 6 31
33 0 3335 3291 5113 3.65685 32
34 0 3327 3299 5113 6 33
35 0 3327 3315 5113 6 34
