# Generated by NeuTu (https://github.com/janelia-flyem/NeuTu)
1 0 3508 3014 5051 2 -1
2 0 3512 3018 5051 3.65685 1
3 0 3516 3026 5055 6.94427 2
4 0 3532 3026 5063 6 3
5 0 3544 3026 5067 9.31371 4
6 0 3560 3026 5071 6 5
7 0 3568 3026 5075 6.94427 6
8 0 3576 3030 5087 14 7
9 0 3584 3022 5099 9.31371 8
10 0 3600 3026 5107 6 9
11 0 3612 3022 5115 6 10
12 0 3628 3022 5119 6 11
13 0 3644 3018 5131 6 12
14 0 3660 3018 5147 6.94427 13
15 0 3664 3010 5151 6.94427 14
16 0 3676 3006 5163 6 15
17 0 3684 3002 5171 6 16
18 0 3696 2986 5179 6.94427 17
19 0 3712 2974 5195 6 18
20 0 3724 2962 5207 6.94427 19
21 0 3732 2954 5215 3.65685 20
22 0 3736 2950 5219 6 21
23 0 3740 2942 5227 6 22
24 0 3744 2938 5235 3.65685 23
25 0 3744 2934 5239 3.65685 24
26 0 3764 2930 5247 10.6491 25
27 0 3776 2922 5247 6 26
28 0 3784 2922 5247 6.94427 27
29 0 3796 2914 5239 6.94427 28
30 0 3812 2910 5231 6 29
31 0 3828 2914 5227 6 30
32 0 3848 2918 5223 6 31
33 0 3860 2922 5223 6.94427 32
34 0 3880 2926 5207 6.94427 33
35 0 3900 2914 5207 6 34
36 0 3917.46 2895.82 5208.46 9.27239 35
37 0 3924 2886 5215 6 36
38 0 3928 2866 5215 6.94427 37
39 0 3932 2858 5219 9.31371 38
40 0 3940 2846 5231 9.31371 39
41 0 3948 2838 5231 6.94427 40
42 0 3948 2822 5235 6 41
43 0 3948 2806 5235 6 42
44 0 3948 2794 5239 6 43
45 0 3952 2782 5251 6 44
46 0 3956 2778 5255 6 45
47 0 3960 2774 5259 3.65685 46
48 0 3960 2766 5263 6.94427 47
49 0 3960 2758 5267 6 48
50 0 3964 2750 5263 2 49
51 0 3964 2746 5263 2 50
52 0 3940 2898 5207 6 36
53 0 3952 2898 5199 10 52
54 0 3976 2898 5183 6 53
55 0 3988 2906 5175 6 54
56 0 3992 2910 5171 6 55
57 0 3996 2914 5167 3.65685 56
58 0 3996 2918 5167 3.65685 57
59 0 4000 2922 5163 6 58
60 0 4008 2934 5159 6.94427 59
61 0 4016 2942 5155 10 60
62 0 4016 2954 5155 3.65685 61
63 0 4016 2958 5151 2 62
