# Generated by NeuTu (https://github.com/janelia-flyem/NeuTu)
1 0 3522 3089 5056 6.94427 -1
2 0 3514 3097 5052 6.94427 1
3 0 3506 3101 5052 3.65685 2
4 0 3502 3097 5052 3.65685 3
5 0 3498 3089 5048 6 4
6 0 3482 3073 5056 9.31371 5
7 0 3494 3057 5068 3.65685 6
8 0 3494 3053 5072 3.65685 7
9 2 3490.22 3045.44 5079.56 8.99944 8
10 0 3478 3033 5080 12.4222 9
11 0 3466 3009 5072 10 10
12 0 3462 2989 5060 9.31371 11
13 0 3462 2965 5064 9.31371 12
14 0 3458 2957 5068 6 13
15 0 3458 2949 5068 6 14
16 0 3454 2945 5072 6 15
17 0 3458 2933 5076 6 16
18 0 3462 2921 5076 6 17
19 0 3466 2913 5076 3.65685 18
20 0 3470 2909 5072 2 19
21 0 3506 3061 5096 6.94427 9
22 0 3514 3065 5100 6.94427 21
