# Generated by NeuTu (https://github.com/janelia-flyem/NeuTu)
1 0 3037 3068 5165 6.94427 -1
2 0 3053 3068 5181 6 1
3 0 3065 3072 5189 6 2
4 0 3069 3076 5193 6 3
5 0 3069 3076 5201 6 4
6 0 3065 3060 5217 6.94427 5
7 0 3065 3044 5229 6 6
8 0 3061 3036 5237 6 7
9 0 3061 3028 5241 3.65685 8
10 0 3061 3024 5245 3.65685 9
11 0 3057 3016 5253 6.94427 10
12 0 3045 3008 5261 6.94427 11
13 0 3037 3004 5261 6 12
14 0 3077 3084 5189 6 4
15 0 3081 3100 5193 6 14
16 0 3081 3108 5189 6 15
17 0 3081 3112 5181 3.65685 16
18 0 3077 3116 5177 2 17
