# Generated by NeuTu (https://github.com/janelia-flyem/NeuTu)
1 0 3029 3194 5205 2 -1
2 0 3033 3198 5209 2 1
3 0 3033 3198 5213 2 2
4 0 3037 3198 5217 2 3
5 0 3041 3198 5221 3.65685 4
6 0 3049 3202 5229 9.31371 5
7 0 3065 3214 5233 9.31371 6
8 0 3081 3222 5233 6.94427 7
9 0 3093 3222 5233 10 8
10 0 3109 3218 5233 6 9
11 0 3129 3218 5233 6 10
12 0 3145 3218 5229 6 11
13 0 3161 3226 5225 6.94427 12
14 0 3177 3238 5225 6.94427 13
15 0 3193 3246 5217 6 14
16 0 3209 3250 5217 6 15
17 0 3225 3254 5213 6 16
18 0 3237 3258 5213 6 17
19 0 3245 3262 5213 6.94427 18
20 0 3253 3270 5213 3.65685 19
21 0 3265 3286 5217 9.31371 20
22 0 3277 3306 5221 6 21
23 0 3289 3310 5225 6.94427 22
24 0 3297 3318 5233 6 23
25 0 3301 3318 5249 6.94427 24
26 0 3313 3314 5273 9.31371 25
27 0 3321 3318 5281 6 26
28 0 3329 3318 5285 6 27
29 0 3333 3322 5289 3.65685 28
30 0 3333 3330 5297 9.31371 29
31 0 3333 3346 5301 2 30
