# Generated by NeuTu (https://github.com/janelia-flyem/NeuTu)
1 0 3540 3277 5501 10 -1
2 0 3520 3273 5497 3.65685 1
3 0 3516 3269 5497 3.65685 2
4 0 3508 3269 5497 6 3
5 0 3500 3265 5497 3.65685 4
6 0 3492 3261 5497 6 5
7 0 3488 3257 5493 3.65685 6
8 0 3480 3249 5493 6 7
9 0 3467.33 3239.67 5484.33 6.78689 8
10 0 3460 3221 5481 6 9
11 0 3448 3205 5481 6 10
12 0 3440 3205 5481 6 11
13 0 3424 3201 5485 10.6491 12
14 0 3412 3197 5505 6 13
15 0 3396 3193 5521 6.94427 14
16 0 3384 3181 5537 6 15
17 0 3464 3245 5473 6 9
18 0 3468 3265 5453 6 17
19 0 3476 3269 5449 6 18
20 0 3492 3277 5437 10.6491 19
21 0 3560 3273 5493 2 1
22 0 3560 3269 5493 2 21
23 0 3564 3265 5489 6 22
24 0 3568 3265 5473 6 23
25 0 3568 3273 5465 3.65685 24
26 0 3564 3281 5461 6 25
27 0 3560 3293 5449 6 26
28 0 3560 3297 5441 3.65685 27
29 0 3556 3297 5433 3.65685 28
30 0 3556 3297 5425 6 29
31 0 3560 3305 5413 6 30
32 0 3560 3309 5405 6 31
33 2 3563.42 3308.85 5390.88 11.5345 32
34 0 3548 3325 5393 6 33
35 0 3544 3329 5397 3.65685 34
36 0 3544 3329 5401 3.65685 35
37 0 3540 3333 5405 6 36
38 0 3532 3333 5413 6 37
39 0 3528 3341 5421 2 38
40 0 3528 3345 5421 2 39
41 2 3568.06 3310.83 5372.2 18.5838 33
42 0 3580 3341 5377 6 41
43 0 3580 3357 5373 6 42
44 0 3584 3377 5353 6 43
45 0 3580 3385 5345 3.65685 44
46 0 3580 3393 5337 3.65685 45
47 0 3580 3397 5333 2 46
48 0 3580 3401 5325 6 47
49 0 3576 3413 5313 6.94427 48
50 0 3572 3413 5305 6 49
51 0 3568 3425 5293 6 50
52 0 3560 3429 5285 6 51
53 0 3552 3437 5273 10 52
54 2 3578.74 3263.46 5359.6 24.8612 41
55 0 3608 3249 5377 12.4222 54
56 0 3632 3233 5393 9.31371 55
57 0 3689.33 3217 5405 19.4597 56
58 0 3732 3249 5393 18 57
59 2 3763.86 3269.9 5398.93 18.3984 58
60 0 3784 3289 5413 14.9706 59
61 0 3784 3313 5433 12.4222 60
62 0 3788 3329 5461 14.4924 61
63 2 3798.41 3339.41 5474.88 17.5358 62
64 0 3820 3341 5485 9.31371 63
65 0 3840 3333 5493 12.4222 64
66 0 3852 3329 5505 10 65
67 0 3864 3325 5517 12.4222 66
68 0 3868 3317 5529 10 67
69 0 3892 3297 5545 12.4222 68
70 0 3904 3289 5557 12.4222 69
71 0 3936 3273 5585 21.3238 70
72 0 3952 3285 5593 18 71
73 0 3952 3313 5609 14 72
74 0 3940 3321 5613 6.94427 73
75 0 3932 3329 5621 3.65685 74
76 0 3928 3337 5621 6 75
77 0 3928 3345 5621 6 76
78 0 3912 3365 5625 6 77
79 0 3900 3373 5629 6 78
80 0 3892 3381 5633 6 79
81 0 3876 3381 5633 6 80
82 0 3868 3385 5633 3.65685 81
83 0 3860 3389 5633 6 82
84 0 3852 3393 5641 6.94427 83
85 0 3836 3409 5645 9.31371 84
86 0 3812 3417 5649 12.4222 85
87 0 3800 3413 5649 6.94427 86
88 0 3784 3413 5653 6 87
89 0 3768 3413 5669 6 88
90 0 3752 3405 5669 6.94427 89
91 0 3740 3393 5669 6.94427 90
92 0 3728 3385 5669 6.94427 91
93 0 3720 3381 5669 3.65685 92
94 0 3712 3377 5665 6.94427 93
95 0 3692 3373 5657 9.31371 94
96 0 3680 3377 5653 6 95
97 0 3664 3381 5649 6 96
98 0 3644 3389 5645 6 97
99 0 3636 3389 5645 6 98
100 0 3628 3389 5649 3.65685 99
101 0 3624 3385 5649 2 100
102 0 3940 3245 5581 12.4222 71
103 0 3940 3217 5581 14 102
104 0 3936 3193 5573 18 103
105 0 3916 3157 5577 10.6491 104
106 0 3900 3133 5581 9.31371 105
107 0 3884 3113 5581 6.94427 106
108 0 3872 3101 5581 9.31371 107
109 0 3856 3089 5573 14.9706 108
110 0 3844 3081 5565 12.4222 109
111 0 3832 3069 5561 3.65685 110
112 0 3816 3057 5557 9.31371 111
113 0 3800 3025 5545 14 112
114 0 3812 3013 5545 3.65685 113
115 0 3816 3013 5545 3.65685 114
116 0 3820 3009 5541 6 115
117 0 3832 3001 5537 6 116
118 0 3840 3001 5533 2 117
119 0 3844 3001 5533 3.65685 118
120 0 3848 3001 5529 3.65685 119
121 0 3864 2997 5521 6.94427 120
122 0 3872 2981 5509 6 121
123 0 3868 2969 5501 6 122
124 0 3772 3005 5541 12.4222 113
125 0 3800 3301 5481 9.31371 63
126 0 3792 3285 5473 6.94427 125
127 0 3800 3269 5469 6.94427 126
128 0 3808 3253 5465 6.94427 127
129 0 3812 3237 5461 6 128
130 0 3816 3229 5461 3.65685 129
131 0 3816 3221 5457 6 130
132 0 3812 3209 5449 6 131
133 0 3812 3201 5445 6 132
134 0 3804 3189 5441 10 133
135 0 3800 3177 5433 10 134
136 0 3800 3165 5429 6 135
137 0 3800 3149 5429 6 136
138 0 3800 3133 5429 6 137
139 0 3796 3121 5429 6 138
140 0 3796 3105 5429 6 139
141 0 3796 3089 5421 6 140
142 0 3800 3073 5413 6 141
143 0 3800 3057 5405 6.94427 142
144 0 3792 3041 5397 6 143
145 0 3788 3033 5397 3.65685 144
146 0 3788 3025 5397 6 145
147 0 3780 3013 5397 9.31371 146
148 0 3776 3001 5389 3.65685 147
149 0 3776 2997 5385 2 148
150 2 3759.89 3270.62 5377.23 11.4945 59
151 0 3760 3273 5365 6.94427 150
152 0 3764 3281 5357 3.65685 151
153 0 3764 3281 5353 3.65685 152
154 0 3772 3289 5345 3.65685 153
155 0 3776 3297 5341 6 154
156 0 3780 3301 5337 6 155
157 0 3784 3305 5333 3.65685 156
158 0 3788 3313 5329 6.94427 157
159 0 3796 3333 5325 6 158
160 0 3800 3345 5325 6 159
161 0 3804 3357 5321 6.94427 160
162 0 3812 3365 5321 6.94427 161
163 0 3820 3373 5317 2 162
164 0 3824 3373 5313 2 163
165 0 3764 3245 5361 6.94427 150
166 0 3764 3237 5353 6.94427 165
167 0 3772 3229 5345 3.65685 166
168 0 3776 3225 5341 2 167
169 0 3684 3217 5441 18 57
170 0 3692 3193 5465 6.94427 169
171 2 3548.65 3258.44 5342.05 47.16 54
172 2 3545.7 3272.46 5352.7 31.8547 171
173 0 3512 3309 5369 6 172
174 0 3504 3313 5373 9.31371 173
175 0 3472 3317 5373 10 174
176 0 3460 3325 5377 6.94427 175
177 0 3448 3325 5389 6.94427 176
178 0 3452 3341 5405 3.65685 177
179 0 3452 3341 5409 2 178
180 0 3560 3301 5269 24.8328 172
181 0 3576 3313 5249 6.94427 180
182 0 3580 3329 5233 6 181
183 0 3584 3333 5229 6 182
184 0 3584 3341 5229 3.65685 183
185 0 3580 3345 5225 2 184
186 2 3541.33 3255.67 5335.67 52.2544 171
187 0 3492 3233 5297 12.4222 186
188 0 3480 3213 5281 6 187
189 0 3480 3205 5277 3.65685 188
190 0 3476 3201 5277 2 189
191 0 3476 3197 5277 2 190
192 2 3557.33 3239.67 5319.67 36.4695 186
193 0 3500 3185 5345 12.4222 192
194 0 3492 3173 5341 6.94427 193
195 0 3596 3221 5305 14 192
196 0 3620 3237 5305 9.31371 195
197 0 3628 3241 5297 3.65685 196
198 0 3632 3237 5293 3.65685 197
199 0 3632 3237 5285 3.65685 198
200 0 3636 3241 5281 6 199
201 0 3640 3241 5273 6 200
202 0 3644 3241 5265 3.65685 201
203 0 3636 3237 5257 6 202
204 0 3628 3241 5253 6 203
205 0 3628 3241 5245 6 204
206 0 3632 3245 5241 6 205
207 0 3640 3249 5233 2 206
208 0 3644 3249 5229 2 207
209 0 3652 3241 5257 6.94427 202
210 0 3668 3249 5253 6 209
211 0 3676 3253 5253 3.65685 210
212 0 3680 3257 5257 6 211
213 0 3696 3257 5261 6 212
214 0 3708 3253 5261 6.94427 213
