# Generated by NeuTu (https://github.com/janelia-flyem/NeuTu)
1 0 4750 3595 1958 2 -1
2 0 4746 3591 1962 3.65685 1
3 0 4746 3595 1974 6 2
4 0 4746 3603 1986 6 3
5 0 4746 3603 1994 6 4
6 0 4746 3615 2010 6 5
7 0 4746 3623 2026 6.94427 6
8 0 4746 3627 2042 6 7
9 0 4750 3635 2058 6.94427 8
10 0 4750 3635 2066 6 9
11 0 4754 3639 2074 9.31371 10
12 0 4754 3651 2094 6.94427 11
13 0 4758 3663 2110 6 12
14 0 4754 3667 2126 6.94427 13
15 0 4750 3671 2142 6 14
16 0 4750 3671 2158 6.94427 15
17 0 4750 3671 2174 6 16
18 0 4746 3671 2182 6.94427 17
19 0 4742 3679 2190 6 18
20 0 4742 3679 2202 6 19
21 0 4742 3679 2210 6 20
22 0 4742 3679 2218 3.65685 21
23 0 4738 3683 2222 3.65685 22
24 0 4734 3683 2226 2 23
