# Generated by NeuTu (https://github.com/janelia-flyem/NeuTu)
1 0 3085 3044 5441 2 -1
2 0 3085 3044 5437 2 1
3 0 3085 3044 5433 2 2
4 0 3081 3040 5429 6 3
5 0 3077 3044 5417 6 4
6 0 3069 3052 5409 6 5
7 0 3069 3060 5405 6.94427 6
8 0 3081 3056 5393 6.94427 7
9 0 3097 3044 5389 10 8
10 0 3125 3048 5385 6.94427 9
11 0 3145 3048 5381 10 10
12 0 3157 3044 5385 6 11
13 0 3173 3044 5385 6 12
14 0 3189 3040 5385 6 13
15 0 3197 3044 5385 2 14
16 0 3201 3044 5385 2 15
17 0 3097 3024 5401 6.94427 9
18 0 3097 3012 5405 6 17
19 0 3093 3008 5421 6 18
20 0 3037 3060 5385 2 7
21 0 3033 3060 5385 2 20
22 0 3029 3064 5385 2 21
23 0 3029 3068 5385 2 22
