# Generated by NeuTu (https://github.com/janelia-flyem/NeuTu)
1 0 3377 3286 5460 6.94427 -1
2 0 3381 3298 5460 9.31371 1
3 0 3389 3306 5468 9.31371 2
4 0 3397 3314 5472 6 3
5 0 3401 3318 5476 6 4
6 0 3405 3322 5480 3.65685 5
7 0 3409 3322 5484 3.65685 6
8 0 3417 3334 5492 6.94427 7
9 0 3433 3354 5496 6.94427 8
10 0 3381 3258 5448 6 1
11 0 3381 3254 5432 6 10
12 0 3385 3254 5424 3.65685 11
13 0 3389 3254 5420 3.65685 12
14 0 3397 3258 5420 3.65685 13
15 0 3401 3262 5420 3.65685 14
16 0 3409 3270 5428 3.65685 15
17 0 3413 3274 5432 3.65685 16
18 0 3417 3274 5432 3.65685 17
19 0 3425 3278 5440 6 18
20 0 3437 3274 5452 6 19
21 0 3453 3278 5464 6.94427 20
22 0 3461 3282 5468 9.31371 21
23 0 3477 3286 5464 6 22
24 0 3489 3286 5464 6.94427 23
