# Generated by NeuTu (https://github.com/janelia-flyem/NeuTu)
1 0 3558 3330 5593 6.94427 -1
2 0 3542 3338 5593 6.94427 1
3 0 3526 3346 5585 9.31371 2
4 0 3514 3354 5573 9.31371 3
5 0 3506 3362 5565 6 4
6 0 3502 3366 5549 6.94427 5
7 0 3498 3370 5525 6 6
8 0 3494 3374 5517 9.31371 7
9 0 3490 3366 5497 9.31371 8
10 0 3490 3358 5485 10 9
11 0 3478 3342 5473 6.94427 10
12 0 3470 3338 5465 9.31371 11
13 0 3458 3334 5457 3.65685 12
14 0 3454 3330 5453 3.65685 13
15 0 3446 3322 5453 3.65685 14
16 0 3442 3322 5453 2 15
17 0 3438 3318 5453 2 16
