# Generated by NeuTu (https://github.com/janelia-flyem/NeuTu)
1 0 3147 3544 5424 2 -1
2 0 3143 3540 5424 2 1
3 0 3139 3532 5432 6 2
4 0 3139 3516 5448 6 3
5 0 3143 3508 5448 2 4
6 0 3143 3504 5448 2 5
7 0 3143 3496 5448 6 6
8 0 3147 3484 5452 6 7
9 0 3151 3464 5456 6 8
10 0 3155 3452 5456 6 9
11 0 3171 3440 5460 6 10
12 0 3196.6 3426.93 5460.53 10.154 11
13 0 3215 3416 5472 6 12
14 0 3223 3412 5480 10.6491 13
15 0 3235 3420 5492 10.6491 14
16 0 3239 3432 5496 6 15
17 0 3239 3448 5496 6 16
18 0 3243 3468 5500 6.94427 17
19 0 3243 3484 5500 6.94427 18
20 0 3247 3504 5500 6 19
21 0 3251 3516 5500 6 20
22 0 3255 3524 5500 6 21
23 0 3203 3420 5440 3.65685 12
24 0 3199 3416 5436 6 23
25 0 3203 3412 5420 6 24
26 2 3213 3402 5410 6.7082 25
27 0 3231 3392 5404 10 26
28 0 3243 3396 5400 6 27
29 0 3255 3396 5400 6 28
30 0 3263 3392 5400 6.94427 29
31 0 3199 3408 5396 6.94427 26
32 0 3187 3416 5380 3.65685 31
33 0 3187 3420 5380 2 32
