# Generated by NeuTu (https://github.com/janelia-flyem/NeuTu)
1 0 3242 3491 5370 2 -1
2 0 3242 3495 5370 2 1
3 0 3246 3503 5370 6 2
4 0 3250 3511 5362 6 3
5 0 3246 3515 5358 3.65685 4
6 0 3246 3523 5358 6 5
7 0 3250 3527 5354 6 6
8 0 3242 3539 5342 6.94427 7
9 0 3234 3547 5338 6.94427 8
10 0 3226 3551 5330 10 9
11 0 3214 3563 5322 3.65685 10
12 0 3210 3563 5318 3.65685 11
13 0 3206 3567 5314 6 12
14 0 3194 3567 5302 6 13
15 0 3186 3563 5294 6 14
16 0 3178 3563 5290 6 15
17 0 3170 3571 5286 9.31371 16
18 0 3150 3583 5274 6 17
19 0 3146 3595 5266 6.94427 18
20 0 3138 3603 5262 3.65685 19
21 0 3134 3611 5258 6 20
22 0 3134 3619 5254 6 21
23 0 3134 3627 5246 2 22
24 0 3134 3631 5242 3.65685 23
25 0 3134 3639 5234 6.94427 24
26 0 3134 3647 5230 6 25
