# Generated by NeuTu (https://github.com/janelia-flyem/NeuTu)
1 0 3282 3644 5350 6 -1
2 0 3266 3640 5346 6 1
3 0 3250 3636 5346 6 2
4 0 3234 3632 5342 6 3
5 0 3222 3628 5342 6 4
6 0 3210 3628 5342 10.6491 5
7 0 3202 3640 5342 6 6
8 0 3198 3660 5342 6 7
9 0 3198 3668 5342 3.65685 8
10 0 3202 3672 5342 3.65685 9
11 0 3202 3680 5346 6 10
12 0 3210 3700 5346 6 11
13 0 3218 3708 5350 3.65685 12
14 0 3222 3712 5350 3.65685 13
15 0 3230 3716 5358 6 14
16 0 3242 3712 5366 6 15
17 0 3258 3712 5378 6 16
18 0 3202 3620 5322 6 6
19 0 3194 3620 5314 9.31371 18
20 0 3186 3620 5302 6 19
