# Generated by NeuTu (https://github.com/janelia-flyem/NeuTu)
1 0 3266 3758 5354 6 -1
2 0 3274 3746 5358 10 1
3 0 3278 3726 5362 9.31371 2
4 0 3282 3718 5370 6.94427 3
5 0 3290 3710 5370 6.94427 4
6 0 3306 3710 5370 3.65685 5
7 0 3310 3706 5370 3.65685 6
8 0 3322 3706 5370 9.31371 7
9 0 3330 3698 5366 9.31371 8
10 0 3334 3694 5358 3.65685 9
11 0 3338 3690 5354 3.65685 10
12 0 3346 3686 5354 6 11
13 0 3354 3690 5346 6 12
14 0 3378 3702 5338 6.94427 13
15 0 3390 3710 5334 6.94427 14
16 0 3406 3714 5334 6 15
17 0 3422 3714 5334 6 16
18 0 3430 3714 5334 6 17
19 0 3442 3718 5334 10 18
20 0 3454 3722 5338 6.94427 19
21 0 3466 3734 5330 6 20
