# Generated by NeuTu (https://github.com/janelia-flyem/NeuTu)
1 0 3915 2282 5180 2 -1
2 0 3915 2282 5176 2 1
3 0 3915 2278 5164 6.94427 2
4 0 3915 2282 5144 6 3
5 0 3911 2282 5132 6 4
6 0 3903 2286 5124 6 5
7 0 3899 2290 5116 3.65685 6
8 0 3891 2298 5104 9.31371 7
9 0 3907 2290 5080 12.4222 8
10 0 3911 2270 5068 9.31371 9
11 0 3907 2258 5068 9.31371 10
12 0 3903 2250 5064 6 11
13 0 3895 2238 5052 6 12
14 0 3887 2222 5036 9.31371 13
15 0 3883 2214 5028 10 14
16 0 3883 2210 5012 6 15
17 0 3875 2206 5004 9.31371 16
18 0 3863 2206 5004 6 17
