# Generated by NeuTu (https://github.com/janelia-flyem/NeuTu)
1 0 4030 2054 5512 2 -1
2 0 4030 2058 5512 3.65685 1
3 0 4038 2062 5504 6.94427 2
4 0 4046 2074 5492 6 3
5 0 4062 2082 5488 6.94427 4
6 0 4078 2102 5488 9.31371 5
7 0 4074 2114 5488 6 6
8 0 4074 2130 5488 6 7
9 0 4062 2150 5476 9.31371 8
10 0 4054 2154 5480 6 9
11 0 4034 2162 5480 6 10
12 0 4018 2170 5484 6 11
13 0 4002 2166 5488 6.94427 12
14 0 3986 2154 5496 6.94427 13
15 0 3970 2154 5504 6.94427 14
16 0 3950 2154 5504 6 15
17 0 3942 2154 5504 6.94427 16
18 0 3930 2150 5520 6.94427 17
19 0 3922 2154 5532 6 18
20 0 3922 2158 5540 6 19
21 0 3914 2162 5548 10 20
22 0 3894 2162 5544 6 21
23 0 3882 2166 5544 6 22
24 0 3862 2166 5536 6.94427 23
25 0 3842 2166 5520 10 24
26 0 3830 2166 5504 9.31371 25
27 0 3830 2162 5492 6 26
28 0 3826 2166 5484 6 27
29 0 3818 2170 5480 3.65685 28
30 0 3814 2174 5476 6 29
31 0 3814 2182 5476 6 30
32 0 3798 2202 5476 6 31
33 0 3782 2222 5476 6 32
34 0 3762 2238 5472 6.94427 33
35 0 3754 2242 5472 6 34
36 0 3742 2246 5468 9.31371 35
37 0 3718 2250 5464 6.94427 36
38 0 3706 2250 5456 9.31371 37
39 0 3698 2254 5452 6 38
40 0 3682 2254 5448 6 39
41 0 3658 2254 5444 9.31371 40
42 0 3638 2254 5436 6 41
43 0 3622 2254 5436 6 42
44 0 3614 2254 5432 6 43
