# Generated by NeuTu (https://github.com/janelia-flyem/NeuTu)
1 0 3969 2374 5153 2 -1
2 0 3965 2374 5153 2 1
3 0 3961 2374 5153 2 2
4 0 3953 2370 5153 6 3
5 0 3937 2366 5157 6 4
6 0 3929 2366 5161 6 5
7 0 3909 2362 5165 10 6
8 0 3885 2358 5165 9.31371 7
9 0 3869 2342 5161 3.65685 8
10 0 3861 2334 5161 6.94427 9
11 0 3845 2318 5161 6.94427 10
12 0 3833 2298 5157 6 11
13 2 3811.53 2284.53 5160.16 14.0608 12
14 0 3777 2258 5169 6.94427 13
15 0 3761 2246 5177 6.94427 14
16 0 3745 2234 5181 6.94427 15
17 0 3729 2222 5185 6 16
18 0 3721 2222 5185 6.94427 17
19 0 3709 2210 5185 6 18
20 0 3701 2198 5177 6.94427 19
21 0 3681 2178 5169 6.94427 20
22 0 3665 2166 5157 6.94427 21
23 0 3645 2150 5153 9.31371 22
24 0 3629 2138 5149 3.65685 23
25 0 3617 2134 5149 9.31371 24
26 0 3609 2130 5153 6 25
27 0 3797 2306 5145 6 13
28 0 3797 2314 5141 2 27
29 0 3797 2322 5137 6 28
30 0 3801 2334 5125 6 29
31 0 3809 2350 5125 6 30
32 0 3813 2354 5129 3.65685 31
33 0 3817 2362 5129 3.65685 32
34 0 3825 2370 5129 3.65685 33
35 0 3829 2374 5125 2 34
