# Generated by NeuTu (https://github.com/janelia-flyem/NeuTu)
1 0 3735 1876 5359 2 -1
2 0 3735 1876 5355 2 1
3 0 3735 1876 5351 2 2
4 0 3739 1880 5347 6 3
5 0 3739 1892 5339 9.31371 4
6 0 3735 1896 5331 6 5
7 0 3731 1896 5319 6 6
8 0 3731 1900 5311 6 7
9 0 3735 1900 5299 9.31371 8
10 0 3739 1916 5287 6.94427 9
11 0 3751 1932 5275 6.94427 10
12 0 3763 1940 5271 6.94427 11
13 2 3770.11 1947.11 5267.44 9.05044 12
14 0 3779 1956 5259 6.94427 13
15 0 3787 1956 5251 6.94427 14
16 0 3799 1960 5247 6 15
17 0 3775 1944 5279 2 13
18 0 3775 1944 5283 3.65685 17
19 0 3775 1944 5287 3.65685 18
20 0 3775 1948 5295 6.94427 19
21 0 3791 1960 5295 6 20
