# Generated by NeuTu (https://github.com/janelia-flyem/NeuTu)
1 0 3529 2335 5268 2 -1
2 0 3529 2331 5268 2 1
3 0 3533 2327 5268 3.65685 2
4 0 3537 2319 5268 6 3
5 0 3541 2307 5268 6 4
6 0 3549 2291 5268 6 5
7 0 3557 2279 5264 6 6
8 0 3561 2263 5264 6 7
9 0 3561 2255 5264 6 8
10 0 3569 2247 5264 6 9
11 0 3569 2231 5264 6 10
12 0 3573 2215 5268 6 11
13 0 3577 2203 5268 6.94427 12
14 0 3585 2195 5276 3.65685 13
15 0 3593 2187 5276 6 14
16 0 3597 2183 5280 3.65685 15
17 0 3605 2175 5280 6.94427 16
18 0 3609 2167 5284 6 17
19 0 3613 2163 5288 2 18
20 0 3613 2163 5292 2 19
