# Generated by NeuTu (https://github.com/janelia-flyem/NeuTu)
1 0 3926 2153 5334 6 -1
2 0 3926 2145 5322 9.31371 1
3 0 3922 2129 5318 6.94427 2
4 0 3906 2125 5318 6.94427 3
5 0 3894 2125 5318 9.31371 4
6 0 3882 2133 5326 10.6491 5
7 0 3886 2149 5338 6 6
8 0 3890 2157 5342 3.65685 7
9 0 3894 2165 5342 6 8
10 0 3906 2181 5346 6 9
11 0 3918 2181 5362 6 10
12 0 3930 2185 5370 6 11
13 0 3930 2185 5382 6.94427 12
14 0 3934 2181 5390 6.94427 13
15 0 3930 2173 5402 6.94427 14
16 0 3918 2173 5406 10.6491 15
17 0 3906 2177 5402 6 16
