# Generated by NeuTu (https://github.com/janelia-flyem/NeuTu)
1 0 3981 2157 5431 2 -1
2 0 3977 2157 5431 3.65685 1
3 0 3973 2157 5431 3.65685 2
4 0 3969 2161 5427 6 3
5 0 3957 2173 5423 6 4
6 0 3953 2177 5419 6 5
7 0 3953 2189 5419 9.31371 6
8 0 3949 2197 5415 6 7
9 0 3949 2217 5407 10 8
10 0 3961 2233 5407 6.94427 9
11 0 3965 2249 5411 6 10
12 0 3981 2269 5407 6.94427 11
13 0 3989 2277 5399 6 12
14 0 4005 2277 5399 10 13
15 0 4017 2273 5403 6 14
16 0 4033 2265 5415 6.94427 15
17 0 4045 2257 5423 9.31371 16
18 0 4057 2249 5431 6.94427 17
19 0 4069 2245 5435 10 18
20 0 4077 2249 5443 6.94427 19
21 0 4089 2257 5451 9.31371 20
22 0 4101 2253 5467 3.65685 21
23 0 4105 2249 5475 6 22
24 0 4109 2245 5491 6 23
