# Generated by NeuTu (https://github.com/janelia-flyem/NeuTu)
1 0 4707 3543 2312 6 -1
2 0 4707 3547 2320 6 1
3 0 4707 3547 2328 3.65685 2
4 0 4707 3543 2332 2 3
5 0 4703 3555 2284 2 1
6 0 4699 3551 2284 3.65685 5
7 0 4699 3543 2280 6.94427 6
8 0 4699 3523 2268 6 7
9 0 4695 3519 2264 3.65685 8
10 0 4687 3515 2252 6.94427 9
11 0 4683 3523 2252 3.65685 10
12 0 4679 3527 2252 3.65685 11
13 0 4679 3535 2256 6.94427 12
14 0 4671 3543 2264 9.31371 13
15 0 4659 3547 2272 6 14
16 0 4643 3551 2288 6 15
17 0 4635 3551 2296 6 16
18 0 4619 3551 2296 6 17
19 0 4607 3555 2300 10 18
20 0 4603 3567 2312 6 19
21 0 4607 3575 2320 6 20
22 0 4607 3583 2336 6 21
23 0 4595 3599 2352 6.94427 22
24 0 4591 3603 2368 6 23
25 0 4591 3599 2380 6 24
26 0 4587 3599 2388 6 25
27 0 4579 3595 2400 9.31371 26
28 0 4575 3599 2408 6 27
29 0 4591 3563 2280 6 19
30 0 4583 3567 2272 6 29
31 0 4579 3571 2264 6 30
32 0 4579 3571 2256 3.65685 31
33 0 4579 3571 2248 3.65685 32
34 0 4579 3567 2240 3.65685 33
35 0 4579 3567 2236 2 34
36 0 4579 3567 2232 2 35
37 0 4579 3567 2228 2 36
38 0 4579 3567 2224 2 37
39 0 4579 3571 2220 3.65685 38
40 0 4579 3571 2216 3.65685 39
41 0 4579 3571 2212 2 40
42 0 4579 3571 2208 3.65685 41
43 0 4579 3567 2204 2 42
44 0 4691 3507 2248 6.94427 10
45 0 4699 3503 2240 6 44
46 0 4711 3507 2236 6 45
47 0 4715 3511 2232 6 46
48 0 4727 3511 2232 6 47
49 0 4737.43 3509.48 2232 8.74319 48
50 0 4735 3519 2220 6 49
51 0 4735 3535 2220 6 50
52 0 4739 3543 2220 3.65685 51
53 0 4743 3551 2220 3.65685 52
54 0 4747 3555 2220 3.65685 53
55 0 4755 3571 2220 6.94427 54
56 0 4767 3587 2200 6.94427 55
57 0 4771 3595 2192 9.31371 56
58 0 4775 3603 2188 6 57
59 0 4779 3615 2180 6.94427 58
60 0 4779 3623 2172 6.94427 59
61 0 4783 3623 2160 2 60
62 2 4767 3491 2230 31.2775 49
63 0 4759 3475 2164 23.2982 62
64 0 4747 3463 2136 24.8328 63
65 2 4717 3471 2098 18.3284 64
66 0 4695 3471 2092 10 65
67 0 4683 3471 2084 12.4222 66
68 0 4651 3459 2084 10 67
69 2 4621.67 3441.67 2093.33 18 68
70 2 4619.46 3436.69 2096 17.1518 69
71 0 4631 3411 2096 9.31371 70
72 0 4635 3403 2104 6 71
73 0 4635 3391 2116 9.31371 72
74 0 4635 3383 2132 9.31371 73
75 0 4639 3379 2140 6 74
76 0 4635 3367 2156 6.94427 75
77 0 4635 3359 2172 6 76
78 0 4629.18 3329.55 2193.82 11.0093 77
79 0 4627 3311 2196 3.65685 78
80 0 4623 3303 2196 6 79
81 0 4619 3287 2200 6.94427 80
82 0 4619 3279 2212 6 81
83 0 4619 3275 2224 3.65685 82
84 0 4619 3275 2228 3.65685 83
85 0 4619 3275 2236 6 84
86 0 4623 3275 2256 3.65685 85
87 0 4623 3275 2260 2 86
88 0 4623 3275 2264 2 87
89 0 4623 3275 2268 3.65685 88
90 0 4623 3275 2276 3.65685 89
91 0 4623 3275 2284 3.65685 90
92 0 4623 3279 2288 3.65685 91
93 0 4623 3283 2296 6 92
94 0 4631 3283 2316 3.65685 93
95 0 4631 3283 2324 6 94
96 0 4631 3283 2332 6 95
97 0 4635 3287 2336 6 96
98 0 4635 3287 2344 6 97
99 0 4639 3275 2356 6 98
100 0 4619 3335 2216 6 78
101 0 4607 3331 2228 6 100
102 0 4599 3331 2236 3.65685 101
103 0 4595 3327 2240 6 102
104 0 4587 3327 2244 3.65685 103
105 0 4583 3323 2248 3.65685 104
106 0 4579 3323 2252 3.65685 105
107 0 4575 3319 2256 6 106
108 0 4563 3319 2268 6 107
109 0 4555 3315 2276 9.31371 108
110 0 4539 3311 2284 6 109
111 0 4527 3311 2284 2 110
112 0 4631 3403 2080 3.65685 71
113 0 4631 3403 2072 6 112
114 0 4631 3395 2060 9.31371 113
115 0 4631 3387 2048 6 114
116 0 4627 3371 2032 6 115
117 0 4623 3363 2020 6 116
118 0 4619 3355 2012 6 117
119 0 4615 3355 2004 6 118
120 0 4599 3435 2116 9.31371 70
121 0 4583 3423 2132 9.31371 120
122 0 4567 3415 2144 6.94427 121
123 0 4551 3415 2160 9.31371 122
124 0 4539 3411 2176 9.31371 123
125 0 4543 3411 2196 9.31371 124
126 0 4547 3407 2212 6 125
127 0 4547 3411 2224 9.31371 126
128 0 4551 3411 2240 9.31371 127
129 0 4559 3403 2248 3.65685 128
130 0 4563 3399 2252 3.65685 129
131 0 4563 3399 2260 3.65685 130
132 0 4567 3391 2268 6 131
133 0 4571 3391 2276 6 132
134 0 4571 3387 2284 3.65685 133
135 0 4579 3387 2292 6 134
136 0 4583 3383 2300 6 135
137 0 4587 3387 2304 6 136
138 0 4587 3387 2320 6 137
139 0 4583 3387 2332 6.94427 138
140 0 4595 3375 2348 6 139
141 0 4603 3371 2356 6 140
142 0 4543 3431 2252 6 128
143 0 4539 3447 2252 6.94427 142
144 0 4535 3467 2252 6 143
145 0 4531 3483 2248 6 144
146 0 4523 3491 2240 6 145
147 0 4519 3499 2240 2 146
148 0 4519 3503 2240 2 147
149 0 4519 3507 2240 2 148
150 0 4611 3471 2116 6 69
151 0 4611 3487 2128 10.6491 150
152 0 4623 3511 2124 9.31371 151
153 0 4615 3527 2112 6 152
154 0 4607 3539 2100 6 153
155 0 4591 3555 2092 6 154
156 2 4583 3563 2080 6.62951 155
157 0 4583 3579 2064 6 156
158 0 4591 3591 2056 6 157
159 0 4595 3591 2048 6 158
160 0 4599 3591 2040 3.65685 159
161 0 4607 3595 2032 6 160
162 0 4611 3599 2028 3.65685 161
163 0 4615 3599 2020 6 162
164 0 4623 3595 2008 6 163
165 0 4627 3595 1992 6 164
166 0 4631 3595 1980 6 165
167 0 4635 3591 1976 3.65685 166
168 0 4635 3587 1968 3.65685 167
169 0 4631 3583 1964 3.65685 168
170 0 4631 3583 1960 3.65685 169
171 0 4631 3583 1956 2 170
172 0 4631 3583 1952 2 171
173 0 4631 3583 1944 6 172
174 0 4631 3583 1932 9.31371 173
175 0 4631 3575 1924 6 174
176 0 4579 3579 2096 3.65685 156
177 0 4579 3583 2104 6 176
178 0 4579 3587 2116 3.65685 177
179 0 4575 3587 2124 6 178
180 0 4571 3583 2136 6.94427 179
181 0 4571 3583 2148 9.31371 180
182 0 4575 3583 2160 3.65685 181
183 0 4575 3583 2168 3.65685 182
184 0 4575 3579 2172 2 183
185 0 4575 3579 2176 2 184
186 0 4575 3579 2180 2 185
187 0 4575 3579 2184 3.65685 186
188 0 4575 3575 2192 3.65685 187
189 0 4575 3571 2192 2 188
190 0 4599 3491 2144 6.94427 151
191 0 4579 3503 2168 9.31371 190
192 0 4563 3503 2184 10 191
193 0 4547 3503 2196 10 192
194 0 4531 3499 2204 10 193
195 0 4519 3487 2220 9.31371 194
196 0 4731 3475 2072 6 65
197 0 4731 3483 2064 6 196
198 0 4735 3483 2056 3.65685 197
199 0 4739 3487 2052 3.65685 198
200 0 4743 3487 2048 3.65685 199
201 0 4743 3483 2040 6 200
202 0 4747 3483 2028 6 201
203 0 4755 3483 2020 6 202
204 0 4759 3483 2004 6 203
205 0 4759 3483 1996 6 204
206 0 4763 3487 1992 6 205
207 0 4763 3487 1976 6 206
208 0 4763 3487 1960 6 207
209 0 4767 3491 1956 3.65685 208
210 0 4767 3495 1948 3.65685 209
211 0 4771 3499 1944 3.65685 210
212 0 4775 3507 1944 3.65685 211
213 0 4779 3511 1940 6 212
214 0 4755 3435 2120 9.31371 64
215 0 4767 3403 2116 10 214
216 2 4770.8 3391.6 2116 10.6167 215
217 0 4771 3383 2124 6 216
218 0 4775 3379 2128 6 217
219 0 4783 3371 2136 10 218
220 0 4791 3355 2152 10 219
221 0 4791 3339 2160 10 220
222 0 4791 3323 2160 6 221
223 0 4795 3291 2160 12.4222 222
224 0 4775 3275 2164 6.94427 223
225 0 4763 3263 2176 9.31371 224
226 0 4759 3259 2184 9.31371 225
227 0 4759 3259 2196 6 226
228 0 4759 3259 2204 6 227
229 0 4743 3255 2220 9.31371 228
230 0 4735 3255 2228 6 229
231 0 4727 3251 2236 6.94427 230
232 0 4719 3251 2240 3.65685 231
233 0 4715 3247 2244 2 232
234 0 4751 3239 2176 6 226
235 0 4751 3231 2168 6 234
236 0 4751 3227 2152 6.94427 235
237 0 4743 3215 2136 6 236
238 0 4819 3287 2152 10 223
239 0 4831 3279 2160 6 238
240 0 4835 3275 2164 3.65685 239
241 0 4835 3275 2172 3.65685 240
242 0 4835 3275 2176 2 241
243 0 4839 3279 2180 3.65685 242
244 0 4839 3279 2184 2 243
245 0 4839 3279 2188 2 244
246 0 4755 3383 2084 10 216
247 0 4755 3387 2072 6.94427 246
248 0 4783 3455 2164 9.31371 63
249 0 4799 3447 2164 9.31371 248
250 0 4803 3427 2156 6 249
251 2 4803 3417.4 2151.2 6 250
252 0 4803 3411 2148 6 251
253 0 4803 3403 2140 9.31371 252
254 0 4803 3395 2132 9.31371 253
255 0 4807 3391 2124 3.65685 254
256 0 4807 3391 2116 3.65685 255
257 0 4807 3387 2104 6 256
258 0 4803 3391 2084 6 257
259 0 4799 3395 2068 6 258
260 0 4795 3403 2056 6 259
261 0 4795 3407 2040 6 260
262 0 4795 3415 2032 6 261
263 0 4803 3427 2024 10 262
264 0 4811 3443 1996 9.31371 263
265 0 4815 3443 1984 6 264
266 0 4811 3451 1968 6.94427 265
267 0 4811 3459 1952 6 266
268 0 4811 3471 1936 6 267
269 0 4815 3475 1932 6 268
270 0 4807 3467 1924 10 269
271 0 4795 3467 1924 10 270
272 0 4783 3471 1920 6 271
273 0 4779 3467 1924 3.65685 272
274 0 4779 3463 1924 2 273
275 0 4779 3459 1924 2 274
276 0 4823 3479 1924 6 269
277 0 4835 3479 1916 6 276
278 0 4851 3479 1904 6 277
279 0 4811 3411 2164 6 251
280 0 4811 3411 2176 9.31371 279
281 0 4815 3407 2184 6.94427 280
282 0 4827 3399 2196 6.94427 281
283 0 4831 3395 2204 6.94427 282
284 2 4767 3491 2248 25.3053 62
285 0 4799 3471 2224 19.5407 284
286 0 4811 3455 2220 9.31371 285
287 0 4823 3439 2220 9.31371 286
288 0 4835 3423 2232 6.94427 287
289 0 4843 3415 2240 3.65685 288
290 0 4847 3411 2240 2 289
291 0 4851 3407 2236 2 290
292 0 4859 3390.38 2232.92 11.1161 291
293 0 4871 3371 2216 9.31371 292
294 0 4887 3371 2216 6 293
295 0 4903 3367 2216 6 294
296 0 4911 3363 2212 9.31371 295
297 0 4919 3359 2208 6 296
298 0 4935 3359 2204 9.31371 297
299 0 4943 3359 2196 6 298
300 0 4959 3359 2192 6.94427 299
301 0 4975 3363 2180 6 300
302 0 4991 3363 2176 6 301
303 0 5007 3363 2176 6 302
304 0 5015 3363 2168 6 303
305 0 5031 3363 2168 6 304
306 0 5043 3359 2156 6 305
307 0 5051 3355 2148 6 306
308 0 5055 3355 2132 6 307
309 0 5063 3351 2124 6 308
310 0 5075 3343 2112 6 309
311 0 5087 3339 2096 6 310
312 0 5087 3339 2088 6 311
313 0 5091 3335 2076 9.31371 312
314 0 5099 3339 2068 6 313
315 0 5107 3343 2064 9.31371 314
316 0 5123 3355 2060 6.94427 315
317 0 5139 3371 2064 6.94427 316
318 0 5151 3383 2072 6.94427 317
319 0 5151 3395 2076 10 318
320 0 5151 3407 2080 6.94427 319
321 0 5163 3419 2088 6 320
322 0 5163 3427 2088 3.65685 321
323 0 5167 3431 2088 2 322
324 0 4863 3387 2256 2 292
325 0 4863 3383 2260 3.65685 324
326 0 4863 3383 2268 3.65685 325
327 0 4859 3383 2276 3.65685 326
328 0 4859 3383 2284 3.65685 327
329 0 4851 3383 2292 6 328
330 0 4851 3379 2304 6 329
331 0 4859 3375 2324 10 330
332 0 4871 3371 2348 6 331
333 0 4879 3371 2364 6 332
334 0 4883 3371 2372 6 333
335 0 4891 3371 2384 2 334
336 0 4763 3495 2284 15.8885 284
337 2 4763 3495 2312 17.7361 336
338 0 4783 3495 2308 6.94427 337
339 0 4791 3479 2308 10 338
340 0 4807 3459 2324 9.31371 339
341 0 4819 3463 2320 3.65685 340
342 0 4819 3467 2316 2 341
343 0 4739 3511 2372 14.4924 337
344 0 4739 3519 2388 14.4924 343
345 0 4715 3511 2388 6 344
346 0 4703 3507 2388 6 345
347 2 4689 3507 2402 9.31371 346
348 0 4683 3503 2412 6 347
349 0 4680.85 3505.15 2428.59 11.2547 348
350 2 4657 3511 2448 11.9057 349
351 0 4625.46 3526.69 2448 10.7435 350
352 0 4607 3543 2452 6 351
353 0 4595 3551 2456 6 352
354 0 4583 3555 2464 6 353
355 0 4575 3559 2472 9.31371 354
356 0 4567 3559 2484 9.31371 355
357 0 4559 3559 2492 6 356
358 0 4555 3559 2508 6 357
359 0 4543 3567 2524 6 358
360 0 4535 3563 2540 6 359
361 0 4531 3559 2556 6.94427 360
362 0 4527 3555 2572 6.94427 361
363 0 4523 3555 2592 6.94427 362
364 2 4520.2 3555 2605.6 6 363
365 0 4519 3555 2620 6 364
366 0 4519 3551 2636 6 365
367 0 4527 3551 2652 6 366
368 0 4535 3547 2660 2 367
369 0 4535 3547 2664 2 368
370 0 4535 3547 2668 2 369
371 0 4539 3547 2672 2 370
372 0 4543 3547 2676 2 371
373 0 4531 3543 2608 6 364
374 0 4539 3539 2616 10 373
375 0 4551 3543 2620 6 374
376 0 4627 3539 2424 6 351
377 0 4631 3551 2408 6.94427 376
378 0 4635 3559 2396 10 377
379 0 4635 3567 2384 6 378
380 0 4655 3527 2464 3.65685 350
381 0 4647 3531 2468 6 380
382 0 4647 3531 2476 6 381
383 0 4691 3523 2436 10.6491 349
384 0 4703 3527 2444 6 383
385 0 4707 3527 2460 6 384
386 0 4707 3527 2468 6 385
387 0 4703 3531 2472 6 386
388 0 4699 3535 2476 3.65685 387
389 0 4695 3543 2488 9.31371 388
390 0 4695 3543 2500 3.65685 389
391 0 4699 3547 2512 6 390
392 0 4699 3547 2528 6 391
393 0 4687 3543 2544 6.94427 392
394 0 4683 3535 2552 6.94427 393
395 0 4679 3531 2560 3.65685 394
396 0 4679 3531 2568 6 395
397 0 4679 3523 2392 6 347
398 0 4683 3539 2384 9.31371 397
399 0 4675 3551 2384 6 398
400 0 4747 3523 2424 14 344
401 0 4759 3531 2440 14.9706 400
402 2 4777.62 3543.83 2470.75 26.5527 401
403 2 4783 3559.17 2440.93 27.3553 402
404 0 4771 3579 2412 14 403
405 0 4771 3599 2380 12.4222 404
406 0 4771 3599 2360 6.94427 405
407 0 4775 3599 2332 10 406
408 0 4779 3603 2312 10.6491 407
409 0 4791 3615 2276 12.4222 408
410 0 4799 3623 2252 12.4222 409
411 0 4803 3631 2228 9.31371 410
412 0 4815 3635 2204 6.94427 411
413 2 4824.52 3641.76 2180.95 13.1019 412
414 2 4833.46 3649.46 2153.4 17.3231 413
415 0 4824.27 3655.48 2121.27 16.4757 414
416 0 4799 3667 2096 10.6491 415
417 0 4791 3663 2072 10 416
418 0 4787 3651 2048 9.31371 417
419 0 4787 3647 2036 6 418
420 0 4783 3639 2024 9.31371 419
421 0 4783 3639 2004 10 420
422 0 4779 3639 1992 6.94427 421
423 0 4775 3631 1964 9.31371 422
424 2 4770.03 3621.54 1947.03 13.0299 423
425 0 4763 3611 1940 6 424
426 0 4755 3603 1940 3.65685 425
427 0 4747 3595 1940 6 426
428 0 4739 3595 1940 6 427
429 0 4723 3591 1924 6 428
430 0 4711 3587 1912 6 429
431 0 4707 3583 1908 3.65685 430
432 0 4699 3583 1900 6 431
433 0 4695 3583 1892 6 432
434 0 4683 3579 1888 6 433
435 0 4675 3575 1888 3.65685 434
436 0 4663 3567 1876 9.31371 435
437 0 4655 3563 1860 6 436
438 0 4647 3558.45 1835.45 7.42809 437
439 0 4639 3547 1824 6.94427 438
440 0 4631 3535 1816 6 439
441 0 4623 3531 1808 9.31371 440
442 0 4611 3527 1784 6 441
443 0 4603 3527 1768 6 442
444 0 4599 3535 1756 6 443
445 0 4595 3539 1752 6 444
446 0 4647 3575 1816 6 438
447 0 4647 3579 1808 6 446
448 0 4791 3611 1912 15.8885 424
449 0 4791 3595 1868 19.5407 448
450 0 4795 3579 1828 15.8885 449
451 2 4806.16 3555.84 1789.05 14.8421 450
452 0 4807 3563 1768 6 451
453 0 4807 3563 1760 3.65685 452
454 0 4807 3563 1752 3.65685 453
455 0 4807 3563 1744 3.65685 454
456 0 4803 3563 1732 6 455
457 0 4795 3563 1716 6 456
458 0 4791 3567 1708 6 457
459 0 4787 3563 1704 6 458
460 0 4787 3563 1696 6 459
461 0 4787 3555 1684 2 460
462 0 4803 3531 1780 12.4222 451
463 0 4811 3515 1760 6 462
464 2 4829.76 3645.05 2092.84 10.9215 415
465 0 4831 3631 2076 9.31371 464
466 0 4831 3631 2060 6 465
467 0 4835 3626.27 2045.09 8.8827 466
468 0 4839 3623 2016 6 467
469 0 4839 3623 2004 6 468
470 0 4839 3627 1988 6 469
471 0 4839 3631 1980 2 470
472 0 4839 3631 1976 3.65685 471
473 0 4843 3635 1972 6 472
474 0 4843 3635 1964 6 473
475 0 4851 3639 1952 6 474
476 0 4867 3643 1936 6.94427 475
477 0 4879 3659 1932 9.31371 476
478 0 4891 3659 1932 6 477
479 0 4895 3655 1928 3.65685 478
480 0 4899 3651 1924 6 479
481 0 4907 3651 1916 6 480
482 0 4915 3651 1912 2 481
483 0 4919 3651 1908 3.65685 482
484 0 4927 3651 1900 6.94427 483
485 0 4935 3639 1892 9.31371 484
486 0 4939 3631 1896 6 485
487 0 4947 3619 1900 6 486
488 0 4951 3615 1904 6 487
489 0 4955 3607 1900 6.94427 488
490 0 4963 3599 1896 3.65685 489
491 0 4967 3595 1892 3.65685 490
492 0 4971 3595 1892 3.65685 491
493 0 4975 3591 1888 6 492
494 0 4983 3583 1884 6 493
495 0 4987 3579 1880 6 494
496 0 4991 3575 1876 3.65685 495
497 0 4991 3575 1868 3.65685 496
498 0 4995 3575 1860 3.65685 497
499 0 4995 3571 1852 6 498
500 0 4995 3567 1840 3.65685 499
501 0 4995 3563 1828 6 500
502 0 4999 3559 1820 3.65685 501
503 0 4999 3555 1816 2 502
504 0 4875 3679 1940 9.31371 477
505 0 4879 3691 1944 3.65685 504
506 0 4875 3699 1948 6.94427 505
507 0 4855 3703 1932 6 506
508 0 4839 3707 1924 6 507
509 0 4823 3723 1916 6 508
510 0 4815 3731 1912 6 509
511 0 4815 3739 1904 3.65685 510
512 0 4815 3743 1904 3.65685 511
513 0 4819 3747 1900 2 512
514 0 4819 3751 1900 2 513
515 0 4819 3755 1900 2 514
516 0 4819 3759 1900 2 515
517 0 4851 3615 2044 6 467
518 0 4867 3607 2048 6.94427 517
519 0 4883 3599 2060 6 518
520 0 4891 3591 2072 6 519
521 0 4891 3575 2092 9.31371 520
522 0 4895 3571 2112 6.94427 521
523 0 4899 3559 2128 3.65685 522
524 0 4899 3555 2132 3.65685 523
525 0 4899 3551 2132 2 524
526 0 4899 3547 2136 3.65685 525
527 0 4895 3543 2140 3.65685 526
528 0 4891 3539 2144 6 527
529 0 4891 3535 2152 6 528
530 0 4843 3667 2084 9.31371 464
531 0 4851 3675 2084 10.6491 530
532 0 4879 3671 2088 9.31371 531
533 0 4895 3659 2088 6.94427 532
534 0 4903 3655 2092 6 533
535 0 4847 3695 2072 6.94427 531
536 0 4847 3707 2072 9.31371 535
537 0 4839 3719 2068 3.65685 536
538 0 4839 3719 2064 2 537
539 0 4859 3655 2164 6.94427 414
540 0 4879 3659 2176 9.31371 539
541 0 4887 3667 2184 6.94427 540
542 0 4895 3679 2184 9.31371 541
543 0 4895 3691 2184 6 542
544 0 4835 3615 2188 6 413
545 0 4839 3603 2180 6 544
546 0 4839 3599 2164 6 545
547 0 4839 3607 2156 6 546
548 0 4839 3611 2148 2 547
549 0 4839 3611 2144 3.65685 548
550 0 4839 3611 2136 3.65685 549
551 0 4839 3615 2124 6 550
552 0 4839 3619 2116 6 551
553 0 4839 3587 2184 6 545
554 0 4847 3575 2180 6.94427 553
555 0 4867 3563 2176 6.94427 554
556 0 4879 3559 2168 6 555
557 0 4815 3543 2436 6 403
558 0 4827 3539 2432 6.94427 557
559 0 4835 3535 2424 6 558
560 0 4839 3531 2420 3.65685 559
561 0 4839 3523 2412 6 560
562 0 4839 3519 2404 6 561
563 0 4843 3515 2400 3.65685 562
564 0 4847 3511 2396 6 563
565 0 4847 3507 2376 6 564
566 0 4847 3507 2368 6.94427 565
567 0 4855 3503 2360 3.65685 566
568 0 4855 3503 2356 3.65685 567
569 0 4863 3503 2348 6 568
570 0 4871 3503 2340 9.31371 569
571 0 4879 3503 2324 6 570
572 0 4887 3507 2316 6 571
573 0 4891 3507 2300 6 572
574 0 4903 3515 2288 6 573
575 0 4907 3519 2284 3.65685 574
576 0 4907 3519 2280 3.65685 575
577 0 4915 3519 2272 6 576
578 0 4923 3519 2264 6 577
579 0 4931 3523 2256 9.31371 578
580 0 4935 3527 2244 6 579
581 0 4935 3531 2236 6 580
582 0 4939 3539 2228 3.65685 581
583 0 4943 3543 2224 3.65685 582
584 0 4947 3543 2220 3.65685 583
585 0 4951 3547 2216 6 584
586 0 4955 3543 2212 6 585
587 0 4955 3543 2196 6 586
588 0 4955 3543 2188 3.65685 587
589 0 4951 3539 2184 3.65685 588
590 0 4951 3535 2176 3.65685 589
591 0 4951 3535 2172 3.65685 590
592 0 4951 3531 2168 2 591
593 0 4763 3531 2512 18 402
594 0 4751 3535 2564 18 593
595 0 4746.11 3523.89 2632.44 28.3104 594
596 0 4715 3495 2612 6 595
597 0 4707 3487 2608 9.31371 596
598 0 4699 3479 2604 6.94427 597
599 0 4691 3471 2596 10.6491 598
600 0 4695 3455 2592 6 599
601 0 4699 3443 2592 6 600
602 0 4707 3423 2584 6.94427 601
603 0 4715 3415 2576 6.94427 602
604 0 4727 3411 2572 6 603
605 0 4731 3407 2576 6 604
606 0 4751 3403 2572 6.94427 605
607 0 4775 3383 2572 10 606
608 0 4791 3383 2552 9.31371 607
609 0 4795 3387 2540 6.94427 608
610 0 4803 3395 2528 12.4222 609
611 0 4811 3399 2504 6 610
612 0 4811 3399 2484 6.94427 611
613 0 4803.29 3399.14 2463.57 9.19536 612
614 0 4811 3403 2452 6 613
615 0 4819 3403 2444 6 614
616 0 4819 3403 2428 6 615
617 0 4823 3407 2424 6 616
618 0 4831 3415 2416 6.94427 617
619 0 4851 3423 2416 6 618
620 0 4867 3427 2420 6 619
621 0 4883 3435 2428 9.31371 620
622 0 4895 3439 2436 6 621
623 0 4907 3443 2436 6 622
624 0 4915 3443 2436 6 623
625 0 4919 3447 2440 6 624
626 0 4815 3399 2404 6 617
627 0 4811 3395 2392 6.94427 626
628 0 4795 3391 2376 6 627
629 0 4787 3391 2376 2 628
630 0 4779 3391 2376 6 629
631 0 4771 3395 2368 9.31371 630
632 0 4763 3391 2360 9.31371 631
633 0 4755 3383 2352 3.65685 632
634 0 4755 3379 2352 2 633
635 0 4791 3391 2452 6 613
636 0 4779 3387 2444 6 635
637 0 4771 3387 2436 6 636
638 0 4787 3379 2588 6 607
639 0 4791 3375 2596 2 638
640 0 4791 3367 2604 6 639
641 0 4799 3359 2612 9.31371 640
642 0 4807 3355 2616 6 641
643 0 4691 3407 2584 6.94427 602
644 0 4683 3395 2592 6 643
645 0 4679 3391 2604 6 644
646 0 4671 3379 2616 3.65685 645
647 0 4671 3379 2624 6 646
648 0 4667 3371 2632 6 647
649 0 4667 3367 2644 6 648
650 0 4663 3367 2652 6 649
651 0 4651 3367 2656 9.31371 650
652 0 4643 3367 2664 6 651
653 0 4643 3367 2680 6 652
654 0 4639 3367 2688 6 653
655 0 4643 3371 2692 3.65685 654
656 0 4643 3371 2696 2 655
657 0 4755 3519 2684 23.2982 595
658 0 4743 3511 2756 26.8444 657
659 2 4732.78 3513.22 2799.11 37.3979 658
660 0 4791 3503 2792 23.2982 659
661 0 4835 3507 2768 10 660
662 0 4855 3499 2760 6 661
663 0 4863 3499 2752 3.65685 662
664 0 4871 3499 2744 9.31371 663
665 0 4875 3487 2736 10.6491 664
666 0 4879 3471 2724 6 665
667 2 4731.57 3514.43 2800.81 36.9606 659
668 0 4767 3535 2796 15.8885 667
669 0 4787 3539 2784 20.6274 668
670 0 4791 3555 2768 6.94427 669
671 2 4725.51 3520.49 2809.29 34.7744 667
672 0 4719 3471 2812 34.8782 671
673 0 4703 3439 2804 24.8328 672
674 0 4663 3443 2800 6 673
675 0 4655 3443 2800 6 674
676 0 4647 3439 2800 3.65685 675
677 0 4643 3435 2796 6 676
678 0 4627 3431 2784 6 677
679 0 4619 3427 2776 6 678
680 0 4619 3439 2760 6 679
681 2 4725.1 3520.9 2809.86 34.6286 671
682 0 4743 3559 2768 14.4924 681
683 0 4731 3571 2760 10 682
684 0 4715 3571 2760 6.94427 683
685 0 4707 3571 2760 3.65685 684
686 0 4703 3575 2760 2 685
687 2 4716.72 3529.28 2821.6 31.6043 681
688 0 4739 3479 2872 34.8782 687
689 2 4734.33 3434.33 2904.67 11.6357 688
690 2 4707.98 3423.33 2919.51 15.6482 689
691 0 4699 3415 2932 12.4222 690
692 0 4691 3415 2972 21.3238 691
693 0 4691 3419 3000 24.8328 692
694 0 4675 3419 3020 15.8885 693
695 2 4664.48 3433.03 3041.05 15.8885 694
696 0 4651 3447 3076 10 695
697 0 4655 3460.41 3105.65 15.222 696
698 0 4655 3463 3116 14 697
699 0 4655 3467 3132 10 698
700 0 4663 3483 3152 14 699
701 0 4671 3483 3164 12.4222 700
702 0 4683 3467 3176 9.31371 701
703 0 4687 3459 3184 6.94427 702
704 0 4699 3447 3188 9.31371 703
705 2 4723.73 3430.27 3201.82 13.9278 704
706 0 4731 3399 3204 18 705
707 0 4743 3359 3216 15.8885 706
708 0 4739 3339 3220 6 707
709 0 4735 3319 3228 9.31371 708
710 0 4731 3291 3236 14 709
711 0 4723 3279 3248 10 710
712 2 4707.91 3260.82 3268.36 13.0911 711
713 0 4719 3263 3284 9.31371 712
714 0 4731 3251 3296 6 713
715 0 4743 3247 3304 10 714
716 0 4755 3251 3304 6 715
717 0 4771 3255 3300 6 716
718 0 4787 3255 3300 6 717
719 0 4803 3259 3300 6 718
720 0 4811 3259 3300 6.94427 719
721 0 4823 3259 3312 6.94427 720
722 0 4835 3271 3316 6 721
723 0 4843 3275 3324 6 722
724 0 4851 3283 3336 6 723
725 0 4851 3283 3348 6 724
726 0 4855 3291 3356 6 725
727 0 4859 3303 3368 9.31371 726
728 0 4863 3311 3372 6 727
729 2 4705.11 3245.03 3264.26 8.84484 712
730 0 4703 3227 3264 6 729
731 0 4695 3207 3272 6.94427 730
732 0 4687 3195 3288 6.94427 731
733 0 4683 3191 3308 9.31371 732
734 0 4683 3187 3320 6 733
735 0 4675 3179 3340 6 734
736 0 4675 3167 3352 6 735
737 0 4675 3159 3356 3.65685 736
738 0 4671 3151 3356 6 737
739 0 4667 3143 3356 6 738
740 0 4663 3139 3360 3.65685 739
741 0 4663 3135 3360 3.65685 740
742 0 4663 3131 3360 2 741
743 0 4663 3127 3360 2 742
744 0 4715 3243 3240 6 729
745 0 4719 3239 3228 6 744
746 0 4719 3235 3220 6 745
747 0 4719 3235 3212 2 746
748 0 4719 3235 3208 2 747
749 0 4719 3235 3204 2 748
750 0 4767 3359 3232 6 707
751 0 4771 3363 3236 6 750
752 0 4783 3363 3244 10 751
753 0 4791 3359 3252 6 752
754 0 4747 3455 3204 9.31371 705
755 2 4770.29 3452.57 3199.14 9.71617 754
756 0 4783 3455 3188 6 755
757 0 4787 3463 3180 6 756
758 0 4795 3463 3180 6 757
759 0 4803 3451 3180 6 758
760 0 4799 3439 3188 6 759
761 0 4795 3435 3192 6 760
762 0 4767 3479 3200 6 755
763 0 4767 3491 3204 9.31371 762
764 0 4759 3515 3212 6.94427 763
765 0 4759 3515 3220 6 764
766 2 4671.67 3493.67 3164.67 16.6852 701
767 0 4675 3547 3168 38 766
768 0 4647 3555 3204 6 767
769 0 4647 3551 3212 6 768
770 0 4647 3551 3220 3.65685 769
771 0 4647 3551 3224 3.65685 770
772 0 4647 3551 3236 9.31371 771
773 0 4639 3551 3244 10 772
774 0 4627 3547 3256 6 773
775 0 4623 3543 3260 3.65685 774
776 0 4619 3539 3264 6 775
777 0 4611 3523 3280 9.31371 776
778 0 4611 3515 3304 9.31371 777
779 0 4615 3515 3324 3.65685 778
780 0 4615 3515 3328 3.65685 779
781 0 4615 3515 3332 2 780
782 0 4615 3511 3344 6 781
783 0 4615 3507 3364 6.94427 782
784 0 4615 3507 3372 6 783
785 0 4623 3499 3384 6 784
786 0 4631 3499 3392 6 785
787 0 4631 3499 3400 6.94427 786
788 0 4639 3487 3416 6.94427 787
789 0 4651 3487 3432 6 788
790 0 4655 3483 3448 6 789
791 0 4651 3483 3456 6 790
792 0 4659 3483 3468 2 791
793 2 4685.46 3546.2 3170.41 32.4993 767
794 0 4727 3543 3180 10.6491 793
795 0 4743 3531 3176 6 794
796 0 4759 3523 3168 6 795
797 0 4767 3511 3156 6 796
798 0 4767 3495 3140 6 797
799 0 4759 3487 3132 6.94427 798
800 0 4751 3479 3124 6 799
801 0 4707 3587 3196 6.94427 793
802 0 4707 3595 3208 12.4222 801
803 0 4707 3599 3232 6 802
804 0 4707 3571 3132 22 767
805 0 4719 3563 3112 6 804
806 0 4731 3575 3100 6.94427 805
807 0 4747 3587 3096 6.94427 806
808 0 4763 3587 3096 6 807
809 0 4767 3583 3092 6 808
810 0 4775 3583 3096 6 809
811 0 4699 3611 3128 14 804
812 0 4691 3627 3120 6.94427 811
813 0 4691 3639 3108 6.94427 812
814 0 4687 3643 3100 6 813
815 0 4635 3599 3164 9.31371 767
816 0 4639 3491 3172 6.94427 766
817 0 4631 3479 3184 9.31371 816
818 0 4611 3459 3208 14.4924 817
819 0 4599 3447 3224 18 818
820 0 4579 3443 3228 6.94427 819
821 0 4563 3443 3240 6.94427 820
822 0 4555 3443 3248 3.65685 821
823 0 4551 3443 3252 3.65685 822
824 0 4543 3439 3260 6.94427 823
825 0 4543 3435 3268 6.94427 824
826 0 4551 3431 3280 6 825
827 0 4555 3431 3288 6 826
828 0 4559 3431 3300 9.31371 827
829 0 4559 3431 3312 6 828
830 0 4527 3427 3264 10.6491 825
831 0 4519 3419 3268 6.94427 830
832 0 4515 3407 3268 6 831
833 0 4515 3399 3276 6 832
834 0 4639 3459 3144 6.94427 699
835 0 4623 3451 3156 10 834
836 0 4615 3443 3160 3.65685 835
837 0 4607 3439 3160 3.65685 836
838 0 4603 3435 3156 2 837
839 0 4599 3435 3156 2 838
840 0 4647 3479 3116 2 698
841 0 4647 3483 3116 2 840
842 0 4647 3491 3108 6.94427 841
843 0 4647 3491 3088 6 842
844 0 4643 3495 3076 6 843
845 0 4643 3503 3068 6 844
846 0 4639 3507 3060 9.31371 845
847 0 4623 3511 3040 9.31371 846
848 0 4607 3511 3032 6 847
849 0 4635 3455 3116 3.65685 697
850 0 4627 3451 3116 3.65685 849
851 0 4623 3447 3116 3.65685 850
852 0 4623 3439 3116 6 851
853 0 4615 3431 3108 6 852
854 0 4635 3419 3036 9.31371 695
855 0 4623 3423 3032 6 854
856 0 4615 3423 3032 6 855
857 0 4691 3443 2908 6.94427 690
858 0 4671 3451 2908 6.94427 857
859 0 4655 3447 2912 6 858
860 0 4763 3419 2924 10 689
861 0 4763 3403 2936 9.31371 860
862 0 4763 3395 2944 10 861
863 2 4766.66 3384.03 2962.29 17.6764 862
864 0 4761.48 3367.95 2990.1 18 863
865 0 4751 3347 3024 14 864
866 0 4755 3335 3032 10 865
867 0 4767.96 3310.19 3048.96 15.4339 866
868 0 4771 3295 3052 14 867
869 0 4791.99 3238.28 3050.49 28.5057 868
870 0 4800.9 3204.29 3064.4 21.8003 869
871 0 4799 3175 3088 9.31371 870
872 0 4803 3163 3096 14.4924 871
873 0 4803 3135 3112 10.6491 872
874 0 4803 3123 3116 6 873
875 0 4799 3119 3120 6 874
876 0 4795 3107 3120 6 875
877 0 4795 3095 3128 6.94427 876
878 0 4791 3079 3136 9.31371 877
879 0 4779 3055 3140 6.94427 878
880 0 4775 3035 3136 9.31371 879
881 0 4755 3027 3116 6 880
882 0 4747 3019 3116 3.65685 881
883 0 4743 3007 3112 9.31371 882
884 0 4739 2999 3104 6 883
885 0 4731 2983 3092 6 884
886 0 4719 2963 3084 9.31371 885
887 0 4707 2947 3076 3.65685 886
888 0 4699 2939 3076 6.94427 887
889 0 4695 2931 3072 9.31371 888
890 0 4687 2915 3068 6 889
891 0 4687 2903 3072 9.31371 890
892 0 4683 2895 3076 6 891
893 0 4683 2887 3076 6 892
894 0 4811 3171 3052 15.8885 870
895 0 4819 3159 3040 6 894
896 0 4827 3159 3032 6.94427 895
897 0 4843 3147 3032 6 896
898 0 4847 3139 3040 6 897
899 0 4847 3131 3048 6 898
900 0 4843 3127 3052 3.65685 899
901 0 4839 3123 3056 3.65685 900
902 0 4835 3119 3060 6 901
903 0 4831 3115 3064 6 902
904 0 4827 3111 3068 3.65685 903
905 0 4823 3107 3068 3.65685 904
906 0 4823 3103 3068 2 905
907 2 4791.67 3205.98 3020.14 25.4306 869
908 0 4775 3175 3000 6 907
909 0 4771 3171 2996 3.65685 908
910 0 4767 3167 2988 9.31371 909
911 2 4763 3163 2970 7.33918 910
912 0 4771 3163 2960 6.94427 911
913 0 4779 3163 2956 3.65685 912
914 0 4783 3167 2956 3.65685 913
915 0 4791 3171 2952 6.94427 914
916 0 4811 3171 2952 6 915
917 0 4819 3167 2948 9.31371 916
918 0 4831 3151 2944 3.65685 917
919 0 4831 3143 2944 6 918
920 0 4835 3131 2952 6.94427 919
921 0 4843 3123 2960 6.94427 920
922 0 4843 3119 2968 6.94427 921
923 0 4855 3111 2980 6 922
924 0 4863 3103 2988 6.94427 923
925 0 4867 3087 2984 6 924
926 0 4875 3075 2976 6.94427 925
927 0 4883 3059 2956 6 926
928 0 4883 3043 2940 6 927
929 0 4883 3027 2932 9.31371 928
930 0 4887 3015 2924 9.31371 929
931 0 4887 3003 2924 3.65685 930
932 0 4891 2999 2920 6 931
933 0 4895 2991 2912 2 932
934 0 4747 3147 2964 6.94427 911
935 0 4735 3139 2956 6.94427 934
936 0 4723 3131 2948 6.94427 935
937 0 4707 3119 2944 6 936
938 0 4683 3102.53 2935.88 14.3401 937
939 0 4683 3075 2932 6 938
940 0 4683 3059 2932 6 939
941 0 4675 3043 2932 6.94427 940
942 0 4667 3027 2932 6 941
943 0 4667 3011 2924 6.94427 942
944 0 4667 2995 2924 6 943
945 0 4663 2979 2924 6 944
946 0 4655 2963 2932 6 945
947 0 4647 2955 2936 6.94427 946
948 0 4639 2943 2940 2 947
949 0 4655 3107 2936 10 938
950 0 4643 3111 2932 6 949
951 0 4627 3111 2928 6.94427 950
952 0 4767 3231 2984 14 907
953 0 4759 3231 2972 10.6491 952
954 0 4759 3239 2964 6 953
955 0 4767 3303 3072 6.94427 867
956 2 4767 3299.71 3085.18 9.46075 955
957 0 4771 3295 3100 10.6491 956
958 0 4779 3291 3120 6 957
959 0 4787 3291 3128 2 958
960 0 4795 3291 3136 6 959
961 0 4803 3299 3144 6 960
962 0 4811 3311 3152 6.94427 961
963 0 4823 3327 3152 3.65685 962
964 0 4831 3335 3152 6 963
965 0 4843 3335 3156 12.4222 964
966 0 4855 3335 3164 12.4222 965
967 0 4863 3323 3176 6 966
968 0 4863 3315 3184 6 967
969 0 4863 3307 3188 3.65685 968
970 0 4867 3303 3188 2 969
971 0 4755 3311 3088 6.94427 956
972 0 4739 3315 3092 6 971
973 0 4719 3315 3100 6.94427 972
974 0 4711 3315 3100 6 973
975 0 4743 3347 2980 10.6491 864
976 0 4731 3331 2976 9.31371 975
977 0 4715 3315 2976 6 976
978 0 4699 3307 2984 6 977
979 0 4683 3303 2996 6.94427 978
980 0 4667 3287 3004 6 979
981 0 4655 3267 3004 10 980
982 0 4647 3259 3004 10.6491 981
983 0 4631 3251 3004 6.94427 982
984 0 4623 3243 3008 6.94427 983
985 0 4615 3235 3012 10.6491 984
986 0 4619 3207 3016 6.94427 985
987 0 4627 3191 3016 6.94427 986
988 0 4627 3183 3016 3.65685 987
989 0 4631 3179 3012 3.65685 988
990 0 4631 3171 3012 6 989
991 0 4635 3163 3004 9.31371 990
992 0 4639 3155 3000 6 991
993 0 4643 3143 3000 6 992
994 0 4647 3135 3000 6 993
995 0 4591 3235 3008 6.94427 985
996 0 4571 3235 3008 6 995
997 0 4559 3231 3024 6 996
998 0 4551 3235 3040 6 997
999 0 4543 3243 3048 6.94427 998
1000 2 4792.53 3394.14 2960.05 9.97305 863
1001 0 4811 3395 2952 6.94427 1000
1002 0 4827 3391 2940 6.94427 1001
1003 0 4835 3391 2936 6 1002
1004 0 4843 3391 2928 9.31371 1003
1005 2 4850.33 3391 2917.01 7.14324 1004
1006 0 4863 3395 2908 6.94427 1005
1007 0 4875 3399 2900 6 1006
1008 0 4883 3403 2896 3.65685 1007
1009 0 4887 3407 2892 6 1008
1010 0 4907 3419 2892 6.94427 1009
1011 0 4931 3435 2888 14 1010
1012 0 4935 3463 2892 6 1011
1013 0 4939 3487 2892 10 1012
1014 0 4943 3511 2888 9.31371 1013
1015 0 4943 3523 2888 6 1014
1016 0 4947 3531 2884 3.65685 1015
1017 0 4951 3535 2884 2 1016
1018 0 4835 3375 2908 6 1005
1019 0 4835 3359 2908 6 1018
1020 0 4831 3343 2908 6 1019
1021 0 4827 3335 2912 6 1020
1022 0 4835 3315 2912 6 1021
1023 0 4795 3391 2980 6 1000
1024 0 4807 3399 3004 12.4222 1023
1025 0 4823 3395 3032 6.94427 1024
1026 0 4831 3391 3044 9.31371 1025
1027 0 4839 3391 3052 6 1026
1028 0 4847 3391 3052 3.65685 1027
1029 0 4851 3395 3052 2 1028
1030 0 4787 3415 2908 6.94427 860
1031 0 4803 3423 2892 6 1030
1032 0 4678.24 3548.75 2829.26 19.4561 687
1033 0 4691 3551 2788 9.31371 1032
1034 0 4679 3555 2780 6 1033
1035 0 4671 3551 2776 3.65685 1034
1036 0 4667 3551 2772 3.65685 1035
1037 0 4663 3551 2768 2 1036
1038 2 4655 3551 2836 20.2159 1032
1039 0 4675 3559 2864 6.94427 1038
1040 0 4695 3575 2864 6.94427 1039
1041 0 4707 3591 2872 6 1040
1042 0 4707 3607 2872 6 1041
1043 0 4707 3623 2872 6 1042
1044 0 4707 3639 2872 6 1043
1045 0 4707 3655 2872 9.31371 1044
1046 0 4703 3663 2868 6.94427 1045
1047 0 4695 3675 2860 6.94427 1046
1048 0 4695 3683 2860 6.94427 1047
1049 0 4679 3695 2848 6 1048
1050 0 4611 3547 2836 14.9706 1038
1051 0 4561.53 3530.27 2844.49 22.0659 1050
1052 0 4555 3535 2808 14.9706 1051
1053 2 4535.55 3531 2773.38 10.0448 1052
1054 0 4531 3531 2760 9.31371 1053
1055 0 4547 3543 2736 10 1054
1056 0 4555 3543 2724 3.65685 1055
1057 0 4559 3547 2724 2 1056
1058 0 4551 3547 2764 6.94427 1053
1059 0 4559 3555 2764 9.31371 1058
1060 0 4567 3563 2768 6 1059
1061 0 4571 3567 2764 6 1060
1062 0 4519 3503 2868 18 1051
1063 0 4483 3471 2872 26.2843 1062
1064 0 4443 3463 2900 39.1825 1063
1065 2 4439.4 3459.91 2902.06 37.5944 1064
1066 2 4424.01 3446.72 2910.85 30.8146 1065
1067 2 4372 3407.6 2935.2 23.6735 1066
1068 0 4320.29 3396.49 2963.46 27.5585 1067
1069 0 4259 3431 3040 20.6274 1068
1070 0 4251 3447 3076 18 1069
1071 0 4247 3455 3100 18 1070
1072 0 4211 3447 3144 18 1071
1073 0 4175 3447 3188 18 1072
1074 2 4163 3443 3236 16.6784 1073
1075 0 4167 3439 3280 18 1074
1076 0 4187 3439 3320 14 1075
1077 0 4191 3435 3356 12.4222 1076
1078 0 4191 3415 3396 14 1077
1079 0 4195 3387 3436 15.8885 1078
1080 0 4191 3363 3460 14 1079
1081 0 4187 3343 3484 14 1080
1082 0 4191 3331 3508 12.4222 1081
1083 0 4191 3315 3532 14 1082
1084 0 4191 3311 3548 12.4222 1083
1085 0 4211 3307 3568 12.4222 1084
1086 0 4219 3303 3592 9.31371 1085
1087 0 4235 3303 3624 12.4222 1086
1088 0 4243 3307 3652 12.4222 1087
1089 0 4247 3319 3688 14 1088
1090 0 4243 3323 3720 12.4222 1089
1091 0 4223 3323 3756 18 1090
1092 0 4199 3319 3788 14.4924 1091
1093 0 4175 3315 3812 12.4222 1092
1094 0 4159 3319 3848 14 1093
1095 0 4151 3331 3884 14 1094
1096 0 4143 3327 3916 9.31371 1095
1097 0 4143 3331 3940 10.6491 1096
1098 0 4147 3339 3968 10.6491 1097
1099 0 4147 3343 4004 10 1098
1100 0 4139 3331 4040 14.4924 1099
1101 0 4115 3319 4084 28.4631 1100
1102 0 4091 3283 4132 14 1101
1103 0 4079 3271 4144 10.6491 1102
1104 0 4063 3243 4164 14.4924 1103
1105 0 4047 3203 4176 15.8885 1104
1106 0 4027 3171 4196 14.4924 1105
1107 0 4011 3159 4212 14 1106
1108 0 4007 3163 4228 10 1107
1109 0 3987 3191 4260 15.8885 1108
1110 0 3979 3199 4284 26 1109
1111 0 3971 3199 4312 26.8444 1110
1112 0 3951 3215 4360 10.6491 1111
1113 0 3955 3203 4392 12.4222 1112
1114 0 3951 3187 4420 14 1113
1115 0 3943 3167 4448 12.4222 1114
1116 0 3931 3151 4476 14 1115
1117 0 3907 3147 4512 14.9706 1116
1118 0 3878.8 3139 4556.6 17.9 1117
1119 0 3863 3155 4608 12.4222 1118
1120 0 3859 3163 4640 12.4222 1119
1121 0 3859 3163 4664 14 1120
1122 2 3851.3 3155.6 4725.28 29.4935 1121
1123 2 3847.83 3157.38 4735.13 28.2811 1122
1124 0 3815 3171 4788 15.8885 1123
1125 0 3799 3151 4824 14.4924 1124
1126 0 3771 3123 4840 14.4924 1125
1127 0 3747 3099 4864 18 1126
1128 0 3731 3079 4876 26.2843 1127
1129 0 3711 3039 4900 14.4924 1128
1130 0 3711 3003 4924 14 1129
1131 0 3715 2987 4952 14 1130
1132 0 3711 2971 4980 14.4924 1131
1133 0 3707 2955 5004 12.4222 1132
1134 0 3699 2935 5028 10 1133
1135 0 3691 2915 5048 12.4222 1134
1136 0 3687 2891 5076 14 1135
1137 0 3679 2871 5108 12.4222 1136
1138 0 3675 2863 5132 10 1137
1139 0 3667 2843 5160 15.8885 1138
1140 0 3663 2819 5204 23.2982 1139
1141 0 3663 2795 5248 14.4924 1140
1142 0 3671 2783 5276 12.4222 1141
1143 0 3679 2787 5296 9.31371 1142
1144 0 3683 2787 5320 10 1143
1145 0 3679 2787 5348 10 1144
1146 0 3679 2779 5376 10 1145
1147 0 3687 2775 5404 10 1146
1148 0 3703 2751 5444 15.8885 1147
1149 0 3723 2731 5472 12.4222 1148
1150 0 3739 2719 5496 12.4222 1149
1151 0 3751 2703 5524 10 1150
1152 0 3751 2703 5548 10 1151
1153 0 3743 2703 5564 14 1152
1154 0 3735 2711 5580 10.6491 1153
1155 0 3735 2719 5592 14 1154
1156 0 3727 2731 5620 12.4222 1155
1157 2 3723.8 2731 5645.6 12.0676 1156
1158 0 3715 2723 5664 9.31371 1157
1159 0 3695 2711 5684 6.94427 1158
1160 0 3687 2703 5696 10.6491 1159
1161 0 3667 2695 5716 9.31371 1160
1162 0 3643 2679 5736 12.4222 1161
1163 0 3623 2667 5748 10.6491 1162
1164 0 3603 2655 5764 9.31371 1163
1165 0 3587 2655 5780 9.31371 1164
1166 0 3571 2655 5796 10 1165
1167 0 3555 2659 5812 10 1166
1168 0 3543 2659 5832 6.94427 1167
1169 0 3531 2663 5852 9.31371 1168
1170 0 3519 2655 5868 9.31371 1169
1171 0 3503 2647 5888 10 1170
1172 0 3491 2643 5912 10 1171
1173 0 3487 2635 5940 10.6491 1172
1174 0 3483 2635 5964 9.31371 1173
1175 0 3479 2635 5988 9.31371 1174
1176 0 3475 2631 6012 10.6491 1175
1177 0 3467 2627 6044 10 1176
1178 0 3463 2623 6068 9.31371 1177
1179 0 3463 2619 6088 10 1178
1180 0 3459 2615 6112 9.31371 1179
1181 0 3455 2607 6140 10.6491 1180
1182 0 3455 2599 6176 14.9706 1181
1183 0 3455 2599 6200 21.3238 1182
1184 0 3447 2603 6244 12.4222 1183
1185 0 3443 2599 6276 12.4222 1184
1186 0 3435 2595 6300 10 1185
1187 0 3439 2591 6336 18.3961 1186
1188 0 3443 2591 6376 14.9706 1187
1189 0 3435 2591 6392 10 1188
1190 0 3435 2591 6420 10 1189
1191 0 3431 2587 6444 10.6491 1190
1192 0 3423 2579 6480 12.4222 1191
1193 0 3419 2575 6512 12.4222 1192
1194 0 3415 2575 6544 12.4222 1193
1195 0 3407 2571 6568 12.4222 1194
1196 0 3403 2567 6600 15.8885 1195
1197 0 3399 2555 6648 14.4924 1196
1198 0 3395 2555 6684 14.4924 1197
1199 0 3383 2551 6728 14 1198
1200 0 3363 2551 6760 10 1199
1201 0 3355 2551 6780 9.31371 1200
1202 2 3351 2540 6803 14.1181 1201
1203 0 3335 2543 6848 9.31371 1202
1204 0 3331 2539 6876 12.4222 1203
1205 0 3327 2535 6892 14 1204
1206 0 3327 2535 6908 10.6491 1205
1207 0 3331 2531 6940 10.6491 1206
1208 0 3335 2531 6964 10 1207
1209 0 3339 2527 6992 12.4222 1208
1210 0 3339 2515 7028 10 1209
1211 0 3339 2515 7044 12.4222 1210
1212 0 3339 2515 7064 10 1211
1213 0 3339 2511 7104 12.4222 1212
1214 0 3335 2515 7132 10 1213
1215 0 3331 2515 7156 10 1214
1216 0 3331 2511 7184 10.6491 1215
1217 0 3327 2511 7216 12.4222 1216
1218 0 3327 2511 7240 10.6491 1217
1219 0 3335 2507 7268 10.6491 1218
1220 0 3343 2503 7308 10 1219
1221 0 3347 2503 7336 12.4222 1220
1222 0 3347 2515 7360 14 1221
1223 0 3339 2523 7396 12.4222 1222
1224 0 3327 2527 7428 10.6491 1223
1225 0 3303 2539 7460 12.4222 1224
1226 0 3279 2547 7480 9.31371 1225
1227 0 3263 2563 7496 10 1226
1228 0 3251 2571 7504 14.4924 1227
1229 0 3219 2591 7536 12.4222 1228
1230 0 3199 2603 7560 12.4222 1229
1231 0 3179 2611 7580 9.31371 1230
1232 0 3163 2619 7596 10 1231
1233 0 3139 2623 7620 14 1232
1234 0 3115 2635 7648 10 1233
1235 0 3099 2639 7676 10 1234
1236 0 3087 2639 7700 10.6491 1235
1237 0 3079 2639 7728 14.9706 1236
1238 0 3063 2639 7768 14 1237
1239 2 3048.2 2635.6 7797 12.6589 1238
1240 0 3031 2631 7840 10 1239
1241 0 3023 2627 7864 12.4222 1240
1242 0 3011 2607 7888 15.8885 1241
1243 0 3007 2591.8 7913.6 14.6533 1242
1244 0 3003 2575 7932 10.6491 1243
1245 0 2999 2567 7952 14 1244
1246 0 2991 2559 7980 12.4222 1245
1247 0 2987 2551 7992 9.31371 1246
1248 0 2999 2615 7928 10 1243
1249 0 2995 2623 7936 6 1248
1250 0 2995 2631 7944 6.94427 1249
1251 0 2995 2635 7952 3.65685 1250
1252 0 2995 2639 7960 3.65685 1251
1253 0 2995 2643 7964 3.65685 1252
1254 0 2991 2647 7964 2 1253
1255 0 3051 2615 7788 6 1239
1256 0 3047 2599 7788 9.31371 1255
1257 0 3031 2591 7792 6.94427 1256
1258 0 3023 2591 7792 2 1257
1259 0 3019 2591 7792 2 1258
1260 0 3371 2531 6788 6.94427 1202
1261 0 3379 2531 6780 6 1260
1262 0 3379 2535 6772 6.94427 1261
1263 0 3735 2751 5636 15.8885 1157
1264 0 3751 2779 5624 10.6491 1263
1265 0 3767 2795 5620 9.31371 1264
1266 0 3775 2799 5616 6.94427 1265
1267 0 3795 2815 5608 12.4222 1266
1268 0 3815 2835 5596 9.31371 1267
1269 0 3823 2843 5576 9.31371 1268
1270 0 3835 2847 5556 10 1269
1271 0 3855 2855 5528 14.4924 1270
1272 0 3863 2859 5512 18 1271
1273 0 3863 2855 5488 10.6491 1272
1274 0 3867 2847 5468 9.31371 1273
1275 2 3885.11 2858.37 5429.89 12.4222 1274
1276 0 3943 2903 5420 28.4631 1275
1277 0 3963 2927 5408 14.4924 1276
1278 0 3975 2955 5392 19.5407 1277
1279 2 3999.48 2978.12 5358.15 28.1352 1278
1280 0 4052.21 2978.85 5363.85 22.303 1279
1281 0 4084.2 2972.6 5360 30.2833 1280
1282 0 4100.65 2941.35 5360.47 34.0255 1281
1283 2 4116.84 2925.16 5365.1 36.4682 1282
1284 2 4136.83 2916.31 5373.24 37.901 1283
1285 2 4150.14 2918.09 5380.34 37.7668 1284
1286 2 4182.39 2922.39 5397.54 37.4419 1285
1287 0 4219.27 2952.09 5416.96 38.8686 1286
1288 2 4221.05 2959.21 5423.18 36.828 1287
1289 2 4226.01 2979.03 5440.53 31.138 1288
1290 0 4247 3031 5460 14.4924 1289
1291 0 4267 3071 5480 22 1290
1292 2 4283.36 3084.09 5496.36 30.5167 1291
1293 0 4287 3087 5500 32.4093 1292
1294 0 4327 3091 5520 26.2843 1293
1295 2 4332.06 3088.47 5526.75 26.9082 1294
1296 0 4351 3079 5552 29.241 1295
1297 0 4359 3039 5580 9.31371 1296
1298 0 4367 3031 5604 14 1297
1299 0 4371 3015 5624 10 1298
1300 0 4375 2999 5640 6.94427 1299
1301 0 4375 2983 5644 6 1300
1302 0 4379 2975 5652 6.94427 1301
1303 0 4391 2963 5656 6.94427 1302
1304 0 4411 2959 5656 6 1303
1305 0 4423 2955 5648 6 1304
1306 0 4443 2947 5644 6 1305
1307 0 4459 2935 5640 6 1306
1308 0 4463 2935 5632 6 1307
1309 0 4475 2919 5616 6.94427 1308
1310 0 4491 2899 5604 6.94427 1309
1311 0 4499 2891 5600 6.94427 1310
1312 0 4503 2883 5592 3.65685 1311
1313 0 4499 2879 5592 2 1312
1314 0 4339 3139 5528 6 1295
1315 0 4343 3155 5524 6 1314
1316 0 4347 3163 5516 6 1315
1317 0 4347 3175 5504 10 1316
1318 0 4355 3191 5488 6.94427 1317
1319 0 4355 3199 5484 6 1318
1320 0 4359 3075 5508 27.1204 1294
1321 0 4387 3071 5500 19.5407 1320
1322 0 4395 3055 5492 12.4222 1321
1323 0 4351 3103 5484 18 1293
1324 0 4367 3115 5484 10 1323
1325 2 4379.23 3124.14 5471.31 15.1437 1324
1326 0 4383 3143 5460 18 1325
1327 0 4399 3171 5452 6.94427 1326
1328 0 4415 3191 5452 9.31371 1327
1329 0 4431 3207 5452 9.31371 1328
1330 0 4451 3219 5440 9.31371 1329
1331 0 4475 3219 5432 9.31371 1330
1332 0 4487 3219 5432 6 1331
1333 0 4507 3223 5432 6.94427 1332
1334 0 4519 3227 5432 9.31371 1333
1335 0 4535 3239 5436 6.94427 1334
1336 0 4535 3255 5428 6 1335
1337 0 4535 3271 5424 6 1336
1338 0 4391 3107 5444 9.31371 1325
1339 0 4395 3107 5432 9.31371 1338
1340 0 4403 3111 5424 6 1339
1341 0 4415 3111 5420 6 1340
1342 0 4431 3111 5416 6 1341
1343 0 4439 3107 5416 6.94427 1342
1344 0 4271 3119 5484 14 1292
1345 0 4247 3147 5476 14.4924 1344
1346 0 4223 3167 5472 9.31371 1345
1347 0 4263 3115 5456 12.4222 1344
1348 0 4235 3107 5452 9.31371 1347
1349 0 4247 3059 5528 15.8885 1291
1350 0 4223 3055 5548 6 1349
1351 0 4215 3051 5552 3.65685 1350
1352 0 4207 3047 5552 6.94427 1351
1353 0 4195 3031 5556 9.31371 1352
1354 0 4183 3019 5560 14 1353
1355 0 4183 3003 5560 6 1354
1356 0 4191 2971 5460 26 1289
1357 0 4151 2951 5476 22 1356
1358 0 4151 2947 5500 12.4222 1357
1359 0 4199 2975 5488 12.4222 1356
1360 0 4195 2951 5516 12.4222 1359
1361 0 4267 2975 5380 29.241 1288
1362 0 4335 3003 5364 10.6491 1361
1363 0 4359 3019 5360 10.6491 1362
1364 0 4387 3043 5364 12.4222 1363
1365 0 4399 3051 5372 10 1364
1366 0 4411 3059 5384 14 1365
1367 0 4431 3075 5396 6 1366
1368 0 4439 3079 5400 3.65685 1367
1369 0 4443 3083 5404 2 1368
1370 0 4447 3087 5408 2 1369
1371 0 4451 3087 5416 6 1370
1372 0 4299 2971 5396 18 1361
1373 0 4307 2983 5424 9.31371 1372
1374 0 4307 2987 5436 6.94427 1373
1375 0 4267 2943 5420 18 1287
1376 0 4295 2963 5440 12.4222 1375
1377 0 4303 2975 5452 6 1376
1378 0 4307 2983 5460 3.65685 1377
1379 0 4303 2987 5464 2 1378
1380 0 4179 2867 5444 9.31371 1286
1381 0 4175 2847 5464 10 1380
1382 0 4175 2823 5476 12.4222 1381
1383 0 4163 2803 5476 6.94427 1382
1384 0 4155 2795 5472 3.65685 1383
1385 0 4155 2791 5472 3.65685 1384
1386 0 4151 2787 5468 3.65685 1385
1387 0 4147 2783 5468 2 1386
1388 0 4143 2923 5424 14.4924 1285
1389 0 4147 2943 5428 12.4222 1388
1390 0 4147 2951 5440 6.94427 1389
1391 2 4164.35 2852.59 5376 18.7012 1284
1392 0 4187 2839 5376 10.6491 1391
1393 0 4207 2827 5372 10.6491 1392
1394 0 4239 2803 5368 12.4222 1393
1395 0 4267 2771 5376 12.4222 1394
1396 0 4287 2747 5376 14 1395
1397 0 4337.28 2705.77 5397.23 34.2896 1396
1398 2 4349.98 2695.19 5407.81 35.3259 1397
1399 2 4353.88 2691.93 5411.07 35.6448 1398
1400 0 4371 2675 5440 30 1399
1401 2 4374.43 2647.54 5450.3 24.5188 1400
1402 0 4371 2619 5456 15.8885 1401
1403 0 4367 2583 5456 12.4222 1402
1404 0 4351 2559 5456 6.94427 1403
1405 0 4351 2551 5460 3.65685 1404
1406 0 4351 2543 5468 6 1405
1407 0 4351 2535 5484 6 1406
1408 0 4351 2535 5492 6.94427 1407
1409 0 4351 2535 5500 3.65685 1408
1410 0 4355 2535 5508 6 1409
1411 0 4355 2535 5516 3.65685 1410
1412 0 4355 2535 5520 3.65685 1411
1413 0 4363 2539 5532 9.31371 1412
1414 0 4367 2535 5540 6 1413
1415 0 4367 2539 5556 6 1414
1416 0 4371 2543 5572 6 1415
1417 0 4375 2543 5584 6 1416
1418 0 4379 2551 5596 6 1417
1419 0 4415 2639 5456 10 1401
1420 0 4427 2643 5452 6 1419
1421 0 4427 2703 5460 18 1400
1422 0 4447 2703 5472 9.31371 1421
1423 0 4455 2699 5484 10 1422
1424 0 4443 2695 5500 12.4222 1423
1425 0 4415 2691 5396 18 1399
1426 0 4419 2683 5380 6 1425
1427 0 4419 2679 5372 6 1426
1428 0 4323 2647 5428 9.31371 1398
1429 0 4307 2635 5436 12.4222 1428
1430 0 4295 2643 5448 6.94427 1429
1431 0 4391 2687 5364 14 1397
1432 0 4403 2683 5356 9.31371 1431
1433 0 4155 2823 5388 6 1391
1434 0 4147 2807 5408 14.4924 1433
1435 0 4127 2783 5428 6.94427 1434
1436 0 4111 2767 5428 6.94427 1435
1437 0 4099 2759 5428 6.94427 1436
1438 0 4083 2747 5432 6 1437
1439 0 4095 2887 5356 10 1283
1440 0 4095 2867 5356 10 1439
1441 0 4095 2855 5356 10 1440
1442 0 4095 2843 5368 6.94427 1441
1443 0 4095 2835 5376 6 1442
1444 0 4099 2827 5388 10.6491 1443
1445 0 4111 2811 5404 10 1444
1446 0 4111 2799 5412 3.65685 1445
1447 0 4111 2795 5412 2 1446
1448 0 4055 2903 5344 23.2982 1282
1449 0 4023 2899 5340 18 1448
1450 0 4003 2903 5344 9.31371 1449
1451 0 4119 2991 5336 14 1281
1452 0 4139 3011 5332 9.31371 1451
1453 0 4151 3023 5336 12.4222 1452
1454 0 4163 3047 5332 6.94427 1453
1455 0 4167 3055 5340 6 1454
1456 0 4167 3063 5340 2 1455
1457 0 4167 3067 5340 2 1456
1458 0 4167 3071 5340 2 1457
1459 0 4059 2991 5404 14.4924 1280
1460 0 4071 2991 5416 10 1459
1461 0 4075 2983 5432 14 1460
1462 0 4091 2963 5452 6 1461
1463 0 3979 3019 5356 15.8885 1279
1464 2 3959 3051 5356 22.8569 1463
1465 0 3943 3067 5356 26.2843 1464
1466 0 3927 3091 5348 10.6491 1465
1467 0 3919 3103 5336 10.6491 1466
1468 2 3921.51 3151.57 5345.77 27.3208 1467
1469 0 3923 3159 5348 30.249 1468
1470 0 3903 3187 5352 10 1469
1471 0 3895 3203 5356 6.94427 1470
1472 0 3891 3231 5360 12.4222 1471
1473 0 3895 3247 5364 15.8885 1472
1474 0 3891 3283 5360 9.31371 1473
1475 0 3887 3307 5364 6.94427 1474
1476 0 3879 3319 5364 6 1475
1477 0 3879 3331 5364 9.31371 1476
1478 0 3887 3351 5360 10.6491 1477
1479 0 3895 3363 5360 12.4222 1478
1480 0 3895 3379 5360 6 1479
1481 0 3891 3395 5364 6.94427 1480
1482 0 3891 3415 5364 6.94427 1481
1483 0 3891 3431 5368 3.65685 1482
1484 0 3891 3435 5372 2 1483
1485 0 3975 3203 5324 14 1469
1486 0 3987 3211 5324 3.65685 1485
1487 0 3991 3211 5324 2 1486
1488 0 3883 3139 5372 10.6491 1468
1489 0 3875 3127 5372 6 1488
1490 0 3907 3051 5352 22.3311 1465
1491 0 3887 3063 5348 14.4924 1490
1492 0 3987 3075 5344 14 1464
1493 0 3991 3079 5328 9.31371 1492
1494 0 3863 2859 5412 6.94427 1275
1495 0 3855 2867 5408 10 1494
1496 0 3855 2879 5404 6 1495
1497 0 3819 3147 4732 10.6491 1123
1498 0 3807 3135 4736 6.94427 1497
1499 0 3799 3131 4744 3.65685 1498
1500 0 3795 3131 4748 3.65685 1499
1501 0 3791 3131 4752 2 1500
1502 0 3791 3131 4756 2 1501
1503 0 3831 3131 4704 9.31371 1122
1504 0 3823 3123 4704 3.65685 1503
1505 0 3815 3115 4704 3.65685 1504
1506 0 3811 3111 4704 2 1505
1507 0 3807 3107 4704 2 1506
1508 0 3867 3107 4556 6 1118
1509 0 3867 3099 4556 6 1508
1510 0 3867 3087 4560 2 1509
1511 0 4131 3443 3224 10 1074
1512 0 4119 3447 3208 3.65685 1511
1513 0 4115 3451 3200 6 1512
1514 0 4107 3459 3192 6.94427 1513
1515 0 4091 3475 3192 6.94427 1514
1516 0 4075 3471 3192 6 1515
1517 0 4063 3467 3200 6 1516
1518 0 4043 3471 3208 6.94427 1517
1519 0 4039 3475 3216 6 1518
1520 0 4219 3423 3024 18 1069
1521 0 4173.38 3420.25 3016 18.5418 1520
1522 0 4137.38 3411.09 3010.13 30.0601 1521
1523 0 4095 3435 3000 14 1522
1524 0 4083 3455 3000 14.9706 1523
1525 0 4047 3463 3000 12.4222 1524
1526 0 4023 3467 3004 6 1525
1527 0 4007 3467 3004 6 1526
1528 0 3983 3471 3004 10 1527
1529 0 3963 3487 2988 14.9706 1528
1530 0 3943 3507 2984 14 1529
1531 0 3939 3523 2984 6.94427 1530
1532 0 3939 3531 2984 6 1531
1533 0 3939 3543 2984 10 1532
1534 0 3947 3559 2980 9.31371 1533
1535 0 3955 3575 2988 10 1534
1536 0 3967 3587 3000 9.31371 1535
1537 0 3971 3591 3016 6 1536
1538 0 3975 3595 3024 6.94427 1537
1539 0 3979 3595 3032 3.65685 1538
1540 0 3979 3595 3036 3.65685 1539
1541 0 3979 3595 3040 2 1540
1542 0 4155 3371 3000 10 1522
1543 0 4159 3347 2996 6.94427 1542
1544 0 4167 3331 2996 10.6491 1543
1545 0 4163 3319 2992 6.94427 1544
1546 0 4147 3303 2992 6 1545
1547 0 4139 3295 2996 6 1546
1548 0 4131 3283 2996 9.31371 1547
1549 0 4127 3275 3000 6 1548
1550 0 4123 3259 3000 6 1549
1551 0 4115 3239 2996 6.94427 1550
1552 0 4111 3223 2996 6 1551
1553 0 4103 3211 2996 6 1552
1554 0 4091 3203 2988 6 1553
1555 0 4075 3203 2988 9.31371 1554
1556 0 4183 3423 3064 14 1521
1557 0 4199 3411 3084 6 1556
1558 0 4199 3407 3096 9.31371 1557
1559 0 4199 3399 3104 9.31371 1558
1560 0 4199 3391 3112 6 1559
1561 0 4307 3355 2968 14 1068
1562 2 4297.53 3314.59 2976.2 21.8371 1561
1563 2 4294.71 3305.57 2981.14 23.59 1562
1564 2 4291.38 3288.9 2994.48 23.3282 1563
1565 2 4291.4 3283.78 2999.22 22.7643 1564
1566 2 4292.02 3278.81 3004.19 21.9429 1565
1567 0 4299 3243 3044 18.3961 1566
1568 0 4318.59 3213.2 3098.29 25.8173 1567
1569 0 4331 3207 3120 14 1568
1570 2 4338.33 3207 3130.99 7.53678 1569
1571 0 4347 3199 3140 6 1570
1572 0 4355 3195 3148 6.94427 1571
1573 0 4375 3175 3156 9.31371 1572
1574 0 4391 3163 3168 10 1573
1575 0 4403 3143 3172 6.94427 1574
1576 0 4411 3135 3180 6.94427 1575
1577 0 4427 3127 3180 6.94427 1576
1578 0 4443 3123 3184 6 1577
1579 0 4451 3123 3188 6 1578
1580 0 4459 3119 3188 2 1579
1581 0 4467 3119 3188 6 1580
1582 0 4483 3115 3188 6 1581
1583 0 4499 3115 3192 6 1582
1584 0 4515 3119 3196 6 1583
1585 0 4523 3119 3196 6 1584
1586 0 4531 3111 3192 3.65685 1585
1587 0 4535 3111 3188 2 1586
1588 0 4535 3111 3184 3.65685 1587
1589 0 4543 3103 3176 3.65685 1588
1590 0 4547 3095 3168 9.31371 1589
1591 0 4535 3083 3160 6.94427 1590
1592 0 4523 3067 3164 6.94427 1591
1593 0 4527 3059 3172 6 1592
1594 0 4395 3163 3196 9.31371 1574
1595 0 4403 3163 3220 10 1594
1596 0 4395 3171 3244 6 1595
1597 0 4387 3171 3260 6.94427 1596
1598 0 4379 3183 3280 6.94427 1597
1599 0 4379 3183 3296 9.31371 1598
1600 0 4387 3195 3316 3.65685 1599
1601 0 4391 3199 3320 2 1600
1602 0 4391 3203 3324 2 1601
1603 0 4391 3207 3328 3.65685 1602
1604 0 4391 3211 3332 2 1603
1605 0 4391 3215 3340 6 1604
1606 0 4395 3219 3344 3.65685 1605
1607 0 4395 3223 3348 3.65685 1606
1608 0 4403 3231 3356 3.65685 1607
1609 0 4407 3235 3360 2 1608
1610 0 4407 3235 3364 2 1609
1611 0 4375 3199 3284 6 1598
1612 0 4379 3215 3288 6 1611
1613 0 4387 3223 3296 9.31371 1612
1614 0 4395 3235 3304 6.94427 1613
1615 0 4347 3223 3140 6 1570
1616 0 4347 3227 3148 2 1615
1617 0 4347 3227 3152 2 1616
1618 0 4351 3231 3156 2 1617
1619 0 4355 3235 3156 2 1618
1620 0 4359 3235 3156 2 1619
1621 0 4363 3239 3160 6 1620
1622 0 4375 3239 3180 6 1621
1623 0 4387 3251 3192 9.31371 1622
1624 2 4393.4 3263.8 3192 9.31371 1623
1625 0 4399 3279 3188 6 1624
1626 0 4399 3287 3184 3.65685 1625
1627 0 4399 3291 3180 3.65685 1626
1628 0 4407 3299 3172 3.65685 1627
1629 0 4411 3303 3168 3.65685 1628
1630 0 4415 3307 3168 3.65685 1629
1631 0 4419 3311 3164 3.65685 1630
1632 0 4403 3259 3208 6.94427 1624
1633 0 4407 3263 3220 6 1632
1634 0 4403 3267 3236 6 1633
1635 0 4407 3271 3244 2 1634
1636 0 4407 3271 3248 2 1635
1637 0 4347 3223 3156 3.65685 1617
1638 0 4347 3223 3160 3.65685 1637
1639 0 4347 3215 3168 6 1638
1640 0 4351 3207 3176 9.31371 1639
1641 0 4347 3199 3180 3.65685 1640
1642 0 4347 3195 3184 2 1641
1643 0 4319 3211 3140 6 1569
1644 0 4307 3215 3148 6 1643
1645 0 4299 3211 3148 6 1644
1646 0 4283 3219 3148 6.94427 1645
1647 0 4279 3227 3152 9.31371 1646
1648 0 4271 3235 3160 3.65685 1647
1649 0 4271 3235 3164 2 1648
1650 0 4271 3235 3168 2 1649
1651 0 4271 3239 3176 6 1650
1652 0 4267 3235 3192 6 1651
1653 0 4251 3239 3208 6.94427 1652
1654 0 4251 3247 3232 6 1653
1655 0 4255 3247 3244 6 1654
1656 0 4259 3243 3260 6.94427 1655
1657 0 4267 3243 3268 9.31371 1656
1658 0 4275 3247 3280 6 1657
1659 0 4275 3247 3288 2 1658
1660 0 4275 3247 3292 2 1659
1661 0 4275 3247 3296 3.65685 1660
1662 0 4279 3247 3308 6 1661
1663 0 4283 3251 3320 9.31371 1662
1664 0 4283 3259 3328 6 1663
1665 0 4287 3271 3348 9.31371 1664
1666 0 4323 3167 3112 21.3238 1568
1667 0 4337.38 3123.08 3124 26.5307 1666
1668 0 4343 3095 3124 38.7922 1667
1669 0 4347 3007 3152 18 1668
1670 0 4351 2971 3152 6 1669
1671 0 4351 2955 3152 6 1670
1672 0 4363 2935 3144 6.94427 1671
1673 0 4367 2927 3144 6.94427 1672
1674 0 4323 3035 3088 14.4924 1668
1675 0 4307 3031 3084 6.94427 1674
1676 0 4287 3039 3068 12.4222 1675
1677 0 4275 3039 3064 6.94427 1676
1678 0 4267 3047 3056 6.94427 1677
1679 0 4255 3047 3048 2 1678
1680 0 4403 3099 3112 22 1668
1681 0 4411 3107 3132 9.31371 1680
1682 0 4407 3111 3144 6 1681
1683 0 4403 3111 3152 6 1682
1684 0 4331 3107 3072 19.5407 1667
1685 0 4343 3111 3056 10 1684
1686 0 4351 3103 3048 6 1685
1687 0 4299 3159 3108 6.94427 1666
1688 0 4283 3147 3104 6.94427 1687
1689 0 4271 3143 3104 9.31371 1688
1690 0 4267 3135 3096 6 1689
1691 0 4303 3255 2988 6 1566
1692 0 4299 3247 2984 6 1691
1693 0 4307 3231 2980 6.94427 1692
1694 0 4315 3223 2980 9.31371 1693
1695 0 4327 3203 2988 9.31371 1694
1696 0 4339 3187 2996 12.4222 1695
1697 0 4339 3175 2984 6.94427 1696
1698 0 4343 3171 2976 6 1697
1699 0 4343 3171 2968 3.65685 1698
1700 0 4343 3167 2960 6 1699
1701 0 4347 3163 2944 6 1700
1702 0 4351 3163 2936 6 1701
1703 0 4351 3163 2928 3.65685 1702
1704 0 4355 3163 2920 6.94427 1703
1705 0 4359 3163 2912 6 1704
1706 0 4363 3155 2904 6 1705
1707 0 4367 3139 2888 6.94427 1706
1708 0 4363 3131 2872 6 1707
1709 0 4355 3127 2864 6 1708
1710 0 4351 3123 2848 6 1709
1711 0 4355 3119 2840 6 1710
1712 0 4355 3115 2828 3.65685 1711
1713 0 4351 3115 2820 3.65685 1712
1714 0 4355 3115 2808 6 1713
1715 0 4355 3115 2800 6 1714
1716 0 4351 3119 2796 6 1715
1717 2 4348.33 3184.33 2997.33 11.6148 1696
1718 0 4383 3179 2996 6 1717
1719 0 4399 3183 2992 6 1718
1720 0 4403 3187 2988 6 1719
1721 0 4431 3195 2980 6.94427 1720
1722 0 4447 3215 2976 9.31371 1721
1723 0 4443 3227 2980 2 1722
1724 0 4439 3231 2980 2 1723
1725 0 4431 3235 2980 6.94427 1724
1726 0 4423 3235 2988 6 1725
1727 0 4415 3231 2992 3.65685 1726
1728 0 4411 3227 2992 3.65685 1727
1729 0 4407 3223 2992 2 1728
1730 0 4355 3195 3032 6.94427 1717
1731 0 4363 3199 3040 6 1730
1732 0 4359 3203 3048 2 1731
1733 0 4359 3207 3052 2 1732
1734 0 4319 3215 2960 6 1694
1735 0 4319 3207 2952 6 1734
1736 0 4319 3199 2952 6 1735
1737 0 4315 3183 2940 9.31371 1736
1738 0 4307 3167 2936 6 1737
1739 0 4263 3283 3000 10 1565
1740 0 4243 3287 2996 12.4222 1739
1741 0 4227 3275 2972 6 1740
1742 0 4219 3267 2964 6 1741
1743 0 4207 3255 2964 6 1742
1744 0 4203 3251 2948 6.94427 1743
1745 0 4207 3243 2932 6 1744
1746 0 4207 3239 2924 6 1745
1747 0 4223 3299 2996 9.31371 1740
1748 0 4207 3307 2992 9.31371 1747
1749 0 4191 3311 2980 3.65685 1748
1750 0 4191 3311 2976 2 1749
1751 0 4303 3307 3016 9.31371 1564
1752 0 4315 3335 3028 10.6491 1751
1753 0 4319 3343 3036 10.6491 1752
1754 0 4323 3355 3036 6.94427 1753
1755 0 4335 3371 3036 6 1754
1756 0 4339 3375 3040 6 1755
1757 0 4339 3383 3040 3.65685 1756
1758 0 4351.74 3395.74 3037.63 9.13973 1757
1759 0 4359 3411 3032 10 1758
1760 0 4363 3423 3032 6 1759
1761 0 4359 3439 3032 6.94427 1760
1762 0 4359 3447 3024 3.65685 1761
1763 0 4359 3451 3024 2 1762
1764 0 4355 3407 3052 9.31371 1758
1765 0 4359 3407 3068 6 1764
1766 0 4367 3403 3076 2 1765
1767 0 4367 3403 3080 2 1766
1768 0 4367 3403 3084 2 1767
1769 0 4267 3311 2980 6.94427 1563
1770 0 4259 3319 2984 6 1769
1771 0 4247 3323 2988 9.31371 1770
1772 0 4239 3319 2992 2 1771
1773 0 4235 3319 2992 2 1772
1774 0 4331 3307 2976 6.94427 1562
1775 0 4335 3299 2972 6 1774
1776 0 4335 3295 2960 6 1775
1777 0 4335 3295 2952 3.65685 1776
1778 0 4335 3295 2948 3.65685 1777
1779 0 4335 3295 2944 2 1778
1780 0 4387 3375 2904 9.31371 1067
1781 0 4391 3363 2892 6 1780
1782 0 4395 3355 2884 9.31371 1781
1783 0 4391 3351 2876 6.94427 1782
1784 0 4379 3351 2864 6.94427 1783
1785 0 4371 3351 2848 6.94427 1784
1786 0 4371 3351 2840 6.94427 1785
1787 0 4359 3351 2828 9.31371 1786
1788 0 4359 3347 2808 14 1787
1789 0 4351 3323 2792 18 1788
1790 0 4311 3279 2788 21.3238 1789
1791 2 4291.59 3268.22 2781.53 21.3238 1790
1792 0 4275 3259 2776 21.3238 1791
1793 2 4262.89 3251.74 2771.16 16.891 1792
1794 0 4235 3247 2768 18 1793
1795 0 4215 3251 2756 6 1794
1796 0 4203 3243 2752 10.6491 1795
1797 0 4187 3227 2748 9.31371 1796
1798 0 4171 3219 2752 14.9706 1797
1799 0 4139 3207 2756 6 1798
1800 0 4127 3199 2748 6.94427 1799
1801 0 4115 3183 2744 6 1800
1802 0 4111 3163 2744 6.94427 1801
1803 0 4103 3159 2744 6.94427 1802
1804 0 4095 3155 2736 6.94427 1803
1805 0 4083 3139 2728 9.31371 1804
1806 0 4055 3127 2728 10 1805
1807 0 4043 3131 2728 6 1806
1808 0 4035 3135 2728 6 1807
1809 0 4243 3247 2792 14 1793
1810 0 4227 3247 2804 18 1809
1811 0 4227 3255 2824 9.31371 1810
1812 0 4263 3255 2748 14 1792
1813 0 4251 3255 2736 10 1812
1814 0 4243 3235 2724 14 1813
1815 0 4239 3219 2732 14 1814
1816 0 4227 3211 2736 6.94427 1815
1817 0 4283 3259 2716 14.4924 1812
1818 0 4291 3271 2700 12.4222 1817
1819 0 4295 3283 2692 6 1818
1820 0 4271 3255 2804 18 1791
1821 0 4275 3275 2840 10.6491 1820
1822 0 4411 3335 2888 6.94427 1782
1823 0 4415 3327 2888 6.94427 1822
1824 0 4423 3323 2888 3.65685 1823
1825 0 4431 3315 2888 9.31371 1824
1826 0 4451 3299 2888 6.94427 1825
1827 0 4459 3291 2884 6.94427 1826
1828 0 4459 3283 2876 3.65685 1827
1829 0 4455 3279 2872 6 1828
1830 0 4459 3267 2864 6 1829
1831 0 4463 3255 2860 6.94427 1830
1832 0 4479 3243 2856 6.94427 1831
1833 0 4487 3231 2856 10 1832
1834 0 4503 3219 2876 6 1833
1835 0 4503 3207 2892 6 1834
1836 0 4503 3203 2904 10 1835
1837 0 4499 3203 2916 3.65685 1836
1838 0 4495 3207 2920 2 1837
1839 0 4411 3291 2888 10 1825
1840 0 4411 3279 2888 6 1839
1841 0 4415 3263 2880 6 1840
1842 0 4415 3259 2872 3.65685 1841
1843 0 4419 3255 2868 2 1842
1844 0 4399 3367 2872 3.65685 1782
1845 0 4399 3371 2864 3.65685 1844
1846 0 4403 3375 2856 6 1845
1847 0 4399 3379 2852 6 1846
1848 0 4463 3423 2920 6.94427 1066
1849 0 4463 3415 2932 6 1848
1850 0 4455 3403 2944 6 1849
1851 0 4455 3391 2964 6 1850
1852 0 4459 3383 2972 6.94427 1851
1853 0 4463 3379 2996 12.4222 1852
1854 0 4472.54 3370.62 3025.15 12.2517 1853
1855 0 4487 3367 3036 10.6491 1854
1856 0 4499 3363 3044 14 1855
1857 0 4527 3351 3056 6 1856
1858 0 4535 3355 3060 3.65685 1857
1859 0 4543 3363 3068 6.94427 1858
1860 0 4547 3375 3084 6 1859
1861 0 4551 3391 3096 6 1860
1862 0 4551 3399 3104 9.31371 1861
1863 0 4567 3415 3108 6.94427 1862
1864 0 4587 3427 3104 6.94427 1863
1865 0 4595 3431 3100 6 1864
1866 0 4467 3375 3048 6 1854
1867 0 4471 3375 3064 6 1866
1868 0 4467 3367 3080 6 1867
1869 0 4467 3367 3096 6 1868
1870 0 4459 3359 3108 6 1869
1871 0 4451 3351 3116 6 1870
1872 0 4451 3347 3124 6 1871
1873 0 4443 3339 3132 9.31371 1872
1874 0 4435 3327 3144 10 1873
1875 0 4427 3323 3152 6.94427 1874
1876 0 4427 3487 2936 6 1065
1877 0 4427 3487 2944 6 1876
1878 0 4411 3491 2960 6.94427 1877
1879 0 4399 3499 2972 6.94427 1878
1880 0 4395 3491 2988 6 1879
1881 0 4399 3487 2992 6 1880
1882 0 4487 3483 2904 10 1064
1883 0 4499 3495 2908 6 1882
1884 0 4507 3499 2912 3.65685 1883
1885 0 4511 3499 2912 3.65685 1884
1886 0 4515 3503 2916 2 1885
1887 0 4519 3503 2916 2 1886
1888 0 4523 3503 2916 2 1887
1889 0 4527 3503 2916 2 1888
1890 0 4447 3519 2868 14 1064
1891 0 4455 3531 2860 10 1890
1892 0 4467 3563 2840 12.4222 1891
1893 0 4471 3575 2828 14.4924 1892
1894 0 4483 3587 2800 10 1893
1895 0 4491 3591 2780 9.31371 1894
1896 0 4495 3591 2768 6.94427 1895
1897 0 4503 3591 2744 12.4222 1896
1898 0 4503 3591 2728 12.4222 1897
1899 0 4519 3611 2708 12.4222 1898
1900 0 4527 3627 2688 12.4222 1899
1901 0 4527 3631 2648 14 1900
1902 0 4531 3619 2608 12.4222 1901
1903 0 4531 3619 2576 10 1902
1904 0 4539 3623 2544 10 1903
1905 0 4543 3627 2524 9.31371 1904
1906 0 4543 3627 2512 6.94427 1905
1907 0 4547 3631 2488 10 1906
1908 0 4551 3631 2464 10.6491 1907
1909 0 4551 3623 2440 9.31371 1908
1910 0 4543 3623 2416 9.31371 1909
1911 0 4543 3623 2404 6 1910
1912 0 4543 3623 2396 6 1911
1913 0 4547 3623 2368 12.4222 1912
1914 0 4563 3623 2336 10.6491 1913
1915 0 4567 3623 2316 9.31371 1914
1916 0 4575 3627 2296 9.31371 1915
1917 0 4587 3635 2276 9.31371 1916
1918 0 4599 3635 2252 9.31371 1917
1919 0 4611 3639 2228 9.31371 1918
1920 0 4619 3647 2200 10 1919
1921 0 4627 3647 2176 9.31371 1920
1922 0 4635 3647 2148 10.6491 1921
1923 0 4639 3639 2124 9.31371 1922
1924 0 4643 3635 2100 10 1923
1925 0 4651 3627 2064 15.8885 1924
1926 0 4675 3631 2040 14 1925
1927 0 4699 3643 2016 14 1926
1928 0 4715 3643 1988 12.4222 1927
1929 0 4727 3651 1948 10 1928
1930 0 4739 3651 1920 9.31371 1929
1931 0 4747 3651 1896 10.6491 1930
1932 0 4763 3651 1868 10.6491 1931
1933 0 4771 3651 1844 10.6491 1932
1934 0 4783 3651 1820 10.6491 1933
1935 0 4787 3647 1784 10.6491 1934
1936 0 4795 3647 1748 10.6491 1935
1937 0 4799 3643 1716 10.6491 1936
1938 0 4811 3647 1684 12.4222 1937
1939 0 4819 3647 1656 12.4222 1938
1940 0 4831 3651 1628 14 1939
1941 0 4847 3643 1584 12.4222 1940
1942 0 4871 3631 1556 14 1941
1943 0 4887 3623 1520 18 1942
1944 0 4899 3615 1504 14.9706 1943
