# Generated by NeuTu (https://github.com/janelia-flyem/NeuTu)
1 0 4166 2946 5217 2 -1
2 0 4162 2942 5217 3.65685 1
3 0 4154 2934 5213 6.94427 2
4 0 4138 2918 5205 9.31371 3
5 0 4114 2906 5201 6 4
6 0 4102 2902 5197 9.31371 5
7 0 4090 2906 5197 6 6
8 0 4074 2910 5201 6 7
9 0 4058 2914 5201 6 8
10 0 4042 2922 5201 6 9
11 0 4018 2930 5197 6 10
12 0 4002 2934 5197 2 11
13 0 3998 2934 5197 2 12
14 0 3994 2934 5197 2 13
15 0 3986 2930 5197 6 14
16 0 3978 2922 5197 6.94427 15
17 0 3962 2918 5197 6.94427 16
18 0 3950 2914 5201 6 17
19 0 3934 2914 5201 6.94427 18
20 0 3922 2918 5201 9.31371 19
21 0 3910 2918 5201 6 20
22 0 3906 2922 5197 6 21
23 0 3890 2922 5193 6.94427 22
24 0 3874 2914 5193 6.94427 23
25 0 3862 2902 5193 9.31371 24
26 0 3846 2894 5193 6 25
27 0 3838 2894 5193 6 26
28 0 3830 2894 5193 2 27
29 0 3822 2890 5193 6 28
30 0 3806 2890 5193 6 29
31 0 3782 2894 5189 9.31371 30
32 0 3766 2870 5189 10 31
33 0 3750 2854 5181 6.94427 32
34 0 3742 2846 5173 6 33
35 0 3734 2842 5173 3.65685 34
36 0 3726 2838 5173 6 35
37 0 3718 2830 5165 6 36
