# Generated by NeuTu (https://github.com/janelia-flyem/NeuTu)
1 0 3888 3231 5130 6 -1
2 0 3896 3219 5122 6 1
3 0 3896 3211 5122 6 2
4 0 3908 3195 5122 6 3
5 0 3908 3187 5122 6 4
6 0 3916 3179 5122 10 5
7 0 3924 3167 5114 6 6
8 0 3932 3155 5110 6 7
9 0 3940 3139 5106 6 8
10 0 3940 3123 5106 6 9
11 0 3948 3107 5106 10 10
12 0 3952 3095 5106 6.94427 11
13 0 3964 3079 5110 9.31371 12
14 0 3992 3063 5118 9.31371 13
15 0 3996 3055 5122 6 14
16 0 4004 3039 5126 6 15
17 0 4016 3023 5130 6.94427 16
18 0 4028 3007 5130 9.31371 17
19 0 4036 3003 5126 6.94427 18
20 0 4044 2991 5122 6.94427 19
21 0 4052 2979 5118 6 20
22 0 4060 2967 5114 6.94427 21
23 0 4056 2943 5106 10 22
24 0 4052 2927 5098 6.94427 23
25 0 4044 2919 5090 6 24
26 0 4040 2915 5086 3.65685 25
27 0 4036 2911 5082 3.65685 26
28 0 4027 2903 5073 6.82624 27
29 0 4020 2903 5066 6 28
30 0 4016 2899 5062 3.65685 29
31 0 4012 2895 5058 3.65685 30
32 0 4008 2891 5058 3.65685 31
33 0 4004 2887 5054 6 32
34 0 3996 2871 5050 6.94427 33
35 0 3992 2863 5050 6 34
36 0 3988 2847 5050 9.31371 35
37 0 3980 2839 5054 6 36
38 0 3964 2827 5054 6.94427 37
39 0 3944 2811 5050 10 38
40 0 3928 2819 5038 3.65685 39
41 0 3920 2823 5038 6.94427 40
42 0 3904 2823 5038 6 41
43 0 3888 2823 5038 6 42
44 0 3872 2823 5038 10 43
45 0 3860 2815 5034 6 44
46 0 3852 2811 5034 6 45
47 0 3840 2811 5034 9.31371 46
48 0 3828 2815 5034 6 47
49 0 3812 2811 5038 6 48
50 0 3808 2807 5042 6 49
51 0 3808 2807 5054 9.31371 50
52 0 3944 2791 5054 6 39
53 0 3944 2783 5054 6.94427 52
54 0 3952 2775 5046 10 53
55 0 3964 2775 5046 6 54
56 0 3984 2767 5046 6.94427 55
57 0 3988 2751 5046 3.65685 56
58 0 3988 2747 5046 2 57
59 0 4008 2891 5086 6.94427 28
60 0 3996 2887 5094 9.31371 59
61 0 3988 2883 5098 3.65685 60
62 0 3984 2879 5098 2 61
