# Generated by NeuTu (https://github.com/janelia-flyem/NeuTu)
1 0 3813 2796 5287 6.94427 -1
2 0 3833 2796 5291 6.94427 1
3 0 3845 2796 5291 10 2
4 0 3857 2780 5295 6.94427 3
5 0 3869 2768 5299 6 4
6 0 3873 2764 5303 3.65685 5
7 0 3877 2760 5307 6 6
8 0 3885 2744 5315 6 7
9 0 3885 2736 5315 3.65685 8
10 0 3889 2728 5315 6 9
11 0 3889 2712 5311 6 10
12 0 3889 2700 5311 6.94427 11
13 0 3885 2692 5315 6.94427 12
14 0 3877 2684 5323 3.65685 13
15 0 3873 2680 5327 3.65685 14
16 0 3869 2676 5331 6 15
17 0 3873 2664 5331 6 16
18 0 3869 2652 5327 6 17
19 0 3865 2648 5331 6 18
20 0 3857 2640 5327 3.65685 19
21 0 3853 2632 5319 6.94427 20
22 0 3853 2628 5311 3.65685 21
23 0 3845 2620 5299 6.94427 22
24 0 3841 2608 5287 6 23
25 0 3833 2596 5279 6 24
26 0 3825 2588 5279 6.94427 25
27 0 3821 2572 5283 6 26
