# Generated by NeuTu (https://github.com/janelia-flyem/NeuTu)
1 0 3620 3334 5454 2 -1
2 0 3620 3330 5454 2 1
3 0 3620 3326 5458 3.65685 2
4 0 3624 3322 5462 6 3
5 0 3624 3310 5466 9.31371 4
6 0 3620 3298 5478 10 5
7 0 3612 3278 5482 6 6
8 0 3608 3258 5482 6 7
9 0 3612 3238 5482 6 8
10 0 3616 3230 5486 3.65685 9
11 0 3620 3222 5486 6.94427 10
12 0 3628 3210 5490 6.94427 11
13 0 3636 3198 5498 6.94427 12
14 0 3640 3182 5498 3.65685 13
15 0 3644 3178 5498 2 14
16 0 3644 3174 5498 3.65685 15
17 0 3648 3170 5498 2 16
