# Generated by NeuTu (https://github.com/janelia-flyem/NeuTu)
1 0 3971 2949 5112 2 -1
2 0 3975 2961 5112 6 1
3 0 3991 2977 5112 6.94427 2
4 0 3995 2997 5112 6 3
5 0 4007 3013 5108 6 4
6 0 4007 3021 5104 6 5
7 0 4011 3029 5100 3.65685 6
8 0 4011 3033 5096 3.65685 7
9 0 4015 3037 5096 3.65685 8
10 0 4019 3041 5092 3.65685 9
11 0 4023 3041 5092 3.65685 10
12 0 4031 3049 5092 10 11
13 0 4031 3061 5088 10 12
14 0 4039 3077 5104 6.94427 13
15 0 4039 3085 5112 6 14
16 0 4035 3093 5116 9.31371 15
17 0 4019 3105 5128 6 16
18 0 4011 3105 5128 6.94427 17
19 0 3999 3117 5140 6.94427 18
20 0 3983 3129 5152 6 19
21 0 3975 3149 5152 6.94427 20
22 0 3971 3157 5152 6 21
23 0 3975 3173 5148 6 22
24 0 3979 3193 5144 10.6491 23
25 0 3983 3209 5152 10 24
26 0 3987 3221 5152 6 25
27 0 3991 3237 5156 6 26
28 0 3991 3245 5156 6 27
29 0 3991 3253 5156 2 28
30 0 3991 3257 5156 3.65685 29
31 0 3995 3261 5152 3.65685 30
32 0 3995 3269 5148 6 31
33 0 3999 3289 5140 6 32
34 0 3995 3305 5132 6 33
35 0 3995 3313 5124 6 34
36 0 4047 3037 5096 6 12
37 0 4051 3025 5096 3.65685 36
38 0 4055 3017 5100 6 37
39 0 4063 3001 5100 9.31371 38
40 0 4063 2981 5100 9.31371 39
41 0 4059 2965 5096 6.94427 40
42 0 4051 2949 5100 6.94427 41
