# Generated by NeuTu (https://github.com/janelia-flyem/NeuTu)
1 0 4167 3010 5108 2 -1
2 0 4167 3014 5112 3.65685 1
3 0 4159 3026 5112 9.31371 2
4 0 4139 3038 5116 6.94427 3
5 0 4131 3046 5112 9.31371 4
6 0 4115 3054 5116 6 5
7 0 4099 3058 5124 6 6
8 0 4095 3062 5128 2 7
9 0 4091 3066 5132 2 8
10 0 4087 3070 5136 6 9
11 0 4079 3074 5144 10 10
12 0 4067 3074 5152 10.6491 11
13 0 4047 3078 5152 6 12
14 0 4031 3078 5152 6.94427 13
15 0 4015 3090 5156 6 14
16 0 4011 3094 5152 6 15
17 0 4007 3098 5156 3.65685 16
18 0 4003 3102 5156 3.65685 17
19 0 3995 3106 5156 6 18
20 0 3987 3114 5152 6 19
21 0 3979 3126 5156 6 20
22 0 3975 3138 5160 6 21
23 0 3971 3146 5160 3.65685 22
24 0 3967 3154 5160 6 23
25 0 3967 3162 5160 2 24
26 0 3967 3174 5160 6 25
27 0 3963 3190 5164 6.94427 26
28 0 3955 3210 5172 6 27
29 0 3951 3222 5172 6 28
30 0 3947 3230 5176 6 29
31 0 3911.72 3298.98 5163.87 30.2191 30
32 2 3929.22 3376.68 5112.88 43.7129 31
33 0 3943 3434 5104 22 32
34 0 3947 3474 5096 18 33
35 0 3955 3526 5088 14 34
36 0 3955 3554 5088 6 35
37 0 3955 3566 5088 6 36
38 0 3955 3586 5088 10 37
39 0 3963 3622 5088 15.8885 38
40 0 3975 3650 5092 10.6491 39
41 0 3979 3678 5096 10 40
42 0 3979 3702 5092 10 41
43 0 3979 3714 5084 6 42
44 0 3975 3726 5080 6.94427 43
45 0 3963 3742 5064 10.6491 44
46 0 3943 3766 5052 9.31371 45
47 0 3927 3786 5048 9.31371 46
48 0 3907 3814 5036 12.4222 47
49 0 3891 3850 5024 14 48
50 0 3883 3862 5012 12.4222 49
51 0 3871 3866 5000 6 50
52 0 3939 3314 5084 6.94427 32
53 0 3939 3306 5072 6.94427 52
54 0 3935 3306 5064 6 53
55 0 3935 3306 5056 2 54
56 0 3943 3298 5048 9.31371 55
57 0 3951 3294 5036 9.31371 56
58 0 3879 3274 5152 9.31371 31
59 0 3879 3262 5152 6 58
60 0 3879 3254 5156 6 59
61 0 3879 3246 5156 3.65685 60
62 0 3883 3242 5160 6 61
