# Generated by NeuTu (https://github.com/janelia-flyem/NeuTu)
1 0 3659 3396 5135 9.31371 -1
2 0 3655 3400 5143 9.31371 1
3 0 3643 3400 5147 6 2
4 0 3622.05 3388 5136.15 9.27527 3
5 0 3619 3388 5127 6.94427 4
6 0 3623 3400 5115 6.94427 5
7 0 3627 3404 5107 6.94427 6
8 0 3631 3412 5099 3.65685 7
9 0 3639 3420 5095 6 8
10 0 3647 3428 5087 6.94427 9
11 0 3647 3436 5075 6.94427 10
12 0 3647 3436 5067 6 11
13 0 3643 3444 5059 6 12
14 0 3639 3448 5047 10 13
15 0 3647 3464 5027 10.6491 14
16 0 3663 3480 5015 2 15
17 0 3667 3480 5015 2 16
18 0 3595 3372 5135 6 4
19 0 3587 3364 5139 3.65685 18
20 0 3587 3360 5139 3.65685 19
21 0 3579 3352 5139 6 20
