# Generated by NeuTu (https://github.com/janelia-flyem/NeuTu)
1 0 4024 3214 5187 6 -1
2 0 4020 3226 5199 6 1
3 0 4020 3226 5207 6 2
4 0 4024 3222 5211 6 3
5 0 4024 3222 5219 6 4
6 0 4024 3214 5227 6 5
7 0 4016 3210 5239 14 6
8 0 4016 3214 5255 10 7
9 0 4012 3206 5263 6.94427 8
10 0 4020.87 3191.75 5282.49 8.5906 9
11 0 4024 3198 5295 6 10
12 0 4020 3194 5303 6 11
13 0 4024 3186 5319 6 12
14 0 4024 3186 5335 6 13
15 0 4024 3186 5343 6 14
16 0 4008 3186 5359 6.94427 15
17 0 3992 3178 5375 6.94427 16
18 0 3980 3162 5379 6 17
19 0 3972 3150 5375 6 18
20 0 3968 3134 5375 6 19
21 0 3964 3114 5379 6.94427 20
22 0 3960 3102 5387 6.94427 21
23 0 3948 3090 5399 9.31371 22
24 0 3944 3082 5403 6 23
25 0 4024 3210 5279 6 10
26 0 4024 3218 5283 6 25
27 0 4028 3226 5287 2 26
28 0 4028 3230 5287 2 27
29 0 4028 3234 5287 2 28
