# Generated by NeuTu (https://github.com/janelia-flyem/NeuTu)
1 0 3853 3053 5251 6.94427 -1
2 0 3849 3065 5247 10 1
3 0 3849 3077 5247 6.94427 2
4 0 3845 3085 5243 9.31371 3
5 0 3849 3097 5235 6.94427 4
6 0 3853 3117 5235 6 5
7 0 3857 3133 5235 6 6
8 0 3849 3149 5239 6.94427 7
9 2 3836.76 3153 5247.24 8.02463 8
10 0 3829 3153 5255 10 9
11 0 3817 3149 5255 6.94427 10
12 0 3801 3137 5263 6.94427 11
13 0 3785 3129 5271 6.94427 12
14 0 3769 3117 5275 6.94427 13
15 0 3753 3097 5283 9.31371 14
16 0 3745 3081 5299 3.65685 15
17 0 3737 3073 5299 6 16
18 0 3733 3069 5303 6 17
19 0 3729 3065 5307 3.65685 18
20 0 3717 3061 5307 6 19
21 0 3697 3053 5307 6 20
22 0 3681 3045 5307 6.94427 21
23 0 3665 3037 5303 6 22
24 0 3653 3029 5299 6.94427 23
25 0 3633 3021 5295 9.31371 24
26 0 3613 3021 5287 6 25
27 0 3597 3021 5283 6 26
28 0 3589 3021 5283 6 27
29 0 3585 3017 5287 6 28
30 0 3581 3013 5283 6 29
31 0 3573 3005 5283 9.31371 30
32 0 3565 3001 5287 6 31
33 0 3549 2989 5291 9.31371 32
34 0 3533 2993 5299 6 33
35 0 3853 3165 5255 9.31371 9
36 0 3865 3161 5251 6 35
37 0 3869 3165 5247 6 36
38 0 3877 3173 5243 9.31371 37
39 0 3897 3185 5231 6 38
40 0 3913 3185 5227 6.94427 39
41 0 3929 3185 5231 6 40
42 0 3937 3185 5231 6 41
