# Generated by NeuTu (https://github.com/janelia-flyem/NeuTu)
1 0 3861 2876 5321 2 -1
2 0 3857 2880 5325 3.65685 1
3 0 3853 2884 5325 3.65685 2
4 0 3845 2892 5325 6.94427 3
5 0 3829 2892 5325 9.31371 4
6 0 3817 2896 5329 6.94427 5
7 0 3809 2908 5329 6 6
8 0 3805 2916 5329 6 7
9 0 3801 2924 5325 9.31371 8
10 0 3789 2936 5329 12.4222 9
11 0 3777 2940 5329 6.94427 10
12 0 3765 2952 5333 6 11
13 0 3749 2980 5337 9.31371 12
14 0 3733 3004 5337 6.94427 13
15 0 3729 3012 5337 6 14
16 0 3729 3024 5333 10 15
17 0 3729 3032 5325 10 16
18 0 3729 3044 5325 6 17
19 0 3729 3060 5325 6 18
20 0 3733 3072 5317 6 19
21 0 3733 3088 5317 6 20
22 0 3733 3104 5317 6 21
23 0 3733 3112 5317 6 22
24 0 3733 3124 5317 10 23
25 0 3737 3148 5309 9.31371 24
26 0 3741 3160 5309 6 25
27 0 3745 3176 5309 6 26
28 0 3745 3192 5309 6 27
29 0 3745 3204 5305 2 28
30 0 3745 3212 5305 6 29
31 0 3741 3220 5301 6 30
