# Generated by NeuTu (https://github.com/janelia-flyem/NeuTu)
1 0 3935 3013 5333 6 -1
2 0 3955 2997 5353 9.31371 1
3 0 3967 3001 5353 6 2
4 0 3979 3005 5345 10 3
5 0 3991 3001 5341 6 4
6 0 4007 3005 5341 6 5
7 0 4019 3009 5341 10 6
8 0 4047 3001 5337 14.4924 7
9 0 4055 2977 5329 6.94427 8
10 0 4067 2961 5317 6.94427 9
11 0 4075 2953 5321 9.31371 10
12 0 4087 2933 5321 3.65685 11
13 0 4095 2925 5321 6.94427 12
14 0 4099 2909 5325 6 13
15 0 4099 2893 5329 6 14
16 0 4099 2881 5337 6.94427 15
17 0 4107 2861 5353 9.31371 16
18 0 4119 2845 5365 6 17
19 0 4067 3013 5337 9.31371 8
20 0 4083 3013 5337 6 19
21 0 4099 3013 5337 6 20
22 0 4103 3017 5333 6 21
23 0 4119 3017 5333 6 22
24 0 4123 3021 5337 6 23
25 0 4123 3025 5345 2 24
26 0 4123 3025 5349 2 25
27 0 4123 3025 5353 2 26
28 0 3959 3025 5333 10 4
29 0 3947 3033 5337 6.94427 28
30 0 3947 3041 5337 2 29
31 0 3947 3045 5337 2 30
