# Generated by NeuTu (https://github.com/janelia-flyem/NeuTu)
1 0 3853 3737 5382 6 -1
2 0 3826.04 3709.49 5386 19.843 1
3 0 3805 3713 5386 9.31371 2
4 0 3793 3717 5394 6 3
5 0 3785 3717 5402 9.31371 4
6 0 3781 3713 5410 3.65685 5
7 0 3773 3713 5418 6 6
8 0 3769 3713 5426 6 7
9 0 3761 3709 5454 14.4924 8
10 2 3775.48 3696.22 5487.98 31.4068 9
11 2 3773.86 3686.66 5509.81 38.9647 10
12 2 3786.26 3672.19 5526.35 34.7153 11
13 2 3793.67 3666.33 5533.33 31.8142 12
14 2 3812.49 3655.58 5546.78 23.8974 13
15 0 3829 3637 5574 12.4222 14
16 0 3833 3637 5590 6.94427 15
17 0 3837 3641 5598 6.94427 16
18 0 3845 3641 5606 10.6491 17
19 0 3857 3629 5634 10 18
20 0 3861 3621 5658 10 19
21 0 3861 3617 5670 6.94427 20
22 0 3857 3609 5678 3.65685 21
23 0 3853 3605 5682 2 22
24 0 3777 3621 5546 10.6491 14
25 0 3753 3597 5558 15.8885 24
26 0 3733 3589 5574 3.65685 25
27 0 3733 3593 5578 3.65685 26
28 0 3733 3597 5578 2 27
29 0 3821 3661 5494 15.8885 13
30 0 3833 3657 5482 6 29
31 0 3833 3653 5470 3.65685 30
32 0 3833 3653 5466 3.65685 31
33 0 3837 3649 5462 2 32
34 0 3728.7 3636.85 5538.3 20.0741 12
35 0 3701 3629 5582 26 34
36 0 3693 3605 5602 14 35
37 0 3677 3589 5610 10 36
38 0 3657 3601 5618 2 37
39 0 3657 3605 5618 2 38
40 0 3681 3649 5614 19.5407 35
41 0 3681 3633 5630 14 40
42 0 3737 3605 5530 18 34
43 0 3753 3613 5526 6 42
44 0 3761 3617 5518 2 43
45 0 3741 3573 5546 14.4924 42
46 0 3737 3561 5538 10 45
47 0 3729 3553 5538 3.65685 46
48 0 3725 3549 5534 2 47
49 0 3809 3721 5502 14.9706 11
50 0 3825 3737 5486 14.4924 49
51 0 3837 3761 5478 3.65685 50
52 0 3841 3765 5478 2 51
53 0 3809 3685 5470 10.6491 10
54 0 3821 3685 5470 10 53
55 0 3833 3693 5478 6 54
56 0 3813 3665 5382 6.94427 2
57 0 3813 3657 5378 3.65685 56
58 0 3809 3653 5378 2 57
