# Generated by NeuTu (https://github.com/janelia-flyem/NeuTu)
1 0 3653 3526 5390 6 -1
2 0 3657 3546 5382 6 1
3 0 3657 3558 5378 10 2
4 0 3645 3582 5366 10 3
5 0 3645 3594 5362 6 4
6 0 3649 3598 5358 6 5
7 0 3649 3606 5354 3.65685 6
8 0 3653 3614 5346 6 7
9 0 3653 3614 5338 2 8
10 0 3649 3622 5330 6 9
11 0 3645 3630 5322 10 10
12 0 3641 3638 5306 6.94427 11
13 0 3645 3650 5294 9.31371 12
14 0 3645 3662 5290 2 13
15 0 3645 3666 5290 2 14
16 0 3645 3674 5282 6 15
17 0 3661 3686 5278 6.94427 16
18 0 3677 3694 5274 6 17
19 0 3693 3694 5282 6 18
20 0 3713 3694 5286 6.94427 19
21 0 3729 3698 5298 6.94427 20
22 0 3737 3702 5298 6 21
23 0 3749 3706 5302 9.31371 22
24 0 3757 3710 5306 6 23
