# Generated by NeuTu (https://github.com/janelia-flyem/NeuTu)
1 0 3568 3523 5387 2 -1
2 0 3572 3527 5387 3.65685 1
3 0 3568 3551 5387 12.4222 2
4 0 3568 3563 5399 6 3
5 0 3572 3567 5407 2 4
6 0 3572 3567 5411 2 5
7 0 3572 3571 5415 3.65685 6
8 0 3576 3579 5423 6.94427 7
9 0 3592 3595 5427 6.94427 8
10 0 3600 3603 5427 3.65685 9
11 0 3604 3607 5427 3.65685 10
12 0 3612 3615 5427 6.94427 11
13 0 3620 3623 5431 6 12
14 0 3624 3639 5427 6 13
15 0 3628 3643 5431 6 14
16 0 3628 3651 5427 3.65685 15
17 0 3624 3655 5431 2 16
