# Generated by NeuTu (https://github.com/janelia-flyem/NeuTu)
1 0 3882 3695 5447 6 -1
2 0 3878 3699 5443 6 1
3 0 3874 3707 5435 9.31371 2
4 0 3870 3711 5419 3.65685 3
5 0 3870 3703 5411 6 4
6 0 3870 3691 5407 10 5
7 0 3866 3679 5399 10.6491 6
8 0 3858 3659 5391 18.3961 7
9 0 3874 3619 5387 10 8
10 0 3882 3611 5387 6 9
11 0 3886 3607 5383 6 10
12 0 3894 3599 5383 10 11
13 0 3898 3587 5383 6.94427 12
14 0 3914 3575 5383 6.94427 13
15 0 3922 3563 5383 6.94427 14
16 0 3938 3539 5395 10.6491 15
17 0 3938 3527 5403 6 16
18 0 3938 3511 5407 6 17
19 0 3934 3491 5403 6 18
20 0 3934 3483 5411 6 19
21 0 3930 3475 5411 6.94427 20
22 0 3918 3463 5419 6.94427 21
23 0 3914 3459 5427 6 22
