# Generated by NeuTu (https://github.com/janelia-flyem/NeuTu)
1 0 4122 2178 5406 6 -1
2 0 4130 2198 5398 6 1
3 0 4134 2202 5402 6 2
4 0 4138 2206 5398 3.65685 3
5 0 4146 2214 5398 3.65685 4
6 0 4154 2222 5398 3.65685 5
7 0 4158 2230 5398 6 6
8 0 4162 2238 5390 6.94427 7
9 0 4162 2258 5390 6 8
10 0 4162 2278 5386 6.94427 9
11 0 4158 2302 5378 10 10
12 0 4154 2314 5378 6 11
13 0 4158 2334 5378 6 12
14 0 4162 2338 5382 3.65685 13
15 0 4170 2346 5382 6.94427 14
16 0 4178 2362 5398 6 15
17 0 4178 2366 5406 6 16
18 0 4170 2354 5418 6 17
19 0 4178 2354 5430 6 18
20 0 4190 2350 5438 6 19
21 0 4198 2354 5442 6 20
22 0 4206 2354 5450 2 21
23 0 4210 2350 5454 6 22
24 0 4214 2338 5474 6 23
25 0 4218 2334 5478 3.65685 24
26 0 4218 2330 5482 3.65685 25
27 0 4226 2318 5490 6.94427 26
28 0 4238 2310 5498 6.94427 27
29 0 4246 2302 5506 9.31371 28
30 0 4246 2294 5518 6 29
31 0 4242 2290 5522 2 30
32 0 4242 2290 5526 2 31
