# Generated by NeuTu (https://github.com/janelia-flyem/NeuTu)
1 0 4531 2195 5023 2 -1
2 0 4527 2191 5027 3.65685 1
3 0 4527 2183 5031 6 2
4 0 4515 2175 5039 6.94427 3
5 0 4499 2171 5055 6 4
6 0 4475.84 2169.95 5078.16 11.6042 5
7 0 4463 2163 5099 9.31371 6
8 0 4467 2163 5111 6 7
9 0 4475 2171 5119 6.94427 8
10 0 4479 2183 5123 10 9
11 0 4495 2207 5123 9.31371 10
12 0 4511 2223 5123 9.31371 11
13 0 4519 2231 5123 10.6491 12
14 0 4471 2191 5083 10 6
15 0 4475 2215 5087 10 14
16 0 4475 2227 5091 6 15
