# Generated by NeuTu (https://github.com/janelia-flyem/NeuTu)
1 0 4311 1977 5108 6 -1
2 0 4327 1981 5120 6 1
3 0 4335 1981 5124 6 2
4 0 4351 1981 5112 6 3
5 0 4355 1969 5096 6.94427 4
6 0 4367 1961 5092 12.4222 5
7 2 4386.54 1958.89 5085.89 8.55952 6
8 0 4403 1965 5092 6 7
9 0 4419 1969 5096 6 8
10 0 4435 1969 5100 6 9
11 0 4451 1977 5112 6 10
12 0 4467 1977 5128 6.94427 11
13 0 4399 1945 5068 6.94427 7
14 0 4419 1933 5060 6.94427 13
15 0 4435 1925 5056 9.31371 14
16 0 4447 1921 5056 6 15
17 0 4459 1917 5052 6.94427 16
