# Generated by NeuTu (https://github.com/janelia-flyem/NeuTu)
1 0 4141 1941 5225 2 -1
2 0 4145 1945 5225 3.65685 1
3 0 4153 1945 5233 10 2
4 0 4181 1961 5237 10 3
5 0 4209.33 1977.67 5232.33 9.11626 4
6 0 4213 1985 5225 6.94427 5
7 0 4209 2001 5209 6.94427 6
8 0 4209 2013 5193 6.94427 7
9 0 4205 2021 5181 6 8
10 0 4205 2029 5173 6 9
11 0 4205 2029 5161 6 10
12 0 4209 2025 5157 3.65685 11
13 0 4209 2021 5153 3.65685 12
14 0 4213 2017 5149 2 13
15 0 4229 1977 5237 10.6491 5
16 0 4241 1981 5241 6 15
17 0 4253 1981 5241 6 16
