# Generated by NeuTu (https://github.com/janelia-flyem/NeuTu)
1 0 4346 2183 5209 6.94427 -1
2 0 4362 2175 5217 10 1
3 0 4378 2175 5225 12.4222 2
4 0 4406 2191 5229 6 3
5 0 4422 2195 5229 6 4
6 0 4434 2199 5229 6 5
7 0 4442 2199 5229 6 6
8 0 4454 2199 5229 9.31371 7
9 0 4462 2183 5237 6.94427 8
10 0 4474 2163 5241 9.31371 9
11 2 4486.36 2152.09 5253.36 8.4521 10
12 0 4502 2139 5269 3.65685 11
13 0 4522 2123 5281 9.31371 12
14 0 4530 2103 5281 2 13
15 0 4530 2099 5281 2 14
16 0 4470 2147 5261 6.94427 11
17 0 4462 2143 5265 6 16
18 0 4454 2139 5269 9.31371 17
19 0 4438 2131 5277 3.65685 18
20 0 4434 2131 5277 2 19
21 0 4446 2211 5201 6.94427 8
22 0 4442 2207 5193 6 21
