# Generated by NeuTu (https://github.com/janelia-flyem/NeuTu)
1 0 4321 2120 5214 6.94427 -1
2 0 4317 2128 5218 9.31371 1
3 0 4301 2136 5218 6.94427 2
4 0 4289 2144 5222 6 3
5 0 4281 2148 5226 9.31371 4
6 0 4261 2152 5238 6 5
7 0 4253 2152 5238 6 6
8 0 4237 2164 5234 6 7
9 0 4229 2168 5234 3.65685 8
10 0 4221 2172 5234 6.94427 9
11 0 4205 2172 5238 6 10
12 0 4197 2172 5238 3.65685 11
13 0 4177 2176 5238 9.31371 12
14 0 4165 2176 5242 10 13
15 0 4153 2172 5242 6 14
16 0 4136.55 2165.33 5240.22 12.1933 15
17 0 4129 2132 5250 6 16
18 0 4133 2116 5254 6 17
19 0 4145 2096 5254 6 18
20 0 4149 2088 5254 6 19
21 0 4153 2076 5262 6.94427 20
22 0 4157 2056 5270 6.94427 21
23 0 4157 2044 5274 10 22
24 0 4153 2024 5286 6 23
25 0 4153 2008 5290 6 24
26 0 4157 2004 5294 6 25
27 0 4161 1984 5298 6.94427 26
28 0 4169 1972 5302 6 27
29 0 4173 1968 5306 6 28
30 0 4173 1952 5306 6 29
31 0 4181 1936 5310 6 30
32 0 4189 1920 5318 6.94427 31
33 0 4197 1904 5322 6.94427 32
34 0 4205 1888 5330 6.94427 33
35 0 4217 1880 5330 6 34
36 0 4109 2180 5242 12.4222 16
37 0 4097 2180 5246 6.94427 36
38 0 4089 2176 5250 6 37
