# Generated by NeuTu (https://github.com/janelia-flyem/NeuTu)
1 0 4456 2185 5248 2 -1
2 0 4452 2185 5248 3.65685 1
3 0 4444 2189 5252 6.94427 2
4 0 4436 2189 5256 6.94427 3
5 0 4428 2181 5260 6.94427 4
6 0 4424 2173 5252 6.94427 5
7 0 4416 2161 5252 6 6
8 0 4403.56 2152.56 5248.22 6.89181 7
9 0 4396 2145 5252 6 8
10 0 4392 2141 5256 3.65685 9
11 0 4384 2137 5256 3.65685 10
12 0 4380 2133 5260 6 11
13 0 4364 2121 5268 6.94427 12
14 0 4356 2113 5272 3.65685 13
15 0 4352 2109 5276 3.65685 14
16 0 4348 2105 5284 6 15
17 0 4400 2149 5236 6 8
18 0 4404 2153 5232 3.65685 17
19 0 4404 2161 5224 6.94427 18
20 0 4408 2177 5216 6 19
21 0 4412 2181 5212 6 20
