# Generated by NeuTu (https://github.com/janelia-flyem/NeuTu)
1 0 4526 2609 5305 6 -1
2 0 4522 2613 5309 6 1
3 0 4514 2613 5309 6.94427 2
4 0 4502 2613 5313 12.4222 3
5 0 4472.34 2637 5295.34 14.873 4
6 0 4458 2637 5281 6.94427 5
7 0 4446 2637 5269 9.31371 6
8 0 4434 2645 5261 6 7
9 0 4426 2649 5253 9.31371 8
10 0 4410 2653 5253 6.94427 9
11 0 4390 2657 5253 6 10
12 0 4382 2661 5249 6.94427 11
13 0 4378 2673 5241 6 12
14 0 4374 2681 5229 6 13
15 0 4366 2665 5213 10 14
16 0 4366 2649 5213 6 15
17 0 4374 2633 5221 6.94427 16
18 0 4374 2625 5225 6 17
19 0 4370 2617 5225 3.65685 18
20 0 4370 2609 5229 6 19
21 0 4374 2593 5237 6 20
22 0 4374 2577 5237 6 21
23 0 4378 2561 5237 6.94427 22
24 0 4390 2545 5237 6.94427 23
25 0 4398 2533 5237 6.94427 24
26 0 4410 2517 5233 6.94427 25
27 0 4418 2501 5233 6.94427 26
28 0 4418 2493 5233 6 27
29 0 4422 2489 5229 6 28
30 0 4434 2485 5229 10.6491 29
31 0 4442 2505 5213 6.94427 30
32 0 4450 2525 5209 6.94427 31
33 0 4450 2533 5209 6 32
34 0 4450 2549 5217 14.4924 33
35 0 4450 2569 5221 18 34
36 0 4462 2585 5221 12.4222 35
37 0 4478.44 2600.11 5220.11 13.3416 36
38 0 4494 2597 5217 9.31371 37
39 0 4514 2581 5221 6 38
40 0 4522 2577 5229 3.65685 39
41 0 4526 2577 5229 3.65685 40
42 0 4530 2573 5229 2 41
43 0 4490 2601 5237 6 37
44 0 4490 2601 5245 3.65685 43
45 0 4490 2601 5253 3.65685 44
46 0 4490 2601 5257 3.65685 45
47 0 4494 2601 5265 6.94427 46
48 0 4442 2445 5225 15.8885 30
49 0 4454 2425 5225 18.3961 48
50 0 4454 2413 5241 15.8885 49
51 0 4442 2409 5253 6 50
52 0 4446 2405 5261 9.31371 51
53 0 4450 2397 5269 6.94427 52
54 0 4450 2389 5277 9.31371 53
55 0 4450 2365 5281 10 54
56 0 4458 2353 5285 6 55
57 0 4470 2385 5245 14 50
58 0 4478 2361 5257 6.94427 57
59 0 4362 2673 5197 6 15
60 0 4354 2677 5189 6.94427 59
61 0 4350 2689 5185 6 60
62 0 4350 2697 5181 6 61
63 0 4346 2705 5177 9.31371 62
64 0 4342 2717 5177 6.94427 63
65 0 4430 2653 5293 6 5
66 0 4422 2653 5293 6 65
