# Generated by NeuTu (https://github.com/janelia-flyem/NeuTu)
1 0 4173 2024 5248 2 -1
2 0 4173 2020 5244 3.65685 1
3 0 4165 2004 5236 9.31371 2
4 0 4157 2000 5240 6 3
5 0 4145 2000 5240 6 4
6 0 4133 1996 5240 9.31371 5
7 0 4121 1992 5240 6 6
8 0 4113 1992 5240 2 7
9 0 4109 1992 5240 3.65685 8
10 0 4101 2000 5240 6.94427 9
11 0 4089 2008 5236 6.94427 10
12 0 4069 2024 5236 9.31371 11
13 0 4061 2032 5236 6 12
14 0 4053 2044 5236 6.94427 13
15 0 4041 2064 5236 6.94427 14
16 0 4033 2076 5240 6 15
17 0 4033 2084 5240 6 16
18 0 4033 2092 5244 3.65685 17
19 0 4029 2096 5244 2 18
20 0 4029 2100 5244 2 19
