# Generated by NeuTu (https://github.com/janelia-flyem/NeuTu)
1 0 4254 2284 5385 6 -1
2 0 4246 2280 5389 9.31371 1
3 0 4222 2272 5397 6 2
4 0 4214 2272 5401 6 3
5 0 4206 2272 5405 3.65685 4
6 0 4202 2272 5413 3.65685 5
7 0 4198 2272 5421 6 6
8 0 4194 2280 5433 6 7
9 0 4194 2280 5441 6 8
10 0 4190 2292 5453 6 9
11 0 4186 2296 5457 3.65685 10
12 0 4182 2300 5461 3.65685 11
13 0 4178 2304 5465 6 12
14 0 4178 2312 5473 6.94427 13
15 0 4182 2328 5473 9.31371 14
16 0 4174 2336 5481 6 15
17 0 4170 2344 5481 6 16
18 0 4162 2352 5477 2 17
