# Generated by NeuTu (https://github.com/janelia-flyem/NeuTu)
1 0 4528 2474 5201 2 -1
2 0 4528 2470 5197 2 1
3 0 4524 2466 5193 6 2
4 0 4524 2466 5185 6 3
5 0 4524 2478 5169 6 4
6 0 4524 2486 5161 6 5
7 0 4520 2494 5161 6.94427 6
8 0 4516 2514 5145 9.31371 7
9 0 4516 2526 5137 6 8
10 0 4516 2542 5129 6 9
11 0 4516 2554 5121 10 10
12 0 4512 2578 5117 10 11
13 0 4508 2602 5109 14 12
14 0 4500 2618 5101 6 13
15 0 4492 2626 5097 6 14
16 0 4480 2638 5085 9.31371 15
17 0 4488 2650 5081 3.65685 16
18 0 4492 2658 5081 6 17
19 0 4496 2670 5069 6 18
20 0 4496 2686 5061 6 19
21 0 4492 2698 5057 6.94427 20
22 0 4492 2706 5049 6 21
23 0 4488 2718 5045 10.6491 22
24 0 4476 2730 5033 6 23
25 0 4456 2738 5021 6 24
