# Generated by NeuTu (https://github.com/janelia-flyem/NeuTu)
1 0 4251 2879 5216 6 -1
2 0 4267 2875 5228 9.31371 1
3 0 4267 2867 5236 9.31371 2
4 0 4275 2855 5236 6 3
5 0 4283 2839 5236 9.31371 4
6 0 4299.67 2824.67 5237.67 12.982 5
7 0 4311 2819 5232 9.31371 6
8 0 4315 2803 5216 6 7
9 0 4331 2791 5204 6.94427 8
10 0 4339 2775 5196 6.94427 9
11 0 4347 2763 5192 6 10
12 0 4347 2755 5192 3.65685 11
13 0 4351 2751 5192 2 12
14 0 4311 2807 5252 9.31371 6
15 0 4323 2791 5260 6.94427 14
16 0 4327 2783 5264 9.31371 15
17 0 4331 2775 5268 6 16
18 0 4335 2763 5276 6 17
19 0 4335 2755 5276 3.65685 18
20 0 4339 2751 5276 2 19
21 0 4339 2747 5276 2 20
