# Generated by NeuTu (https://github.com/janelia-flyem/NeuTu)
1 0 4252 2724 5216 6 -1
2 0 4264 2728 5216 10 1
3 0 4292 2716 5228 6 2
4 0 4308 2716 5228 6 3
5 0 4324 2712 5228 6 4
6 0 4340 2700 5228 6 5
7 0 4352 2700 5228 6 6
8 0 4364 2700 5232 10.6491 7
9 0 4372 2692 5240 12.4222 8
10 0 4372 2680 5248 6 9
11 0 4368 2664 5264 6.94427 10
12 0 4364 2652 5276 6 11
13 0 4364 2644 5284 6 12
14 0 4368 2632 5288 6 13
15 0 4372 2620 5300 6 14
16 0 4376 2604 5308 6 15
17 0 4376 2588 5312 6 16
18 0 4380 2572 5316 6 17
19 0 4384 2556 5316 6 18
20 0 4384 2536 5320 6.94427 19
21 0 4376 2524 5324 10 20
22 0 4372 2512 5328 6.94427 21
23 0 4372 2500 5328 10 22
24 0 4372 2488 5332 6 23
25 0 4372 2472 5332 6 24
26 0 4376 2456 5336 6 25
27 0 4376 2440 5336 6 26
28 0 4376 2424 5340 6 27
29 0 4376 2408 5340 6 28
30 0 4376 2392 5344 6 29
31 0 4376 2380 5344 6 30
32 0 4372 2376 5348 2 31
33 0 4368 2376 5348 2 32
