# Generated by NeuTu (https://github.com/janelia-flyem/NeuTu)
1 0 4411 3040 5499 9.31371 -1
2 0 4399 3040 5507 12.4222 1
3 0 4371 3044 5507 9.31371 2
4 0 4347 3064 5495 12.4222 3
5 0 4331 3080 5479 6.94427 4
6 0 4323 3088 5475 3.65685 5
7 0 4319 3096 5475 6 6
8 0 4319 3108 5475 6 7
9 0 4303 3128 5471 9.31371 8
10 0 4283 3132 5463 6 9
11 0 4275 3136 5459 6.94427 10
12 0 4263 3152 5471 6.94427 11
13 0 4255 3160 5479 6 12
14 0 4251 3164 5483 3.65685 13
15 0 4247 3168 5487 6 14
16 0 4235 3180 5491 6.94427 15
17 0 4227 3196 5495 6 16
18 0 4219 3216 5495 6.94427 17
19 0 4211 3236 5491 6.94427 18
20 0 4207 3252 5491 6.94427 19
21 0 4195 3272 5487 9.31371 20
22 0 4179 3288 5475 6.94427 21
23 0 4171 3296 5467 6.94427 22
24 0 4159 3316 5463 6.94427 23
25 0 4155 3332 5455 6 24
26 0 4143 3344 5443 6.94427 25
27 0 4143 3356 5435 6 26
28 0 4139 3368 5427 6 27
29 0 4143 3372 5423 2 28
30 0 4143 3372 5419 2 29
31 0 4143 3372 5415 2 30
