# Generated by NeuTu (https://github.com/janelia-flyem/NeuTu)
1 0 4343 3164 5600 2 -1
2 0 4339 3164 5600 2 1
3 0 4335 3168 5600 3.65685 2
4 0 4323 3176 5596 10.6491 3
5 0 4311 3220 5600 21.3238 4
6 0 4295 3254 5594 28 5
7 0 4331 3272 5572 10 6
8 2 4364.44 3268 5557.92 12.4222 7
9 0 4379 3272 5544 6.94427 8
10 0 4395 3272 5528 10 9
11 0 4403 3272 5520 10 10
12 0 4417.47 3247.65 5514.47 15.6824 11
13 0 4423 3224 5516 6.94427 12
14 0 4431 3208 5516 9.31371 13
15 0 4431 3192 5520 6 14
16 0 4431 3172 5520 13.8154 15
17 2 4442.19 3137.9 5523.73 26.2716 16
18 2 4444.02 3133.63 5523.66 25.7976 17
19 2 4450.93 3117.49 5521.36 18.6795 18
20 0 4459 3088 5508 14 19
21 0 4471 3092 5496 6 20
22 0 4483 3096 5492 10 21
23 0 4495 3112 5484 10.6491 22
24 0 4511 3124 5480 12.4222 23
25 0 4523 3120 5468 9.31371 24
26 0 4523 3112 5456 10 25
27 0 4527 3108 5440 6 26
28 0 4423 3112 5564 14 19
29 0 4415 3124 5516 6.94427 18
30 0 4395 3112 5500 12.4222 29
31 0 4383 3104 5496 6 30
32 0 4379 3100 5492 6 31
33 0 4367 3104 5480 6.94427 32
34 0 4355 3108 5464 9.31371 33
35 0 4347 3104 5460 6 34
36 0 4431 3152 5552 9.31371 17
37 2 4413.29 3145.03 5564.34 18.0193 36
38 0 4379 3164 5568 10.6491 37
39 0 4367 3172 5568 6.94427 38
40 0 4359 3180 5568 10 39
41 0 4351 3192 5572 6 40
42 0 4351 3200 5576 2 41
43 0 4351 3204 5576 2 42
44 0 4427 3168 5576 6 37
45 0 4427 3184 5588 6 44
46 0 4419 3192 5584 2 45
47 0 4423 3180 5484 14 16
48 0 4439 3196 5472 12.4222 47
49 0 4439 3216 5476 6 48
50 0 4443 3224 5484 6 49
51 0 4399 3160 5472 14 47
52 0 4395 3140 5480 12.4222 51
53 0 4419 3252 5540 12.4222 12
54 0 4415 3264 5552 6 53
55 0 4411 3272 5556 6 54
56 0 4347 3260 5540 6.94427 8
57 0 4343 3276 5524 6 56
58 0 4339 3280 5520 2 57
59 0 4339 3280 5516 2 58
60 0 4279 3272 5620 6.94427 6
61 0 4271 3276 5620 6 60
62 0 4263 3280 5616 2 61
63 0 4259 3280 5616 2 62
64 0 4255 3280 5616 2 63
65 0 4251 3280 5616 2 64
66 0 4247 3280 5616 2 65
67 0 4243 3280 5612 2 66
68 0 4239 3280 5608 2 67
