# Generated by NeuTu (https://github.com/janelia-flyem/NeuTu)
1 0 4251 3371 5215 6 -1
2 0 4267 3355 5211 22 1
3 0 4259 3315 5191 15.8885 2
4 0 4259 3295 5183 15.8885 3
5 0 4255 3259 5179 9.31371 4
6 0 4259 3251 5175 6.94427 5
7 0 4263 3239 5175 10 6
8 0 4263 3215 5175 6 7
9 0 4263 3199 5175 6 8
10 0 4267 3187 5179 6.94427 9
11 0 4271 3171 5179 9.31371 10
12 0 4279 3143 5179 10 11
13 0 4283 3119 5179 9.31371 12
14 0 4287 3095 5179 10 13
15 0 4295 3075 5171 6.94427 14
16 0 4303 3059 5171 9.31371 15
17 0 4303 3047 5175 10.6491 16
18 0 4287 3023 5179 9.31371 17
19 0 4279 3003 5179 6 18
20 0 4279 2987 5179 9.31371 19
21 0 4279 2975 5179 10.6491 20
22 0 4283 2963 5191 6 21
23 0 4323 3031 5167 6.94427 17
24 0 4339 3023 5159 9.31371 23
25 0 4347 3007 5143 10 24
26 0 4347 2995 5135 6 25
27 0 4295 3287 5175 6.94427 4
28 0 4311 3279 5175 10 27
29 0 4331 3267 5179 6 28
30 0 4339 3263 5179 3.65685 29
31 0 4343 3263 5183 2 30
