# Generated by NeuTu (https://github.com/janelia-flyem/NeuTu)
1 0 4531 2921 5306 2 -1
2 0 4531 2925 5302 2 1
3 0 4527 2929 5298 6 2
4 0 4527 2937 5294 6 3
5 0 4527 2945 5286 3.65685 4
6 0 4523 2949 5282 3.65685 5
7 0 4519 2957 5274 6.94427 6
8 0 4511 2965 5266 6.94427 7
9 0 4507 2973 5258 10 8
10 0 4495 2969 5238 6.94427 9
11 0 4483 2969 5226 6.94427 10
12 0 4471 2977 5218 3.65685 11
13 0 4467 2981 5214 6 12
14 0 4451 2993 5202 6.94427 13
15 0 4439 2997 5194 9.31371 14
16 0 4411 2993 5186 6 15
17 0 4407 2997 5182 6 16
18 0 4391 3001 5182 6 17
19 0 4375 3009 5178 6.94427 18
20 0 4363 3037 5178 9.31371 19
21 0 4347 3041 5182 6.94427 20
22 0 4327 3029 5182 6.94427 21
23 0 4307 3025 5158 9.31371 22
24 0 4287 3037 5146 6.94427 23
25 0 4267 3045 5146 6.94427 24
26 0 4251 3061 5138 6.94427 25
27 0 4243 3069 5134 3.65685 26
28 0 4235 3073 5134 6.94427 27
29 0 4223 3081 5122 6 28
30 0 4219 3089 5118 6.94427 29
31 0 4211 3093 5110 6.94427 30
32 0 4199 3093 5110 9.31371 31
33 0 4187 3093 5106 6.94427 32
34 0 4171 3077 5106 6.94427 33
35 0 4163 3065 5106 6.94427 34
36 0 4159 3045 5102 6 35
37 0 4159 3029 5102 6 36
38 0 4159 3013 5102 6 37
39 0 4155 3009 5098 6 38
