# Generated by NeuTu (https://github.com/janelia-flyem/NeuTu)
1 0 4474 3366 5288 9.31371 -1
2 0 4486 3366 5288 6.94427 1
3 0 4510 3362 5280 12.4222 2
4 0 4518 3354 5268 9.31371 3
5 0 4514 3346 5248 6 4
6 0 4514 3342 5236 9.31371 5
7 0 4494 3330 5216 10 6
8 0 4490 3326 5204 6 7
9 0 4486 3322 5192 9.31371 8
10 0 4482 3326 5180 6 9
11 0 4478 3326 5172 6 10
12 0 4478 3326 5160 2 11
13 0 4478 3330 5152 6 12
14 0 4478 3330 5144 6.94427 13
15 0 4470 3346 5128 6 14
16 0 4462 3346 5124 6 15
17 0 4454 3354 5116 6.94427 16
18 0 4450 3358 5100 6 17
