# Generated by NeuTu (https://github.com/janelia-flyem/NeuTu)
1 0 4157 3099 5355 2 -1
2 0 4157 3095 5351 2 1
3 0 4157 3091 5351 2 2
4 0 4157 3083 5351 6 3
5 0 4153 3067 5339 6 4
6 0 4149 3051 5335 6.94427 5
7 0 4145 3035 5327 6.94427 6
8 0 4137 3019 5323 6.94427 7
9 0 4133 3007 5323 6.94427 8
10 0 4133 2995 5323 10 9
11 0 4125 2987 5319 6 10
12 0 4117 2983 5311 6.94427 11
13 0 4109 2991 5299 6.94427 12
14 0 4097 2999 5287 6.94427 13
15 0 4089 3011 5271 6 14
16 0 4081 3011 5267 3.65685 15
17 0 4073 3007 5267 3.65685 16
18 0 4069 3003 5267 3.65685 17
19 0 4061 3003 5263 6 18
20 0 4057 2999 5267 3.65685 19
21 0 4049 2995 5267 6.94427 20
22 0 4041 2987 5267 6.94427 21
23 0 4033 2991 5259 3.65685 22
24 0 4029 2995 5255 2 23
25 0 4105 3027 5263 6 15
26 0 4113 3035 5263 9.31371 25
27 0 4121 3043 5263 6 26
28 0 4117 2959 5323 6 12
29 0 4113 2943 5335 6 28
30 0 4113 2935 5335 6.94427 29
31 0 4117 2923 5335 2 30
