# Generated by NeuTu (https://github.com/janelia-flyem/NeuTu)
1 0 4274 3374 5259 2 -1
2 0 4270 3374 5259 2 1
3 0 4266 3374 5259 2 2
4 0 4258 3370 5255 6 3
5 0 4250 3366 5255 6.94427 4
6 0 4250 3354 5259 9.31371 5
7 0 4246 3346 5267 6 6
8 0 4250 3342 5271 3.65685 7
9 0 4254 3338 5275 6 8
10 0 4258 3334 5279 6 9
11 0 4258 3322 5279 9.31371 10
12 0 4274 3314 5279 6 11
13 0 4282 3314 5279 6 12
14 0 4286 3310 5283 3.65685 13
15 0 4294 3302 5291 6.94427 14
16 0 4294 3294 5307 6.94427 15
17 0 4298 3278 5319 6 16
18 0 4310 3270 5327 6 17
19 0 4318 3270 5327 2 18
20 0 4322 3270 5327 3.65685 19
21 0 4330 3270 5343 6.94427 20
22 0 4334 3278 5355 2 21
23 0 4334 3282 5355 2 22
