# Generated by NeuTu (https://github.com/janelia-flyem/NeuTu)
1 0 4449 3135 5258 6.94427 -1
2 0 4441 3127 5266 10.6491 1
3 0 4417 3115 5274 10 2
4 0 4401 3111 5270 6 3
5 0 4389 3111 5270 6 4
6 0 4381 3115 5266 6.94427 5
7 0 4365 3123 5270 10 6
8 0 4365 3111 5286 6.94427 7
9 0 4373 3115 5294 6 8
10 0 4373 3115 5310 6 9
11 0 4385 3111 5326 6 10
12 0 4389 3107 5330 3.65685 11
13 0 4389 3103 5334 3.65685 12
14 0 4393 3099 5334 3.65685 13
15 0 4401 3091 5334 6.94427 14
16 0 4409 3075 5330 6 15
17 0 4409 3059 5326 6 16
18 0 4409 3043 5322 6 17
19 0 4409 3027 5322 6 18
20 0 4405 3011 5322 6 19
21 0 4409 2995 5330 6 20
22 0 4405 2979 5334 6.94427 21
23 0 4397 2979 5338 3.65685 22
24 0 4393 2983 5342 2 23
