# Generated by NeuTu (https://github.com/janelia-flyem/NeuTu)
1 0 4348 3122 5451 2 -1
2 0 4352 3126 5451 3.65685 1
3 0 4356 3130 5451 3.65685 2
4 0 4360 3134 5447 3.65685 3
5 0 4360 3138 5447 3.65685 4
6 0 4364 3142 5439 6 5
7 0 4376 3154 5427 6.94427 6
8 0 4376 3162 5411 6 7
9 0 4364 3166 5395 6.94427 8
10 0 4352 3190 5387 12.4222 9
11 0 4348 3210 5383 6 10
12 0 4348 3218 5383 6 11
13 0 4360 3222 5395 6 12
14 0 4368 3222 5403 6 13
15 0 4376 3222 5407 3.65685 14
16 0 4384 3222 5415 3.65685 15
17 0 4388 3222 5419 3.65685 16
18 0 4392 3218 5423 6 17
19 0 4408 3218 5439 9.31371 18
20 0 4412 3226 5447 6 19
21 0 4416 3230 5451 2 20
22 0 4416 3230 5455 2 21
23 0 4416 3230 5459 2 22
24 0 4416 3230 5463 2 23
25 2 4344.31 3218 5380.54 6.29055 12
26 0 4336 3218 5375 6.94427 25
27 0 4328 3230 5375 6 26
28 0 4316 3242 5375 6 27
29 0 4308 3238 5387 6.94427 28
30 0 4340 3222 5387 2 25
31 0 4336 3226 5387 3.65685 30
32 0 4324 3230 5395 10.6491 31
33 0 4324 3246 5407 3.65685 32
34 0 4328 3250 5407 2 33
