# Generated by NeuTu (https://github.com/janelia-flyem/NeuTu)
1 0 2053 2567 5544 6 -1
2 0 2045 2559 5556 9.31371 1
3 0 2041 2555 5568 10 2
4 0 2025 2539 5580 6 3
5 0 2017 2543 5588 6 4
6 0 2005 2547 5596 6.94427 5
7 0 1989 2547 5604 3.65685 6
8 0 1985 2543 5608 2 7
9 0 1985 2547 5612 3.65685 8
10 0 1993 2547 5624 9.31371 9
11 0 2001 2551 5632 9.31371 10
12 0 2001 2551 5648 9.31371 11
13 0 1993 2551 5656 6 12
14 0 1985 2555 5664 6.94427 13
15 0 1985 2555 5672 6.94427 14
16 0 1977 2555 5680 6 15
17 0 1973 2555 5696 6 16
18 0 1973 2555 5704 3.65685 17
19 0 1973 2555 5708 3.65685 18
20 0 1973 2555 5712 2 19
21 0 1973 2551 5720 6 20
22 0 1977 2547 5728 9.31371 21
23 0 1973 2531 5740 2 22
24 0 1973 2527 5744 2 23
25 0 1973 2523 5748 3.65685 24
26 0 1969 2519 5752 2 25
27 0 1969 2515 5752 2 26
28 0 1969 2511 5752 2 27
29 0 1969 2507 5752 2 28
30 0 1969 2503 5752 2 29
31 0 1969 2499 5752 2 30
32 0 1969 2495 5752 2 31
33 0 1969 2491 5752 2 32
34 0 1981 2539 5600 6 8
35 0 1977 2535 5592 3.65685 34
36 0 1977 2535 5584 3.65685 35
37 0 1977 2535 5580 3.65685 36
38 0 1973 2531 5576 6 37
39 0 1969 2527 5572 2 38
40 0 1969 2523 5568 2 39
