# Generated by NeuTu (https://github.com/janelia-flyem/NeuTu)
1 0 2018 2291 5621 6.94427 -1
2 0 2026 2295 5625 6 1
3 0 2034 2299 5625 2 2
4 0 2042 2299 5625 6 3
5 0 2062 2303 5625 6 4
6 0 2078 2315 5633 6 5
7 0 2082 2319 5637 6 6
8 0 2086 2323 5641 3.65685 7
9 0 2086 2327 5641 2 8
10 0 2086 2331 5641 2 9
11 0 2086 2315 5649 2 7
12 0 2086 2311 5653 3.65685 11
13 0 2094 2307 5661 6 12
14 0 2110 2303 5657 6 13
15 0 2122 2303 5645 6 14
16 0 2130 2307 5645 3.65685 15
17 0 2134 2311 5641 6 16
18 0 2150 2323 5633 6.94427 17
19 0 2170 2327 5633 6 18
20 0 2186 2331 5633 6.94427 19
21 0 2198 2331 5633 6 20
22 0 2206 2331 5633 2 21
23 0 2210 2331 5633 3.65685 22
24 0 2214 2335 5629 3.65685 23
25 0 2226 2343 5621 10 24
26 0 2246 2339 5625 6 25
27 0 2262 2343 5629 6 26
28 0 2270 2343 5633 6 27
29 0 2286 2335 5633 10 28
30 0 2298 2339 5637 6 29
31 0 2306 2339 5637 6 30
32 0 2314 2347 5641 6.94427 31
33 0 2330 2351 5645 6.94427 32
34 0 2346 2355 5645 6.94427 33
35 0 2358 2355 5637 2 34
36 0 2362 2355 5633 2 35
