# Generated by NeuTu (https://github.com/janelia-flyem/NeuTu)
1 0 1973 2355 5725 2 -1
2 0 1973 2355 5729 3.65685 1
3 0 1977 2351 5733 6 2
4 0 1985 2347 5733 6 3
5 0 2001 2343 5749 9.31371 4
6 0 2005 2343 5777 10 5
7 0 2017 2331 5805 9.31371 6
8 0 2029 2331 5809 6 7
9 0 2037 2327 5809 6 8
10 0 2053 2323 5817 10 9
11 0 2077 2331 5825 9.31371 10
12 0 2097 2339 5833 6.94427 11
13 0 2105 2347 5841 6.94427 12
14 0 2121 2351 5845 6 13
15 2 2127.67 2354.34 5855.01 8.76389 14
16 0 2133 2359 5865 6 15
17 0 2137 2363 5877 6.94427 16
18 0 2141 2359 5893 6 17
19 0 2145 2351 5897 6 18
20 0 2137 2343 5913 6.94427 19
21 0 2133 2335 5913 3.65685 20
22 0 2137 2331 5913 2 21
23 0 2137 2327 5913 2 22
24 0 2145 2363 5837 9.31371 15
25 0 2149 2367 5829 6 24
26 0 2153 2371 5825 6 25
