# Generated by NeuTu (https://github.com/janelia-flyem/NeuTu)
1 0 2214 2487 5801 6 -1
2 0 2210 2471 5801 6 1
3 0 2210 2455 5805 6 2
4 0 2214 2435 5809 6.94427 3
5 0 2214 2419 5825 6 4
6 0 2214 2415 5841 6 5
7 0 2210 2403 5853 6 6
8 0 2210 2403 5861 3.65685 7
9 0 2206 2399 5865 3.65685 8
10 0 2206 2399 5869 3.65685 9
11 0 2202 2391 5873 6 10
12 0 2194 2383 5877 9.31371 11
13 0 2178 2371 5889 6.94427 12
14 0 2170 2363 5897 3.65685 13
15 0 2166 2359 5901 6 14
16 0 2166 2351 5909 6 15
17 0 2162 2351 5921 6 16
18 0 2154 2355 5929 6 17
19 0 2134 2347 5929 6 18
20 2 2126.89 2336.78 5939.22 6 19
21 0 2122 2319 5949 6 20
22 0 2118 2307 5953 9.31371 21
23 0 2110 2299 5957 3.65685 22
24 0 2102 2291 5957 6 23
25 0 2094 2283 5953 2 24
26 0 2090 2283 5953 2 25
27 0 2126 2355 5953 6.94427 20
28 0 2126 2375 5957 6 27
29 0 2126 2383 5957 6 28
