# Generated by NeuTu (https://github.com/janelia-flyem/NeuTu)
1 0 1969 2492 5853 2 -1
2 0 1969 2496 5849 2 1
3 0 1969 2500 5849 2 2
4 0 1969 2504 5849 2 3
5 0 1973 2508 5845 3.65685 4
6 0 1977 2516 5845 6.94427 5
7 0 1985 2524 5845 6 6
8 0 1989 2528 5849 3.65685 7
9 0 2001 2544 5853 6.94427 8
10 0 2005 2556 5857 10 9
11 0 1993 2576 5869 6 10
12 0 1985 2584 5877 6 11
13 0 1977 2592 5885 6.94427 12
14 0 1973 2604 5893 6 13
15 0 1973 2620 5905 6 14
16 0 1973 2628 5909 3.65685 15
17 0 1969 2632 5909 2 16
18 0 1969 2636 5909 2 17
19 0 1969 2640 5909 2 18
