# Generated by NeuTu (https://github.com/janelia-flyem/NeuTu)
1 0 2583 2971 6941 2 -1
2 0 2579 2971 6937 3.65685 1
3 0 2571 2963 6933 6.94427 2
4 0 2555 2939 6921 18 3
5 0 2555 2915 6893 12.4222 4
6 0 2547 2895 6877 12.4222 5
7 0 2543 2891 6845 14 6
8 0 2543 2887 6817 21.3238 7
9 0 2543 2887 6789 18 8
10 0 2543 2859 6761 10.6491 9
11 0 2547 2843 6745 9.31371 10
12 0 2555 2823 6737 6 11
13 0 2559 2811 6729 6 12
14 0 2559 2803 6729 6 13
15 0 2563 2791 6725 10 14
16 0 2571 2771 6705 10 15
17 0 2571 2771 6693 10.6491 16
18 0 2583 2755 6669 10.6491 17
19 0 2559 2759 6641 24.8328 18
20 0 2563 2759 6605 34.2215 19
21 0 2559 2755 6541 10.6491 20
22 0 2559 2755 6513 9.31371 21
23 0 2559 2763 6489 10 22
24 0 2561.37 2775.74 6460.26 10 23
25 0 2575 2795 6433 9.31371 24
26 0 2583 2807 6413 12.4222 25
27 0 2581.3 2861.71 6354.09 31.83 26
28 0 2603 2887 6321 9.31371 27
29 0 2603 2895 6305 6.94427 28
30 0 2603 2895 6289 6.94427 29
31 0 2599 2899 6269 9.31371 30
32 0 2595 2903 6253 6.94427 31
33 0 2591 2903 6237 9.31371 32
34 2 2591 2899.4 6226.2 9.93137 33
35 0 2595 2895 6205 9.31371 34
36 0 2599 2895 6193 9.31371 35
37 0 2615 2899 6189 10 36
38 0 2631 2903 6177 12.4222 37
39 0 2639 2911 6149 9.31371 38
40 0 2643 2915 6133 6.94427 39
41 0 2643 2923 6121 9.31371 40
42 0 2643 2923 6109 6.94427 41
43 0 2643 2935 6085 9.31371 42
44 0 2651 2951 6061 9.31371 43
45 0 2659 2967 6037 10 44
46 0 2660.89 2983.63 6019.11 8.79049 45
47 0 2671 2987 6009 6 46
48 0 2691 2987 5993 14.4924 47
49 2 2724.81 2983.24 5974.21 36.0041 48
50 2 2734.22 2975.78 5948.93 32.0209 49
51 2 2738.59 2971.41 5934.36 28.7659 50
52 2 2751.76 2961.43 5910.68 29.0833 51
53 2 2778.12 2955.7 5891.79 20.2857 52
54 0 2811 2959 5873 10 53
55 0 2823 2963 5869 6.94427 54
56 0 2839 2963 5853 10 55
57 0 2855 2967 5857 10 56
58 2 2869 2967 5857 6.55228 57
59 0 2879 2967 5857 9.31371 58
60 0 2887 2971 5849 10 59
61 0 2899 2971 5845 6 60
62 0 2915 2971 5833 6 61
63 0 2931 2987 5821 6.94427 62
64 0 2931 2995 5797 9.31371 63
65 0 2935 2995 5785 12.4222 64
66 0 2943 2987 5769 10.6491 65
67 0 2943 2979 5753 14.4924 66
68 0 2919 2971 5737 9.31371 67
69 0 2895 2955 5717 15.8885 68
70 0 2887 2939 5717 12.4222 69
71 0 2883 2911 5717 18 70
72 0 2911 2887 5717 12.4222 71
73 0 2923 2859 5717 9.31371 72
74 0 2931 2847 5717 6 73
75 0 2935 2843 5721 3.65685 74
76 0 2939 2839 5725 6 75
77 0 2943 2835 5729 6 76
78 0 2951 2835 5729 6 77
79 0 2963 2831 5737 12.4222 78
80 0 2999 2811 5741 14.9706 79
81 0 3011 2799 5741 10.6491 80
82 0 3035 2779 5745 12.4222 81
83 0 3055 2763 5753 9.31371 82
84 0 3075 2755 5761 9.31371 83
85 0 3095 2751 5761 10 84
86 0 3107 2751 5765 12.4222 85
87 0 3119 2747 5765 10 86
88 0 3143 2739 5773 14.9706 87
89 0 3159 2727 5793 22 88
90 0 3155 2687 5805 14 89
91 0 3155 2659 5805 6.94427 90
92 0 3163 2639 5813 9.31371 91
93 0 3167 2619 5821 10 92
94 0 3167 2595 5821 10 93
95 0 3171 2567 5821 9.31371 94
96 0 3171 2547 5833 10 95
97 0 3159 2531 5841 6.94427 96
98 0 3155 2515 5849 6.94427 97
99 0 3155 2503 5873 10.6491 98
100 0 3147 2499 5885 10.6491 99
101 0 3143 2495 5897 6.94427 100
102 0 3127 2491 5921 12.4222 101
103 0 3119 2487 5945 10.6491 102
104 0 3099 2479 5965 10 103
105 0 3087 2479 5977 9.31371 104
106 0 3075 2491 5989 14 105
107 0 3055 2499 6009 14 106
108 0 3031 2503 6029 9.31371 107
109 0 3019 2507 6045 10 108
110 2 3011.62 2507 6056.08 12.2359 109
111 0 3007 2511 6069 12.4222 110
112 0 3003 2503 6101 6.94427 111
113 0 3003 2499 6117 6 112
114 0 3003 2495 6133 6.94427 113
115 0 3003 2487 6141 10 114
116 0 3003 2475 6161 10 115
117 0 3003 2455 6181 10 116
118 0 3007 2443 6193 6.94427 117
119 0 3015 2423 6205 10 118
120 2 3022.43 2411.86 6208.71 9.36273 119
121 0 3035 2379 6201 9.31371 120
122 0 3039 2371 6197 6.94427 121
123 0 3051 2347 6181 12.4222 122
124 0 3063 2339 6169 15.8885 123
125 0 3087 2319 6157 12.4222 124
126 2 3100.65 2308.76 6146.76 10.9099 125
127 0 3111 2307 6113 6.94427 126
128 0 3111 2307 6101 9.31371 127
129 0 3107 2303 6093 6.94427 128
130 0 3099 2299 6073 9.31371 129
131 0 3091 2299 6065 6.94427 130
132 0 3091 2291 6053 6 131
133 0 3075 2263 6037 14 132
134 0 3071 2235 6021 12.4222 133
135 0 3063 2223 6013 9.31371 134
136 0 3047 2199 6005 12.4222 135
137 2 3026.92 2166.92 6024.31 30.8485 136
138 2 3016.31 2156.31 6039.16 37.2121 137
139 0 2991 2131 6069 34.8782 138
140 0 2987 2099 6117 10.6491 139
141 0 2987 2087 6141 9.31371 140
142 0 2991 2083 6165 9.31371 141
143 0 2991 2079 6177 9.31371 142
144 0 2983 2079 6189 6 143
145 0 2967 2079 6205 6 144
146 0 2959 2071 6213 6.94427 145
147 0 2951 2067 6221 6.94427 146
148 0 2935 2059 6221 6.94427 147
149 0 2895 2055 6229 22.3311 148
150 2 2853.59 2068.81 6241.6 39.6691 149
151 2 2850.37 2072.96 6242.99 37.7228 150
152 2 2849.16 2074.51 6243.5 36.993 151
153 0 2807 2123 6253 12.4222 152
154 2 2780.6 2146.2 6279 14.7157 153
155 0 2779 2151 6297 6 154
156 0 2775 2155 6313 6.94427 155
157 0 2779 2159 6321 6.94427 156
158 0 2787 2158.53 6350.88 13.4487 157
159 0 2787 2155 6385 6.94427 158
160 0 2795 2151 6401 9.31371 159
161 0 2795 2147 6425 10.6491 160
162 0 2791 2151 6441 10 161
163 0 2795 2151 6457 15.8885 162
164 0 2795 2139 6485 12.4222 163
165 0 2799 2131 6497 6 164
166 0 2799 2127 6505 6 165
167 0 2795 2123 6529 12.4222 166
168 0 2779 2099 6557 37.3954 167
169 2 2735.12 2088.21 6605.97 38.4551 168
170 2 2729.69 2085.11 6613.73 36.2609 169
171 0 2719 2079 6629 31.9411 170
172 2 2691.86 2067 6669.66 24.5316 171
173 0 2671 2063 6697 12.4222 172
174 0 2659 2055 6709 10 173
175 0 2655 2047 6721 14.4924 174
176 0 2671 2039 6741 9.31371 175
177 0 2675 2043 6753 6.94427 176
178 0 2675 2039 6761 6.94427 177
179 0 2675 2035 6773 12.4222 178
180 0 2667 2027 6801 9.31371 179
181 0 2651 2015 6833 9.31371 180
182 0 2647 2019 6845 6 181
183 0 2715 2039 6649 10 172
184 0 2719 2011 6633 9.31371 183
185 0 2727 2007 6625 9.31371 184
186 0 2747 2091 6657 14 171
187 0 2763 2087 6677 9.31371 186
188 0 2767 2091 6697 6.94427 187
189 0 2771 2099 6709 2 188
190 0 2711 2051 6589 9.31371 170
191 0 2707 2039 6589 6.94427 190
192 0 2703 2027 6589 12.4222 191
193 0 2687 2003 6581 12.4222 192
194 0 2695 2087 6541 10.6491 169
195 0 2683 2091 6529 12.4222 194
196 0 2663 2107 6521 6.94427 195
197 0 2655 2115 6513 9.31371 196
198 0 2647 2127 6505 6.94427 197
199 0 2647 2135 6505 6 198
200 0 2823 2087 6561 15.8885 168
201 0 2831 2071 6557 14 200
202 0 2835 2055 6561 6.94427 201
203 0 2843 2039 6569 6.94427 202
204 0 2847 2023 6585 9.31371 203
205 0 2847 2015 6597 10 204
206 0 2851 2007 6609 6 205
207 0 2851 1999 6625 6 206
208 0 2811 2159 6353 6.94427 158
209 0 2823 2147 6361 6 208
210 0 2819 2131 6361 9.31371 209
211 0 2827 2123 6365 6 210
212 0 2771 2143 6253 12.4222 154
213 0 2759 2135 6241 9.31371 212
214 0 2751 2127 6241 6.94427 213
215 0 2743 2119 6245 2 214
216 0 2743 2115 6245 2 215
217 2 2811.38 2048.72 6228.36 18.5763 152
218 0 2791 2039 6233 10 217
219 0 2775 2039 6245 9.31371 218
220 0 2759 2031 6253 6.94427 219
221 0 2791 2063 6229 6 217
222 0 2771 2075 6221 14.4924 221
223 0 2759 2083 6217 9.31371 222
224 0 2831 2031 6269 12.4222 151
225 0 2827 2011 6269 19.5407 224
226 0 2831 1995 6285 10 225
227 0 2831 2019 6229 15.8885 150
228 0 2819 1991 6229 6.94427 227
229 0 3015 2155 5985 30.9848 138
230 0 2999 2155 5953 18 229
231 0 2983 2147 5945 6 230
232 0 3055 2139 6013 9.31371 137
233 0 3067 2127 6033 12.4222 232
234 0 3099 2291 6169 10 126
235 0 3107 2275 6197 9.31371 234
236 0 3119 2263 6213 9.31371 235
237 0 3127 2247 6237 12.4222 236
238 0 3123 2235 6269 10.6491 237
239 0 3115 2227 6281 14 238
240 0 3103 2227 6313 30.249 239
241 0 3103 2235 6353 38 240
242 0 3091 2267 6417 22.3311 241
243 0 3071 2279 6465 9.31371 242
244 0 3059 2287 6497 14 243
245 2 3051.48 2287.96 6545.63 25.9248 244
246 0 3051 2275 6577 28.4631 245
247 0 3071 2243 6613 14.4924 246
248 0 3095 2231 6629 9.31371 247
249 0 3115 2223 6641 14 248
250 0 3143 2215 6653 9.31371 249
251 0 3159 2203 6657 2 250
252 0 3159 2199 6657 2 251
253 0 3043 2303 6609 26.2843 245
254 0 3039 2303 6637 10.6491 253
255 0 3035 2311 6653 6 254
256 0 3115 2271 6429 6.94427 242
257 0 3127 2275 6437 6.94427 256
258 0 3147 2263 6433 9.31371 257
259 0 3163 2259 6433 10 258
260 0 3171 2251 6429 6.94427 259
261 0 3179 2243 6429 6.94427 260
262 0 3191 2239 6429 10.6491 261
263 0 3199 2247 6433 9.31371 262
264 0 3199 2259 6437 3.65685 263
265 0 3195 2263 6437 2 264
266 0 3123 2211 6389 14 241
267 0 3135 2199 6401 10 266
268 0 3143 2199 6409 6 267
269 0 3151 2199 6417 6 268
270 0 3155 2199 6429 10 269
271 0 3163 2191 6437 6 270
272 0 3163 2175 6449 6 271
273 0 3167 2159 6461 6.94427 272
274 0 3167 2151 6461 3.65685 273
275 0 3171 2147 6461 2 274
276 0 3019 2423 6229 10 120
277 0 3011 2431 6237 10 276
278 0 3007 2431 6249 6.94427 277
279 0 2999 2431 6273 9.31371 278
280 0 2995 2435 6305 10.6491 279
281 0 3003 2435 6329 12.4222 280
282 0 3019 2455 6361 14 281
283 0 3023 2467 6377 14.4924 282
284 0 3039 2475 6397 6 283
285 0 3051 2471 6409 9.31371 284
286 0 3059 2479 6417 6.94427 285
287 2 3075 2479 6449 26.1012 286
288 0 3075 2479 6469 30.249 287
289 0 3039 2519 6517 10 288
290 0 3023 2523 6525 6 289
291 0 3019 2531 6533 6 290
292 0 3015 2547 6537 6 291
293 0 3011 2555 6541 9.31371 292
294 2 3024.43 2571.79 6577.94 40.6679 293
295 2 3026.21 2574.01 6582.83 44.8177 294
296 0 3039 2579 6633 22.3311 295
297 0 3039 2563 6657 12.4222 296
298 0 3047 2559 6673 14.4924 297
299 0 3047 2559 6693 6 298
300 0 3051 2551 6701 10 299
301 0 3003 2611 6601 29.241 295
302 0 2999 2639 6617 6 301
303 0 2999 2643 6629 6 302
304 0 2991 2643 6641 12.4222 303
305 0 2979 2639 6653 6 304
306 0 2975 2635 6657 2 305
307 0 2971 2631 6661 6 306
308 0 2967 2611 6613 6 301
309 0 2963 2611 6629 10 308
310 0 2947 2619 6645 6.94427 309
311 0 2939 2615 6645 2 310
312 0 2939 2611 6645 2 311
313 0 3003 2651 6601 6.94427 301
314 0 3007 2659 6609 3.65685 313
315 0 3007 2667 6617 6 314
316 0 3011 2675 6617 3.65685 315
317 0 3007 2679 6617 2 316
318 0 3075 2563 6569 10.6491 294
319 0 3099 2563 6565 6 318
320 0 3119 2547 6577 23.2982 319
321 0 3115 2527 6605 15.8885 320
322 0 3131 2523 6613 6 321
323 0 3055 2531 6577 10 294
324 0 3055 2519 6589 6 323
325 0 3055 2511 6597 3.65685 324
326 0 3059 2507 6601 6 325
327 0 3067 2499 6609 6.94427 326
328 0 3071 2499 6625 6 327
329 0 3071 2499 6637 9.31371 328
330 0 3083 2451 6501 26 288
331 0 3047 2435 6501 14.4924 330
332 0 3043 2435 6485 12.4222 331
333 0 3095 2415 6513 15.8885 330
334 0 3091 2399 6513 6.94427 333
335 0 3091 2391 6517 6.94427 334
336 0 3091 2383 6521 2 335
337 0 3091 2379 6525 2 336
338 0 3107 2443 6469 29.241 287
339 0 3151 2423 6505 12.4222 338
340 0 3151 2415 6517 6 339
341 0 3155 2415 6533 6 340
342 0 3163 2411 6549 6 341
343 0 3167 2415 6557 6 342
344 0 2999 2503 6149 3.65685 115
345 0 2991 2511 6153 6.94427 344
346 0 2987 2515 6161 3.65685 345
347 0 2991 2519 6169 6.94427 346
348 0 3003 2543 6177 10 347
349 0 3003 2567 6193 6 348
350 0 3003 2575 6201 6.94427 349
351 0 3007 2583 6205 3.65685 350
352 0 3011 2587 6205 3.65685 351
353 0 3011 2599 6205 9.31371 352
354 0 3007 2607 6209 6 353
355 0 2995 2619 6213 6.94427 354
356 0 2979 2631 6213 6 355
357 0 2971 2631 6213 6 356
358 0 2991 2515 6041 6.94427 110
359 0 2971 2515 6041 6 358
360 0 2947 2511 6045 10 359
361 0 2927 2495 6049 9.31371 360
362 0 2907 2487 6061 6.94427 361
363 0 2891 2479 6073 9.31371 362
364 0 2883 2471 6081 6.94427 363
365 0 2871 2455 6097 10.6491 364
366 0 2863 2451 6121 9.31371 365
367 0 2847 2439 6149 12.4222 366
368 0 2819 2435 6165 30.249 367
369 2 2808.59 2437.97 6172.44 29.8742 368
370 0 2791 2443 6185 29.241 369
371 0 2743 2479 6185 14.4924 370
372 0 2715 2499 6185 10 371
373 0 2691 2499 6185 10 372
374 0 2656.24 2493.07 6194.8 20.959 373
375 2 2637.83 2487.81 6210.57 29.0104 374
376 0 2635 2487 6213 30.249 375
377 0 2623 2459 6249 41.0813 376
378 0 2643 2475 6285 14 377
379 0 2651 2487 6293 9.31371 378
380 0 2659 2495 6301 9.31371 379
381 0 2671 2495 6313 6.94427 380
382 0 2687 2491 6333 9.31371 381
383 0 2687 2487 6345 6 382
384 0 2687 2487 6361 6 383
385 0 2675 2487 6381 6 384
386 0 2675 2483 6389 6.94427 385
387 0 2679 2475 6393 2 386
388 0 2679 2471 6393 2 387
389 0 2659 2423 6249 10 377
390 0 2687 2415 6265 10.6491 389
391 0 2699 2407 6277 18 390
392 0 2707 2399 6309 6 391
393 0 2671 2503 6249 12.4222 376
394 0 2675 2507 6261 10 393
395 0 2619 2519 6209 12.4222 375
396 0 2619 2535 6209 9.31371 395
397 0 2631 2551 6217 10.6491 396
398 0 2631 2491 6173 15.8885 374
399 0 2623 2499 6149 10 398
400 0 2623 2503 6125 6 399
401 0 2615 2507 6117 2 400
402 0 2771 2443 6221 10.6491 370
403 0 2763 2435 6233 9.31371 402
404 0 2767 2427 6237 6 403
405 0 2771 2411 6241 6 404
406 0 2767 2403 6241 3.65685 405
407 0 2759 2399 6241 6 406
408 0 2751 2395 6249 6 407
409 0 2811 2383 6189 22.3311 369
410 0 2791 2351 6205 6 409
411 0 2787 2347 6209 2 410
412 0 2787 2343 6209 2 411
413 0 2819 2395 6173 26 368
414 0 2791 2359 6153 12.4222 413
415 0 2779 2351 6149 6.94427 414
416 0 2771 2343 6149 6.94427 415
417 0 2763 2339 6145 3.65685 416
418 0 2763 2339 6141 3.65685 417
419 0 2767 2339 6137 2 418
420 0 3199 2747 5821 15.8885 89
421 0 3231 2755 5841 9.31371 420
422 0 3243 2751 5849 12.4222 421
423 0 3267 2755 5869 9.31371 422
424 0 3291 2767 5881 10 423
425 0 3299 2775 5889 9.31371 424
426 0 3307 2779 5893 6 425
427 0 3315 2783 5897 9.31371 426
428 0 3339 2791 5913 10.6491 427
429 0 3355 2799 5917 18 428
430 0 3375 2799 5917 9.31371 429
431 0 3395 2795 5917 9.31371 430
432 0 3407 2787 5909 6.94427 431
433 0 3415 2779 5901 6 432
434 0 3427 2783 5885 12.4222 433
435 0 3435 2779 5857 9.31371 434
436 0 3447 2775 5833 9.31371 435
437 0 3455 2783 5817 10 436
438 0 3467 2787 5805 12.4222 437
439 0 3495 2775 5781 9.31371 438
440 0 3511 2767 5773 9.31371 439
441 0 3523 2763 5765 14 440
442 0 3563 2763 5765 12.4222 441
443 0 3599 2755 5765 10.6491 442
444 0 3619 2755 5765 14 443
445 0 3647 2755 5761 10 444
446 0 3655 2755 5753 10 445
447 0 3675 2759 5753 10 446
448 0 3691 2763 5749 14 447
449 0 3719 2763 5745 9.31371 448
450 0 3739 2767 5745 10 449
451 0 3763 2779 5745 10.6491 450
452 0 3791 2795 5745 12.4222 451
453 0 3823 2815 5745 12.4222 452
454 0 3847 2831 5749 12.4222 453
455 0 3867 2847 5749 9.31371 454
456 0 3883 2863 5749 9.31371 455
457 0 3903 2875 5761 12.4222 456
458 0 3923 2895 5769 9.31371 457
459 0 3935 2911 5785 10 458
460 0 3943 2923 5805 10 459
461 0 3959 2931 5825 10 460
462 0 3959 2931 5853 10 461
463 0 3963 2919 5873 6.94427 462
464 0 3963 2919 5889 6.94427 463
465 0 3963 2915 5905 6.94427 464
466 0 3959 2915 5925 9.31371 465
467 0 3951 2911 5941 10.6491 466
468 0 3947 2891 5957 14 467
469 0 3951 2867 5981 12.4222 468
470 0 3959 2847 6001 14 469
471 0 3967 2827 6025 14.9706 470
472 2 3970.87 2807.67 6052.07 28.7653 471
473 0 3959 2807 6089 34.8782 472
474 0 3943 2799 6121 22 473
475 0 3923 2803 6133 6.94427 474
476 0 3911 2803 6133 6.94427 475
477 0 3903 2803 6141 9.31371 476
478 0 3887 2791 6153 6.94427 477
479 0 3867 2783 6177 18 478
480 0 3839.91 2777.18 6222.01 33.7258 479
481 0 3835 2787 6249 44.6476 480
482 2 3840.6 2793.72 6257.96 42.7863 481
483 2 3847.8 2802.36 6269.48 40.3931 482
484 2 3853.4 2809.08 6278.44 38.5318 483
485 2 3881 2811 6307 16.6155 484
486 0 3915 2803 6337 6.94427 485
487 0 3927 2803 6349 9.31371 486
488 0 3935 2799 6365 6 487
489 0 3935 2799 6381 6.94427 488
490 0 3935 2783 6401 10 489
491 2 3931.44 2771.44 6418.78 12.6522 490
492 0 3935 2775 6433 14.4924 491
493 0 3935 2779 6449 10 492
494 0 3935 2795 6469 9.31371 493
495 0 3923 2799 6489 10 494
496 0 3907 2811 6521 14 495
497 0 3899 2811 6537 6 496
498 0 3927 2751 6433 12.4222 491
499 0 3927 2739 6441 6.94427 498
500 0 3923 2723 6445 6 499
501 0 3927 2711 6449 6.94427 500
502 0 3935 2703 6457 2 501
503 0 3939 2699 6457 2 502
504 0 3887 2839 6321 6 485
505 0 3891 2851 6325 6 504
506 0 3891 2863 6329 9.31371 505
507 0 3891 2891 6333 6.94427 506
508 0 3887 2907 6337 6 507
509 0 3887 2923 6337 6 508
510 0 3887 2931 6337 6 509
511 0 3887 2951 6345 14.4924 510
512 0 3895 2967 6353 10.6491 511
513 0 3911 2971 6369 6 512
514 0 3915 2975 6373 6 513
515 0 3831 2851 6273 12.4222 484
516 0 3823 2863 6273 14 515
517 0 3827 2879 6269 6.94427 516
518 0 3835 2891 6261 6 517
519 0 3891 2791 6265 10.6491 483
520 0 3903 2787 6269 10 519
521 0 3915 2783 6273 6 520
522 0 3923 2783 6273 6 521
523 0 3935 2779 6273 9.31371 522
524 0 3947 2763 6277 6 523
525 0 3823 2775 6305 9.31371 482
526 0 3819 2767 6313 10 525
527 0 3815 2755 6317 3.65685 526
528 0 3819 2751 6313 2 527
529 2 3820.28 2787 6265.35 32.1177 481
530 2 3803.08 2787 6284.47 17.4711 529
531 0 3795 2783 6305 9.31371 530
532 0 3791 2775 6321 9.31371 531
533 0 3783 2775 6329 6.94427 532
534 0 3771 2783 6341 6.94427 533
535 0 3763 2787 6349 6 534
536 0 3759 2787 6369 6.94427 535
537 0 3751 2791 6377 6 536
538 0 3747 2791 6389 6 537
539 0 3743 2799 6405 6 538
540 0 3739 2795 6413 6 539
541 0 3723 2799 6425 6.94427 540
542 0 3719 2799 6437 12.4222 541
543 0 3719 2815 6457 2 542
544 0 3715 2815 6461 2 543
545 0 3767 2791 6285 6 530
546 0 3763 2795 6289 3.65685 545
547 0 3763 2795 6297 6 546
548 0 3763 2791 6305 6 547
549 0 3759 2791 6313 3.65685 548
550 0 3759 2795 6317 2 549
551 0 3763 2767 6253 6.94427 529
552 0 3751 2751 6253 3.65685 551
553 0 3751 2747 6253 2 552
554 0 3811 2743 6249 14.4924 480
555 0 3823 2711 6257 14 554
556 0 3839 2759 6177 19.5407 479
557 0 3823 2731 6165 9.31371 556
558 0 3939 2787 6073 30.249 472
559 0 3919 2763 6077 10.6491 558
560 0 3911 2755 6077 6.94427 559
561 0 3955 2931 5957 14 467
562 0 3959 2955 5965 10.6491 561
563 0 3959 2979 5981 10.6491 562
564 0 3959 3007 5997 14 563
565 0 3967 3019 6009 14 564
566 0 3979 3027 6017 9.31371 565
567 0 3995 3031 6033 9.31371 566
568 0 4015 3035 6045 9.31371 567
569 0 4043 3047 6041 10 568
570 0 4071 3063 6033 14.9706 569
571 0 4095 3067 6017 10 570
572 0 4115 3071 6001 12.4222 571
573 0 4147 3079 5989 12.4222 572
574 2 4161.07 3086.03 5978.45 10.8631 573
575 0 4195 3115 5953 10 574
576 0 4211 3135 5933 14 575
577 0 4235 3155 5917 12.4222 576
578 0 4247 3167 5909 10.6491 577
579 0 4267 3191 5905 14 578
580 0 4283 3227 5885 14 579
581 0 4291 3259 5881 12.4222 580
582 0 4291 3271 5873 12.4222 581
583 0 4303 3283 5869 2 582
584 0 4307 3283 5869 2 583
585 0 4167 3099 5993 6.94427 574
586 0 4171 3115 6005 6 585
587 0 4171 3131 6021 6 586
588 0 4167 3147 6037 6.94427 587
589 0 4167 3155 6045 10 588
590 0 4163 3167 6069 10 589
591 0 4155 3167 6097 14.4924 590
592 0 4171 3143 6121 6 591
593 0 4175 3127 6121 6.94427 592
594 0 4183 3123 6121 6 593
595 2 3359.34 2829.35 5945.18 27.7276 429
596 2 3362.47 2851.28 5965.55 34.7557 595
597 0 3378.57 2867.59 6019.54 43.7989 596
598 2 3391.78 2869.8 6043.77 35.0343 597
599 0 3423 2871 6081 14.4924 598
600 0 3459 2859 6105 10.6491 599
601 0 3475 2859 6129 10.6491 600
602 0 3488.41 2845.59 6159.12 10.4274 601
603 0 3495 2839 6169 12.4222 602
604 0 3499 2819 6197 10 603
605 0 3503 2811 6221 9.31371 604
606 0 3507 2799 6241 9.31371 605
607 0 3507 2787 6269 9.31371 606
608 0 3503 2783 6285 6.94427 607
609 0 3499 2775 6309 10 608
610 0 3495 2783 6337 14.4924 609
611 0 3483 2787 6349 9.31371 610
612 0 3475 2803 6369 10 611
613 0 3471 2803 6381 6 612
614 0 3463 2803 6393 12.4222 613
615 2 3463 2807 6409 10.6491 614
616 2 3463 2807 6415 10.6491 615
617 0 3451 2823 6441 12.4222 616
618 0 3431.26 2790.02 6496.48 25.3656 617
619 0 3419.82 2776.45 6516.18 28.7706 618
620 2 3404.06 2763.85 6531.94 26.4411 619
621 0 3359 2759 6541 10.6491 620
622 2 3329.28 2752.71 6552.43 22.2657 621
623 2 3320.94 2751.32 6559.39 27.2967 622
624 0 3307 2759 6625 14 623
625 0 3303 2767 6637 9.31371 624
626 0 3295 2779 6649 12.4222 625
627 0 3295 2787 6661 9.31371 626
628 0 3287 2791 6669 6 627
629 0 3295 2787 6549 6 623
630 0 3299 2807 6541 12.4222 629
631 0 3303 2811 6529 6 630
632 0 3303 2767 6501 18 622
633 0 3295 2783 6473 9.31371 632
634 0 3299 2795 6457 6.94427 633
635 0 3299 2803 6449 3.65685 634
636 0 3295 2807 6449 2 635
637 0 3411 2759 6573 18 620
638 0 3391 2759 6585 6 637
639 0 3395 2755 6593 2 638
640 0 3395 2755 6597 2 639
641 0 3427 2806.33 6584.33 23.9736 619
642 0 3443 2835 6613 12.4222 641
643 0 3455 2867 6613 10 642
644 0 3463 2879 6609 6.94427 643
645 0 3471 2891 6609 6.94427 644
646 0 3479 2899 6609 6.94427 645
647 0 3491 2907 6609 2 646
648 0 3439 2831 6637 6.94427 642
649 0 3439 2827 6645 3.65685 648
650 0 3439 2831 6665 6.94427 649
651 0 3439 2839 6673 6 650
652 0 3419 2779 6617 14.4924 641
653 0 3427 2755 6625 3.65685 652
654 0 3427 2751 6629 2 653
655 0 3427 2747 6629 2 654
656 0 3421.42 2819.95 6533.63 13.63 618
657 0 3403 2831 6541 9.31371 656
658 0 3375 2819 6533 14.4924 657
659 0 3363 2819 6553 14.4924 658
660 0 3371 2831 6565 9.31371 659
661 0 3431 2843 6545 9.31371 656
662 0 3439 2859 6553 6 661
663 0 3439 2871 6553 2 662
664 0 3487 2799 6417 10 616
665 0 3507 2803 6417 12.4222 664
666 0 3515 2815 6425 9.31371 665
667 0 3519 2827 6429 2 666
668 0 3523 2831 6433 2 667
669 0 3443 2823 6417 10 615
670 0 3427 2831 6421 6.94427 669
671 0 3415 2831 6421 6.94427 670
672 0 3407 2835 6417 6 671
673 0 3507 2855 6157 6.94427 602
674 0 3519 2867 6157 9.31371 673
675 0 3535 2883 6157 9.31371 674
676 0 3543 2887 6153 3.65685 675
677 0 3547 2887 6149 2 676
678 0 3343 2891 6057 6.94427 598
679 0 3339 2907 6061 6 678
680 0 3339 2915 6053 9.31371 679
681 0 3347 2927 6049 6 680
682 0 3347 2935 6045 3.65685 681
683 0 3343 2939 6045 2 682
684 0 3351 2859 6073 22 597
685 2 3325.2 2866.37 6095.11 22 684
686 0 3295 2867 6117 20.6274 685
687 2 3285.4 2862.2 6129 16.651 686
688 0 3279 2859 6137 14 687
689 0 3279 2831 6149 6.94427 688
690 0 3287 2815 6165 6.94427 689
691 0 3287 2811 6173 6 690
692 0 3283 2803 6181 9.31371 691
693 0 3283 2791 6197 3.65685 692
694 0 3287 2791 6201 2 693
695 0 3275 2875 6181 10 688
696 0 3275 2883 6193 6.94427 695
697 0 3271 2871 6201 2 696
698 0 3271 2867 6201 2 697
699 0 3263 2887 6137 6.94427 687
700 0 3255 2887 6149 6 699
701 0 3251 2891 6165 6 700
702 0 3247 2891 6181 6 701
703 0 3243 2895 6189 9.31371 702
704 0 3235 2903 6197 3.65685 703
705 0 3231 2907 6197 2 704
706 0 3311 2875 6145 10 686
707 0 3323 2887 6161 6 706
708 0 3315 2903 6085 12.4222 685
709 0 3311 2919 6077 14 708
710 0 3319 2927 6065 9.31371 709
711 0 3427 2855 5953 12.4222 596
712 0 3447 2867 5957 9.31371 711
713 0 3459 2867 5965 6 712
714 0 3467 2867 5973 6 713
715 0 3327 2839 5941 10 595
716 0 3311 2839 5941 15.8885 715
717 0 3299 2847 5929 18 716
718 0 3287 2867 5913 6.94427 717
719 0 3279 2875 5909 6 718
720 0 2859 2907 5741 9.31371 71
721 0 2855 2903 5761 9.31371 720
722 0 2831 2903 5781 12.4222 721
723 0 2803 2903 5785 10 722
724 0 2791 2899 5777 10 723
725 0 2779 2899 5777 6.94427 724
726 0 2747 2903 5777 10 725
727 0 2731 2903 5773 14 726
728 0 2707 2903 5773 10 727
729 0 2687 2895 5773 9.31371 728
730 0 2675 2887 5773 12.4222 729
731 0 2655 2867 5769 9.31371 730
732 0 2643 2859 5769 12.4222 731
733 0 2627 2851 5769 6.94427 732
734 0 2603 2835 5769 14 733
735 0 2575 2827 5777 10 734
736 0 2547 2823 5777 10.6491 735
737 0 2511 2819 5789 18 736
738 0 2475 2835 5817 14 737
739 0 2439 2839 5841 10.6491 738
740 0 2419 2839 5841 10 739
741 0 2407 2835 5849 14 740
742 0 2387 2843 5845 9.31371 741
743 0 2363 2843 5845 10 742
744 0 2335 2835 5853 10 743
745 0 2315 2823 5865 10 744
746 2 2285.51 2810.26 5887.57 25.6571 745
747 0 2259 2779 5925 46.6621 746
748 0 2235 2759 6001 14.9706 747
749 0 2223 2759 6017 12.4222 748
750 0 2203 2751 6017 6.94427 749
751 0 2195 2743 6013 9.31371 750
752 0 2187 2723 6013 9.31371 751
753 0 2175 2699 6025 10 752
754 0 2163 2679 6041 12.4222 753
755 0 2151 2663 6061 10.6491 754
756 0 2147 2655 6081 6.94427 755
757 0 2147 2643 6097 6 756
758 0 2147 2635 6105 9.31371 757
759 0 2155 2623 6117 10.6491 758
760 0 2155 2619 6133 14 759
761 0 2147 2615 6145 9.31371 760
762 0 2123 2603 6169 14.9706 761
763 2 2108.78 2588.78 6176.11 19.0329 762
764 2 2081.32 2584.15 6177 21.2952 763
765 0 2046.27 2587.73 6177.18 17.7465 764
766 0 2028.79 2604.66 6182.1 13.65 765
767 0 2012.72 2617.28 6191.66 23.2016 766
768 2 1997.05 2632.95 6209.94 36.1011 767
769 0 1983 2651 6269 26.2843 768
770 0 1955 2635 6329 32.176 769
771 0 1951 2631 6361 26 770
772 2 1943.45 2631 6387.42 14.6792 771
773 0 1951 2615 6413 6 772
774 0 1967 2603 6429 6.94427 773
775 0 1971 2595 6433 6.94427 774
776 0 1975 2579 6437 12.4222 775
777 0 1999 2559 6433 14.9706 776
778 0 2003 2523 6437 10 777
779 0 2007 2515 6445 9.31371 778
780 0 2007 2503 6445 6 779
781 0 2007 2487 6449 6 780
782 0 1963 2619 6389 2 772
783 0 1979 2607 6397 18 782
784 0 1995 2611 6409 14.9706 783
785 0 1915 2659 6381 6.94427 771
786 0 1907 2671 6389 10 785
787 0 1899 2683 6393 6.94427 786
788 0 1943 2639 6185 14 768
789 0 1923 2655 6169 6 788
790 0 1915 2667 6161 6 789
791 0 1911 2679 6153 9.31371 790
792 0 1899 2687 6137 3.65685 791
793 0 1899 2691 6133 2 792
794 0 1979 2587 6173 14.9706 767
795 0 1979 2567 6173 6.94427 794
796 0 1987 2555 6169 6.94427 795
797 0 1987 2547 6165 6.94427 796
798 0 2031 2623 6165 6 766
799 0 2031 2631 6149 6 798
800 0 2027 2639 6133 6 799
801 0 2035 2643 6125 6.94427 800
802 0 2043 2635 6117 6.94427 801
803 0 2047 2627 6117 3.65685 802
804 0 2047 2623 6121 2 803
805 0 2027 2567 6189 6.94427 765
806 0 2019 2563 6169 14 805
807 0 2019 2567 6153 14 806
808 0 2027 2579 6225 9.31371 805
809 0 2075 2595 6137 14 764
810 0 2059 2607 6109 6 809
811 0 2123 2579 6197 6.94427 763
812 0 2135 2579 6205 6.94427 811
813 0 2143 2587 6205 6.94427 812
814 0 2147 2591 6197 3.65685 813
815 0 2147 2591 6193 2 814
816 0 2171 2607 6105 6.94427 759
817 0 2175 2599 6097 6.94427 816
818 0 2183 2571 6093 14 817
819 0 2191 2551 6109 10 818
820 0 2191 2543 6117 6.94427 819
821 0 2195 2535 6117 6 820
822 0 2199 2519 6125 12.4222 821
823 0 2195 2511 6149 9.31371 822
824 0 2183 2495 6173 9.31371 823
825 0 2179 2487 6197 9.31371 824
826 0 2179 2479 6205 10 825
827 0 2187 2475 6213 6.94427 826
828 0 2195 2475 6221 9.31371 827
829 0 2207 2479 6233 6 828
830 0 2215 2479 6241 6 829
831 0 2235 2471 6261 14.4924 830
832 2 2212.33 2455.33 6302.67 31.2085 831
833 2 2211 2457.92 6322.51 30.0708 832
834 2 2206.71 2464.43 6355.86 23.8571 833
835 0 2187 2471 6369 14 834
836 0 2171 2459 6385 6 835
837 0 2159 2451 6401 6.94427 836
838 0 2147 2447 6405 6 837
839 0 2131 2435 6417 6.94427 838
840 0 2119 2423 6425 6.94427 839
841 0 2119 2411 6429 2 840
842 0 2227 2455 6385 6 834
843 0 2227 2451 6397 6 842
844 0 2227 2447 6405 6 843
845 0 2227 2439 6405 6 844
846 0 2219 2491 6329 14 833
847 0 2223 2511 6321 3.65685 846
848 0 2223 2515 6321 2 847
849 0 2223 2519 6321 3.65685 848
850 0 2227 2523 6321 2 849
851 0 2215 2415 6293 6.94427 832
852 0 2219 2395 6273 6 851
853 0 2219 2387 6265 9.31371 852
854 0 2215 2387 6253 10.6491 853
855 0 2207 2395 6245 6 854
856 0 2187 2483 6297 21.3238 832
857 0 2187 2507 6297 12.4222 856
858 0 2259 2455 6245 9.31371 831
859 0 2279 2443 6241 9.31371 858
860 0 2291 2443 6241 10.6491 859
861 0 2303 2447 6245 6 860
862 0 2239 2751 6057 10.6491 749
863 0 2239 2747 6073 14 862
864 0 2267.76 2719.43 6125.32 19.8797 863
865 0 2279 2711 6145 33.7771 864
866 0 2255 2711 6193 6.94427 865
867 0 2255 2711 6201 3.65685 866
868 0 2255 2711 6209 6 867
869 0 2255 2711 6217 6 868
870 0 2251 2711 6229 9.31371 869
871 0 2247 2699 6241 12.4222 870
872 0 2291 2663 6161 22.3311 865
873 0 2279 2643 6161 10.6491 872
874 0 2267 2623 6169 6 873
875 0 2263 2619 6173 6 874
876 0 2287 2751 6133 23.2982 864
877 0 2299 2771 6117 12.4222 876
878 0 2307 2795 6109 14 877
879 0 2299 2835 5897 10 746
880 0 2307 2847 5901 6 879
881 0 2315 2859 5909 6.94427 880
882 0 2315 2867 5913 6 881
883 0 2939 2991 5841 10 63
884 0 2955 2983 5861 10 883
885 0 2963 2979 5869 10 884
886 0 2855 2971 5881 6.94427 58
887 0 2855 2971 5897 6.94427 886
888 0 2859 2967 5905 3.65685 887
889 0 2859 2967 5913 6 888
890 0 2863 2967 5921 6 889
891 0 2871 2963 5929 3.65685 890
892 0 2871 2963 5933 2 891
893 0 2747 2963 5857 15.8885 53
894 0 2743 2915 5957 19.5407 52
895 0 2731 2899 5957 14.9706 894
896 0 2743 2959 5977 34.2215 51
897 0 2755 2919 6025 15.8885 896
898 0 2755 2903 6049 10 897
899 0 2755 2899 6061 6.94427 898
900 0 2727 3023 5933 9.31371 50
901 0 2735 3031 5925 6.94427 900
902 0 2747 3039 5929 2 901
903 0 2743 3015 6001 6 49
904 0 2747 3027 6009 6 903
905 0 2739 3039 6013 9.31371 904
906 0 2739 3047 6021 6 905
907 0 2739 3047 6029 2 906
908 0 2739 3047 6033 3.65685 907
909 0 2743 3047 6041 3.65685 908
910 0 2743 3043 6049 3.65685 909
911 0 2747 3039 6053 3.65685 910
912 0 2747 3039 6061 3.65685 911
913 0 2747 3039 6065 3.65685 912
914 0 2755 3031 6073 3.65685 913
915 0 2759 3031 6077 2 914
916 0 2763 3031 6077 2 915
917 0 2659 3003 6017 3.65685 46
918 0 2655 3011 6017 6 917
919 0 2651 3027 6017 6 918
920 0 2647 3031 6021 6 919
921 0 2623 2891 6205 6 37
922 0 2631 2887 6213 9.31371 921
923 0 2643 2879 6209 6 922
924 0 2651 2879 6193 6.94427 923
925 0 2563 2923 6237 12.4222 34
926 0 2518.52 2958.42 6259.12 29.0019 925
927 2 2506.21 2969.19 6262.2 31.7331 926
928 2 2497.05 2977.21 6264.49 33.7663 927
929 2 2492.17 2998.79 6250.87 24.615 928
930 0 2487 3043 6237 19.5407 929
931 0 2499 3059 6225 12.4222 930
932 0 2455 3007 6241 14.4924 929
933 0 2439 3015 6253 6.94427 932
934 0 2539 3015 6273 6.94427 928
935 0 2547 3019 6277 6 934
936 0 2523 2991 6289 14 927
937 0 2523 2995 6305 3.65685 936
938 0 2523 2991 6309 3.65685 937
939 0 2523 2991 6317 6 938
940 0 2519 2991 6325 6 939
941 0 2479 2975 6233 32.4093 926
942 0 2431 2987 6209 10 941
943 0 2423 2995 6209 6 942
944 0 2551 2823 6333 9.31371 27
945 0 2551 2815 6325 3.65685 944
946 0 2547 2811 6321 6 945
947 0 2547 2795 6305 6 946
948 0 2551 2791 6297 6 947
949 0 2575 2779 6469 2 24
950 0 2587 2787 6477 14 949
951 0 2595 2795 6517 14 950
952 0 2599 2787 6529 3.65685 951
953 0 2599 2783 6529 2 952
954 0 2567 2755 6709 6.94427 16
955 0 2555 2751 6713 6 954
956 0 2535 2747 6733 6.94427 955
957 0 2527 2743 6741 6 956
958 0 2519 2743 6741 6 957
959 0 2559 2935 6801 14.9706 9
960 0 2563 2951 6801 6 959
