# Generated by NeuTu (https://github.com/janelia-flyem/NeuTu)
1 0 2220 2913 5589 6.94427 -1
2 0 2220 2925 5597 6 1
3 0 2228 2933 5597 6 2
4 0 2248 2929 5601 6.94427 3
5 0 2260 2925 5601 10.6491 4
6 0 2284 2921 5597 6.94427 5
7 0 2300 2917 5593 6 6
8 0 2312 2909 5593 6.94427 7
9 0 2324 2909 5581 12.4222 8
10 0 2348 2941 5565 6 9
11 0 2352 2953 5561 6 10
12 0 2356 2965 5553 6 11
13 0 2356 2981 5553 6 12
14 0 2352 2997 5549 6 13
15 0 2352 3013 5545 6 14
16 0 2352 3029 5545 6 15
17 0 2348 3045 5545 6 16
18 0 2348 3053 5545 6 17
19 0 2348 3065 5541 10 18
20 0 2340 3077 5541 6 19
21 0 2336 3081 5545 2 20
22 0 2336 3085 5545 3.65685 21
23 0 2332 3093 5545 3.65685 22
24 0 2332 3097 5545 3.65685 23
25 0 2324 3105 5545 6 24
26 0 2316 3113 5549 9.31371 25
27 0 2300 3129 5561 6.94427 26
28 0 2288 3137 5561 9.31371 27
29 0 2272 3153 5561 6.94427 28
30 0 2268 3165 5553 2 29
