# Generated by NeuTu (https://github.com/janelia-flyem/NeuTu)
1 0 2070 3218 5583 9.31371 -1
2 0 2074 3206 5587 10 1
3 0 2066 3186 5591 6 2
4 0 2066 3178 5591 6 3
5 0 2066 3166 5607 6.94427 4
6 0 2066 3166 5623 6 5
7 0 2070 3166 5643 6 6
8 0 2082 3174 5655 6.94427 7
9 0 2094 3190 5663 6 8
10 0 2098 3194 5667 6 9
11 0 2098 3210 5667 6.94427 10
12 0 2106 3222 5679 6 11
13 0 2110 3226 5683 6 12
14 0 2114 3234 5691 9.31371 13
15 0 2118.8 3244.4 5695 7.41816 14
16 0 2122 3254 5695 9.31371 15
17 0 2118 3274 5687 9.31371 16
18 0 2106 3282 5683 6 17
19 0 2094 3286 5675 6.94427 18
20 0 2078 3282 5659 6 19
21 0 2082 3266 5647 6 20
22 0 2122 3238 5711 6 15
23 0 2122 3238 5727 6 22
24 0 2126 3242 5731 6 23
25 0 2130 3238 5747 6 24
26 0 2134 3230 5755 6.94427 25
