# Generated by NeuTu (https://github.com/janelia-flyem/NeuTu)
1 0 2786 3071 2393 9.31371 -1
2 0 2802 3091 2393 9.31371 1
3 0 2806 3099 2381 6 2
4 0 2810 3099 2369 6.94427 3
5 0 2814 3087 2353 6 4
6 0 2818 3087 2345 6 5
7 0 2826 3091 2341 3.65685 6
8 0 2834 3087 2333 6.94427 7
9 0 2842 3087 2325 6 8
10 0 2854 3095 2317 6.94427 9
11 0 2858 3111 2317 6 10
12 0 2862 3123 2321 9.31371 11
13 0 2850 3135 2329 6.94427 12
14 0 2842 3151 2341 6 13
15 0 2838 3163 2349 6.94427 14
16 0 2830 3183 2361 6 15
17 0 2830 3191 2369 6 16
18 0 2838 3199 2377 6.94427 17
19 0 2850 3211 2381 6.94427 18
20 0 2858 3219 2389 6 19
