# Generated by NeuTu (https://github.com/janelia-flyem/NeuTu)
1 0 2355 3040 5596 2 -1
2 0 2359 3040 5596 3.65685 1
3 0 2375 3028 5608 9.31371 2
4 0 2383 3020 5612 10 3
5 0 2399 3024 5616 6 4
6 0 2407 3024 5616 6 5
7 0 2419 3028 5604 6.94427 6
8 0 2435 3040 5596 6 7
9 0 2447 3044 5588 6 8
10 0 2455 3060 5588 6 9
11 0 2455 3076 5588 6 10
12 0 2459 3092 5592 6 11
13 0 2463 3108 5592 6 12
14 0 2459 3120 5596 10 13
15 0 2447 3128 5608 6 14
16 0 2443 3132 5624 6 15
17 0 2439 3136 5632 6 16
18 0 2435 3140 5640 3.65685 17
19 0 2435 3140 5648 3.65685 18
20 0 2435 3136 5652 2 19
21 0 2435 3136 5664 6 20
22 0 2435 3132 5676 10 21
23 0 2419 3132 5696 3.65685 22
24 0 2411 3136 5700 6 23
25 0 2395 3136 5712 6 24
26 0 2383 3148 5728 6 25
27 0 2379 3156 5736 6 26
28 0 2371 3164 5740 2 27
