# Generated by NeuTu (https://github.com/janelia-flyem/NeuTu)
1 0 2602 2987 5614 2 -1
2 0 2602 2983 5618 2 1
3 0 2606 2975 5626 6.94427 2
4 0 2614 2967 5626 6.94427 3
5 0 2614 2959 5626 6.94427 4
6 0 2602 2947 5630 10 5
7 0 2578 2943 5630 6 6
8 0 2566 2943 5626 6 7
9 0 2558 2939 5618 6 8
10 0 2554 2935 5614 3.65685 9
11 0 2550 2935 5606 6 10
12 0 2534 2935 5602 6 11
13 0 2514 2931 5598 6 12
14 0 2498 2931 5606 6 13
15 0 2486 2927 5614 6.94427 14
16 0 2478 2923 5622 9.31371 15
17 0 2466 2915 5638 6.94427 16
18 0 2458 2911 5646 6 17
19 0 2454 2907 5662 6 18
20 0 2442 2891 5678 6 19
21 0 2438 2883 5686 9.31371 20
22 0 2434 2871 5694 6.94427 21
23 0 2438 2867 5702 6 22
24 0 2446 2863 5710 2 23
25 0 2454 2863 5714 6 24
26 0 2462 2863 5714 6 25
27 0 2470 2871 5726 6.94427 26
28 0 2470 2883 5738 6 27
29 0 2470 2891 5746 6 28
30 0 2470 2903 5746 6.94427 29
31 0 2478 2911 5750 3.65685 30
32 0 2478 2915 5750 3.65685 31
33 0 2482 2919 5750 2 32
