# Generated by NeuTu (https://github.com/janelia-flyem/NeuTu)
1 0 2286 3091 5929 6 -1
2 0 2294 3099 5917 9.31371 1
3 0 2302 3107 5917 10.6491 2
4 0 2314 3111 5913 6.94427 3
5 0 2326 3119 5909 6.94427 4
6 0 2338 3131 5913 9.31371 5
7 0 2350 3151 5913 10.6491 6
8 0 2354 3159 5905 6 7
9 0 2362 3159 5901 2 8
10 0 2370 3157 5895 6.7082 9
11 0 2370 3135 5877 6 10
12 0 2366 3135 5865 6 11
13 0 2362 3135 5853 6.94427 12
14 0 2350 3139 5841 6.94427 13
15 0 2342 3139 5841 2 14
16 0 2334 3139 5841 6 15
17 0 2318 3139 5841 6 16
18 0 2310 3139 5841 6 17
19 0 2298 3139 5841 9.31371 18
20 0 2286 3135 5845 3.65685 19
21 0 2286 3131 5849 2 20
22 0 2286 3127 5849 3.65685 21
23 0 2286 3123 5849 3.65685 22
24 0 2286 3119 5849 2 23
25 0 2374 3171 5881 6 10
26 0 2374 3179 5873 6 25
27 0 2374 3187 5873 6.94427 26
28 0 2378 3199 5865 6 27
29 0 2378 3199 5857 2 28
30 0 2378 3199 5853 2 29
