# Generated by NeuTu (https://github.com/janelia-flyem/NeuTu)
1 0 2299 2908 5922 2 -1
2 0 2295 2908 5922 3.65685 1
3 0 2287 2900 5918 9.31371 2
4 0 2279 2900 5910 6 3
5 0 2267 2904 5906 6 4
6 0 2251 2912 5902 6.94427 5
7 0 2243 2920 5898 6 6
8 0 2231 2932 5902 6 7
9 0 2235 2944 5918 6 8
10 0 2239 2952 5926 3.65685 9
11 0 2239 2956 5930 2 10
12 0 2239 2960 5934 3.65685 11
13 0 2239 2964 5934 3.65685 12
14 0 2243 2968 5938 6 13
15 0 2247 2972 5942 6 14
16 0 2255 2976 5938 6 15
17 0 2263 2976 5946 6.94427 16
18 0 2263 2972 5962 9.31371 17
19 0 2267 2964 5970 6 18
20 0 2267 2956 5974 6 19
21 0 2267 2948 5982 9.31371 20
22 0 2271 2944 5994 6 21
23 0 2271 2936 5998 3.65685 22
24 0 2267 2932 5998 2 23
25 0 2267 2928 5998 2 24
