1 0 3376 3118 2523 6.94427 -1
2 0 3384 3114 2535 6.94427 1
3 0 3368 3094 2547 18 2
4 2 3354.86 3049.43 2532.71 25.0422 3
5 2 3348.51 3038.86 2520.03 29.6282 4
6 2 3344.97 3022.84 2500.81 18.6067 5
7 0 3344 2998 2487 14 6
8 0 3320.61 2978.85 2463.61 17.256 7
9 0 3308 2982 2451 14.4924 8
10 0 3272 2974 2443 10 9
11 0 3252 2970 2439 12.4222 10
12 0 3228 2966 2439 10.6491 11
13 0 3212 2962 2431 18 12
14 0 3176 2966 2423 14.4924 13
15 0 3148 2962 2427 9.31371 14
16 0 3140 2954 2435 6.94427 15
17 0 3128 2942 2439 12.4222 16
18 0 3108 2922 2447 9.31371 17
19 0 3084 2894 2459 9.31371 18
20 0 3068 2870 2471 12.4222 19
21 0 3048 2846 2479 14 20
22 0 3036 2834 2483 12.4222 21
23 0 2980 2802 2479 33.7771 22
24 2 2958.21 2780.21 2471.74 27.7336 23
25 0 2908 2730 2471 12.4222 24
26 0 2866 2720 2475 14.2462 25
27 0 2828 2706 2491 14.9706 26
28 0 2782.16 2697.21 2517.1 27.047 27
29 0 2756 2686 2547 26 28
30 0 2732 2686 2559 14.9706 29
31 2 2700.72 2676.36 2583.85 23.0733 30
32 0 2652 2658 2587 18 31
33 0 2632 2658 2587 10.6491 32
34 0 2612 2650 2587 10.6491 33
35 0 2576 2650 2583 18 34
36 0 2524 2658 2575 19.5407 35
37 0 2500 2678 2543 12.4222 36
38 0 2496 2686 2531 12.4222 37
39 0 2484 2694 2527 10 38
40 2 2458.05 2703.73 2517.27 19.1833 39
41 2 2439.33 2718.67 2502.33 19.006 40
42 2 2416.11 2741.89 2492.37 18.0678 41
43 0 2364 2758 2479 14 42
44 0 2348 2758 2479 10 43
45 0 2328 2758 2479 12.4222 44
46 0 2304 2762 2471 10 45
47 0 2280 2762 2471 6 46
48 0 2268 2762 2471 6.94427 47
49 0 2252 2758 2471 14 48
50 0 2224 2750 2483 10.6491 49
51 0 2192 2730 2479 14 50
52 0 2153.22 2701.37 2489.16 16.2596 51
53 0 2124 2686 2499 14 52
54 0 2112 2674 2499 2 53
55 0 2112 2670 2499 2 54
56 0 2112 2666 2499 2 55
57 0 2112 2662 2499 2 56
58 0 2112 2658 2499 2 57
59 0 2148 2718 2455 18 52
60 0 2144 2734 2447 6 59
61 0 2148 2738 2443 6 60
62 0 2276 2762 2451 6.94427 48
63 0 2280 2762 2443 6 62
64 0 2284 2750 2435 10.6491 63
65 0 2280 2742 2427 9.31371 64
66 0 2368 2762 2451 9.31371 44
67 0 2372 2754 2443 9.31371 66
68 0 2420 2714 2475 9.31371 42
69 0 2424 2702 2467 12.4222 68
70 0 2495.12 2679.96 2497.04 18.0891 41
71 0 2516 2674 2503 10.6491 70
72 2 2527.24 2656.05 2508.3 13.3511 71
73 0 2544 2646 2515 10 72
74 0 2552 2650 2523 6 73
75 0 2560 2654 2531 6.94427 74
76 0 2564 2654 2539 2 75
77 0 2564 2654 2543 2 76
78 0 2524 2626 2511 14.4924 72
79 0 2504 2650 2495 12.4222 70
80 0 2492 2630 2507 9.31371 79
81 0 2492 2618 2511 6 80
82 0 2492 2610 2511 6 81
83 0 2460 2678 2523 14 40
84 0 2472 2666 2531 18 83
85 0 2480 2646 2535 10.6491 84
86 0 2484 2634 2547 14.4924 85
87 0 2504.67 2626 2567.67 15.4435 86
88 0 2540 2602 2563 10 87
89 0 2552 2602 2555 6.94427 88
90 0 2564 2614 2543 6.94427 89
91 0 2568 2622 2535 6 90
92 0 2576 2626 2527 2 91
93 0 2500 2606 2579 10.6491 87
94 0 2488 2602 2583 12.4222 93
95 0 2476 2590 2583 6 94
96 0 2492 2610 2539 14.4924 86
97 0 2468 2586 2543 9.31371 96
98 0 2456 2574 2539 6.94427 97
99 0 2444 2562 2531 6.94427 98
100 0 2424 2546 2531 12.4222 99
101 0 2508 2590 2535 9.31371 96
102 0 2508 2582 2543 6 101
103 0 2512 2574 2547 6.94427 102
104 0 2520 2570 2547 6.94427 103
105 0 2524 2562 2539 6 104
106 0 2528 2646 2599 14.9706 36
107 0 2548 2622 2607 6.94427 106
108 0 2552 2610 2611 12.4222 107
109 0 2560 2594 2611 10 108
110 0 2552 2582 2619 6 109
111 0 2540 2582 2619 6 110
112 0 2572 2662 2603 6.94427 35
113 0 2572 2662 2611 6 112
114 0 2572 2666 2623 10 113
115 0 2564 2682 2643 9.31371 114
116 0 2560 2694 2655 3.65685 115
117 0 2556 2694 2655 2 116
118 0 2732 2670 2587 12.4222 31
119 0 2748 2690 2587 10 118
120 0 2748 2702 2587 10.6491 119
121 0 2752 2722 2583 6 120
122 0 2748 2714 2499 19.5407 28
123 0 2740 2734 2511 9.31371 122
124 0 2744 2738 2519 6 123
125 0 2856 2722 2455 6.94427 26
126 0 2852 2722 2439 6 125
127 0 2844 2706 2423 10 126
128 0 2848 2698 2415 9.31371 127
129 0 2836 2690 2395 3.65685 128
130 0 2832 2690 2391 2 129
131 0 2960 2822 2431 10 24
132 0 2960 2834 2407 9.31371 131
133 0 2968 2838 2391 6 132
134 0 2980 2838 2375 6 133
135 0 2972 2838 2483 6.94427 23
136 0 2972 2850 2491 12.4222 135
137 2 3331.22 2997.03 2459.06 12.6383 8
138 0 3340 3014 2463 12.4222 137
139 2 3361.88 3033.41 2478.41 20.6751 138
140 2 3369.9 3037.73 2483.81 21.7662 139
141 0 3396 3034 2495 14 140
142 0 3408 3022 2483 3.65685 141
143 0 3416 3018 2479 6.94427 142
144 0 3436 3034 2475 9.31371 143
145 0 3448 3038 2479 12.4222 144
146 0 3456 3034 2491 9.31371 145
147 0 3404 3030 2519 15.8885 141
148 0 3412 3034 2535 6.94427 147
149 0 3420 3034 2539 2 148
150 0 3424 3034 2539 2 149
151 0 3372 3070 2487 9.31371 140
152 0 3368 3082 2499 10 151
153 0 3368 3094 2499 9.31371 152
154 0 3376 3102 2503 6 153
155 0 3388 3102 2507 2 154
156 0 3372 3006 2475 15.8885 139
157 0 3388 2998 2475 6.94427 156
158 0 3400 3002 2487 6 157
159 0 3340 2994 2439 6.94427 137
160 0 3344 2998 2411 12.4222 159
161 0 3364 3006 2395 6.94427 160
162 0 3372 3014 2387 9.31371 161
163 0 3380 3022 2371 6.94427 162
164 0 3364 2986 2483 10 7
165 0 3376 2982 2491 6.94427 164
166 0 3376 2982 2499 6 165
167 0 3388 2986 2507 6.94427 166
168 0 3404 2990 2507 3.65685 167
169 0 3408 2994 2507 2 168
170 0 3352 3014 2547 30.249 6
171 0 3384 3014 2551 10.6491 170
172 0 3396 3014 2551 10.6491 171
173 0 3404 3006 2547 6 172
174 0 3408 2998 2535 9.31371 173
175 0 3412 2986 2519 3.65685 174
176 0 3416 2982 2515 2 175
177 0 3340 3082 2511 10 5
178 0 3340 3094 2519 6 177
179 0 3348 3102 2515 2 178
180 0 3348 3106 2515 2 179
181 0 3360 3054 2567 18.3961 4
182 0 3340 3082 2571 12.4222 181
183 0 3324 3086 2575 9.31371 182
