# Generated by NeuTu (https://github.com/janelia-flyem/NeuTu)
1 0 2565 3571 6101 2 -1
2 0 2561 3571 6101 2 1
3 0 2549 3579 6097 10 2
4 0 2545 3591 6081 9.31371 3
5 0 2545 3603 6073 6 4
6 0 2541 3611 6065 6 5
7 0 2545 3627 6049 6.94427 6
8 0 2549 3643 6033 6 7
9 0 2553 3659 6017 6.94427 8
10 0 2553 3663 6001 6 9
11 0 2553 3663 5993 6 10
12 0 2557 3663 5981 9.31371 11
13 0 2561 3659 5969 6.94427 12
14 0 2569 3659 5957 9.31371 13
15 0 2577 3663 5937 6 14
16 0 2581 3639 5909 34.8782 15
17 0 2611.48 3654.62 5865.76 39.0343 16
18 0 2608.11 3671.44 5832.11 31.7478 17
19 2 2617 3721.74 5763.03 27.207 18
20 2 2617 3725.68 5752.51 25.4264 19
21 0 2605 3723 5701 6 20
22 0 2614.1 3715.55 5686.26 13.4523 21
23 0 2621 3719 5669 10 22
24 0 2637 3735 5645 12.4222 23
25 2 2639.89 3747 5627.34 11.6626 24
26 0 2633 3747 5617 6.94427 25
27 0 2621 3747 5605 6 26
28 0 2605 3743 5589 6 27
29 0 2597 3739 5577 6 28
30 0 2585 3719 5573 9.31371 29
31 0 2561 3703 5577 10 30
32 2 2536.82 3696.27 5587.73 11.858 31
33 0 2509 3683 5601 10.6491 32
34 0 2501 3675 5601 6.94427 33
35 0 2489 3663 5601 9.31371 34
36 0 2473 3647 5601 9.31371 35
37 0 2465 3635 5597 9.31371 36
38 0 2465 3623 5593 6 37
39 0 2461 3599 5585 12.4222 38
40 0 2441 3567 5593 14 39
41 0 2433 3547 5617 9.31371 40
42 0 2433 3543 5633 12.4222 41
43 0 2421 3535 5645 6.94427 42
44 2 2410.59 3520.59 5665.82 8.37082 43
45 0 2405 3515 5677 9.31371 44
46 0 2405 3507 5689 3.65685 45
47 0 2409 3507 5693 2 46
48 0 2429 3535 5669 6 44
49 0 2445 3543 5673 6 48
50 0 2453 3547 5669 2 49
51 0 2457 3547 5669 2 50
52 0 2537 3715 5561 6.94427 32
53 0 2545 3727 5561 6.94427 52
54 0 2553 3739 5561 6.94427 53
55 0 2561 3759 5561 10 54
56 0 2561 3771 5561 6.94427 55
57 0 2557 3779 5569 3.65685 56
58 0 2553 3783 5569 2 57
59 0 2683 3755 5613 14 25
60 0 2697 3755 5613 14 59
61 0 2709 3751 5621 6.94427 60
62 0 2725 3751 5625 6 61
63 0 2733 3747 5633 6 62
64 0 2741 3747 5641 6 63
65 0 2761 3731 5649 9.31371 64
66 0 2777 3715 5649 10.6491 65
67 0 2793 3703 5645 15.8885 66
68 0 2817 3687 5625 6 67
69 0 2821 3683 5621 6 68
70 0 2829 3675 5621 3.65685 69
71 0 2829 3671 5621 2 70
72 0 2701 3763 5597 10 59
73 0 2713 3767 5589 10 72
74 0 2721 3775 5585 6.94427 73
75 0 2589 3711 5669 6 22
76 0 2573 3703 5669 6.94427 75
77 0 2561 3695 5669 6.94427 76
78 0 2553 3691 5665 9.31371 77
79 0 2541 3687 5661 6 78
80 0 2585 3731 5761 10 20
81 2 2572.43 3734.14 5754.71 9.46077 80
82 0 2557 3739 5745 6 81
83 0 2541 3747 5737 6 82
84 0 2525 3759 5729 6.94427 83
85 0 2517 3763 5725 9.31371 84
86 0 2509 3767 5717 6 85
87 0 2505 3771 5713 6 86
88 0 2497 3771 5705 3.65685 87
89 0 2497 3767 5701 2 88
90 0 2569 3751 5769 6.94427 81
91 0 2569 3763 5773 12.4222 90
92 0 2565 3779 5769 6 91
93 0 2561 3783 5765 2 92
94 0 2557 3783 5761 2 93
95 0 2641 3751 5777 21.3238 19
96 0 2649 3771 5785 10.6491 95
97 0 2661 3779 5797 6 96
98 0 2669 3779 5793 3.65685 97
99 0 2677 3779 5793 6 98
100 2 2689.71 3775.82 5802.53 9.1767 99
101 0 2705 3775 5809 10 100
102 0 2725 3775 5809 6 101
103 0 2733 3775 5809 6 102
104 2 2743.74 3775 5805.42 9.58114 103
105 0 2753 3775 5797 10 104
106 0 2757 3779 5785 6 105
107 0 2757 3779 5777 6 106
108 0 2769 3771 5761 14 107
109 0 2777 3759 5749 6.94427 108
110 0 2785 3751 5753 3.65685 109
111 0 2789 3747 5757 2 110
112 2 2752.24 3770.78 5824.37 13.8192 104
113 0 2761 3767 5841 18 112
114 0 2777 3775 5853 10 113
115 0 2773 3771 5813 14 112
116 0 2789 3775 5813 6.94427 115
117 0 2797 3779 5809 6 116
118 0 2705 3775 5789 6.94427 100
119 0 2717 3783 5785 2 118
120 0 2721 3783 5785 2 119
121 0 2725 3783 5781 2 120
122 0 2729 3783 5777 2 121
123 0 2729 3783 5773 2 122
124 0 2733 3783 5769 2 123
125 0 2733 3783 5765 2 124
126 0 2561 3655 5845 34 18
127 0 2545 3651 5877 14 126
128 0 2665 3663 5833 9.31371 17
129 0 2673 3671 5829 3.65685 128
130 0 2681 3675 5825 6 129
131 0 2681 3671 5813 6 130
132 0 2681 3671 5805 6 131
133 0 2685 3667 5793 9.31371 132
134 0 2685 3659 5785 6 133
135 0 2561 3603 5917 14 16
136 0 2553 3575 5925 15.8885 135
137 0 2557 3559 5933 14.9706 136
138 0 2557 3527 5929 6 137
139 0 2553 3519 5925 6 138
140 0 2549 3507 5917 9.31371 139
141 0 2545 3491 5901 3.65685 140
142 0 2537 3483 5893 9.31371 141
143 0 2537 3475 5885 6 142
