# Generated by NeuTu (https://github.com/janelia-flyem/NeuTu)
1 0 2637 3734 5603 2 -1
2 0 2637 3738 5599 3.65685 1
3 0 2641 3742 5595 3.65685 2
4 0 2657 3742 5583 10 3
5 0 2641 3750 5559 10 4
6 0 2629 3746 5563 6 5
7 0 2621 3746 5563 6 6
8 0 2609 3738 5563 10 7
9 0 2601 3738 5571 9.31371 8
10 0 2585 3734 5571 6.94427 9
11 0 2569 3714 5571 6 10
12 0 2561 3694 5575 6 11
13 0 2553 3690 5579 6 12
14 0 2549 3686 5583 3.65685 13
15 0 2549 3686 5587 3.65685 14
16 0 2545 3678 5595 6 15
17 2 2541.67 3671.33 5601.67 6.78689 16
18 0 2533 3666 5611 6.94427 17
19 0 2529 3666 5619 6 18
20 0 2521 3662 5627 9.31371 19
21 0 2505 3666 5643 6 20
22 0 2497 3666 5643 6.94427 21
23 0 2485 3662 5659 6 22
24 0 2481 3654 5667 6 23
25 2 2474.33 3650.67 5673.67 6.78689 24
26 0 2473 3650 5687 9.31371 25
27 0 2469 3646 5695 6 26
28 0 2461 3638 5703 6 27
29 0 2461 3634 5711 3.65685 28
30 0 2457 3630 5715 3.65685 29
31 0 2457 3630 5723 6 30
32 0 2457 3618 5739 6.94427 31
33 0 2453 3618 5759 6 32
34 0 2449 3618 5767 6 33
35 0 2441 3614 5775 3.65685 34
36 0 2441 3614 5779 2 35
37 0 2441 3614 5783 3.65685 36
38 0 2433 3618 5791 6.94427 37
39 0 2425 3622 5799 3.65685 38
40 0 2417 3622 5807 3.65685 39
41 0 2413 3626 5811 6 40
42 0 2413 3622 5827 6 41
43 0 2409 3618 5843 6.94427 42
44 0 2409 3618 5851 6.94427 43
45 0 2453 3602 5735 6 32
46 0 2441 3590 5735 6.94427 45
47 0 2429 3582 5735 6.94427 46
48 0 2421 3582 5739 3.65685 47
49 0 2417 3586 5739 2 48
50 0 2477 3626 5663 10 25
51 0 2477 3614 5663 6.94427 50
52 0 2469 3606 5663 6.94427 51
53 0 2465 3598 5671 9.31371 52
54 0 2449 3586 5687 6 53
55 0 2565 3662 5595 9.31371 17
56 0 2573 3666 5599 6 55
57 0 2581 3674 5603 6.94427 56
58 0 2589 3682 5611 3.65685 57
59 0 2593 3686 5615 6 58
60 0 2601 3694 5619 6.94427 59
61 0 2609 3698 5623 3.65685 60
62 0 2613 3698 5623 2 61
