# Generated by NeuTu (https://github.com/janelia-flyem/NeuTu)
1 0 2455 3782 5753 2 -1
2 0 2455 3782 5749 2 1
3 0 2459 3778 5745 6 2
4 0 2467 3766 5725 10 3
5 2 2481.67 3739.33 5706.33 18 4
6 0 2519 3714 5705 22.3311 5
7 0 2555 3702 5709 37.3954 6
8 2 2574.77 3690.7 5728.77 26.0466 7
9 2 2586.23 3685.35 5740.87 19.8881 8
10 0 2603 3682 5761 12.4222 9
11 0 2631 3678 5781 10 10
12 0 2647 3678 5797 10.6491 11
13 0 2663 3686 5829 14 12
14 2 2676.33 3683.33 5855.67 14 13
15 0 2683 3670 5877 10 14
16 0 2691 3686 5913 10 15
17 2 2701.57 3695.71 5921.86 8.80597 16
18 0 2723 3706 5933 6.94427 17
19 0 2735 3718 5945 6.94427 18
20 2 2746 3732 5948 6.94427 19
21 0 2755 3742 5953 10.6491 20
22 0 2779 3746 5961 10 21
23 0 2799 3750 5969 6 22
24 0 2811 3750 5969 10 23
25 0 2835 3742 5989 26.8444 24
26 0 2835 3694 5997 12.4222 25
27 0 2835 3686 6009 6 26
28 0 2823 3678 6029 10.6491 27
29 0 2815 3674 6045 15.8885 28
30 0 2803 3666 6061 14 29
31 0 2787 3666 6065 2 30
32 0 2783 3666 6065 2 31
33 0 2747 3726 5925 6 20
34 0 2747 3726 5909 6 33
35 0 2747 3726 5901 3.65685 34
36 0 2747 3726 5893 3.65685 35
37 0 2747 3726 5889 3.65685 36
38 0 2751 3730 5885 3.65685 37
39 0 2759 3734 5877 6.94427 38
40 0 2763 3730 5861 9.31371 39
41 0 2767 3726 5849 6 40
42 0 2691 3694 5937 6 17
43 0 2683 3694 5949 6 42
44 0 2675 3690 5957 6 43
45 0 2671 3686 5961 6 44
46 0 2655 3698 5861 6.94427 14
47 0 2647 3706 5869 6 46
48 0 2635 3710 5885 6.94427 47
49 0 2627 3706 5897 6.94427 48
50 0 2627 3690 5913 6 49
51 0 2623 3678 5921 9.31371 50
52 0 2611 3666 5933 6.94427 51
53 0 2599 3650 5937 6 52
54 0 2595 3646 5941 6 53
55 0 2551 3674 5753 14.4924 9
56 0 2539 3658 5745 9.31371 55
57 0 2535 3642 5737 15.8885 56
58 0 2523 3614 5753 6.94427 57
59 0 2591 3702 5685 12.4222 8
60 0 2603 3702 5673 6 59
61 0 2611 3710 5665 9.31371 60
62 0 2619 3710 5653 6.94427 61
63 0 2623 3718 5645 3.65685 62
64 0 2627 3718 5641 2 63
65 0 2523 3658 5697 6.94427 7
66 0 2523 3646 5709 6.94427 65
67 0 2475 3754 5681 9.31371 5
68 0 2479 3762 5673 6 67
69 0 2479 3766 5653 6.94427 68
