# Generated by NeuTu (https://github.com/janelia-flyem/NeuTu)
1 0 2325 3445 6542 2 -1
2 0 2325 3449 6538 3.65685 1
3 0 2325 3453 6530 3.65685 2
4 0 2325 3453 6522 6 3
5 0 2325 3453 6506 6 4
6 0 2325 3457 6498 6 5
7 0 2325 3461 6486 9.31371 6
8 0 2325 3461 6474 9.31371 7
9 0 2329 3473 6458 9.31371 8
10 0 2337 3501 6430 19.5407 9
11 2 2345 3527.4 6397.2 30.7639 10
12 2 2345 3537.4 6377.2 33.1434 11
13 2 2354.09 3550.09 6354.1 27.9224 12
14 2 2358.53 3554.53 6346.32 24.9497 13
15 0 2377 3569 6326 12.4222 14
16 2 2386.3 3585.97 6307.73 13.9273 15
17 0 2401 3597 6282 30.9848 16
18 0 2389 3569 6226 10.6491 17
19 0 2377 3569 6206 10.6491 18
20 0 2369 3565 6194 12.4222 19
21 0 2369 3565 6166 10 20
22 0 2369 3561 6142 6 21
23 0 2373 3549 6126 10 22
24 0 2377 3529 6098 10 23
25 0 2373 3501 6086 14.4924 24
26 0 2357 3485 6058 18 25
27 2 2371.67 3507.67 6000.67 37.0237 26
28 0 2393 3557 5958 10 27
29 0 2397 3565 5934 10.6491 28
30 0 2405 3581 5910 10.6491 29
31 0 2413 3589 5894 9.31371 30
32 0 2413 3589 5882 6 31
33 0 2417 3589 5874 6.94427 32
34 0 2417 3601 5862 9.31371 33
35 0 2417 3609 5842 6.94427 34
36 0 2425 3613 5834 10.6491 35
37 0 2433 3633 5798 12.4222 36
38 0 2437 3645 5786 14 37
39 0 2441 3661 5786 10.6491 38
40 0 2441 3677 5774 9.31371 39
41 0 2441 3685 5766 6 40
42 0 2441 3689 5750 6 41
43 0 2449 3697 5738 6 42
44 0 2457 3705 5730 6.94427 43
45 0 2461 3709 5722 6 44
46 0 2465 3713 5714 9.31371 45
47 0 2469 3717 5702 10 46
48 0 2521 3725 5658 39.7612 47
49 0 2585 3709 5638 18 48
50 0 2601 3709 5626 12.4222 49
51 0 2621 3721 5626 10.6491 50
52 0 2641 3725 5626 9.31371 51
53 0 2661 3737 5630 9.31371 52
54 0 2681 3753 5634 12.4222 53
55 0 2697 3765 5634 10 54
56 0 2709 3769 5634 12.4222 55
57 0 2721 3773 5638 10 56
58 0 2309 3505 5994 9.31371 27
59 0 2297 3501 5990 2 58
60 2 2409.61 3603.46 6293.84 28.6564 17
61 0 2433 3621 6326 22.3311 60
62 0 2425 3649 6354 6 61
63 0 2425 3653 6362 6 62
64 0 2421 3661 6370 10 63
65 0 2425 3673 6386 9.31371 64
66 0 2429 3677 6394 6 65
67 0 2437 3681 6406 6 66
68 0 2437 3681 6414 2 67
69 0 2441 3685 6422 6 68
70 0 2449 3681 6434 6.94427 69
71 2 2456.38 3681 6445.08 6.94427 70
72 0 2469 3669 6458 9.31371 71
73 0 2473 3665 6466 6.94427 72
74 0 2469 3657 6474 2 73
75 0 2469 3657 6478 2 74
76 0 2473 3681 6434 9.31371 71
77 0 2481 3677 6426 10.6491 76
78 0 2489 3677 6418 6 77
79 2 2430.59 3609.66 6274.11 26.0657 60
80 2 2446.7 3614.41 6258.97 24.0773 79
81 0 2485 3621 6218 14 80
82 0 2493 3613 6206 9.31371 81
83 0 2509 3613 6198 9.31371 82
84 0 2513 3621 6190 10 83
85 0 2525 3633 6178 18 84
86 0 2533 3629 6138 9.31371 85
87 0 2525 3625 6126 6.94427 86
88 0 2517 3601 6210 6 83
89 0 2525 3593 6218 6 88
90 0 2529 3585 6226 6 89
91 0 2533 3573 6242 6 90
92 0 2537 3565 6250 6 91
93 0 2537 3557 6258 6 92
94 0 2477 3653 6246 18 80
95 0 2481 3669 6238 10.6491 94
96 0 2485 3681 6238 10 95
97 0 2477 3617 6314 9.31371 79
98 0 2481 3601 6322 14 97
99 0 2485 3589 6330 12.4222 98
100 0 2373 3605 6314 6.94427 16
101 0 2369 3613 6322 9.31371 100
102 0 2377 3621 6326 6 101
103 0 2381 3533 6382 21.3238 14
104 0 2401 3525 6386 9.31371 103
105 0 2413 3525 6394 6 104
106 0 2421 3525 6402 9.31371 105
107 0 2445 3537 6394 9.31371 106
108 0 2457 3541 6394 6.94427 107
109 0 2465 3549 6386 2 108
110 0 2465 3553 6382 2 109
111 0 2305 3541 6334 18 13
112 0 2285 3541 6334 6.94427 111
113 0 2273 3549 6330 6 112
114 0 2265 3557 6326 6 113
115 0 2265 3565 6326 6 114
116 0 2269 3573 6326 2 115
117 0 2273 3573 6326 2 116
118 0 2317 3505 6394 10.6491 12
119 0 2309 3497 6394 9.31371 118
120 0 2297 3489 6390 12.4222 119
121 0 2285 3477 6382 6 120
122 0 2393 3517 6414 6.94427 11
123 0 2401 3525 6422 6.94427 122
124 0 2417 3529 6422 6 123
