# Generated by NeuTu (https://github.com/janelia-flyem/NeuTu)
1 0 2428 3735 5767 6.94427 -1
2 0 2412 3727 5783 6 1
3 0 2404 3727 5799 6 2
4 0 2396 3723 5803 9.31371 3
5 0 2388 3723 5811 6 4
6 0 2368 3727 5827 6 5
7 0 2347.33 3735 5843.67 8.32644 6
8 0 2344 3731 5859 6 7
9 0 2344 3731 5867 6 8
10 0 2336 3735 5879 6 9
11 0 2328 3735 5887 6 10
12 0 2324 3735 5903 6 11
13 0 2320 3739 5919 6 12
14 0 2320 3743 5931 6 13
15 0 2320 3743 5939 6 14
16 0 2320 3743 5951 10 15
17 0 2320 3747 5963 6 16
18 0 2316 3751 5971 6 17
19 0 2320 3755 5975 6 18
20 0 2316 3759 5983 6 19
21 0 2324 3767 5991 6 20
22 0 2328 3771 5995 6 21
23 0 2332 3775 5999 3.65685 22
24 0 2340 3775 5999 6 23
25 0 2348 3779 5999 6 24
26 0 2336 3747 5831 6 7
27 0 2328 3755 5827 6 26
28 0 2324 3763 5823 6.94427 27
