# Generated by NeuTu (https://github.com/janelia-flyem/NeuTu)
1 0 2287 3783 5766 2 -1
2 0 2291 3783 5770 2 1
3 0 2295 3779 5774 3.65685 2
4 0 2295 3779 5782 6 3
5 0 2295 3779 5790 6 4
6 0 2287 3771 5802 12.4222 5
7 0 2278.47 3772.07 5831.6 11.564 6
8 2 2275.66 3777.67 5840.01 7.06559 7
9 0 2271 3779 5850 6 8
10 0 2267 3779 5858 2 9
11 0 2267 3779 5862 2 10
12 0 2263 3779 5866 3.65685 11
13 0 2263 3779 5870 2 12
14 0 2263 3779 5878 6 13
15 0 2267 3779 5890 6 14
16 0 2271 3779 5898 6 15
17 0 2283 3779 5898 2 16
18 0 2287 3779 5898 3.65685 17
19 0 2291 3783 5898 2 18
20 0 2295 3779 5842 6 8
21 0 2311 3779 5838 6 20
22 0 2319 3779 5834 6 21
23 0 2327 3779 5830 2 22
24 0 2331 3779 5830 2 23
25 0 2255 3783 5834 2 7
26 0 2251 3783 5834 2 25
27 0 2247 3783 5838 2 26
28 0 2247 3783 5842 2 27
29 0 2247 3783 5846 2 28
30 0 2247 3783 5850 2 29
31 0 2247 3783 5854 2 30
32 0 2247 3783 5858 2 31
33 0 2247 3779 5862 2 32
