# Generated by NeuTu (https://github.com/janelia-flyem/NeuTu)
1 0 2247 3626 5946 2 -1
2 0 2251 3626 5942 3.65685 1
3 0 2251 3622 5938 3.65685 2
4 0 2247 3618 5934 3.65685 3
5 0 2239 3610 5930 6 4
6 0 2235 3606 5922 6 5
7 0 2223 3614 5910 6 6
8 0 2219 3618 5902 6 7
9 0 2215 3622 5898 2 8
10 0 2215 3626 5894 3.65685 9
11 0 2207 3642 5886 10 10
12 0 2207 3658 5874 9.31371 11
13 0 2207 3666 5866 6.94427 12
14 0 2211 3666 5858 6 13
15 0 2211 3674 5850 3.65685 14
16 0 2215 3682 5842 6 15
17 2 2218.68 3697.05 5822.95 6.07455 16
18 0 2219 3714 5822 6 17
19 0 2215 3718 5826 6 18
20 0 2211 3734 5822 6 19
21 0 2215 3738 5818 6 20
22 0 2211 3682 5810 6.94427 17
23 0 2203 3674 5802 9.31371 22
24 0 2195 3666 5794 6 23
