# Generated by NeuTu (https://github.com/janelia-flyem/NeuTu)
1 0 2289 3311 5807 2 -1
2 0 2285 3307 5811 3.65685 1
3 0 2281 3303 5815 6 2
4 0 2273 3295 5823 6 3
5 0 2265 3287 5835 6 4
6 0 2249 3287 5851 6 5
7 0 2241 3287 5859 6 6
8 0 2233 3287 5859 6 7
9 0 2221 3291 5863 9.31371 8
10 0 2209 3299 5863 9.31371 9
11 0 2201 3315 5871 10 10
12 0 2189 3335 5867 10 11
13 0 2165 3351 5867 6.94427 12
14 0 2161 3359 5867 3.65685 13
15 0 2157 3367 5867 3.65685 14
16 0 2153 3371 5867 2 15
17 0 2153 3379 5867 6 16
18 0 2149 3391 5867 6 17
19 0 2141 3399 5867 10 18
20 0 2129 3407 5871 6.94427 19
21 0 2121 3407 5867 2 20
22 0 2109 3407 5867 6.94427 21
23 0 2093 3391 5871 6.94427 22
24 0 2085 3379 5871 6.94427 23
25 0 2069 3363 5879 6 24
26 0 2061 3363 5887 6.94427 25
27 0 2053 3355 5899 6 26
28 0 2049 3347 5907 3.65685 27
29 0 2049 3343 5907 2 28
