# Generated by NeuTu (https://github.com/janelia-flyem/NeuTu)
1 0 2806 1893 5620 2 -1
2 0 2802 1893 5620 2 1
3 0 2798 1889 5620 3.65685 2
4 0 2782 1889 5612 6.94427 3
5 0 2758 1885 5604 6 4
6 0 2746 1885 5592 6.94427 5
7 0 2738 1877 5580 10.6491 6
8 2 2738 1877 5566 7.40738 7
9 0 2746 1869 5556 6 8
10 0 2754 1869 5544 6 9
11 0 2754 1853 5524 6 10
12 0 2750 1845 5512 6 11
13 0 2746 1845 5504 3.65685 12
14 0 2742 1841 5500 2 13
15 0 2730 1893 5564 6 8
16 0 2726 1901 5556 10 15
17 0 2730 1917 5556 6 16
