# Generated by NeuTu (https://github.com/janelia-flyem/NeuTu)
1 0 2587 1922 5717 2 -1
2 0 2583 1922 5717 2 1
3 0 2579 1926 5721 2 2
4 0 2575 1926 5721 2 3
5 0 2591 1946 5709 2 1
6 0 2591 1950 5709 2 5
7 0 2595 1954 5709 2 6
8 0 2603 1962 5693 6 7
9 0 2611 1966 5693 2 8
10 0 2615 1970 5689 2 9
11 0 2623 1978 5685 6.94427 10
12 0 2631 1994 5681 6 11
13 0 2639 2002 5677 3.65685 12
14 0 2643 2006 5677 3.65685 13
15 0 2647 2010 5673 3.65685 14
16 0 2651 2014 5669 6 15
17 0 2655 2026 5657 6.94427 16
18 0 2663 2050 5645 10 17
19 0 2679 2070 5641 3.65685 18
20 0 2683 2078 5641 3.65685 19
21 0 2687 2086 5645 6 20
22 0 2691 2098 5649 6 21
23 0 2691 2106 5649 2 22
24 0 2687 2110 5649 2 23
25 0 2687 2114 5649 2 24
26 0 2687 2118 5653 3.65685 25
27 0 2683 2126 5653 6 26
28 0 2679 2142 5653 6.94427 27
29 0 2679 2150 5653 2 28
30 0 2679 2154 5653 2 29
31 0 2679 2158 5653 3.65685 30
32 0 2683 2162 5649 3.65685 31
33 0 2683 2166 5645 3.65685 32
34 0 2683 2170 5645 2 33
35 0 2687 2174 5641 3.65685 34
36 0 2687 2178 5641 2 35
37 0 2687 2182 5641 2 36
38 0 2679 2194 5641 2 37
39 0 2683 2198 5641 2 38
40 0 2683 2202 5641 2 39
41 0 2583 1946 5689 3.65685 5
42 0 2591 1942 5685 6 41
43 0 2599 1934 5685 10 42
44 0 2603 1914 5685 6 43
45 0 2595 1906 5685 3.65685 44
46 0 2591 1898 5685 3.65685 45
47 0 2587 1894 5685 2 46
48 0 2579 1950 5689 2 41
