# Generated by NeuTu (https://github.com/janelia-flyem/NeuTu)
1 0 2743 1895 5969 6 -1
2 0 2751 1879 5973 6.94427 1
3 0 2763 1859 5969 6.94427 2
4 0 2771 1859 5965 6 3
5 0 2787 1859 5965 10.6491 4
6 0 2811.67 1858.33 5948.33 12.2744 5
7 0 2819 1851 5941 10.6491 6
8 0 2819 1839 5937 6 7
9 0 2819 1831 5933 6 8
10 0 2823 1827 5909 6 9
11 0 2823 1835 5893 6 10
12 0 2831 1835 5877 6 11
13 0 2835 1835 5861 6 12
14 0 2827 1831 5841 6 13
15 0 2823 1827 5833 6 14
16 0 2823 1831 5825 6 15
17 0 2815 1835 5817 6 16
18 0 2803 1835 5809 6.94427 17
19 0 2807 1839 5793 9.31371 18
20 0 2811 1847 5781 9.31371 19
21 0 2811 1859 5781 10.6491 20
22 0 2791 1879 5781 10.6491 21
23 0 2787 1891 5781 9.31371 22
24 0 2779 1907 5781 12.4222 23
25 2 2771 1931 5781 10.4327 24
26 0 2767 1967 5785 10 25
27 0 2767 1991 5789 10.6491 26
28 0 2767 2019 5801 10.6491 27
29 0 2775 2051 5801 6 28
30 0 2775 2067 5801 6 29
31 0 2771 2083 5801 6 30
32 0 2771 2095 5793 6.94427 31
33 0 2779 2103 5785 9.31371 32
34 0 2811 2143 5785 26 33
35 0 2835 2159 5761 34.2215 34
36 0 2871 2163 5765 10.6491 35
37 0 2883 2163 5765 9.31371 36
38 0 2899 2175 5769 6 37
39 0 2911 2183 5777 6.94427 38
40 0 2931 2195 5777 9.31371 39
41 0 2943 2211 5785 6.94427 40
42 0 2959 2223 5789 6.94427 41
43 0 2987 2235 5789 12.4222 42
44 0 3019 2259 5789 9.31371 43
45 0 3035 2267 5789 6.94427 44
46 0 3053.22 2272.11 5791.22 6.94427 45
47 0 3075 2279 5813 6 46
48 0 3091 2287 5829 6.94427 47
49 0 3099 2291 5841 6 48
50 0 3103 2295 5845 6 49
51 0 3107 2299 5853 9.31371 50
52 0 3119 2307 5865 9.31371 51
53 0 3131 2315 5869 12.4222 52
54 0 3159 2323 5873 6.94427 53
55 0 3171 2331 5877 10.6491 54
56 2 3172.09 2331.36 5876.64 10.5277 55
57 0 3191 2339 5869 6.94427 56
58 0 3207 2351 5861 6.94427 57
59 0 3211 2367 5845 6 58
60 0 3207 2387 5829 10.6491 59
61 0 3219 2399 5825 9.31371 60
62 0 3223 2407 5817 6 61
63 0 3227 2423 5801 6 62
64 0 3227 2431 5793 6 63
65 0 3227 2435 5777 6 64
66 0 3227 2435 5769 6 65
67 0 3231 2443 5757 6 66
68 0 3235 2451 5733 9.31371 67
69 0 3239 2447 5721 9.31371 68
70 0 3243 2435 5713 6 69
71 0 3243 2419 5709 6 70
72 0 3175 2323 5893 6.94427 56
73 0 3183 2311 5897 6 72
74 0 3187 2307 5901 6 73
75 0 3191 2303 5905 3.65685 74
76 0 3195 2299 5909 6 75
77 0 3199 2291 5917 6 76
78 0 3199 2283 5925 3.65685 77
79 0 3199 2283 5933 3.65685 78
80 0 3199 2279 5937 2 79
81 0 3199 2275 5941 3.65685 80
82 0 3199 2275 5949 3.65685 81
83 0 3203 2271 5961 9.31371 82
84 0 3199 2275 5969 6 83
85 0 3187 2287 5981 9.31371 84
86 0 3159 2299 5985 9.31371 85
87 0 3147 2291 5985 2 86
88 0 3143 2291 5985 2 87
89 0 3167 2351 5889 6 55
90 0 3167 2367 5897 6 89
91 0 3167 2383 5901 6.94427 90
92 0 3171 2399 5905 6.94427 91
93 0 3067 2275 5777 3.65685 46
94 0 3071 2275 5769 6 93
95 0 3071 2271 5753 6 94
96 0 3071 2263 5749 6 95
97 0 3075 2255 5749 3.65685 96
98 0 3079 2251 5753 2 97
99 0 2755 1915 5769 6.94427 25
100 0 2735 1903 5773 9.31371 99
101 0 2719 1903 5761 3.65685 100
102 0 2715 1903 5761 2 101
103 0 2711 1903 5761 3.65685 102
104 0 2703 1899 5765 6 103
105 0 2687 1895 5753 6 104
106 0 2671 1891 5745 6 105
107 0 2659 1883 5741 6.94427 106
108 0 2651 1879 5737 6.94427 107
109 0 2643 1875 5737 3.65685 108
110 0 2635 1871 5737 6 109
111 0 2619 1863 5741 6.94427 110
112 0 2611 1855 5737 6.94427 111
113 0 2603 1851 5737 3.65685 112
114 0 2595 1843 5737 6 113
115 0 2591 1827 5733 6 114
116 0 2587 1815 5721 6 115
117 0 2587 1799 5717 6 116
118 0 2831 1859 5761 12.4222 21
119 0 2843 1859 5749 14 118
120 0 2863 1859 5729 9.31371 119
121 0 2871 1859 5717 6.94427 120
122 0 2879 1863 5705 9.31371 121
123 0 2883 1855 5685 6 122
124 0 2891 1847 5677 6.94427 123
125 0 2895 1835 5665 9.31371 124
126 0 2895 1819 5649 10 125
127 0 2895 1807 5645 10 126
128 0 2903 1791 5649 9.31371 127
129 0 2911 1787 5653 3.65685 128
130 0 2915 1783 5653 2 129
131 0 2807 1827 5769 6.94427 20
132 0 2803 1819 5765 6 131
133 0 2803 1811 5757 2 132
134 0 2803 1807 5753 3.65685 133
135 0 2799 1803 5745 6 134
136 0 2803 1799 5737 6 135
137 0 2803 1795 5729 3.65685 136
138 0 2799 1791 5725 2 137
139 0 2835 1863 5961 6.94427 6
140 0 2851 1863 5961 6 139
141 0 2863 1863 5965 9.31371 140
142 0 2883 1859 5981 6 141
143 0 2891 1855 5989 2 142
144 0 2891 1851 5989 2 143
