# Generated by NeuTu (https://github.com/janelia-flyem/NeuTu)
1 0 2585 2175 5740 2 -1
2 0 2581 2175 5744 2 1
3 0 2573 2175 5752 6 2
4 0 2565 2175 5752 6.94427 3
5 0 2557 2183 5756 6 4
6 0 2553 2187 5760 3.65685 5
7 0 2549 2191 5768 6 6
8 0 2533 2207 5788 9.31371 7
9 0 2529 2215 5796 2 8
10 0 2529 2219 5800 2 9
11 0 2529 2223 5804 3.65685 10
12 0 2529 2227 5808 2 11
13 0 2529 2227 5812 3.65685 12
14 0 2529 2231 5824 6 13
15 0 2529 2231 5840 6.94427 14
16 0 2529 2239 5848 6 15
17 0 2533 2239 5864 6 16
18 0 2537 2231 5876 6 17
19 0 2533 2231 5884 6 18
20 0 2541 2223 5900 6 19
21 0 2545 2211 5916 6.94427 20
22 0 2557 2199 5932 6 21
23 0 2565 2195 5940 6 22
24 0 2585 2195 5960 6.94427 23
25 0 2601 2191 5976 9.31371 24
26 0 2613 2187 5976 6 25
27 0 2633 2183 5976 6.94427 26
28 0 2649 2175 5980 6.94427 27
29 0 2657 2175 5980 6 28
30 2 2670.33 2169.67 5969.33 8.98142 29
31 0 2687.85 2166.05 5968 9.05132 30
32 0 2697 2163 5968 6 31
33 0 2713 2159 5968 6 32
34 0 2729 2159 5968 6.94427 33
35 0 2733 2151 5964 6 34
36 0 2697 2171 5948 6 31
37 0 2701 2171 5940 6 36
38 0 2705 2167 5936 3.65685 37
39 0 2709 2167 5932 3.65685 38
40 0 2709 2163 5928 2 39
41 0 2649 2159 5956 9.31371 30
42 0 2637 2163 5952 10 41
43 0 2625 2155 5952 2 42
44 0 2621 2155 5952 2 43
45 0 2597 2207 5992 6.94427 25
46 0 2597 2219 6008 6 45
47 0 2593 2223 6012 3.65685 46
48 0 2585 2223 6020 6.94427 47
49 0 2573 2223 6032 6 48
50 0 2565 2223 6040 6 49
51 0 2557 2227 6040 6 50
52 0 2549 2231 6048 6 51
53 0 2545 2235 6052 6 52
