# Generated by NeuTu (https://github.com/janelia-flyem/NeuTu)
1 0 2819 2208 5839 6 -1
2 0 2823 2200 5843 9.31371 1
3 0 2839 2200 5859 2 2
4 0 2843 2200 5863 2 3
5 0 2843 2200 5867 2 4
6 0 2843 2200 5871 2 5
7 0 2843 2200 5875 2 6
8 0 2843 2200 5879 2 7
9 0 2847 2200 5887 6 8
10 0 2851 2196 5891 2 9
11 0 2855 2196 5899 6 10
12 0 2859 2192 5907 3.65685 11
13 0 2863 2188 5911 3.65685 12
14 0 2871 2180 5911 3.65685 13
15 0 2875 2176 5915 6 14
16 0 2879 2172 5911 3.65685 15
17 0 2883 2172 5911 3.65685 16
18 0 2887 2168 5907 6 17
19 0 2903 2172 5899 6 18
20 0 2915 2176 5895 6.94427 19
21 0 2923 2176 5891 6.94427 20
22 0 2931 2168 5883 6 21
23 0 2935 2164 5879 6 22
24 0 2935 2156 5871 2 23
25 0 2935 2152 5867 2 24
26 0 2935 2148 5863 3.65685 25
27 0 2931 2144 5859 3.65685 26
28 0 2931 2136 5851 6 27
29 0 2931 2136 5843 6 28
30 0 2947 2140 5827 6 29
31 0 2955 2144 5819 6 30
32 0 2971 2144 5807 6 31
33 0 2979 2140 5807 3.65685 32
34 0 2983 2136 5803 2 33
35 0 2931 2188 5891 6.94427 21
36 0 2939 2196 5895 6.94427 35
37 0 2951 2196 5903 6 36
38 0 2955 2188 5915 6 37
39 0 2955 2172 5931 6 38
40 0 2947 2168 5931 3.65685 39
41 0 2943 2168 5927 2 40
