# Generated by NeuTu (https://github.com/janelia-flyem/NeuTu)
1 0 2937 2053 5904 2 -1
2 0 2933 2053 5904 2 1
3 0 2925 2053 5904 6 2
4 0 2909 2057 5908 6.94427 3
5 0 2897 2061 5916 6 4
6 0 2889 2057 5920 9.31371 5
7 0 2873 2049 5920 6 6
8 0 2857 2049 5916 6.94427 7
9 0 2837 2041 5912 6.94427 8
10 0 2821 2033 5912 6.94427 9
11 0 2813 2025 5920 6.94427 10
12 0 2805 2021 5924 2 11
13 0 2793 2021 5928 6.94427 12
14 0 2785 2029 5936 9.31371 13
15 0 2769 2041 5952 6 14
16 0 2761 2049 5960 6 15
17 0 2749 2057 5976 6.94427 16
18 0 2733 2069 5988 6.94427 17
19 0 2725 2077 5992 6 18
