# Generated by NeuTu (https://github.com/janelia-flyem/NeuTu)
1 0 2898 2032 5932 2 -1
2 0 2902 2036 5932 3.65685 1
3 0 2910 2032 5932 6.94427 2
4 0 2926 2024 5936 6.94427 3
5 0 2946 2012 5940 6.94427 4
6 0 2962 2008 5928 6 5
7 0 2962 2008 5920 6.94427 6
8 0 2970 2012 5912 6.94427 7
9 0 2974 2012 5896 6 8
10 0 2982 2004 5880 6 9
11 0 2982 1992 5864 6 10
12 0 2982 1984 5856 3.65685 11
13 0 2982 1984 5852 3.65685 12
14 0 2986 1980 5848 3.65685 13
15 0 2990 1976 5844 6 14
16 0 3006 1968 5848 6 15
17 0 3014 1968 5848 6 16
