# Generated by NeuTu (https://github.com/janelia-flyem/NeuTu)
1 0 2672 2554 5670 2 -1
2 0 2676 2558 5670 3.65685 1
3 0 2684 2558 5670 6.94427 2
4 0 2696 2574 5670 6.94427 3
5 0 2712 2590 5678 6.94427 4
6 0 2724 2598 5682 6 5
7 0 2728 2602 5686 6 6
8 0 2748 2618 5682 6 7
9 0 2764 2630 5682 6.94427 8
10 0 2772 2638 5674 6 9
11 0 2776 2642 5670 3.65685 10
12 2 2779.34 2642 5663.32 5.61434 11
13 0 2788 2638 5658 6.94427 12
14 0 2792 2630 5658 6 13
15 0 2792 2614 5654 9.31371 14
16 0 2796 2602 5654 9.31371 15
17 0 2808 2590 5666 6 16
18 0 2808 2590 5674 6 17
19 0 2816 2578 5686 6.94427 18
20 0 2816 2562 5690 6 19
21 0 2816 2554 5686 6 20
22 0 2812 2554 5678 6.94427 21
23 0 2816 2550 5670 3.65685 22
24 0 2820 2554 5666 2 23
25 0 2784 2654 5670 6.94427 12
26 0 2780 2670 5666 6.94427 25
27 0 2772 2674 5662 3.65685 26
28 0 2764 2674 5654 6 27
29 0 2744 2674 5650 10 28
30 0 2736 2674 5642 6.94427 29
31 0 2732 2674 5626 10 30
32 0 2736 2670 5614 6 31
33 0 2788 2694 5682 15.8885 26
34 0 2788 2710 5682 6.94427 33
35 0 2788 2718 5682 6 34
36 0 2788 2726 5678 2 35
37 0 2792 2730 5674 6 36
38 0 2792 2734 5666 3.65685 37
39 0 2788 2738 5662 2 38
