# Generated by NeuTu (https://github.com/janelia-flyem/NeuTu)
1 0 2540 2540 5857 9.31371 -1
2 0 2552 2540 5873 15.8885 1
3 0 2560 2528 5885 6 2
4 0 2564 2520 5885 6 3
5 0 2576 2512 5893 12.4222 4
6 0 2580 2484 5897 6.94427 5
7 0 2584 2476 5905 6 6
8 0 2588 2472 5909 3.65685 7
9 0 2588 2464 5913 6 8
10 0 2588 2456 5909 2 9
11 0 2588 2452 5909 2 10
12 0 2592 2448 5905 6 11
13 0 2596 2524 5893 6 5
14 0 2604 2528 5893 6 13
15 0 2612 2536 5889 9.31371 14
16 0 2620 2544 5881 6.94427 15
17 0 2620 2556 5877 2 16
