# Generated by NeuTu (https://github.com/janelia-flyem/NeuTu)
1 0 2706 2552 5923 6.94427 -1
2 0 2690 2564 5919 6.94427 1
3 0 2674 2564 5919 6 2
4 0 2666 2564 5919 3.65685 3
5 0 2662 2564 5915 2 4
6 0 2658 2564 5915 2 5
7 0 2650 2564 5915 6 6
8 0 2642 2560 5923 3.65685 7
9 0 2634 2556 5927 9.31371 8
10 0 2630 2552 5943 6 9
11 0 2626 2548 5951 3.65685 10
12 0 2622 2544 5955 3.65685 11
13 0 2622 2544 5959 3.65685 12
14 0 2618 2540 5963 2 13
15 0 2618 2536 5967 3.65685 14
16 0 2618 2536 5971 3.65685 15
17 0 2614 2528 5979 6.94427 16
18 0 2606 2520 5983 6 17
19 0 2606 2504 5983 6 18
20 0 2606 2496 5983 2 19
21 0 2606 2492 5983 2 20
22 0 2606 2488 5983 3.65685 21
23 0 2610 2484 5987 6 22
24 0 2614 2468 5995 6 23
25 0 2614 2456 5995 6 24
26 0 2610 2448 5995 3.65685 25
27 0 2606 2444 5999 2 26
