# Generated by NeuTu (https://github.com/janelia-flyem/NeuTu)
1 0 2613 2462 5962 6 -1
2 0 2605 2470 5962 3.65685 1
3 0 2597 2478 5962 3.65685 2
4 0 2593 2478 5962 3.65685 3
5 0 2589 2482 5962 2 4
6 0 2581 2482 5962 6 5
7 0 2573 2482 5962 3.65685 6
8 0 2569 2482 5958 2 7
9 0 2565 2482 5958 3.65685 8
10 0 2561 2482 5950 6 9
11 0 2549 2482 5938 6.94427 10
12 0 2537 2490 5930 10 11
13 0 2521 2486 5934 6 12
14 0 2509 2482 5934 6 13
15 0 2493 2490 5938 6.94427 14
16 0 2489 2494 5946 3.65685 15
17 0 2485 2494 5954 6 16
18 0 2481 2498 5970 6 17
19 0 2477 2502 5974 3.65685 18
20 0 2473 2506 5978 6 19
21 0 2469 2514 5986 2 20
22 0 2469 2518 5986 2 21
