# Generated by NeuTu (https://github.com/janelia-flyem/NeuTu)
1 0 2654 2940 5699 2 -1
2 0 2654 2936 5695 3.65685 1
3 0 2650 2932 5687 6 2
4 0 2646 2932 5675 3.65685 3
5 0 2646 2932 5671 3.65685 4
6 0 2642 2928 5667 6 5
7 0 2634 2924 5659 3.65685 6
8 0 2634 2924 5655 3.65685 7
9 0 2626 2920 5647 6.94427 8
10 0 2602 2908 5647 9.31371 9
11 0 2590 2904 5647 10 10
12 0 2570 2892 5647 6 11
13 0 2562 2888 5651 3.65685 12
14 0 2558 2884 5655 6 13
15 0 2550 2880 5655 3.65685 14
16 0 2542 2876 5655 3.65685 15
17 0 2538 2872 5659 6 16
18 0 2530 2864 5659 3.65685 17
19 0 2522 2856 5659 3.65685 18
20 0 2514 2856 5659 6 19
21 0 2506 2848 5667 9.31371 20
22 0 2498 2844 5675 6 21
