# Generated by NeuTu (https://github.com/janelia-flyem/NeuTu)
1 0 2793 3092 5995 6 -1
2 0 2793 3092 5983 6 1
3 0 2793 3088 5971 6 2
4 0 2789 3088 5959 6 3
5 0 2781 3084 5951 3.65685 4
6 0 2781 3084 5947 3.65685 5
7 0 2773 3074.74 5935.21 8.26582 6
8 0 2773 3068 5919 6 7
9 0 2773 3072 5903 6 8
10 0 2773 3072 5895 3.65685 9
11 0 2777 3076 5891 6 10
12 0 2777 3076 5875 6.94427 11
13 0 2781 3076 5863 9.31371 12
14 0 2785 3084 5855 3.65685 13
15 0 2789 3092 5847 6.94427 14
16 0 2793 3092 5839 6 15
17 0 2753 3080 5927 6.94427 7
18 0 2737 3092 5915 6 17
19 0 2733 3096 5911 6 18
