# Generated by NeuTu (https://github.com/janelia-flyem/NeuTu)
1 0 2534 2827 5917 6 -1
2 0 2550 2831 5905 6.94427 1
3 0 2566 2839 5897 6 2
4 0 2590 2839 5897 10 3
5 0 2602 2839 5897 10 4
6 0 2618 2839 5909 6 5
7 0 2630 2839 5917 10 6
8 0 2642 2843 5925 6.94427 7
9 0 2658 2855 5925 6.94427 8
10 0 2674 2863 5925 6.94427 9
11 0 2690 2867 5929 6 10
12 0 2694 2871 5925 6 11
13 0 2710 2875 5929 6 12
14 0 2726 2875 5933 6 13
15 0 2738 2883 5945 6 14
16 0 2746 2883 5945 6 15
17 0 2754 2887 5949 9.31371 16
18 0 2766 2895 5949 6 17
19 0 2778 2899 5941 6 18
20 0 2790 2911 5925 10.6491 19
21 0 2818 2919 5929 6 20
