# Generated by NeuTu (https://github.com/janelia-flyem/NeuTu)
1 0 2883 3460 5501 2 -1
2 0 2883 3456 5505 2 1
3 0 2883 3452 5513 6 2
4 0 2895 3448 5529 9.31371 3
5 0 2915 3448 5541 6 4
6 0 2931 3448 5541 6.94427 5
7 0 2939 3452 5541 6 6
8 0 2955 3452 5525 6.94427 7
9 0 2967 3444 5521 6 8
10 0 2983 3432 5521 9.31371 9
11 0 3007 3416 5525 6.94427 10
12 0 3023 3412 5525 6.94427 11
13 0 3035 3408 5525 10 12
14 0 3051 3408 5529 6.94427 13
15 0 3063 3408 5529 9.31371 14
16 0 3079 3404 5545 6 15
17 0 3083 3408 5557 6 16
18 0 3091 3408 5573 6 17
19 0 3095 3412 5581 6 18
20 0 3103 3404 5597 6 19
21 0 3111 3396 5605 6 20
22 0 3119 3396 5609 6.94427 21
23 0 3131 3380 5625 6 22
