# Generated by NeuTu (https://github.com/janelia-flyem/NeuTu)
1 0 2723 3291 5571 6 -1
2 0 2731 3307 5567 6.94427 1
3 0 2731 3323 5575 6 2
4 0 2727 3331 5579 6 3
5 0 2731 3347 5583 6 4
6 0 2727 3355 5579 3.65685 5
7 0 2723 3367 5579 6 6
8 0 2723 3383 5579 6 7
9 0 2719 3387 5575 6 8
10 0 2715 3399 5579 6 9
11 0 2719 3419 5583 6.94427 10
12 0 2723 3435 5579 6 11
13 0 2727 3443 5579 6 12
14 0 2731 3451 5579 3.65685 13
15 0 2735 3459 5579 3.65685 14
16 0 2739 3463 5575 3.65685 15
17 0 2743 3471 5575 3.65685 16
18 0 2747 3475 5571 6 17
19 0 2755 3487 5575 6 18
20 0 2759 3495 5571 6.94427 19
21 0 2755 3503 5571 2 20
22 0 2755 3507 5571 2 21
23 0 2755 3511 5571 2 22
