# Generated by NeuTu (https://github.com/janelia-flyem/NeuTu)
1 0 2812 3610 2160 6 -1
2 0 2820 3610 2152 2 1
3 0 2824 3610 2152 2 2
4 0 2832 3610 2148 6.94427 3
5 0 2852 3590 2140 6.94427 4
6 0 2860 3567.33 2132 10.2885 5
7 0 2868 3550 2136 6 6
8 0 2880 3538 2136 6 7
9 0 2888 3522 2144 9.31371 8
10 0 2896 3510 2160 9.31371 9
11 0 2904 3506 2168 6 10
12 0 2920 3506 2184 6 11
13 0 2928 3510 2188 6 12
14 0 2936 3510 2200 6.94427 13
15 0 2944 3506 2212 6 14
16 0 2944 3506 2224 2 15
17 0 2948 3502 2228 6 16
18 0 2952 3498 2240 6 17
19 0 2956 3498 2252 6 18
20 0 2848 3566 2116 6.94427 6
21 0 2840 3558 2108 6 20
22 0 2836 3558 2096 6 21
23 0 2828 3554 2088 2 22
