# Generated by NeuTu (https://github.com/janelia-flyem/NeuTu)
1 0 2725 3782 5583 2 -1
2 0 2729 3782 5583 2 1
3 0 2737 3778 5587 6 2
4 0 2749 3778 5603 6 3
5 0 2761 3774 5619 6 4
6 0 2793 3762 5655 14.4924 5
7 0 2805 3754 5675 22.3311 6
8 0 2837 3730 5691 10.6491 7
9 0 2849 3722 5699 6.94427 8
10 0 2861 3714 5707 9.31371 9
11 0 2877 3702 5719 10 10
12 0 2901 3698 5719 9.31371 11
13 0 2917 3682 5715 6.94427 12
14 0 2933 3666 5715 9.31371 13
15 0 2941 3662 5711 6.94427 14
16 0 2949 3650 5711 6.94427 15
17 0 2953 3634 5711 3.65685 16
18 0 2953 3630 5707 2 17
19 0 2953 3626 5703 2 18
20 0 2949 3622 5699 2 19
21 0 2821 3774 5667 10 7
22 0 2845 3774 5667 10 21
23 0 2865 3774 5659 10 22
24 0 2877 3774 5647 10 23
25 0 2885 3774 5639 6.94427 24
26 0 2893 3778 5639 6 25
