# Generated by NeuTu (https://github.com/janelia-flyem/NeuTu)
1 0 2972 3782 5736 2 -1
2 0 2972 3778 5740 2 1
3 0 2972 3774 5740 2 2
4 0 2972 3766 5740 6.94427 3
5 0 2968 3754 5740 9.31371 4
6 0 2960 3746 5736 6.94427 5
7 0 2944 3738 5728 10 6
8 0 2928 3722 5728 3.65685 7
9 0 2924 3722 5728 3.65685 8
10 0 2916 3714 5732 6 9
11 0 2912 3710 5728 6 10
12 0 2896 3710 5728 6 11
13 0 2888 3714 5728 2 12
14 0 2880 3714 5724 6 13
15 0 2864 3714 5720 6 14
16 0 2856 3710 5716 6 15
17 0 2848 3706 5720 6 16
18 0 2840 3702 5720 3.65685 17
19 0 2836 3702 5716 2 18
20 0 2832 3702 5716 2 19
