# Generated by NeuTu (https://github.com/janelia-flyem/NeuTu)
1 0 2357 3513 6517 6 -1
2 0 2361 3521 6509 6 1
3 0 2361 3533 6497 12.4222 2
4 0 2369 3537 6485 6.94427 3
5 0 2373 3541 6465 9.31371 4
6 0 2397 3549 6445 10 5
7 2 2409 3561.8 6439.4 14.2362 6
8 0 2409 3573 6417 10.6491 7
9 0 2393 3577 6397 12.4222 8
10 0 2393 3581 6385 10 9
11 0 2393 3589 6369 15.8885 10
12 0 2417 3577 6349 30.249 11
13 2 2429.79 3561.66 6349 22.4177 12
14 0 2457 3537 6349 10.6491 13
15 0 2465 3529 6349 6.94427 14
16 0 2477 3521 6341 10 15
17 0 2489 3521 6337 6 16
18 0 2505 3521 6321 6 17
19 0 2513 3525 6313 9.31371 18
20 0 2521 3529 6301 9.31371 19
21 0 2521 3533 6281 3.65685 20
22 0 2521 3533 6261 9.31371 21
23 0 2525 3529 6241 18 22
24 0 2529 3537 6225 14.9706 23
25 0 2496.84 3557.65 6179.53 34.5158 24
26 2 2493.33 3571.69 6147.94 26.7247 25
27 2 2486.11 3576.44 6120.89 19.1111 26
28 2 2471 3577 6103 13.1194 27
29 0 2457 3589 6081 10.6491 28
30 0 2445 3589 6057 9.31371 29
31 0 2441 3593 6033 9.31371 30
32 0 2441 3609 6017 10.6491 31
33 0 2449 3609.6 5995.2 9.31371 32
34 0 2457 3621 5977 9.31371 33
35 0 2461 3629 5945 10 34
36 0 2473 3633 5925 10 35
37 0 2481 3641 5917 9.31371 36
38 0 2493 3637 5905 12.4222 37
39 0 2493 3629 5885 6 38
40 0 2493 3637 5873 6.94427 39
41 0 2493 3641 5846.33 10.0556 40
42 0 2493 3625 5825 6.94427 41
43 0 2491.6 3590.83 5792.02 27.6409 42
44 0 2525 3521 5813 27.1204 43
45 0 2537 3497 5829 19.5407 44
46 0 2481 3617 5753 21.3238 43
47 0 2473 3637 5721 9.31371 46
48 0 2469 3653 5701 6.94427 47
49 0 2473 3661 5693 6 48
50 0 2473 3661 5685 3.65685 49
51 0 2473 3661 5681 3.65685 50
52 0 2477 3665 5677 6 51
53 0 2477 3665 5669 6 52
54 0 2477 3661 5845 10 41
55 0 2473 3673 5849 3.65685 54
56 0 2469 3677 5849 2 55
57 0 2469 3681 5849 2 56
58 0 2513 3649 5917 6 38
59 0 2521 3657 5921 6.94427 58
60 0 2529 3657 5929 9.31371 59
61 0 2525 3661 5949 6 60
62 0 2521 3665 5965 6 61
63 0 2441 3585 5997 6 33
64 0 2441 3569 6001 6.94427 63
65 0 2445 3561 6001 6 64
66 0 2453 3549 6001 9.31371 65
67 0 2461 3541 6001 6.94427 66
68 0 2469 3533 6001 9.31371 67
69 0 2481 3533 6001 6 68
70 0 2493 3537 5997 6.94427 69
71 0 2501 3557 5985 6.94427 70
72 0 2505 3565 5981 2 71
73 0 2505 3569 5981 2 72
74 0 2457 3565 6129 14.9706 28
75 0 2441 3549 6149 6.94427 74
76 0 2517 3597 6113 6.94427 27
77 0 2525 3605 6109 6 76
78 0 2533 3609 6113 6 77
79 0 2537 3609 6121 2 78
80 0 2537 3609 6125 2 79
81 0 2537 3609 6129 2 80
82 0 2549 3565 6157 15.8885 26
83 0 2565 3569 6153 3.65685 82
84 0 2569 3573 6153 2 83
85 2 2461.86 3543.29 6207.57 25.6782 25
86 0 2477 3533 6249 14 85
87 0 2465 3541 6265 10 86
88 0 2453 3525 6281 6 87
89 0 2441 3513 6293 9.31371 88
90 0 2433 3501 6313 3.65685 89
91 0 2429 3501 6317 2 90
92 0 2425 3501 6321 2 91
93 0 2421 3501 6325 2 92
94 0 2417 3505 6329 2 93
95 0 2429 3517 6221 12.4222 85
96 0 2421 3509 6229 9.31371 95
97 0 2405 3501 6233 10.6491 96
98 0 2393 3493 6233 6 97
99 0 2441 3585 6309 9.31371 13
100 0 2457 3585 6293 6 99
101 0 2437 3609 6349 20.6274 12
102 2 2450.6 3635 6362.2 25.0616 101
103 0 2465 3653 6373 27.1204 102
104 2 2483.81 3641.71 6391.81 21.6677 103
105 0 2505 3641 6405 23.2982 104
106 0 2525 3653 6417 15.8885 105
107 0 2537 3649 6429 9.31371 106
108 0 2533 3629 6445 6 107
109 0 2529 3621 6445 2 108
110 0 2529 3617 6445 2 109
111 0 2509 3609 6405 6 105
112 0 2509 3601 6405 6 111
113 0 2509 3589 6401 9.31371 112
114 0 2457 3621 6405 12.4222 104
115 0 2449 3613 6413 6.94427 114
116 0 2445 3605 6417 6 115
117 0 2449 3677 6401 14 103
118 0 2441 3689 6413 2 117
119 0 2437 3689 6417 2 118
120 0 2433 3689 6421 2 119
121 0 2453 3669 6341 18.3961 102
122 0 2445 3685 6325 6 121
123 0 2373 3609 6361 12.4222 11
124 0 2349 3625 6337 18 123
125 0 2349 3645 6321 12.4222 124
126 0 2433 3537 6437 10.6491 7
127 0 2433 3525 6441 6 126
128 0 2437 3509 6453 6 127
129 0 2437 3501 6453 6 128
