# Generated by NeuTu (https://github.com/janelia-flyem/NeuTu)
1 0 2763 3674 2166 10 -1
2 0 2771 3686 2182 12.4222 1
3 0 2763 3694 2194 6.94427 2
4 0 2751 3706 2202 6 3
5 0 2747 3710 2206 3.65685 4
6 0 2743 3710 2210 3.65685 5
7 0 2743 3718 2218 6 6
8 0 2739 3722 2222 6 7
9 0 2739 3726 2242 6 8
10 0 2743 3730 2246 3.65685 9
11 0 2743 3734 2258 6 10
12 0 2743 3734 2266 6 11
13 0 2743 3750 2282 6.94427 12
14 0 2747 3754 2290 3.65685 13
15 0 2759 3754 2298 9.31371 14
16 0 2775 3754 2302 2 15
17 0 2779 3754 2302 3.65685 16
18 0 2783 3754 2302 2 17
