# Generated by NeuTu (https://github.com/janelia-flyem/NeuTu)
1 0 3262 1899 5550 6 -1
2 0 3262 1887 5554 9.31371 1
3 0 3270 1883 5562 3.65685 2
4 0 3270 1879 5570 3.65685 3
5 0 3270 1879 5574 3.65685 4
6 0 3274 1875 5578 2 5
7 0 3274 1875 5582 2 6
8 0 3274 1875 5586 3.65685 7
9 0 3274 1875 5590 3.65685 8
10 0 3274 1871 5594 2 9
11 0 3274 1867 5602 6 10
12 0 3270 1867 5610 6.94427 11
13 0 3266 1851 5626 6 12
14 0 3262 1831 5638 6.94427 13
15 0 3258 1823 5646 6 14
16 0 3254 1803 5654 9.31371 15
17 0 3250 1787 5662 3.65685 16
18 0 3254 1783 5662 2 17
