# Generated by NeuTu (https://github.com/janelia-flyem/NeuTu)
1 0 3309 2277 5804 6 -1
2 0 3305 2261 5812 6 1
3 0 3301 2249 5812 6 2
4 0 3293 2229 5804 6 3
5 0 3297 2221 5800 2 4
6 0 3297 2213 5800 6 5
7 0 3305 2193 5804 9.31371 6
8 0 3313 2177 5824 6.94427 7
9 0 3313 2169 5832 6 8
10 0 3317 2149 5836 6.94427 9
11 0 3329 2137 5840 6.94427 10
12 0 3345 2121 5840 6.94427 11
13 0 3345 2105 5836 6 12
14 0 3341 2097 5836 6.94427 13
15 0 3341 2089 5828 6.94427 14
16 0 3333 2081 5836 2 15
17 0 3329 2077 5840 2 16
