# Generated by NeuTu (https://github.com/janelia-flyem/NeuTu)
1 0 3600 1959 5974 9.31371 -1
2 0 3612 1939 5974 10 1
3 0 3616 1927 5974 6 2
4 0 3616 1911 5974 6.94427 3
5 0 3620 1899 5970 6 4
6 0 3616 1883 5966 6 5
7 0 3612 1871 5958 9.31371 6
8 0 3604 1855 5942 6.94427 7
9 0 3596 1843 5934 14.9706 8
10 0 3582.67 1804.33 5911.33 15.9804 9
11 0 3569.88 1799 5902.47 17.381 10
12 0 3560 1799 5886 14.4924 11
13 0 3560 1803 5836 20.1348 12
14 0 3560 1803 5810 18 13
15 0 3576 1831 5790 9.31371 14
16 0 3580 1839 5786 6 15
17 0 3580 1847 5782 6 16
18 0 3588 1871 5774 14 17
19 0 3604 1907 5782 15.8885 18
20 0 3608 1923 5786 10 19
21 0 3600 1955 5774 6.94427 20
22 0 3592 1975 5774 10 21
23 0 3588 1995 5766 10 22
24 0 3592 2015 5750 10 23
25 0 3584 2027 5742 6 24
26 0 3580 2031 5738 2 25
27 0 3576 2031 5734 2 26
28 0 3584 1975 5794 6.94427 22
29 0 3576 1979 5814 6 28
30 0 3576 1979 5830 6 29
31 0 3568 1979 5838 3.65685 30
32 0 3568 1983 5842 2 31
33 0 3520 1795 5830 12.4222 13
34 0 3508 1791 5834 10 33
35 2 3493.78 1794.56 5837.56 13.5556 34
36 0 3452 1791 5826 10 35
37 0 3440 1791 5830 9.31371 36
38 0 3436 1787 5838 6 37
39 0 3428 1787 5842 6 38
40 0 3484 1795 5862 12.4222 35
41 0 3472 1791 5862 6.94427 40
42 0 3456 1787 5866 6 41
43 0 3520 1799 5894 18 12
44 2 3490.29 1827.94 5880.29 10.8588 43
45 0 3480 1835 5866 9.31371 44
46 0 3472 1835 5854 3.65685 45
47 0 3472 1835 5850 3.65685 46
48 0 3468 1831 5846 2 47
49 0 3468 1831 5842 2 48
50 0 3468 1831 5838 2 49
51 0 3476 1839 5902 10 44
52 0 3472 1851 5910 6 51
53 0 3536 1795 5906 14 11
54 0 3520 1799 5918 18 53
55 0 3544 1811 5934 6 54
56 0 3572 1795 5930 6.94427 10
57 0 3572 1795 5946 6 56
58 0 3568 1803 5954 6 57
