# Generated by NeuTu (https://github.com/janelia-flyem/NeuTu)
1 0 4397 2277 6005 9.31371 -1
2 0 4393 2285 6001 6 1
3 0 4393 2293 6001 6 2
4 0 4413 2293 5989 2 3
5 0 4417 2293 5989 2 4
6 0 4425 2301 5993 6 5
7 0 4429 2317 5997 14 6
8 0 4421 2337 5981 14.9706 7
9 0 4393 2329 5981 6.94427 8
10 0 4381 2317 5977 10 9
11 0 4357 2321 5981 12.4222 10
12 0 4325 2321 5969 15.8885 11
13 0 4305 2313 5949 29.241 12
14 0 4237 2301 5949 14 13
15 0 4209 2293 5945 14 14
16 0 4197 2293 5933 14 15
17 0 4157 2293 5885 37.3954 16
18 0 4093 2293 5877 18 17
19 0 4069 2289 5881 10 18
20 0 4037 2281 5885 12.4222 19
21 0 4013 2265 5889 12.4222 20
22 0 3986.6 2241.8 5897 10.382 21
23 0 3965 2213 5901 9.31371 22
24 0 3953 2197 5901 6.94427 23
25 0 3941 2177 5901 9.31371 24
26 0 3929 2165 5889 14 25
27 0 3905 2153 5877 12.4222 26
28 0 3873 2137 5869 12.4222 27
29 0 3853 2137 5873 10 28
30 0 3837 2129 5889 9.31371 29
31 0 3829 2129 5901 10 30
32 0 3821 2129 5913 12.4222 31
33 0 3817 2133 5929 6.94427 32
34 2 3810.18 2147.24 5947.82 14.9217 33
35 0 3772.34 2159.96 5957 32.6196 34
36 2 3763.87 2158.08 5957 30.5151 35
37 0 3741 2153 5957 24.8328 36
38 0 3717 2165 5961 10.6491 37
39 0 3693 2173 5957 10 38
40 0 3661 2181 5961 14 39
41 0 3637 2173 5981 12.4222 40
42 2 3620 2193 6022 29.6379 41
43 2 3603.97 2207.86 6035.51 28.2964 42
44 2 3595.23 2215.14 6039.89 25.5363 43
45 0 3573 2237 6037 12.4222 44
46 0 3549 2265 6029 14 45
47 0 3533 2297 6001 14 46
48 0 3517 2325 5981 12.4222 47
49 0 3509 2353 5969 9.31371 48
50 0 3505 2381 5957 15.8885 49
51 0 3489 2417 5961 9.31371 50
52 0 3485 2445 5957 6 51
53 0 3485 2453 5957 6 52
54 0 3477 2477 5965 12.4222 53
55 0 3453 2481 5965 10 54
56 0 3425 2493 5965 9.31371 55
57 0 3409 2509 5961 9.31371 56
58 0 3389 2529 5957 9.31371 57
59 0 3373 2541 5941 10 58
60 0 3357 2541 5929 18 59
61 0 3306.98 2499.57 5927.86 26.8818 60
62 0 3249 2505 5949 30.9848 61
63 0 3217 2481 5957 14.4924 62
64 0 3201 2469 5977 9.31371 63
65 0 3193 2457 5993 6 64
66 0 3189 2445 6005 6 65
67 0 3181 2433 6017 6 66
68 0 3173 2425 6025 6.94427 67
69 0 3157 2409 6045 9.31371 68
70 0 3133 2385 6045 15.8885 69
71 2 3115.67 2371.67 6071.67 20.2159 70
72 0 3105 2369 6093 18 71
73 0 3097 2373 6113 9.31371 72
74 0 3085 2377 6129 9.31371 73
75 0 3065 2381 6145 10.6491 74
76 0 3041 2389 6165 6.94427 75
77 0 3029 2389 6181 6.94427 76
78 0 3021 2397 6197 9.31371 77
79 0 3005 2401 6217 6.94427 78
80 0 3005 2401 6225 6 79
81 0 3005 2393 6257 18 80
82 2 2994.28 2387.32 6298.43 19.9286 81
83 0 2965 2381 6329 10.6491 82
84 0 2957 2377 6345 12.4222 83
85 0 2941 2381 6365 9.31371 84
86 0 2929 2381 6369 6 85
87 0 2913 2381 6369 10 86
88 0 2889 2397 6377 14 87
89 0 2869 2397 6377 10.6491 88
90 0 2849 2393 6377 14 89
91 0 2813 2389 6377 10 90
92 0 2801 2389 6373 6.94427 91
93 0 2781 2373 6369 12.4222 92
94 0 2745 2357 6381 12.4222 93
95 0 2713 2349 6401 10.6491 94
96 0 2693 2353 6421 9.31371 95
97 0 2673 2353 6445 9.31371 96
98 0 2657 2357 6461 10.6491 97
99 0 2633 2361 6481 10 98
100 0 2609 2369 6493 12.4222 99
101 0 2589 2377 6505 14 100
102 0 2565 2383 6515 25.6619 101
103 2 2523 2389 6491 21.2 102
104 0 2505 2389 6473 14 103
105 0 2489 2405 6453 10 104
106 0 2473 2409 6429 6.94427 105
107 0 2457 2409 6413 6 106
108 0 2453 2409 6405 6 107
109 0 2453 2409 6397 3.65685 108
110 0 2453 2413 6389 3.65685 109
111 0 2453 2413 6381 3.65685 110
112 0 2453 2413 6373 3.65685 111
113 0 2453 2413 6369 3.65685 112
114 0 2449 2417 6365 6 113
115 0 2449 2421 6349 6 114
116 0 2449 2425 6333 6 115
117 0 2449 2429 6317 6 116
118 0 2449 2433 6301 6 117
119 0 2449 2429 6285 6.94427 118
120 0 2449 2425 6277 6.94427 119
121 0 2449 2429 6261 6.94427 120
122 0 2449 2433 6245 6 121
123 0 2441 2441 6225 6.94427 122
124 0 2437 2445 6217 3.65685 123
125 0 2437 2445 6209 6 124
126 0 2433 2445 6201 3.65685 125
127 0 2433 2449 6185 6.94427 126
128 0 2421 2445 6169 9.31371 127
129 0 2413 2445 6161 6 128
130 0 2397 2441 6149 6 129
131 0 2389 2437 6145 6.94427 130
132 0 2381 2441 6137 3.65685 131
133 0 2381 2441 6133 3.65685 132
134 0 2377 2441 6129 2 133
135 0 2473 2373 6497 6 104
136 0 2461 2369 6509 6 135
137 0 2489 2373 6529 14 103
138 0 2469 2365 6545 6.94427 137
139 0 2453 2349 6565 6.94427 138
140 0 2445 2345 6581 6.94427 139
141 0 2437 2341 6597 6 140
142 0 2437 2341 6613 6 141
143 0 2437 2341 6633 6.94427 142
144 0 2437 2345 6645 10 143
145 0 2445 2353 6657 9.31371 144
146 0 2537 2373 6573 23.6125 102
147 0 2601 2373 6521 10.6491 102
148 0 2625 2365 6517 9.31371 147
149 0 2637 2365 6517 6 148
150 0 2645 2365 6517 6 149
151 0 2577 2377 6561 18 102
152 0 2781 2377 6345 6.94427 93
153 0 2769 2377 6329 6 152
154 0 3005 2413 6289 18 82
155 0 3025 2433 6281 6 154
156 2 3105.73 2352.97 6061.73 19.2449 71
157 0 3081 2321 6037 14.9706 156
158 0 3061 2301 6025 12.4222 157
159 0 3049 2289 6017 18 158
160 0 3008.47 2234.6 6035.67 20.1176 159
161 0 2969 2221 6077 14 160
162 0 2961 2233 6085 6.94427 161
163 0 2957 2245 6101 6.94427 162
164 0 2949 2249 6113 6.94427 163
165 0 2945 2249 6125 9.31371 164
166 0 2941 2245 6141 6.94427 165
167 0 2941 2245 6157 6 166
168 0 2941 2249 6165 6.94427 167
169 0 2941 2245 6181 3.65685 168
170 0 2941 2245 6185 3.65685 169
171 0 2933 2253 6193 3.65685 170
172 0 2933 2253 6197 3.65685 171
173 0 2929 2253 6201 2 172
174 0 2925 2253 6209 6 173
175 0 2921 2249 6213 6 174
176 0 2913 2245 6225 10 175
177 0 2901 2241 6241 6.94427 176
178 0 2893 2237 6257 6 177
179 0 2897 2241 6265 6 178
180 0 2897 2241 6273 3.65685 179
181 0 2893 2241 6281 3.65685 180
182 0 2893 2241 6289 6 181
183 0 2893 2241 6297 6 182
184 0 2953 2197 6077 6 161
185 0 2937 2189 6077 6.94427 184
186 0 2925 2181 6077 6.94427 185
187 0 2913 2173 6077 12.4222 186
188 0 2897 2153 6081 10.6491 187
189 0 2893 2141 6085 6 188
190 0 2889 2137 6089 2 189
191 0 2889 2133 6089 2 190
192 0 3037 2201 6041 9.31371 160
193 0 3049 2189 6041 10.6491 192
194 0 3061 2177 6025 6 193
195 0 3121 2321 6089 6 156
196 0 3121 2309 6105 6 195
197 0 3125 2309 6121 6 196
198 0 3125 2305 6133 3.65685 197
199 0 3125 2305 6141 3.65685 198
200 0 3125 2309 6149 3.65685 199
201 0 3121 2309 6157 3.65685 200
202 0 3117 2309 6177 9.31371 201
203 0 3117 2305 6189 6 202
204 0 3117 2305 6197 6 203
205 0 3129 2305 6213 6 204
206 0 3137 2301 6229 6.94427 205
207 0 3137 2301 6245 10 206
208 0 3141 2301 6269 6 207
209 0 3137 2297 6289 9.31371 208
210 0 3129 2297 6297 6.94427 209
211 0 3129 2289 6309 2 210
212 0 3242.96 2576.84 5945 13.2266 62
213 0 3261 2617 5933 9.31371 212
214 0 3277.31 2655.46 5925 12.1538 213
215 0 3305 2677 5937 6.94427 214
216 0 3325 2697 5957 9.31371 215
217 2 3335.31 2711.31 5971.31 7.44499 216
218 0 3337 2717 5981 6.94427 217
219 0 3341 2741 5989 10.6491 218
220 0 3333 2765 5997 10 219
221 0 3313 2789 6005 12.4222 220
222 0 3297 2797 6005 10.6491 221
223 0 3277 2805 6005 18 222
224 0 3241 2829 6005 20.6274 223
225 0 3213 2857 6025 14 224
226 0 3181 2877 6037 9.31371 225
227 0 3169 2885 6041 6.94427 226
228 0 3153 2901 6049 10 227
229 0 3141 2905 6049 12.4222 228
230 0 3117 2905 6049 10 229
231 0 3105 2905 6045 6.94427 230
232 0 3089 2913 6033 9.31371 231
233 0 3077 2917 6025 9.31371 232
234 0 3061 2921 6025 6 233
235 0 3041 2929 6025 6.94427 234
236 0 3033 2937 6025 6.94427 235
237 0 2989 2965 6017 26.2843 236
238 0 2989 2993 5985 30 237
239 2 2975.62 3009.05 5974.3 19.2987 238
240 0 2953 3021 5965 6 239
241 0 2937 3025 5961 6 240
242 0 2913 3025 5957 9.31371 241
243 0 2901 3025 5957 6 242
244 0 2885 3029 5961 6 243
245 0 2873 3033 5965 6 244
246 0 2861 3045 5965 6.94427 245
247 0 2849 3057 5977 6.94427 246
248 0 2837 3073 5985 6 247
249 0 2837 3081 5989 6 248
250 0 2837 3089 5989 3.65685 249
251 0 2841 3093 5989 3.65685 250
252 0 2845 3113 5993 9.31371 251
253 0 2845 3125 5989 6 252
254 0 2845 3141 5985 9.31371 253
255 0 2837 3153 5981 9.31371 254
256 0 2829 3161 5973 6 255
257 0 2821 3165 5973 6 256
258 0 2813 3181 5961 6 257
259 0 2813 3189 5961 6.94427 258
260 0 2821 3197 5961 3.65685 259
261 0 2825 3201 5961 2 260
262 0 2977 3025 6005 14 239
263 0 2965 3037 6025 2 262
264 0 2961 3037 6029 2 263
265 0 2969 2965 5957 2 238
266 0 2965 2961 5953 2 265
267 0 2961 2961 6041 9.31371 237
268 0 2957 2965 6061 6.94427 267
269 0 2949 2965 6081 6 268
270 0 2945 2961 6085 3.65685 269
271 0 2941 2961 6089 3.65685 270
272 0 2941 2961 6097 6 271
273 0 2941 2961 6113 6 272
274 0 2941 2961 6133 6 273
275 0 2945.29 2969.57 6145.86 7.11352 274
276 0 2949 2977 6157 9.31371 275
277 0 2945 2985 6165 6 276
278 0 2941 2993 6173 6 277
279 0 2941 2997 6181 6 278
280 0 2949 2957 6157 6 275
281 0 2953 2953 6161 3.65685 280
282 0 2957 2953 6161 2 281
283 0 2961 2953 6161 3.65685 282
284 0 2965 2949 6169 6 283
285 0 2945 2949 6041 10 267
286 0 2925 2941 6057 6.94427 285
287 0 2917 2937 6065 10 286
288 0 2909 2925 6065 6 287
289 0 2901 2909 6065 6.94427 288
290 0 2893 2893 6061 6 289
291 0 3225 2809 6049 2 224
292 0 3229 2805 6049 3.65685 291
293 0 3261 2805 6049 9.31371 292
294 0 3285 2797 6049 10.6491 293
295 0 3305 2789 6049 14 294
296 0 3333 2781 6049 6.94427 295
297 0 3349 2765 6049 6.94427 296
298 0 3365 2749 6049 9.31371 297
299 0 3381 2733 6049 6 298
300 0 3345 2725 5957 6.94427 217
301 0 3353 2741 5949 6 300
302 0 3277 2665 5901 9.31371 214
303 0 3281 2665 5877 6.94427 302
304 0 3277 2665 5853 9.31371 303
305 0 3273 2661 5833 9.31371 304
306 0 3265 2661 5817 6.94427 305
307 0 3257 2661 5793 6 306
308 0 3257 2661 5777 6 307
309 0 3249 2657 5761 6.94427 308
310 0 3241 2665 5741 6.94427 309
311 0 3241 2669 5725 6.94427 310
312 0 3241 2673 5709 6 311
313 0 3241 2673 5701 6 312
314 0 3245 2681 5693 10 313
315 0 3249 2693 5673 12.4222 314
316 0 3249 2689 5649 9.31371 315
317 2 3268.11 2698.56 5625.89 16.2957 316
318 0 3309 2693 5605 18.3961 317
319 0 3329 2689 5585 22.3311 318
320 0 3345 2689 5565 14.9706 319
321 0 3345 2673 5549 12.4222 320
322 0 3333 2653 5545 18 321
323 0 3333 2633 5553 10.6491 322
324 0 3325 2597 5553 10.6491 323
325 0 3325 2581 5549 6 324
326 0 3325 2565 5549 6 325
327 0 3317 2549 5545 6 326
328 2 3316.71 2536.14 5540.43 6.94427 327
329 0 3313 2525 5533 6.94427 328
330 0 3301 2505 5533 9.31371 329
331 0 3289 2485 5521 9.31371 330
332 0 3285 2473 5521 6.94427 331
333 0 3281 2465 5513 6 332
334 0 3281 2449 5513 6 333
335 0 3277 2433 5513 6.94427 334
336 0 3273 2417 5505 10.6491 335
337 0 3273 2393 5505 10.6491 336
338 0 3273 2377 5501 14.4924 337
339 0 3273 2345 5509 9.31371 338
340 0 3273 2329 5525 3.65685 339
341 0 3269 2321 5529 6 340
342 0 3257 2301 5545 6.94427 341
343 0 3245 2289 5557 9.31371 342
344 0 3301 2525 5553 6 328
345 0 3297 2525 5561 6 344
346 0 3293 2521 5565 3.65685 345
347 0 3285 2521 5573 6.94427 346
348 0 3273 2537 5581 6.94427 347
349 0 3257 2557 5581 9.31371 348
350 0 3237 2577 5573 9.31371 349
351 0 3225 2573 5569 2 350
352 0 3333 2681 5633 6 318
353 0 3337 2681 5645 3.65685 352
354 0 3333 2677 5649 2 353
355 0 3237 2709 5609 12.4222 317
356 0 3225 2717 5601 6.94427 355
357 0 3213 2729 5589 6.94427 356
358 0 3213 2737 5581 6 357
359 0 3217 2737 5565 6 358
360 0 3225 2733 5553 6 359
361 0 3229 2741 5537 9.31371 360
362 0 3233 2745 5529 6 361
363 0 3233 2749 5521 6 362
364 0 3233 2581 5969 6.94427 212
365 0 3233 2581 5977 3.65685 364
366 0 3229 2581 5993 6.94427 365
367 0 3225 2581 6013 6.94427 366
368 0 3221 2597 6029 9.31371 367
369 0 3213 2613 6041 6.94427 368
370 0 3205 2625 6049 6.94427 369
371 0 3197 2641 6061 6 370
372 0 3193 2657 6077 10 371
373 0 3185 2673 6093 9.31371 372
374 0 3169 2681 6117 6 373
375 0 3325 2469 5929 10 61
376 0 3329 2441 5941 6.94427 375
377 0 3493 2489 5981 9.31371 54
378 0 3505 2501 5985 6.94427 377
379 0 3517 2517 5989 6.94427 378
380 0 3525 2537 5997 9.31371 379
381 0 3550.07 2562.6 6004.47 12.0985 380
382 0 3557 2597 6001 10 381
383 0 3553 2621 6001 10 382
384 0 3553 2645 5985 10 383
385 0 3561 2665 5973 9.31371 384
386 0 3561 2677 5969 6 385
387 0 3573 2701 5957 12.4222 386
388 0 3585 2705 5961 6.94427 387
389 0 3609 2705 5961 18 388
390 2 3623.22 2712.11 5946.78 21.5556 389
391 0 3645 2733 5913 24.8328 390
392 0 3637 2757 5877 14.9706 391
393 0 3605 2773 5849 19.5407 392
394 0 3589 2801 5825 10.6491 393
395 0 3585 2813 5825 9.31371 394
396 0 3569 2837 5837 15.8885 395
397 0 3557 2849 5837 10.6491 396
398 0 3541 2869 5841 10 397
399 2 3541 2883 5841 6.5 398
400 0 3541 2909 5841 6 399
401 0 3553 2933 5841 9.31371 400
402 0 3577 2953 5849 12.4222 401
403 0 3589 2957 5849 9.31371 402
404 2 3605.18 2966.71 5849 11.8279 403
405 0 3625 2977 5849 6.94427 404
406 0 3645 2981 5845 10 405
407 0 3673 2989 5833 10.6491 406
408 0 3693 3001 5817 10 407
409 0 3705 3017 5801 9.31371 408
410 0 3713 3037 5781 6 409
411 0 3717 3049 5765 6 410
412 0 3725 3057 5757 9.31371 411
413 0 3733 3057 5737 9.31371 412
414 0 3745 3053 5721 9.31371 413
415 0 3753 3049 5701 6 414
416 0 3765 3045 5685 10.6491 415
417 0 3769 3033 5665 9.31371 416
418 0 3769 3033 5653 6 417
419 0 3769 3033 5641 9.31371 418
420 0 3773 3033 5621 6 419
421 0 3765 3033 5601 6 420
422 0 3753 3041 5585 9.31371 421
423 0 3737 3045 5573 9.31371 422
424 0 3725 3053 5577 6 423
425 0 3605 2973 5865 6 404
426 0 3609 2989 5881 6 425
427 0 3609 3001 5897 6 426
428 0 3613 3009 5909 6.94427 427
429 0 3621 3009 5917 6 428
430 0 3645 3017 5937 14.9706 429
431 0 3661 3045 5957 6.94427 430
432 0 3673 3041 5969 9.31371 431
433 0 3685 3021 5973 12.4222 432
434 0 3709 3005 5993 10 433
435 0 3729 3005 6009 6.94427 434
436 0 3737 2993 6021 12.4222 435
437 0 3737 2981 6025 6.94427 436
438 0 3733 2973 6025 6 437
439 0 3661 3053 5989 9.31371 432
440 0 3645 3069 6013 10.6491 439
441 0 3637 3073 6021 10.6491 440
442 0 3637 3085 6025 6 441
443 0 3633 3089 6029 2 442
444 0 3633 3093 6029 2 443
445 0 3537 2889 5853 9.31371 399
446 0 3541 2905 5861 6.94427 445
447 0 3549 2917 5861 6.94427 446
448 0 3553 2925 5861 6 447
449 0 3573 2821 5865 6.94427 396
450 0 3573 2817 5873 6.94427 449
451 0 3653 2721 5957 23.2982 390
452 0 3677 2725 5957 14.4924 451
453 2 3695.24 2728.65 5938.76 15.7654 452
454 0 3701 2729 5905 6.94427 453
455 0 3713 2733 5885 6.94427 454
456 0 3721 2741 5869 6 455
457 0 3721 2745 5853 6 456
458 0 3721 2749 5837 6 457
459 0 3721 2753 5821 6 458
460 0 3721 2757 5813 3.65685 459
461 0 3717 2757 5809 2 460
462 0 3717 2757 5805 2 461
463 0 3717 2745 5953 18 453
464 0 3601 2721 5997 14 389
465 0 3593 2725 6009 10 464
466 0 3593 2737 6021 6 465
467 0 3581 2745 6033 6.94427 466
468 0 3573 2749 6049 6 467
469 0 3573 2749 6069 6 468
470 0 3577 2753 6085 6.94427 469
471 0 3585 2757 6105 6 470
472 0 3585 2757 6113 6 471
473 0 3589 2761 6117 3.65685 472
474 0 3589 2769 6125 6 473
475 0 3589 2777 6129 6 474
476 0 3569 2725 5957 6.94427 387
477 0 3569 2741 5957 6.94427 476
478 0 3565 2757 5953 6 477
479 0 3565 2773 5949 6 478
480 0 3565 2777 5941 6 479
481 0 3565 2773 5929 2 480
482 0 3561 2773 5925 2 481
483 0 3561 2557 5985 6 381
484 0 3561 2553 5965 3.65685 483
485 0 3561 2553 5957 3.65685 484
486 0 3557 2553 5941 6.94427 485
487 0 3565 2561 5921 10 486
488 0 3569 2565 5909 6 487
489 0 3569 2565 5893 6 488
490 0 3573 2557 5885 6.94427 489
491 0 3577 2549 5877 3.65685 490
492 0 3581 2545 5877 2 491
493 0 3481 2405 5977 6.94427 51
494 0 3465 2409 5993 6.94427 493
495 0 3453 2401 6013 6.94427 494
496 0 3441 2397 6025 6.94427 495
497 0 3425 2397 6041 6.94427 496
498 0 3417 2401 6045 6.94427 497
499 0 3601 2221 6077 14.4924 44
500 0 3583.82 2212.12 6101.88 14.3232 499
501 0 3569 2201 6113 18.3961 500
502 0 3541 2177 6129 12.4222 501
503 0 3517 2157 6137 9.31371 502
504 0 3501 2145 6149 6.94427 503
505 0 3477 2133 6153 10 504
506 0 3445 2125 6165 14 505
507 0 3433 2117 6173 9.31371 506
508 0 3413 2101 6185 6.94427 507
509 0 3381 2097 6193 9.31371 508
510 0 3373 2089 6205 12.4222 509
511 0 3352.39 2068.39 6231.91 12.0124 510
512 0 3333 2057 6253 10 511
513 2 3289.94 2049.62 6274.53 31.3424 512
514 2 3268.87 2052.23 6299.59 27.7329 513
515 0 3245 2057 6333 30 514
516 0 3233 2049 6385 12.4222 515
517 0 3217 2045 6405 9.31371 516
518 0 3205 2037 6417 9.31371 517
519 0 3189 2033 6429 9.31371 518
520 0 3163.36 2018.55 6451.45 14.1007 519
521 0 3157 2009 6461 14.4924 520
522 0 3141 1985 6461 10.6491 521
523 0 3121 1969 6469 9.31371 522
524 0 3109 1953 6469 10.6491 523
525 0 3121 1945 6469 9.31371 524
526 0 3129 1937 6461 6.94427 525
527 0 3141 1925 6449 12.4222 526
528 0 3153 1921 6433 10 527
529 0 3161 1913 6429 6 528
530 0 3165 1897 6429 6 529
531 0 3169 1885 6429 10 530
532 0 3173 1869 6441 6 531
533 0 3173 1869 6449 6 532
534 0 3185 1873 6465 6 533
535 0 3193 1873 6481 6 534
536 0 3197 1869 6485 6 535
537 0 3197 1869 6493 3.65685 536
538 0 3201 1865 6497 6 537
539 0 3081 1957 6473 12.4222 524
540 0 3057 1953 6481 6.94427 539
541 0 3041 1949 6481 9.31371 540
542 0 3033 1945 6473 3.65685 541
543 0 3029 1941 6473 2 542
544 0 3185 2021 6485 10.6491 520
545 0 3197 2017 6485 6 544
546 0 3201 2017 6493 6 545
547 0 3297 2037 6329 9.31371 514
548 0 3313 2033 6337 10.6491 547
549 0 3321 2021 6341 10.6491 548
550 0 3317 2009 6341 6 549
551 0 3265 2077 6253 10 513
552 0 3261 2089 6253 6.94427 551
553 0 3261 2101 6245 6.94427 552
554 0 3265 2109 6237 6 553
555 0 3377 2061 6249 9.31371 511
556 0 3377 2077 6261 12.4222 555
557 0 3369 2089 6265 6.94427 556
558 0 3361 2097 6273 6 557
559 0 3353 2105 6281 10 558
560 0 3349 2117 6277 6 559
561 0 3381 2045 6253 6 555
562 0 3381 2029 6253 6 561
563 0 3385 2025 6249 6 562
564 0 3389 2017 6249 2 563
565 0 3389 2013 6249 2 564
566 0 3605.89 2213 6126.79 7.20918 500
567 0 3613 2217 6153 9.31371 566
568 0 3609 2217 6165 6 567
569 0 3609 2217 6181 6 568
570 0 3609 2217 6189 6 569
571 0 3613 2221 6193 6 570
572 0 3613 2221 6201 6 571
573 0 3633 2221 6121 6.94427 566
574 0 3649 2229 6121 6.94427 573
575 0 3665 2245 6113 6 574
576 0 3605 2237 6085 6.94427 499
577 0 3609 2249 6093 6.94427 576
578 0 3613 2265 6109 6.94427 577
579 0 3625 2281 6125 6 578
580 0 3625 2297 6125 6 579
581 0 3633 2313 6125 6.94427 580
582 0 3637 2325 6129 9.31371 581
583 0 3637 2337 6137 6 582
584 0 3613 2181 6077 14 43
585 0 3621 2157 6093 6.94427 584
586 0 3629 2145 6101 10.6491 585
587 0 3625 2117 6113 6.94427 586
588 0 3625 2101 6117 6 587
589 0 3625 2089 6125 9.31371 588
590 0 3625 2073 6137 10 589
591 0 3625 2061 6141 10 590
592 0 3629 2049 6145 6 591
593 0 3629 2041 6145 6 592
594 0 3629 2033 6149 3.65685 593
595 0 3625 2029 6153 3.65685 594
596 0 3621 2025 6153 2 595
597 0 3617 2021 6153 2 596
598 0 3617 2129 6017 18 42
599 2 3605.56 2109.93 6005.56 18 598
600 2 3589.59 2089.73 6005 24.5828 599
601 0 3565 2081 6005 21.3238 600
602 0 3541 2077 6005 10.6491 601
603 0 3525 2069 6005 6.94427 602
604 0 3505 2053 6009 12.4222 603
605 0 3485 2037 6005 12.4222 604
606 2 3469.86 2014.29 6008.57 12.4222 605
607 0 3457 1997 6013 9.31371 606
608 0 3441 1981 6017 9.31371 607
609 0 3429 1957 6033 12.4222 608
610 0 3405 1929 6045 9.31371 609
611 0 3389 1913 6061 9.31371 610
612 0 3370.47 1886.47 6071.18 11.6134 611
613 2 3343.38 1869.79 6084.21 6.79395 612
614 0 3317 1869 6093 6 613
615 0 3293 1865 6113 9.31371 614
616 0 3273 1865 6121 10 615
617 0 3257 1869 6125 14.4924 616
618 2 3232.2 1869 6118.6 10.6491 617
619 0 3209 1869 6105 10 618
620 0 3173 1861 6085 22 619
621 0 3141 1845 6109 12.4222 620
622 0 3113 1849 6129 15.8885 621
623 0 3089 1841 6141 6 622
624 0 3081 1841 6141 6 623
625 0 3065 1849 6153 6.94427 624
626 0 3049 1845 6165 6 625
627 0 3029 1845 6185 9.31371 626
628 0 3009 1829 6189 6.94427 627
629 0 2993 1817 6193 9.31371 628
630 0 2969 1801 6205 14.9706 629
631 0 2949 1797 6213 18 630
632 0 2925 1781 6217 6.94427 631
633 0 2913 1769 6221 9.31371 632
634 0 2897 1753 6217 9.31371 633
635 0 2869 1753 6209 10 634
636 0 2861 1753 6201 10 635
637 0 2841 1753 6201 10 636
638 0 2821 1745 6205 2 637
639 0 2817 1745 6209 2 638
640 0 2813 1745 6213 2 639
641 2 3171.5 1868.48 6064.06 23.6018 620
642 2 3169.11 1880.46 6030.51 26.1685 641
643 0 3149 1881 6009 23.6125 642
644 0 3089 1873 5997 22 643
645 0 3069 1865 5981 12.4222 644
646 0 3045 1849 5981 6.94427 645
647 0 3033 1841 5981 9.31371 646
648 0 3025 1837 5989 3.65685 647
649 0 3021 1841 5993 2 648
650 0 3221 1921 6037 14 642
651 0 3245 1933 6033 6.94427 650
652 0 3261 1945 6029 6 651
653 0 3269 1945 6033 3.65685 652
654 0 3273 1949 6033 2 653
655 0 3133 1869 6057 14 641
656 0 3121 1865 6049 10 655
657 0 3221 1853 6133 9.31371 618
658 2 3208.53 1849.47 6145.71 10.5706 657
659 0 3197 1869 6165 6 658
660 0 3197 1885 6173 6 659
661 0 3197 1893 6173 6 660
662 0 3197 1905 6185 6.94427 661
663 0 3193 1909 6201 6 662
664 0 3201 1829 6161 6.94427 658
665 0 3197 1821 6161 6 664
666 0 3189 1813 6165 2 665
667 0 3345 1869 6101 6 613
668 0 3337 1861 6109 6 667
669 0 3321 1861 6117 6 668
670 0 3313 1857 6125 6 669
671 0 3305 1857 6133 6 670
672 0 3377 1869 6093 10 612
673 0 3385 1869 6105 6 672
674 0 3385 1861 6113 3.65685 673
675 0 3385 1861 6121 6 674
676 0 3381 1853 6129 3.65685 675
677 0 3377 1849 6133 2 676
678 0 3373 1849 6137 2 677
679 0 3465 2005 5989 6 606
680 0 3469 1997 5977 6 679
681 0 3469 1997 5969 3.65685 680
682 0 3473 1997 5961 6 681
683 0 3477 2001 5953 6 682
684 0 3473 2005 5937 6 683
685 0 3465 2013 5925 6 684
686 0 3457 2021 5917 6 685
687 0 3445 2033 5901 9.31371 686
688 0 3445 2045 5897 6 687
689 0 3625 2065 6017 6.94427 600
690 0 3633 2061 6021 6 689
691 0 3637 2065 6025 6 690
692 0 3641 2069 6021 3.65685 691
693 0 3645 2073 6021 3.65685 692
694 0 3649 2073 6021 2 693
695 0 3589 2093 6033 12.4222 599
696 0 3605 2069 6037 10 695
697 0 3601 2057 6033 6 696
698 0 3757 2141 6005 23.2982 37
699 0 3773 2145 6053 12.4222 698
700 0 3777 2125 6077 9.31371 699
701 0 3781 2117 6101 12.4222 700
702 0 3785 2105 6125 10 701
703 0 3793 2101 6149 9.31371 702
704 0 3801 2093 6177 10 703
705 0 3801 2093 6201 10 704
706 0 3801 2089 6221 9.31371 705
707 0 3805 2085 6249 9.31371 706
708 2 3798.14 2081.57 6259.29 9.90196 707
709 0 3773 2057 6293 10.6491 708
710 0 3765 2049 6305 12.4222 709
711 0 3749 2033 6313 6.94427 710
712 2 3726.85 2017.38 6327.54 15.962 711
713 0 3705 2005 6333 12.4222 712
714 0 3693 2005 6341 6.94427 713
715 0 3681 2001 6353 9.31371 714
716 0 3669 1993 6369 6.94427 715
717 0 3661 1989 6377 10.6491 716
718 0 3629 1973 6409 37.3954 717
719 0 3597 1957 6489 18 718
720 0 3589.44 1944.11 6525.89 10.577 719
721 0 3597 1929 6541 6.94427 720
722 0 3609 1913 6557 6 721
723 0 3613 1897 6573 6.94427 722
724 0 3617 1881 6585 6 723
725 0 3617 1869 6597 12.4222 724
726 0 3625 1861 6609 6.94427 725
727 0 3629 1857 6617 6 726
728 0 3633 1853 6625 9.31371 727
729 0 3637 1849 6633 6 728
730 0 3637 1833 6653 6.94427 729
731 0 3641 1821 6677 9.31371 730
732 0 3641 1821 6689 9.31371 731
733 0 3625 1829 6713 6.94427 732
734 0 3613 1833 6721 6.94427 733
735 0 3597 1833 6729 6.94427 734
736 0 3581 1829 6733 6 735
737 0 3565 1821 6741 6.94427 736
738 0 3553 1817 6741 9.31371 737
739 0 3537 1801 6749 6.94427 738
740 0 3529 1793 6749 6.94427 739
741 0 3517 1789 6753 10 740
742 0 3493 1789 6769 9.31371 741
743 0 3481 1785 6777 14 742
744 0 3465 1781 6777 9.31371 743
745 0 3457 1777 6785 6 744
746 0 3449 1769 6793 6 745
747 0 3441 1765 6801 6 746
748 0 3433 1761 6809 6 747
749 0 3425 1753 6817 6 748
750 0 3413 1753 6829 6 749
751 0 3409 1749 6833 2 750
752 0 3409 1749 6837 2 751
753 0 3569 1949 6545 6.94427 720
754 0 3561 1953 6549 6 753
755 0 3557 1945 6565 6.94427 754
756 0 3553 1941 6581 9.31371 755
757 0 3549 1937 6593 3.65685 756
758 0 3545 1937 6597 3.65685 757
759 0 3545 1933 6601 2 758
760 0 3605 1917 6437 12.4222 718
761 0 3613 1893 6441 6 760
762 0 3605 1885 6429 6 761
763 0 3609 1877 6421 2 762
764 0 3609 1873 6421 2 763
765 0 3721 2037 6345 6.94427 712
766 0 3721 2037 6357 9.31371 765
767 0 3717 2033 6381 6.94427 766
768 0 3717 2025 6389 6 767
769 0 3809 2101 6273 10.6491 708
770 0 3813 2121 6281 6.94427 769
771 0 3825 2129 6281 6 770
772 0 3837 2149 6281 9.31371 771
773 0 3845 2161 6269 6 772
774 0 3845 2177 6253 6 773
775 0 3845 2185 6245 6 774
776 0 3801 2169 6009 6.94427 36
777 0 3781 2161 5921 3.65685 35
778 0 3781 2165 5917 3.65685 777
779 0 3785 2169 5909 6.94427 778
780 0 3789 2173 5901 6 779
781 0 3793 2173 5885 9.31371 780
782 0 3809 2169 5873 10 781
783 0 3821 2161 5869 6 782
784 0 3825 2157 5873 2 783
785 0 3825 2153 5873 2 784
786 0 3837 2145 5961 6 34
787 0 3845 2145 5977 6.94427 786
788 0 3845 2149 5985 2 787
789 0 3845 2153 5989 2 788
790 0 3849 2141 5913 9.31371 31
791 0 3861 2137 5921 14.4924 790
792 0 3869 2125 5933 10.6491 791
793 0 3969 2249 5909 10 22
794 0 3953 2249 5925 10 793
795 0 3933 2249 5941 6.94427 794
796 0 3917 2257 5945 6.94427 795
797 0 3905 2273 5953 10 796
798 0 3901 2293 5957 9.31371 797
799 0 3881 2317 5961 6.94427 798
800 0 4189 2309 5857 18 17
801 0 4185 2325 5841 20.6274 800
802 0 4193 2345 5825 6.94427 801
803 0 4213 2365 5825 9.31371 802
804 0 4225 2377 5805 6.94427 803
805 0 4237 2381 5793 6.94427 804
806 0 4245 2381 5781 12.4222 805
807 0 4249 2389 5769 6.94427 806
808 0 4257 2393 5749 9.31371 807
809 0 4265 2393 5741 6 808
810 2 4269 2399.22 5723.67 9.82423 809
811 0 4269 2417 5709 10.6491 810
812 0 4261 2433 5693 6 811
813 0 4261 2433 5677 6 812
814 0 4261 2433 5669 6 813
815 0 4253 2437 5661 6 814
816 0 4237 2449 5645 6.94427 815
817 0 4229 2465 5637 10 816
818 0 4217 2481 5633 12.4222 817
819 0 4217 2489 5621 3.65685 818
820 0 4217 2489 5617 3.65685 819
821 0 4213 2489 5609 6.94427 820
822 0 4205 2489 5601 6 821
823 0 4201 2485 5597 2 822
824 0 4201 2485 5593 2 823
825 0 4281 2381 5721 9.31371 810
826 0 4285 2369 5721 6.94427 825
827 0 4289 2353 5721 10 826
828 0 4297 2337 5721 9.31371 827
829 0 4301 2325 5725 6 828
830 0 4185 2285 5965 14.4924 16
831 0 4177 2269 5993 10 830
832 0 4173 2273 6005 10 831
833 0 4169 2273 6017 6 832
834 0 4169 2277 6029 10 833
835 0 4157 2281 6049 10 834
836 0 4145 2281 6061 14.4924 835
837 0 4133 2277 6073 12.4222 836
838 0 4121 2277 6097 19.5407 837
839 0 4101 2289 6125 10.6491 838
840 0 4081 2297 6149 12.4222 839
841 0 4061 2321 6169 9.31371 840
842 0 4033 2333 6197 14.4924 841
843 0 4021 2337 6225 14 842
844 0 4005 2329 6249 6.94427 843
845 0 4001 2329 6257 6 844
846 0 4001 2329 6269 10 845
847 0 3993 2333 6277 6.94427 846
848 0 3985 2337 6285 10 847
849 0 3985 2345 6309 9.31371 848
850 0 3985 2357 6333 10 849
851 0 3969 2365 6357 12.4222 850
852 0 3945 2365 6389 18 851
853 2 3945 2353.79 6421.85 6.65224 852
854 0 3945 2353 6433 6 853
855 0 3917 2349 6461 12.4222 854
856 0 3893 2345 6505 10 855
857 0 3881 2345 6521 10.6491 856
858 0 3873 2345 6529 6.94427 857
859 0 3865 2345 6549 9.31371 858
860 0 3853 2349 6569 6.94427 859
861 0 3845 2353 6585 6.94427 860
862 0 3845 2353 6593 6 861
863 0 3841 2353 6605 9.31371 862
864 0 3841 2353 6625 6.94427 863
865 0 3825 2349 6657 9.31371 864
866 0 3817 2353 6681 9.31371 865
867 0 3813 2353 6705 9.31371 866
868 0 3809 2349 6725 6.94427 867
869 0 3809 2349 6737 10 868
870 0 3781 2353 6757 9.31371 869
871 0 3757 2341 6761 14.4924 870
872 0 3737 2357 6769 14 871
873 2 3717.82 2394.55 6750.22 25.4389 872
874 0 3670.81 2435.16 6743.67 27.2823 873
875 0 3657 2469 6753 18 874
876 0 3645 2481 6745 10.6491 875
877 0 3633 2485 6729 9.31371 876
878 0 3613 2505 6709 9.31371 877
879 0 3613 2505 6697 6.94427 878
880 0 3605 2517 6681 9.31371 879
881 0 3589 2525 6665 10.6491 880
882 2 3570.27 2530.82 6650.27 12.4222 881
883 0 3557 2553 6629 10.6491 882
884 0 3549 2565 6625 6 883
885 0 3549 2573 6625 2 884
886 0 3545 2577 6625 2 885
887 0 3541 2581 6621 6 886
888 0 3533 2589 6621 9.31371 887
889 0 3525 2613 6609 12.4222 888
890 0 3489 2649 6625 30 889
891 2 3466.15 2655.53 6651.12 24.7863 890
892 0 3413 2661 6705 9.31371 891
893 0 3397 2657 6705 6 892
894 2 3388.2 2657 6714.6 6 893
895 0 3385 2657 6729 6.94427 894
896 0 3381 2657 6745 9.31371 895
897 0 3385 2657 6757 9.31371 896
898 0 3389 2649 6765 6 897
899 0 3397 2633 6781 9.31371 898
900 0 3401 2629 6793 6.94427 899
901 0 3409 2617 6805 9.31371 900
902 0 3417 2609 6813 9.31371 901
903 0 3425 2601 6813 6 902
904 0 3369 2661 6713 6 894
905 0 3357 2669 6709 10 904
906 0 3333 2665 6693 9.31371 905
907 0 3321 2669 6685 6 906
908 0 3317 2673 6681 2 907
909 0 3317 2673 6677 2 908
910 0 3465 2629 6665 14.4924 891
911 0 3477 2629 6681 18.3961 910
912 0 3497 2637 6677 6 911
913 0 3481 2701 6625 10 890
914 0 3485 2713 6621 2 913
915 0 3485 2717 6621 2 914
916 0 3517 2593 6637 9.31371 888
917 0 3497 2613 6645 14 916
918 0 3493 2613 6661 6 917
919 0 3553 2509 6645 12.4222 882
920 0 3549 2493 6629 6 919
921 0 3549 2485 6617 6 920
922 0 3553 2469 6601 6 921
923 0 3549 2473 6597 6 922
924 0 3549 2473 6589 6 923
925 0 3677 2449 6713 10.6491 874
926 0 3689 2453 6705 12.4222 925
927 2 3722.17 2391.04 6741.05 20.4375 873
928 0 3729 2389 6721 12.4222 927
929 0 3713 2385 6685 9.31371 928
930 0 3709 2377 6677 6.94427 929
931 0 3705 2369 6677 2 930
932 0 3705 2365 6677 2 931
933 0 3725 2417 6717 9.31371 927
934 0 3709 2425 6705 9.31371 933
935 0 3701 2425 6689 6 934
936 0 3757 2317 6757 10 871
937 0 3757 2301 6757 10.6491 936
938 0 3765 2293 6749 6.94427 937
939 0 3769 2285 6737 10 938
940 0 3777 2285 6725 10 939
941 0 3777 2277 6709 6 940
942 0 3773 2277 6697 3.65685 941
943 0 3773 2277 6689 6 942
944 0 3777 2281 6673 6 943
945 0 3781 2285 6657 6 944
946 0 3781 2285 6649 6 945
947 0 3793 2289 6637 6.94427 946
948 0 3797 2297 6621 6 947
949 0 3801 2301 6617 2 948
950 0 3805 2301 6613 2 949
951 0 3969 2365 6425 6 853
952 0 3985 2377 6425 9.31371 951
953 0 3993 2381 6417 6 952
954 0 4145 2289 6121 14.4924 838
955 0 4169 2269 6145 9.31371 954
956 2 4443.06 2368.15 5978.94 13.7744 8
957 0 4461 2373 5997 10.6491 956
958 0 4489 2393 5997 18 957
959 0 4509 2413 5989 23.6125 958
960 0 4545 2441 5977 14.4924 959
961 0 4569 2465 5965 9.31371 960
962 0 4581 2473 5957 12.4222 961
963 0 4585 2485 5953 6.94427 962
964 0 4469 2389 5965 14.9706 956
965 0 4501 2417 5945 15.8885 964
966 0 4533 2429 5933 14 965
967 0 4583.1 2435.26 5926.74 22.8351 966
968 2 4582 2396.41 5931.93 16.5226 967
969 0 4569 2377 5937 14.9706 968
970 0 4549 2353 5937 12.4222 969
971 0 4541 2305 5953 15.8885 970
972 0 4533 2273 5953 14 971
973 0 4537 2237 5969 14.4924 972
974 0 4549 2197 5965 15.8885 973
975 0 4565 2157 5965 34.8782 974
976 0 4545 2113 5957 18 975
977 0 4521 2069 5953 14.9706 976
978 0 4505 2053 5945 14.4924 977
979 0 4493 2041 5945 9.31371 978
980 0 4473 2021 5945 10.6491 979
981 0 4461 2009 5945 12.4222 980
982 0 4445 2013 5941 9.31371 981
983 0 4433 2025 5929 10 982
984 0 4389 2053 5913 12.4222 983
985 0 4373 2065 5925 9.31371 984
986 0 4345 2077 5953 14 985
987 0 4333 2077 5977 6 986
988 0 4321 2069 5993 10.6491 987
989 0 4321 2065 6005 12.4222 988
990 2 4324.84 2065 6031.87 24.3317 989
991 2 4325 2072.73 6053.6 29.4094 990
992 2 4325 2074.21 6057.55 30.2858 991
993 0 4325 2077 6065 31.9411 992
994 0 4317 2089 6113 18 993
995 0 4325 2093 6129 18 994
996 0 4345 2097 6145 9.31371 995
997 0 4361 2105 6161 6.94427 996
998 0 4381 2118.8 6185.6 10 997
999 2 4378.11 2146.78 6198.78 10.4688 998
1000 0 4373 2161 6213 14.9706 999
1001 2 4369.93 2167.15 6231.44 19.8517 1000
1002 0 4365 2169 6265 24.8328 1001
1003 2 4336.93 2165.49 6289.56 19.1866 1002
1004 0 4309 2145 6337 6.94427 1003
1005 0 4293 2129 6353 9.31371 1004
1006 0 4285 2121 6361 10.6491 1005
1007 2 4268.43 2114.71 6383.86 13.3238 1006
1008 0 4257 2105 6405 10 1007
1009 0 4253 2097 6429 10 1008
1010 0 4241 2101 6449 20.6274 1009
1011 0 4221 2089 6485 18.3961 1010
1012 0 4213 2085 6521 14 1011
1013 0 4193 2085 6549 14 1012
1014 0 4181 2097 6577 14 1013
1015 0 4173 2097 6589 10.6491 1014
1016 0 4173 2093 6621 14 1015
1017 2 4172.26 2083.52 6654.19 17.9685 1016
1018 0 4169 2077 6677 27.1204 1017
1019 2 4164.48 2061.19 6674.74 21.9691 1018
1020 0 4141 2037 6673 9.31371 1019
1021 2 4126.33 2031.67 6671.67 6 1020
1022 0 4109 2025 6665 6 1021
1023 0 4101 2017 6657 6.94427 1022
1024 0 4085 2001 6653 9.31371 1023
1025 0 4077 1997 6657 6 1024
1026 0 4061 1997 6661 9.31371 1025
1027 0 4041 2001 6657 10.6491 1026
1028 0 4025 2005 6653 6 1027
1029 0 4005 2005 6645 6 1028
1030 0 3997 2001 6641 6.94427 1029
1031 0 3977 2001 6641 6.94427 1030
1032 0 3969 2001 6633 6 1031
1033 0 4061 1989 6681 6.94427 1026
1034 0 4065 1981 6693 6.94427 1033
1035 0 4069 1981 6701 3.65685 1034
1036 0 4069 1981 6705 3.65685 1035
1037 0 4069 1981 6713 6 1036
1038 0 4065 1985 6721 3.65685 1037
1039 0 4061 1985 6725 2 1038
1040 0 4121 2033 6689 6 1021
1041 0 4117 2029 6697 9.31371 1040
1042 0 4101 2017 6709 3.65685 1041
1043 0 4101 2013 6709 2 1042
1044 0 4169 2045 6697 14.9706 1019
1045 0 4173 2029 6701 9.31371 1044
1046 0 4177 2013 6701 10 1045
1047 0 4161 1997 6713 6 1046
1048 2 4176.78 2112.56 6728.56 12.6199 1018
1049 0 4189 2113 6737 6.94427 1048
1050 0 4205 2125 6737 6.94427 1049
1051 0 4213 2133 6737 9.31371 1050
1052 0 4221 2137 6733 6 1051
1053 0 4237 2141 6725 6.94427 1052
1054 0 4245 2145 6717 6 1053
1055 0 4249 2161 6701 6 1054
1056 0 4153 2125 6745 14 1048
1057 0 4129 2137 6765 12.4222 1056
1058 0 4113 2149 6781 9.31371 1057
1059 0 4105 2145 6793 6 1058
1060 0 4157 2113 6665 10 1017
1061 0 4149 2133 6649 6 1060
1062 0 4141 2137 6637 6 1061
1063 0 4129 2141 6621 6 1062
1064 0 4169 2081 6537 9.31371 1013
1065 0 4161 2073 6537 6.94427 1064
1066 2 4147.67 2062.33 6527.67 10.2164 1065
1067 0 4137 2061 6517 9.31371 1066
1068 0 4129 2057 6513 6 1067
1069 0 4121 2057 6505 9.31371 1068
1070 0 4109 2057 6497 6 1069
1071 0 4093 2053 6489 6 1070
1072 0 4085 2053 6485 6 1071
1073 0 4081 2049 6473 6 1072
1074 0 4081 2049 6465 6 1073
1075 0 4173 2053 6509 14 1066
1076 0 4177 2049 6493 10 1075
1077 0 4285 2133 6393 6.94427 1007
1078 0 4293 2141 6393 6.94427 1077
1079 0 4297 2149 6393 3.65685 1078
1080 0 4301 2157 6393 6 1079
1081 0 4305 2165 6393 6 1080
1082 0 4313 2173 6401 6.94427 1081
1083 0 4317 2181 6409 6 1082
1084 0 4325 2189 6417 2 1083
1085 0 4329 2189 6417 2 1084
1086 0 4269 2109 6345 6 1006
1087 0 4257 2105 6329 6 1086
1088 0 4253 2105 6321 3.65685 1087
1089 0 4249 2105 6313 3.65685 1088
1090 0 4249 2105 6309 3.65685 1089
1091 0 4249 2105 6301 6 1090
1092 0 4241 2109 6293 6 1091
1093 0 4233 2121 6281 6 1092
1094 0 4225 2129 6277 2 1093
1095 0 4321 2153 6269 6.94427 1003
1096 0 4309 2149 6253 6 1095
1097 0 4305 2157 6245 6 1096
1098 0 4381 2137 6265 10 1001
1099 0 4385 2125 6265 6 1098
1100 0 4385 2117 6265 6 1099
1101 0 4385 2109 6265 3.65685 1100
1102 0 4389 2105 6269 2 1101
1103 0 4389 2101 6269 2 1102
1104 0 4377 2189 6201 14 1000
1105 0 4381 2205 6201 9.31371 1104
1106 0 4385 2213 6193 6 1105
1107 0 4385 2221 6185 6 1106
1108 0 4385 2229 6177 2 1107
1109 0 4385 2229 6173 2 1108
1110 0 4385 2229 6169 2 1109
1111 0 4385 2233 6165 3.65685 1110
1112 0 4389 2237 6161 2 1111
1113 0 4389 2237 6157 2 1112
1114 0 4381 2165 6189 10 999
1115 0 4381 2177 6181 6 1114
1116 0 4385 2189 6165 6 1115
1117 0 4381 2121 6209 10 998
1118 0 4385 2113 6229 3.65685 1117
1119 0 4389 2109 6233 2 1118
1120 0 4389 2109 6237 2 1119
1121 0 4265 2073 6089 18 993
1122 0 4245 2081 6089 10.6491 1121
1123 0 4237 2085 6097 6.94427 1122
1124 0 4229 2093 6105 12.4222 1123
1125 0 4217 2101 6097 6 1124
1126 0 4209 2105 6089 6 1125
1127 0 4209 2113 6081 6.94427 1126
1128 0 4209 2121 6073 3.65685 1127
1129 0 4213 2125 6069 2 1128
1130 0 4333 2125 6053 10.6491 992
1131 0 4333 2137 6049 6 1130
1132 0 4333 2145 6041 6 1131
1133 0 4333 2153 6033 9.31371 1132
1134 0 4329 2157 6025 6 1133
1135 0 4321 2161 6025 3.65685 1134
1136 0 4317 2165 6021 3.65685 1135
1137 0 4313 2169 6017 2 1136
1138 0 4373 2089 6053 18 991
1139 0 4385 2105 6061 6 1138
1140 0 4385 2113 6061 6 1139
1141 0 4385 2121 6053 2 1140
1142 0 4385 2125 6049 2 1141
1143 0 4385 2129 6045 3.65685 1142
1144 0 4385 2129 6041 3.65685 1143
1145 0 4389 2133 6037 2 1144
1146 0 4389 2137 6033 2 1145
1147 0 4389 2141 6029 2 1146
1148 0 4277 2057 6021 6.94427 990
1149 0 4281 2049 6013 6.94427 1148
1150 0 4289 2041 6013 2 1149
1151 0 4293 2037 6013 2 1150
1152 0 4293 2065 5981 6 988
1153 0 4277 2065 5973 6 1152
1154 0 4257 2057 5961 10.6491 1153
1155 0 4249 2061 5953 6 1154
1156 0 4245 2065 5949 6 1155
1157 0 4245 2069 5937 6.94427 1156
1158 0 4245 2085 5917 14.9706 1157
1159 0 4245 2105 5885 9.31371 1158
1160 0 4253 2109 5877 6 1159
1161 0 4389 2057 5885 9.31371 984
1162 0 4381 2053 5865 9.31371 1161
1163 0 4369 2049 5837 9.31371 1162
1164 0 4361 2049 5809 6.94427 1163
1165 0 4361 2045 5793 6.94427 1164
1166 0 4361 2037 5777 6.94427 1165
1167 0 4361 2025 5765 9.31371 1166
1168 0 4365 2009 5745 12.4222 1167
1169 0 4373 1997 5733 9.31371 1168
1170 0 4389 1965 5717 10.6491 1169
1171 2 4392.84 1941.95 5713.16 13.8677 1170
1172 0 4405 1889 5721 12.4222 1171
1173 2 4405 1873.94 5724.76 13.9072 1172
1174 0 4405.71 1855.94 5724.29 13.6471 1173
1175 2 4411.82 1846.76 5718.18 10.5882 1174
1176 0 4425 1853 5701 9.31371 1175
1177 2 4439.9 1850.02 5686.1 15.7858 1176
1178 0 4445 1849 5681 18 1177
1179 0 4458.81 1872.62 5639.57 10.381 1178
1180 0 4461 1881 5613 10 1179
1181 0 4457 1897 5597 14 1180
1182 0 4465 1909 5589 3.65685 1181
1183 0 4469 1913 5585 2 1182
1184 0 4465 1861 5629 6 1179
1185 0 4465 1861 5617 6 1184
1186 0 4465 1857 5601 6 1185
1187 0 4465 1849 5597 6 1186
1188 0 4469 1841 5601 2 1187
1189 0 4469 1837 5601 2 1188
1190 0 4469 1833 5601 2 1189
1191 0 4457 1817 5685 14 1178
1192 0 4457 1801 5697 14 1191
1193 0 4449 1877 5677 18 1177
1194 0 4457 1889 5689 10.6491 1193
1195 0 4453 1897 5717 10.6491 1194
1196 0 4461 1905 5725 6 1195
1197 0 4409 1825 5729 14 1175
1198 0 4405 1797 5733 10 1197
1199 0 4397 1789 5733 10 1198
1200 0 4385 1789 5733 6 1199
1201 2 4407.75 1851.84 5736.75 10.0061 1174
1202 0 4409 1849 5749 6.94427 1201
1203 0 4401 1837 5757 10.6491 1202
1204 0 4385 1813 5761 9.31371 1203
1205 0 4361 1793 5765 12.4222 1204
1206 0 4345 1793 5761 14 1205
1207 0 4421 1865 5745 6 1201
1208 0 4437 1877 5741 9.31371 1207
1209 0 4449 1885 5737 6.94427 1208
1210 0 4461 1885 5737 2 1209
1211 0 4393 1869 5741 6 1173
1212 0 4377 1861 5749 6 1211
1213 0 4369 1849 5749 6.94427 1212
1214 0 4353 1829 5753 9.31371 1213
1215 0 4345 1821 5757 6.94427 1214
1216 0 4409 1953 5705 6.94427 1171
1217 0 4433 1973 5705 14.4924 1216
1218 0 4461 1993 5705 6.94427 1217
1219 0 4465 2001 5705 3.65685 1218
1220 0 4469 2005 5701 2 1219
1221 0 4349 2013 5701 2 1169
1222 0 4345 2013 5701 2 1221
1223 0 4475.1 1975.48 5972.05 14.6909 981
1224 0 4493 1977 5981 6 1223
1225 0 4509 1977 5981 6 1224
1226 0 4521 1977 5989 6 1225
1227 0 4529 1981 5997 6 1226
1228 0 4453 1953 5989 12.4222 1223
1229 0 4441 1945 5997 10.6491 1228
1230 0 4601 2125 5981 19.5407 975
1231 0 4621 2105 5997 23.2982 1230
1232 0 4617 2081 5997 21.3238 1231
1233 0 4609 2061 5989 12.4222 1232
1234 0 4605 2049 5985 3.65685 1233
1235 0 4605 2045 5985 2 1234
1236 0 4625 2165 5945 10 975
1237 0 4645 2165 5945 6.94427 1236
1238 0 4661 2161 5945 6 1237
1239 0 4669 2161 5945 6 1238
1240 0 4681 2161 5945 9.31371 1239
1241 0 4693 2157 5941 6.94427 1240
1242 0 4553 2397 5949 10.6491 969
1243 0 4577 2409 5953 10.6491 1242
1244 0 4585 2385 5909 14 968
1245 0 4597 2373 5897 6 1244
1246 0 4601 2365 5881 6 1245
1247 0 4601 2357 5873 6 1246
1248 0 4601 2353 5857 6 1247
1249 0 4605 2337 5841 6.94427 1248
1250 0 4609 2333 5829 6 1249
1251 0 4613 2325 5817 6.94427 1250
1252 0 4613 2325 5805 6.94427 1251
1253 0 4601 2309 5793 9.31371 1252
1254 0 4605 2301 5789 6 1253
1255 0 4605 2293 5781 6 1254
1256 0 4631.11 2483.74 5928.16 37.5789 967
1257 0 4677 2473 5929 10.6491 1256
1258 0 4701 2477 5917 6.94427 1257
1259 0 4709 2473 5909 3.65685 1258
1260 0 4713 2469 5909 2 1259
1261 2 4645.28 2502.16 5922.49 34.7439 1256
1262 0 4605 2557 5905 6 1261
1263 0 4597 2553 5901 3.65685 1262
1264 0 4593 2549 5901 2 1263
1265 0 4589 2549 5901 2 1264
1266 0 4669 2533 5913 30 1261
1267 0 4693 2501 5913 10.6491 1266
1268 0 4693 2485 5897 9.31371 1267
1269 0 4689 2473 5893 12.4222 1268
1270 0 4697 2465 5885 6 1269
1271 0 4709 2457 5873 12.4222 1270
1272 0 4721 2441 5861 6.94427 1271
1273 0 4725 2429 5849 6.94427 1272
1274 0 4729 2425 5837 10 1273
1275 0 4729 2409 5825 6.94427 1274
1276 0 4733 2393 5821 6 1275
1277 0 4685 2565 5909 18 1266
1278 2 4708.8 2615.83 5912.61 21.8049 1277
1279 0 4766.33 2646.33 5893 19.3849 1278
1280 0 4793 2681 5893 14.9706 1279
1281 0 4825 2705 5889 20.6274 1280
1282 0 4861 2741 5877 20.6274 1281
1283 0 4885 2781 5881 12.4222 1282
1284 0 4897 2813 5881 10 1283
1285 0 4913 2833 5881 10.6491 1284
1286 0 4933 2845 5881 18 1285
1287 0 4957 2869 5857 14 1286
1288 0 4793 2677 5873 10.6491 1279
1289 0 4805 2681 5861 10.6491 1288
1290 0 4829 2673 5857 24.8328 1289
1291 0 4693 2637 5925 9.31371 1278
1292 0 4677 2657 5941 12.4222 1291
1293 2 4649.73 2668.82 5964.27 12.3416 1292
1294 0 4629 2681 5945 10.6491 1293
1295 0 4605 2689 5929 10.6491 1294
1296 0 4589 2705 5925 9.31371 1295
1297 2 4569.24 2713 5914.06 13.113 1296
1298 0 4521 2689 5889 14.9706 1297
1299 2 4501.93 2677.56 5877.56 14.0451 1298
1300 0 4489 2669 5845 6.94427 1299
1301 0 4481 2657 5829 9.31371 1300
1302 0 4473 2641 5805 9.31371 1301
1303 0 4469 2625 5785 9.31371 1302
1304 0 4457 2613 5773 6.94427 1303
1305 0 4449 2609 5765 9.31371 1304
1306 0 4425 2625 5745 12.4222 1305
1307 0 4401 2633 5725 12.4222 1306
1308 0 4365 2649 5717 13.0593 1307
1309 0 4350.68 2674.89 5719.32 18.6488 1308
1310 0 4305 2729 5709 31.9411 1309
1311 0 4281 2761 5705 29.241 1310
1312 0 4261 2809 5705 10.6491 1311
1313 0 4253 2833 5709 10.6491 1312
1314 0 4245 2861 5697 10.6491 1313
1315 0 4245 2881 5677 10 1314
1316 0 4245 2893 5673 6 1315
1317 0 4249 2917 5665 12.4222 1316
1318 0 4249 2937 5661 14 1317
1319 0 4273 2965 5665 9.31371 1318
1320 0 4293 2993 5669 9.31371 1319
1321 0 4297 3017 5669 10 1320
1322 0 4301 3029 5669 6 1321
1323 0 4305 3045 5665 6.94427 1322
1324 0 4309 3061 5661 14 1323
1325 0 4309 3093 5653 10 1324
1326 0 4309 3109 5645 9.31371 1325
1327 0 4309 3121 5637 12.4222 1326
1328 0 4309 3133 5621 10 1327
1329 0 4293 3149 5617 19.5407 1328
1330 0 4269 3185 5581 14.4924 1329
1331 0 4245 3225 5557 21.3238 1330
1332 0 4241 3253 5541 30 1331
1333 0 4229 3273 5513 9.31371 1332
1334 0 4221 3277 5505 6 1333
1335 0 4229 2941 5637 6.94427 1318
1336 0 4221 2945 5621 6 1335
1337 0 4201 2957 5617 6.94427 1336
1338 0 4189 2973 5605 6.94427 1337
1339 0 4181 2993 5601 6.94427 1338
1340 0 4169 3005 5597 9.31371 1339
1341 0 4149 3021 5597 6.94427 1340
1342 0 4121 3029 5597 14 1341
1343 0 4105 3033 5593 15.8885 1342
1344 0 4097 3045 5585 15.8885 1343
1345 0 4081 3073 5589 6.94427 1344
1346 0 4061 3093 5589 10.6491 1345
1347 0 4045 3105 5589 9.31371 1346
1348 0 4025 3113 5585 6 1347
1349 0 4009 3121 5585 6 1348
1350 0 3997 3133 5585 6.94427 1349
1351 0 3977 3145 5573 10 1350
1352 0 3969 3153 5565 6.94427 1351
1353 0 3961 3161 5561 6.94427 1352
1354 0 4081 3013 5585 9.31371 1343
1355 0 4065 2997 5581 6.94427 1354
1356 0 4057 2993 5573 3.65685 1355
1357 0 4053 2989 5569 6 1356
1358 0 4049 2985 5565 3.65685 1357
1359 0 4049 2985 5561 3.65685 1358
1360 0 4045 2981 5557 3.65685 1359
1361 0 4045 2977 5541 6.94427 1360
1362 0 4053 2981 5525 6 1361
1363 0 4057 2973 5509 6 1362
1364 0 4065 2965 5501 6.94427 1363
1365 0 4317 2673 5729 6.94427 1309
1366 0 4309 2673 5737 9.31371 1365
1367 0 4297 2681 5737 2 1366
1368 0 4293 2685 5737 2 1367
1369 0 4349 2657 5693 14 1308
1370 0 4345 2685 5673 23.2982 1369
1371 0 4365 2697 5677 6 1370
1372 0 4369 2693 5681 6 1371
1373 0 4485 2677 5897 6 1299
1374 0 4473 2681 5909 6 1373
1375 0 4469 2685 5913 2 1374
1376 0 4469 2689 5917 2 1375
1377 0 4573 2745 5917 14.4924 1297
1378 0 4565 2769 5913 14 1377
1379 0 4649 2669 5981 12.4222 1293
1380 0 4658.56 2690.56 6012.11 9.31371 1379
1381 0 4649 2677 6029 10.6491 1380
1382 0 4653 2669 6037 6 1381
1383 0 4669 2705 6029 10 1380
1384 0 4689 2749.17 6047.21 18.2138 1383
1385 0 4717 2793 6005 27.1204 1384
1386 0 4717 2801 5961 6 1385
1387 0 4717 2797 5953 2 1386
1388 0 4717 2797 5949 2 1387
1389 0 4717 2797 5945 2 1388
1390 2 4695.41 2773.04 6079.45 19.894 1384
1391 0 4693 2813 6065 12.4222 1390
1392 0 4701 2789 6113 30.249 1390
1393 0 4713 2761 6157 9.31371 1392
1394 0 4709 2761 6169 6.94427 1393
1395 0 4717 2761 6181 14 1394
1396 0 4733 2753 6213 12.4222 1395
1397 0 4749 2741 6241 10.6491 1396
1398 0 4765 2737 6269 12.4222 1397
1399 0 4773 2733 6285 14 1398
1400 0 4809 2725 6289 18 1399
1401 0 4829 2721 6289 12.4222 1400
1402 2 4865.21 2723.48 6285 20.1189 1401
1403 2 4871.55 2735.18 6274.82 19.2087 1402
1404 0 4861 2753 6257 18 1403
1405 0 4829 2749 6241 10 1404
1406 0 4813 2745 6225 10.6491 1405
1407 0 4801 2741 6229 6.94427 1406
1408 0 4785 2729 6225 6 1407
1409 0 4777 2721 6225 6 1408
1410 0 4769 2717 6225 2 1409
1411 0 4765 2717 6225 2 1410
1412 0 4869 2757 6293 12.4222 1403
1413 0 4857 2769 6293 9.31371 1412
1414 0 4849 2773 6301 6 1413
1415 0 4845 2777 6305 6 1414
1416 0 4853 2777 6317 2 1415
1417 0 4881 2705 6309 10 1402
1418 0 4889 2709 6321 2 1417
1419 0 4889 2709 6325 2 1418
1420 0 4889 2709 6329 2 1419
1421 0 4889 2709 6333 2 1420
1422 0 4769 2725 6297 10.6491 1399
1423 0 4753 2717 6321 12.4222 1422
1424 0 4734.65 2710.65 6371.11 21.7212 1423
1425 0 4725 2733 6389 14 1424
1426 0 4717 2749 6389 9.31371 1425
1427 0 4713 2765 6401 14.4924 1426
1428 0 4701 2781 6413 14 1427
1429 0 4693 2793 6425 9.31371 1428
1430 0 4685 2801 6425 6.94427 1429
1431 0 4673 2821 6429 9.31371 1430
1432 0 4661 2841 6445 6.94427 1431
1433 0 4649 2853 6457 9.31371 1432
1434 0 4645 2853 6469 2 1433
1435 0 4645 2853 6473 2 1434
1436 0 4645 2853 6477 2 1435
1437 0 4705 2805 6437 6.94427 1429
1438 0 4709 2821 6449 3.65685 1437
1439 0 4705 2825 6449 2 1438
1440 2 4733.88 2709 6387.16 21.12 1424
1441 0 4701 2697 6397 10 1440
1442 0 4681 2689 6393 2 1441
1443 0 4677 2689 6393 2 1442
1444 0 4737 2721 6425 12.4222 1440
1445 0 4745 2725 6453 14 1444
1446 0 4745 2729 6493 10.6491 1445
1447 0 4749 2733 6513 9.31371 1446
1448 0 4745 2737 6541 10 1447
1449 2 4741.56 2748.44 6566.78 13.5346 1448
1450 0 4741 2773 6561 9.31371 1449
1451 0 4737 2793 6553 6.94427 1450
1452 0 4737 2801 6549 6.94427 1451
1453 0 4745 2813 6549 6.94427 1452
1454 0 4753 2825 6549 9.31371 1453
1455 0 4761 2833 6549 6 1454
1456 0 4777 2849 6549 6.94427 1455
1457 0 4781 2861 6553 10.6491 1456
1458 0 4789 2873 6557 9.31371 1457
1459 0 4805 2889 6561 14 1458
1460 0 4809 2905 6557 6 1459
1461 0 4809 2917 6557 6.94427 1460
1462 0 4817 2933 6549 6.94427 1461
1463 0 4821 2881 6565 6.94427 1459
1464 0 4833 2877 6581 6 1463
1465 0 4833 2873 6597 6 1464
1466 0 4729 2733 6589 12.4222 1449
1467 2 4718.86 2716.71 6611.43 14 1466
1468 0 4697 2733 6605 10 1467
1469 2 4684.33 2739.33 6611.33 9.45669 1468
1470 0 4657 2761 6609 9.31371 1469
1471 0 4697 2745 6621 6 1469
1472 0 4713 2745 6625 6 1471
1473 0 4721 2753 6625 2 1472
1474 0 4721 2757 6625 2 1473
1475 0 4717 2701 6629 10.6491 1467
1476 0 4721 2685 6641 12.4222 1475
1477 0 4745 2685 6653 6 1476
1478 0 4761 2681 6665 6.94427 1477
1479 0 4777 2677 6677 6.94427 1478
1480 0 4785 2673 6685 9.31371 1479
1481 0 4793 2665 6689 6.94427 1480
1482 0 4805 2653 6697 10.6491 1481
1483 0 4813 2653 6705 9.31371 1482
1484 0 4713 2665 6661 10.6491 1476
1485 0 4709 2641 6685 10 1484
1486 0 4713 2625 6721 14 1485
1487 0 4713 2625 6753 10 1486
1488 0 4707.67 2620.33 6779.67 10.4037 1487
1489 0 4689 2609 6773 3.65685 1488
1490 0 4685 2601 6773 3.65685 1489
1491 0 4677 2593 6773 3.65685 1490
1492 0 4673 2589 6773 2 1491
1493 0 4673 2585 6773 2 1492
1494 0 4697 2609 6817 10.6491 1488
1495 0 4685 2601 6849 10.6491 1494
1496 0 4677 2601 6857 10.6491 1495
1497 0 4669 2601 6877 20.6274 1496
1498 0 4665 2605 6929 22 1497
1499 2 4665 2611.82 6956.29 21.4232 1498
1500 0 4641 2577 6965 12.4222 1499
1501 0 4641 2549 6953 10 1500
1502 0 4645 2529 6941 10.6491 1501
1503 0 4645 2525 6929 6 1502
1504 0 4641 2529 6913 6 1503
1505 0 4637 2529 6905 6 1504
1506 0 4633 2525 6897 3.65685 1505
1507 0 4633 2525 6893 2 1506
1508 0 4668.55 2629.75 6990.49 24.887 1499
1509 2 4630.41 2563.35 7001 15.327 1508
1510 0 4613 2557 7009 6.94427 1509
1511 0 4601 2537 7021 10 1510
1512 0 4593 2525 7029 6.94427 1511
1513 0 4589 2501 7029 10 1512
1514 0 4585 2489 7029 6.94427 1513
1515 0 4581 2481 7025 9.31371 1514
1516 0 4593 2465 7029 3.65685 1515
1517 0 4597 2461 7033 2 1516
1518 0 4637 2529 6969 12.4222 1509
1519 0 4621 2517 6957 3.65685 1518
1520 0 4617 2513 6957 2 1519
1521 2 4659.55 2644.75 7020.49 25.9756 1508
1522 0 4689 2661 7017 9.31371 1521
1523 2 4708.85 2669 7011.77 10.6491 1522
1524 0 4729 2661 7005 6.94427 1523
1525 0 4737 2653 7005 6.94427 1524
1526 0 4745 2645 7005 10 1525
1527 0 4757 2645 7005 6 1526
1528 0 4769 2645 7005 9.31371 1527
1529 0 4777 2625 7005 10 1528
1530 0 4781 2609 7001 2 1529
1531 0 4689 2689 7009 10 1523
1532 0 4677 2685 7009 9.31371 1531
1533 0 4665 2689 7005 6 1532
1534 0 4657 2689 7001 6 1533
1535 0 4661 2685 7057 9.31371 1521
1536 0 4645 2689 7069 6 1535
1537 0 4629 2689 7069 6 1536
1538 0 4613 2689 7081 6 1537
1539 0 4585 2681 7101 14 1538
1540 0 4557 2681 7105 10 1539
1541 0 4529 2685 7117 14 1540
1542 0 4505 2693 7129 6 1541
1543 0 4497 2693 7129 3.65685 1542
1544 0 4493 2697 7129 2 1543
1545 0 3461 2649 6013 14 -1
1546 0 3449 2637 6013 2 1545
1547 0 3445 2637 6013 2 1546
