# Generated by NeuTu (https://github.com/janelia-flyem/NeuTu)
1 0 3259 1874 6000 2 -1
2 0 3263 1874 6000 2 1
3 0 3267 1874 6000 2 2
4 0 3279 1874 6000 9.31371 3
5 0 3307 1854 6008 12.4222 4
6 0 3307 1834 6024 10 5
7 2 3310.08 1809.69 6033.23 10.4993 6
8 0 3299 1794 6076 6 7
9 0 3299 1794 6092 6 8
10 0 3299 1794 6108 6 9
11 0 3295 1798 6120 9.31371 10
12 0 3295 1814 6140 9.31371 11
13 0 3295 1830 6156 6 12
14 0 3287 1846 6168 6 13
15 0 3283 1862 6176 6.94427 14
16 0 3275 1870 6184 6.94427 15
17 0 3271 1878 6184 6 16
18 0 3267 1886 6192 6 17
19 0 3263 1894 6208 6 18
20 0 3259 1898 6212 3.65685 19
21 0 3255 1902 6216 3.65685 20
22 0 3247 1906 6216 3.65685 21
23 0 3239 1914 6216 6.94427 22
24 0 3227 1922 6224 9.31371 23
25 0 3227 1938 6240 6 24
26 0 3223 1946 6252 6 25
27 0 3215 1942 6272 6 26
28 0 3207 1950 6280 9.31371 27
29 0 3195 1962 6284 6.94427 28
30 0 3191 1970 6292 6 29
31 0 3187 1982 6300 9.31371 30
32 0 3183 2002 6316 10 31
33 0 3175 2018 6324 6 32
34 0 3167 2026 6332 6 33
35 0 3159 2034 6340 6.94427 34
36 0 3147 2038 6344 10 35
37 0 3123 2058 6352 6 36
38 0 3119 2066 6352 3.65685 37
39 0 3111 2074 6352 3.65685 38
40 0 3103 2082 6352 3.65685 39
41 0 3099 2086 6348 6 40
42 0 3091 2094 6352 6 41
43 0 3083 2102 6352 6.94427 42
44 0 3071 2114 6336 6 43
45 0 3067 2122 6328 6 44
46 0 3067 2130 6312 6 45
47 0 3071 2142 6296 10 46
48 0 3067 2154 6296 6.94427 47
49 0 3063 2174 6296 12.4222 48
50 0 3075 2202 6288 6 49
51 0 3071 2214 6288 6.94427 50
52 0 3071 2222 6296 9.31371 51
53 0 3071 2234 6300 6 52
54 0 3083 2250 6304 6 53
55 0 3059 2130 6284 6 47
56 0 3055 2118 6276 6 55
57 0 3055 2110 6268 2 56
58 0 3055 2110 6264 2 57
59 0 3055 2106 6260 3.65685 58
60 0 3055 2106 6256 2 59
61 0 3055 2106 6252 2 60
62 0 3055 2106 6244 6 61
63 0 3055 2098 6236 6 62
64 0 3047 2102 6228 6 63
65 0 3047 2102 6220 3.65685 64
66 0 3047 2102 6216 3.65685 65
67 0 3047 2102 6208 6.94427 66
68 0 3043 2114 6192 3.65685 67
69 0 3043 2114 6188 2 68
70 0 3311 1802 6008 10 7
71 0 3307 1790 5996 9.31371 70
72 0 3311 1786 5976 6 71
73 0 3315 1786 5968 3.65685 72
74 0 3319 1782 5964 2 73
75 0 3327 1782 5968 2 74
76 0 3331 1782 5968 2 75
77 0 3335 1782 5968 2 76
78 0 3339 1782 5968 2 77
79 0 3343 1786 5968 3.65685 78
80 0 3347 1786 5968 2 79
81 0 3351 1786 5968 2 80
82 0 3355 1786 5968 3.65685 81
83 0 3359 1782 5972 2 82
84 0 3363 1782 5976 2 83
