# Generated by NeuTu (https://github.com/janelia-flyem/NeuTu)
1 0 2969 2616 5608 2 -1
2 0 2973 2612 5612 2 1
3 0 2977 2608 5616 3.65685 2
4 0 2981 2604 5620 6 3
5 0 2985 2600 5624 3.65685 4
6 0 2993 2596 5624 3.65685 5
7 0 2997 2592 5628 3.65685 6
8 0 3013 2592 5636 6.94427 7
9 0 3033 2592 5644 14 8
10 0 3049 2592 5640 6.94427 9
11 0 3057 2596 5636 6 10
12 0 3065 2596 5636 2 11
13 0 3069 2596 5636 2 12
14 0 3077 2596 5636 6 13
15 0 3093 2608 5624 6.94427 14
16 0 3101 2620 5612 6 15
17 0 3109 2636 5596 6 16
18 0 3109 2644 5588 6 17
19 0 3109 2644 5580 6.94427 18
20 0 3117 2640 5568 6 19
21 0 3121 2644 5564 3.65685 20
22 0 3125 2648 5560 3.65685 21
23 0 3129 2648 5552 3.65685 22
24 0 3133 2648 5540 6 23
25 0 3137 2652 5520 6 24
26 0 3137 2652 5512 3.65685 25
27 0 3141 2652 5504 3.65685 26
28 0 3145 2648 5500 2 27
