# Generated by NeuTu (https://github.com/janelia-flyem/NeuTu)
1 0 3139 2447 5505 6 -1
2 0 3135 2443 5513 9.31371 1
3 0 3131 2439 5533 9.31371 2
4 0 3123 2431 5541 6.94427 3
5 0 3107 2423 5553 9.31371 4
6 0 3103 2407 5557 10 5
7 0 3091 2391 5561 6 6
8 0 3087 2375 5573 6 7
9 0 3091 2359 5581 6 8
10 0 3095 2347 5589 6 9
11 0 3095 2331 5601 6 10
12 0 3095 2323 5609 6 11
13 0 3095 2319 5625 6 12
14 0 3095 2319 5633 3.65685 13
15 0 3091 2319 5645 9.31371 14
16 0 3087 2319 5657 6 15
17 0 3083 2319 5673 6 16
18 0 3075 2315 5685 6 17
19 0 3071 2311 5697 6.94427 18
20 0 3063 2303 5713 6 19
21 0 3051 2299 5725 6 20
22 0 3031 2295 5725 6 21
23 0 3015 2295 5717 6.94427 22
24 0 3015 2287 5705 6 23
