# Generated by NeuTu (https://github.com/janelia-flyem/NeuTu)
1 0 3353 2431 5675 6.94427 -1
2 0 3345 2423 5663 14.4924 1
3 0 3345 2419 5647 10 2
4 0 3357 2399 5631 6 3
5 0 3361 2391 5623 3.65685 4
6 0 3369 2383 5623 6 5
7 0 3377 2379 5615 6 6
8 0 3397 2379 5603 6.94427 7
9 0 3405 2383 5603 6 8
10 0 3425 2375 5607 6.94427 9
11 0 3441 2379 5615 6 10
12 0 3457 2383 5619 6.94427 11
13 0 3477 2383 5619 6 12
14 0 3497 2383 5619 10 13
15 0 3509 2379 5615 6 14
16 0 3525 2375 5615 6 15
17 0 3537 2371 5611 10.6491 16
18 0 3557 2359 5603 6 17
19 0 3565 2355 5599 6 18
20 0 3569 2347 5599 6 19
21 0 3573 2331 5595 10 20
22 0 3569 2319 5599 6 21
23 0 3569 2307 5599 9.31371 22
24 0 3569 2291 5599 6 23
