# Generated by NeuTu (https://github.com/janelia-flyem/NeuTu)
1 0 3369 2303 5824 2 -1
2 0 3373 2307 5824 3.65685 1
3 0 3381 2311 5816 6 2
4 0 3397 2311 5816 6 3
5 0 3413 2307 5816 6 4
6 0 3425 2307 5820 9.31371 5
7 0 3433 2307 5828 6 6
8 0 3433 2307 5836 6 7
9 0 3437 2311 5840 6 8
10 0 3433 2315 5848 6.94427 9
11 0 3445 2323 5860 9.31371 10
12 0 3453 2327 5864 6.94427 11
13 0 3469 2327 5876 10.6491 12
14 0 3481 2319 5884 6.94427 13
15 0 3489 2319 5892 9.31371 14
16 0 3501 2319 5896 6 15
17 0 3521 2315 5904 6.94427 16
18 0 3537 2311 5916 6 17
19 0 3549 2307 5920 6.94427 18
20 0 3561 2299 5920 10.6491 19
21 0 3581 2291 5920 6.94427 20
22 0 3593 2291 5908 6 21
