# Generated by NeuTu (https://github.com/janelia-flyem/NeuTu)
1 0 3160 2842 5769 6 -1
2 0 3176 2826 5809 32.176 1
3 2 3203.76 2802.24 5840.22 38.8952 2
4 0 3236 2754 5861 10.6491 3
5 0 3248 2742 5865 6.94427 4
6 0 3264 2722 5861 6 5
7 0 3268 2718 5865 6 6
8 0 3272 2714 5869 3.65685 7
9 0 3280 2706 5869 6 8
10 0 3296 2698 5881 6.94427 9
11 0 3304 2694 5889 9.31371 10
12 0 3316 2694 5893 6 11
13 0 3328 2694 5905 9.31371 12
14 0 3344 2690 5921 9.31371 13
15 0 3352 2694 5929 10.6491 14
16 0 3364 2698 5937 6 15
17 0 3384 2710 5941 6.94427 16
18 0 3396 2718 5945 6.94427 17
19 0 3408 2718 5945 6 18
20 0 3428 2730 5949 9.31371 19
21 0 3450 2734 5953 6 20
22 0 3460 2730 5949 6 21
23 0 3476 2726 5949 9.31371 22
24 0 3484 2726 5957 6.94427 23
25 0 3504 2722 5957 6.94427 24
26 0 3520 2722 5969 6 25
27 0 3536 2722 5973 6 26
28 0 3544 2722 5981 9.31371 27
29 0 3560 2726 5993 6 28
30 0 3576 2730 6001 6 29
31 0 3588 2742 6005 6.94427 30
32 0 3596 2750 5997 3.65685 31
33 0 3600 2754 5993 6 32
34 0 3612 2758 5989 6.94427 33
35 0 3620 2758 5985 6 34
36 0 3636 2758 5981 9.31371 35
37 0 3656 2758 5989 9.31371 36
38 0 3672 2762 5993 6 37
39 0 3680 2762 5993 6 38
40 0 3456 2746 5961 6 21
41 0 3468 2750 5977 6.94427 40
42 0 3472 2758 5985 6 41
43 0 3472 2758 5993 6 42
44 0 3468 2766 5997 2 43
45 0 3468 2770 5997 2 44
46 0 3340 2678 5941 6 15
47 0 3340 2670 5945 3.65685 46
48 0 3344 2666 5949 3.65685 47
49 0 3348 2666 5953 2 48
50 0 3348 2666 5957 2 49
51 0 3160 2786 5861 6 3
52 0 3148 2786 5873 6.94427 51
53 0 3140 2782 5873 6 52
