# Generated by NeuTu (https://github.com/janelia-flyem/NeuTu)
1 0 3176 2528 5884 6 -1
2 0 3168 2528 5892 6 1
3 0 3168 2524 5908 6 2
4 0 3168 2520 5920 3.65685 3
5 0 3168 2520 5924 3.65685 4
6 0 3168 2520 5932 6 5
7 0 3156 2512 5944 6 6
8 2 3148.21 2500.21 5949.26 6.94427 7
9 0 3132 2488 5952 6.94427 8
10 0 3120 2480 5952 6 9
11 0 3112 2472 5960 6.94427 10
12 0 3108 2464 5960 6 11
13 0 3144 2508 5972 6.94427 8
14 0 3148 2512 5980 3.65685 13
15 0 3148 2512 5984 3.65685 14
16 0 3152 2508 5988 2 15
