# Generated by NeuTu (https://github.com/janelia-flyem/NeuTu)
1 0 3016 2333 5950 2 -1
2 0 3020 2333 5954 3.65685 1
3 0 3020 2333 5958 2 2
4 0 3020 2337 5966 6 3
5 0 3020 2337 5978 6 4
6 0 3020 2353 5994 6 5
7 0 3020 2369 6006 6.94427 6
8 0 3020 2385 6006 3.65685 7
9 0 3024 2389 6006 3.65685 8
10 0 3024 2401 6006 9.31371 9
11 0 3036 2417 6002 6 10
12 0 3044 2433 6002 6 11
13 0 3004 2373 6026 2 7
14 0 3004 2377 6030 3.65685 13
15 0 3000 2377 6038 3.65685 14
16 0 2996 2369 6046 6 15
17 0 2992 2361 6058 6 16
18 0 2988 2349 6074 6 17
19 0 2992 2345 6082 6 18
20 0 2996 2341 6086 3.65685 19
21 0 3000 2337 6090 3.65685 20
22 0 3004 2333 6094 6 21
23 0 3012 2329 6102 6 22
24 0 3016 2325 6106 3.65685 23
25 0 3020 2321 6110 6 24
26 0 3024 2317 6118 6 25
