# Generated by NeuTu (https://github.com/janelia-flyem/NeuTu)
1 0 3176 3304 5882 2 -1
2 0 3172 3308 5882 3.65685 1
3 0 3164 3312 5878 6.94427 2
4 0 3156 3328 5878 6 3
5 0 3152 3332 5882 6 4
6 0 3148 3332 5894 6 5
7 0 3152 3336 5898 3.65685 6
8 0 3152 3344 5906 6 7
9 0 3156 3344 5918 10.6491 8
10 0 3176 3344 5930 6.94427 9
11 0 3188 3344 5942 6 10
12 0 3196 3340 5946 9.31371 11
13 0 3204 3332 5946 6 12
14 0 3208 3320 5946 6 13
15 0 3208 3304 5946 6 14
16 0 3204 3288 5946 6 15
17 0 3204 3272 5946 6 16
18 0 3208 3264 5938 6.94427 17
19 0 3204 3248 5934 6 18
20 0 3204 3232 5918 9.31371 19
21 0 3200 3228 5910 6 20
22 0 3200 3224 5902 6 21
23 0 3208 3216 5894 9.31371 22
24 0 3216 3204 5882 6.94427 23
25 0 3236 3192 5886 6.94427 24
26 2 3239.63 3184.73 5882.37 6.08664 25
27 0 3240 3176 5878 6 26
28 0 3224 3176 5862 6 27
29 0 3220 3172 5858 6 28
30 0 3220 3172 5850 6 29
31 0 3216 3160 5838 6 30
32 0 3216 3156 5830 6 31
33 0 3220 3152 5826 3.65685 32
34 0 3220 3148 5818 6.94427 33
35 0 3228 3144 5802 3.65685 34
36 0 3228 3140 5798 2 35
37 0 3252 3176 5898 3.65685 26
38 0 3260 3168 5906 6.94427 37
39 0 3268 3164 5914 6 38
40 0 3212 3204 5862 6 24
41 0 3196 3208 5846 10 40
42 0 3192 3200 5834 6 41
43 0 3196 3200 5822 6 42
44 0 3200 3208 5810 9.31371 43
45 0 3200 3216 5790 6 44
46 0 3204 3220 5786 2 45
47 0 3204 3224 5786 2 46
