# Generated by NeuTu (https://github.com/janelia-flyem/NeuTu)
1 0 3300 2791 5856 6 -1
2 0 3304 2799 5868 9.31371 1
3 0 3316 2803 5880 6 2
4 0 3324 2811 5888 6 3
5 0 3336 2819 5896 6 4
6 0 3340 2827 5900 3.65685 5
7 0 3344 2839 5904 6 6
8 0 3344 2859 5924 6.94427 7
9 0 3336 2875 5940 6 8
10 0 3336 2883 5944 6 9
11 0 3332 2887 5948 3.65685 10
12 0 3328 2895 5952 6.94427 11
13 0 3320 2895 5960 6 12
14 0 3316 2891 5964 3.65685 13
15 0 3308 2887 5976 9.31371 14
16 0 3304 2879 5988 6 15
17 0 3304 2871 5992 6 16
