# Generated by NeuTu (https://github.com/janelia-flyem/NeuTu)
1 0 3310 3185 5889 6 -1
2 0 3318 3177 5897 9.31371 1
3 0 3322 3169 5901 6.94427 2
4 0 3330 3165 5901 3.65685 3
5 0 3334 3161 5905 2 4
6 0 3338 3161 5905 2 5
7 0 3350 3161 5909 6 6
8 0 3370 3153 5921 9.31371 7
9 0 3390 3153 5929 9.31371 8
10 0 3402 3153 5929 6 9
11 0 3422 3149 5937 6 10
12 0 3442 3145 5949 9.31371 11
13 0 3446 3137 5957 3.65685 12
14 0 3450 3133 5961 6 13
15 0 3454 3129 5977 6 14
16 0 3458 3125 5985 6 15
17 0 3462 3121 5989 3.65685 16
18 0 3466 3117 5993 3.65685 17
19 0 3470 3113 5997 2 18
