# Generated by NeuTu (https://github.com/janelia-flyem/NeuTu)
1 0 3339 3585 5924 2 -1
2 0 3339 3585 5928 2 1
3 0 3335 3589 5932 3.65685 2
4 0 3327 3597 5940 9.31371 3
5 0 3319 3601 5944 3.65685 4
6 0 3315 3605 5948 3.65685 5
7 0 3307 3617 5952 10 6
8 0 3315 3629 5944 6 7
9 0 3323 3637 5940 6 8
10 0 3327 3645 5940 6.94427 9
11 0 3347 3649 5928 6.94427 10
12 0 3355 3657 5920 3.65685 11
13 0 3359 3661 5916 6 12
14 0 3371 3657 5908 10 13
15 0 3391 3661 5908 2 14
16 0 3395 3661 5908 2 15
17 0 3399 3661 5908 2 16
