# Generated by NeuTu (https://github.com/janelia-flyem/NeuTu)
1 0 3269 3380 5560 2 -1
2 0 3273 3384 5560 3.65685 1
3 0 3281 3380 5568 6.94427 2
4 0 3293 3376 5584 10 3
5 0 3297 3376 5596 6 4
6 0 3301 3380 5600 3.65685 5
7 0 3301 3380 5604 3.65685 6
8 0 3305 3380 5608 2 7
9 0 3305 3380 5620 6 8
10 0 3301 3380 5632 3.65685 9
11 0 3301 3380 5636 3.65685 10
12 0 3297 3384 5640 3.65685 11
13 0 3293 3384 5644 3.65685 12
14 0 3293 3384 5648 2 13
15 0 3289 3388 5660 9.31371 14
16 0 3285 3404 5676 6.94427 15
17 0 3289 3412 5680 6.94427 16
18 0 3293 3420 5684 3.65685 17
19 0 3297 3424 5688 6 18
20 0 3301 3428 5692 3.65685 19
21 0 3301 3432 5692 3.65685 20
22 0 3305 3436 5696 6 21
