# Generated by NeuTu (https://github.com/janelia-flyem/NeuTu)
1 0 3375 3660 5832 2 -1
2 0 3375 3664 5828 2 1
3 0 3375 3672 5820 6.94427 2
4 0 3375 3680 5812 6.94427 3
5 0 3367 3688 5804 6 4
6 0 3367 3696 5804 2 5
7 0 3367 3700 5804 2 6
8 0 3367 3708 5804 6 7
9 0 3367 3716 5796 6 8
10 0 3367 3724 5792 2 9
11 0 3367 3728 5792 2 10
12 0 3367 3736 5792 6 11
13 0 3367 3756 5784 6 12
14 0 3367 3764 5784 6 13
15 0 3367 3776 5776 2 14
16 0 3363 3780 5772 2 15
17 0 3359 3780 5768 2 16
18 0 3359 3780 5764 2 17
19 0 3359 3780 5760 2 18
