# Generated by NeuTu (https://github.com/janelia-flyem/NeuTu)
1 0 3454 3780 5750 2 -1
2 0 3458 3780 5750 2 1
3 0 3462 3780 5750 2 2
4 0 3466 3780 5750 2 3
5 0 3474 3776 5750 6 4
6 0 3490 3776 5750 6 5
7 0 3506 3772 5750 6.94427 6
8 0 3518 3764 5746 6 7
9 0 3530 3756 5746 6 8
10 0 3538 3760 5746 6.94427 9
11 0 3546 3764 5758 6.94427 10
12 0 3554 3756 5766 6 11
13 0 3566 3748 5774 6 12
14 0 3578 3732 5782 6.94427 13
15 0 3598 3712 5786 6.94427 14
16 0 3606 3708 5782 6 15
17 0 3622 3704 5782 9.31371 16
18 0 3638 3688 5782 9.31371 17
19 0 3650 3688 5782 6 18
20 0 3670 3696 5790 9.31371 19
21 0 3686 3708 5794 6 20
22 0 3702 3712 5794 6.94427 21
23 0 3718 3724 5794 6.94427 22
24 0 3730 3732 5794 6.94427 23
25 0 3738 3736 5794 6.94427 24
26 0 3754 3740 5806 6 25
27 0 3762 3740 5818 6 26
28 0 3770 3744 5826 6 27
29 0 3774 3748 5830 6 28
30 0 3782 3748 5830 6 29
31 0 3790 3748 5830 3.65685 30
32 0 3794 3752 5830 2 31
33 0 3798 3752 5830 3.65685 32
34 0 3806 3752 5822 6 33
35 0 3806 3748 5814 6.94427 34
36 0 3806 3744 5806 3.65685 35
37 0 3806 3740 5802 3.65685 36
38 0 3806 3736 5794 6 37
39 0 3802 3732 5778 6 38
40 0 3798 3736 5762 6 39
41 0 3798 3740 5754 3.65685 40
42 0 3798 3744 5750 3.65685 41
43 0 3798 3752 5734 6.94427 42
44 0 3798 3752 5726 3.65685 43
45 0 3794 3752 5718 6 44
46 0 3794 3752 5710 6 45
47 0 3790 3748 5706 6 46
48 0 3790 3744 5698 2 47
49 0 3790 3744 5694 2 48
50 0 3790 3744 5690 3.65685 49
51 0 3790 3740 5686 3.65685 50
52 0 3790 3736 5682 2 51
53 0 3790 3732 5678 3.65685 52
54 0 3786 3728 5674 6 53
55 0 3782 3724 5658 6.94427 54
56 0 3774 3720 5650 3.65685 55
57 0 3770 3720 5646 2 56
