# Generated by NeuTu (https://github.com/janelia-flyem/NeuTu)
1 0 3391 3309 5783 2 -1
2 0 3395 3309 5783 3.65685 1
3 0 3403 3313 5791 9.31371 2
4 0 3403 3325 5803 6 3
5 0 3403 3333 5807 6 4
6 0 3407 3341 5815 2 5
7 0 3407 3349 5815 6 6
8 0 3407 3365 5827 6 7
9 0 3419 3381 5827 9.31371 8
10 2 3429.91 3393.37 5816.09 7.80628 9
11 0 3435 3401 5811 9.31371 10
12 2 3441.67 3411.67 5796.33 7.47081 11
13 0 3451 3429 5779 10 12
14 0 3447 3437 5771 9.31371 13
15 0 3443 3453 5771 9.31371 14
16 0 3435 3465 5771 6 15
17 0 3431 3481 5771 6 16
18 0 3427 3497 5771 6 17
19 0 3419 3509 5771 6.94427 18
20 0 3411 3525 5767 6 19
21 0 3403 3533 5775 6 20
22 0 3399 3541 5775 3.65685 21
23 0 3391 3545 5775 6 22
24 0 3383 3545 5775 6 23
25 0 3375 3545 5783 9.31371 24
26 0 3367 3541 5791 6.94427 25
27 0 3359 3541 5791 3.65685 26
28 0 3355 3541 5795 2 27
29 0 3439 3421 5803 3.65685 12
30 0 3443 3425 5807 6 29
31 0 3443 3437 5807 6 30
32 0 3439 3453 5807 6.94427 31
33 0 3435 3461 5799 9.31371 32
34 0 3423 3465 5787 2 33
35 0 3419 3385 5799 6 10
36 0 3415 3385 5783 6.94427 35
