# Generated by NeuTu (https://github.com/janelia-flyem/NeuTu)
1 0 3354 3641 5960 2 -1
2 0 3358 3637 5960 3.65685 1
3 0 3366 3633 5968 9.31371 2
4 0 3382 3629 5968 6 3
5 0 3394 3629 5964 10 4
6 0 3406 3625 5960 6 5
7 0 3422 3625 5956 6 6
8 0 3438 3633 5952 6 7
9 0 3446 3641 5944 6 8
10 0 3462 3641 5928 6 9
11 0 3466 3641 5920 3.65685 10
12 0 3466 3645 5916 2 11
13 0 3466 3645 5912 2 12
14 0 3466 3645 5908 3.65685 13
15 0 3466 3645 5900 3.65685 14
16 0 3466 3645 5892 3.65685 15
17 0 3470 3641 5888 2 16
