# Generated by NeuTu (https://github.com/janelia-flyem/NeuTu)
1 0 3909 2001 5592 2 -1
2 0 3905 2001 5592 2 1
3 0 3901 2005 5596 3.65685 2
4 0 3893 2009 5600 6.94427 3
5 0 3885 2017 5608 6 4
6 0 3881 2033 5620 6.94427 5
7 0 3873 2053 5620 6.94427 6
8 0 3849 2069 5620 10.6491 7
9 0 3837 2069 5612 6 8
10 0 3821 2069 5608 6 9
11 0 3809 2073 5604 6.94427 10
12 0 3797 2081 5596 6 11
13 0 3793 2085 5592 3.65685 12
14 0 3785 2089 5588 6 13
15 0 3769 2089 5572 6 14
16 0 3753 2085 5560 6.94427 15
17 0 3749 2081 5552 3.65685 16
18 0 3741 2073 5544 3.65685 17
19 0 3741 2073 5536 3.65685 18
20 0 3737 2069 5532 3.65685 19
21 0 3733 2065 5528 2 20
