# Generated by NeuTu (https://github.com/janelia-flyem/NeuTu)
1 0 3867 2066 5558 2 -1
2 0 3867 2062 5558 2 1
3 0 3875 2054 5550 6.94427 2
4 0 3883 2046 5550 10 3
5 0 3891 2018 5554 6.94427 4
6 0 3903 2002 5558 6.94427 5
7 0 3907 1994 5562 9.31371 6
8 0 3911 1986 5570 6.94427 7
9 0 3927 1978 5586 9.31371 8
10 0 3935 1966 5610 10.6491 9
11 0 3935 1970 5626 6 10
12 0 3947 1966 5638 6 11
13 0 3955 1966 5658 6 12
14 0 3959 1962 5666 6 13
15 0 3959 1962 5674 3.65685 14
16 0 3959 1962 5682 3.65685 15
17 0 3955 1962 5690 6 16
18 0 3947 1958 5698 6 17
19 0 3943 1950 5706 6 18
20 0 3943 1942 5714 9.31371 19
21 0 3939 1934 5722 6 20
22 0 3935 1930 5726 6 21
23 0 3931 1930 5738 6 22
24 0 3927 1926 5742 6 23
25 0 3923 1922 5746 3.65685 24
26 0 3919 1922 5750 3.65685 25
27 0 3915 1922 5750 2 26
