# Generated by NeuTu (https://github.com/janelia-flyem/NeuTu)
1 0 3932 2269 5673 6 -1
2 0 3924 2269 5673 6 1
3 0 3912 2269 5685 12.4222 2
4 0 3912 2289 5689 3.65685 3
5 0 3912 2293 5685 2 4
6 0 3912 2297 5685 3.65685 5
7 0 3912 2309 5677 9.31371 6
8 0 3920 2321 5673 10 7
9 0 3912 2333 5681 6.94427 8
10 0 3912 2341 5693 2 9
11 0 3912 2345 5697 2 10
12 0 3912 2349 5701 2 11
13 0 3912 2357 5705 6.94427 12
14 0 3912 2365 5701 3.65685 13
15 0 3912 2369 5697 3.65685 14
16 0 3912 2389 5689 10 15
17 0 3912 2401 5693 6 16
18 0 3912 2421 5701 6.94427 17
19 0 3920 2433 5705 6.94427 18
20 0 3924 2449 5705 6 19
21 0 3928 2453 5709 6 20
22 0 3932 2457 5713 3.65685 21
23 0 3932 2461 5721 6 22
24 0 3932 2465 5729 6 23
25 0 3928 2469 5733 3.65685 24
26 0 3920 2477 5741 3.65685 25
27 0 3916 2481 5749 6 26
28 0 3916 2481 5757 3.65685 27
29 0 3920 2485 5761 2 28
30 0 3924 2353 5721 6 13
31 0 3932 2353 5741 6 30
32 0 3940 2361 5749 6.94427 31
33 0 3948 2365 5753 9.31371 32
34 0 3964 2361 5769 6 33
35 0 3964 2357 5777 2 34
36 0 3964 2357 5781 3.65685 35
37 0 3968 2353 5785 2 36
