# Generated by NeuTu (https://github.com/janelia-flyem/NeuTu)
1 0 3758 2166 5749 2 -1
2 0 3754 2166 5753 3.65685 1
3 0 3746 2158 5753 6 2
4 0 3734 2142 5765 6 3
5 0 3734 2126 5777 9.31371 4
6 0 3730 2118 5785 10.6491 5
7 0 3730 2102 5785 12.4222 6
8 0 3738 2070 5781 9.31371 7
9 0 3738 2058 5781 10 8
10 0 3742 2046 5777 6.94427 9
11 0 3750 2034 5777 6.94427 10
12 0 3762 2018 5777 6.94427 11
13 0 3778 2006 5769 9.31371 12
14 0 3786 2002 5773 6 13
15 0 3798 1998 5789 6 14
16 0 3806 1994 5805 6 15
17 0 3814 1982 5813 6.94427 16
18 0 3826 1966 5833 6.94427 17
19 0 3822 1962 5841 6 18
