# Generated by NeuTu (https://github.com/janelia-flyem/NeuTu)
1 0 3567 2169 5772 2 -1
2 0 3571 2169 5776 3.65685 1
3 0 3575 2173 5780 6 2
4 0 3583 2177 5792 6.94427 3
5 0 3599 2185 5808 6 4
6 0 3599 2201 5824 6 5
7 0 3603 2209 5836 6 6
8 0 3611 2217 5844 6.94427 7
9 0 3627 2233 5856 6.94427 8
10 0 3635 2245 5868 6.94427 9
11 0 3639 2261 5876 6.94427 10
12 0 3651 2269 5888 6.94427 11
13 0 3659 2273 5896 3.65685 12
14 0 3663 2273 5896 3.65685 13
15 0 3667 2277 5900 6 14
16 0 3675 2285 5908 6.94427 15
17 0 3679 2293 5920 6 16
18 0 3679 2301 5924 6 17
19 0 3683 2309 5932 3.65685 18
20 0 3683 2317 5940 6 19
21 0 3679 2333 5952 6.94427 20
22 0 3675 2341 5952 3.65685 21
23 0 3675 2345 5956 2 22
