# Generated by NeuTu (https://github.com/janelia-flyem/NeuTu)
1 0 3633 2164 5832 2 -1
2 0 3629 2168 5832 2 1
3 0 3621 2176 5832 9.31371 2
4 0 3621 2204 5832 10 3
5 0 3617 2228 5840 10 4
6 2 3601.62 2259.17 5851.59 17.8186 5
7 0 3565 2288 5868 18 6
8 0 3565 2324 5880 34.8782 7
9 2 3586.17 2325.51 5883.02 33.7677 8
10 0 3653 2332 5888 21.3238 9
11 0 3705 2336 5876 14.9706 10
12 0 3737 2340 5864 14 11
13 0 3765 2352 5852 9.31371 12
14 0 3785 2376 5828 12.4222 13
15 0 3805 2408 5808 18 14
16 0 3825 2428 5804 28.4631 15
17 2 3845.96 2429.05 5810.67 18.9055 16
18 0 3889 2420 5808 19.5407 17
19 2 3911.71 2412.43 5823.14 24.5493 18
20 0 3941 2412 5828 18 19
21 0 3977 2428 5844 18 20
22 0 4009 2432 5848 10 21
23 0 4021 2436 5848 10 22
24 0 4041 2444 5856 18 23
25 0 4081 2436 5856 12.4222 24
26 0 4101 2420 5876 12.4222 25
27 0 4125 2404 5884 26 26
28 2 4154.11 2378.52 5873.08 24.9381 27
29 2 4176.81 2359.49 5888.51 33.1261 28
30 0 4181 2356 5892 34.8782 29
31 2 4226.63 2357.05 5914.29 31.3749 30
32 0 4293 2364 5944 22.3311 31
33 0 4333 2368 5944 28.4631 32
34 2 4346.86 2356.91 5955.09 26.9532 33
35 0 4377.89 2340.44 5968.89 22.5955 34
36 0 4393 2348 5984 10.6491 35
37 0 4405 2356 5996 12.4222 36
38 0 4417 2372 5996 14.4924 37
39 0 4433 2400 5996 6 38
40 0 4441 2416 5996 6 39
41 0 4449 2436 5996 6.94427 40
42 0 4453 2456 5996 6.94427 41
43 0 4461 2468 5996 6.94427 42
44 0 4465 2480 5996 6 43
45 0 4465 2488 5996 3.65685 44
46 0 4469 2492 5996 2 45
47 0 4397 2312 5968 12.4222 35
48 0 4409 2296 5968 18 47
49 0 4425 2288 5972 12.4222 48
50 0 4437 2276 5972 14 49
51 0 4461 2260 5980 9.31371 50
52 0 4469 2248 5980 2 51
53 0 4469 2244 5980 2 52
54 0 4329 2412 5964 9.31371 34
55 0 4325 2428 5972 6.94427 54
56 0 4321 2440 5976 9.31371 55
57 0 4313 2460 5976 3.65685 56
58 0 4313 2464 5976 3.65685 57
59 0 4313 2468 5980 2 58
60 0 4305 2356 5960 22 33
61 0 4281 2376 5972 6 60
62 0 4273 2380 5988 6 61
63 0 4261 2380 5992 6.94427 62
64 0 4257 2388 5996 3.65685 63
65 0 4261 2392 5996 2 64
66 0 4205 2336 5944 9.31371 31
67 0 4201 2324 5956 6.94427 66
68 0 4197 2316 5964 6.94427 67
69 0 4193 2312 5972 2 68
70 0 4193 2308 5976 2 69
71 0 4169 2368 5856 30.249 30
72 0 4169 2380 5828 14 71
73 0 4177 2372 5812 10.6491 72
74 0 4189 2372 5804 2 73
75 0 4193 2376 5800 2 74
76 0 4197 2380 5800 2 75
77 0 4201 2384 5800 3.65685 76
78 0 4209 2384 5808 6 77
79 0 4221 2388 5820 6 78
80 0 4233 2392 5832 6.94427 79
81 0 4237 2408 5836 6 80
82 0 4237 2420 5840 10 81
83 0 4233 2444 5840 6 82
84 0 4225 2456 5852 3.65685 83
85 0 4225 2456 5856 2 84
86 0 4225 2456 5860 2 85
87 0 4173 2376 5792 6 73
88 0 4177 2368 5776 6 87
89 0 4181 2368 5768 6 88
90 0 4185 2364 5760 9.31371 89
91 0 4189 2360 5748 6 90
92 0 4169 2324 5856 9.31371 29
93 0 4145 2312 5840 14.4924 92
94 0 4149 2420 5852 10.6491 28
95 0 4165 2444 5852 6.94427 94
96 0 4165 2456 5856 12.4222 95
97 0 4185 2464 5860 6 96
98 0 4141 2432 5880 9.31371 27
99 0 4149 2440 5880 9.31371 98
100 0 4161 2440 5880 6.94427 99
101 0 4177 2432 5880 9.31371 100
102 0 3897 2388 5828 6 19
103 0 3889 2376 5840 6 102
104 0 3885 2372 5856 6 103
105 0 3885 2376 5864 6 104
106 0 3889 2376 5872 3.65685 105
107 0 3893 2376 5880 6 106
108 0 3889 2380 5888 6 107
109 0 3857 2436 5832 2 17
110 0 3861 2436 5840 6 109
111 0 3865 2440 5848 6.94427 110
112 0 3873 2448 5856 3.65685 111
113 0 3881 2456 5864 6.94427 112
114 0 3885 2472 5868 6 113
115 0 3885 2480 5872 6 114
116 2 3792.84 2477.12 5808 15.6976 16
117 0 3765 2496 5808 22 116
118 0 3741 2516 5792 12.4222 117
119 0 3725 2540 5776 10.6491 118
120 0 3713 2560 5764 12.4222 119
121 0 3697 2588 5756 12.4222 120
122 0 3677 2612 5744 12.4222 121
123 0 3653 2628 5736 10.6491 122
124 0 3629 2648 5728 14.9706 123
125 0 3605 2668 5724 10 124
126 0 3589 2680 5712 12.4222 125
127 0 3565 2688 5712 18 126
128 0 3541 2692 5728 14 127
129 0 3521 2700 5736 2 128
130 0 3517 2700 5736 2 129
131 0 3801 2492 5828 6.94427 116
132 0 3793 2504 5844 3.65685 131
133 0 3793 2508 5848 3.65685 132
134 0 3789 2512 5856 6 133
135 0 3785 2532 5876 6 134
136 0 3781 2540 5888 6 135
137 2 3541.86 2260.51 5916.35 28.6996 9
138 0 3517 2228 5936 19.5407 137
139 0 3513 2192 5964 9.31371 138
140 0 3509 2188 5976 9.31371 139
141 0 3505 2180 5984 6 140
142 0 3573 2232 5928 15.8885 137
143 0 3585 2220 5932 6 142
144 2 3515.37 2385.08 5857.09 26.6758 8
145 0 3533 2408 5852 9.31371 144
146 0 3545 2416 5852 14 145
147 0 3565 2408 5864 3.65685 146
148 0 3565 2408 5868 3.65685 147
149 0 3565 2408 5876 6 148
150 0 3489 2392 5824 14 144
151 0 3481 2392 5812 6 150
152 0 3585 2260 5828 9.31371 6
153 0 3581 2252 5812 6 152
154 0 3573 2248 5804 2 153
155 0 3569 2248 5804 2 154
