# Generated by NeuTu (https://github.com/janelia-flyem/NeuTu)
1 0 3891 2781 6079 2 -1
2 0 3891 2777 6079 2 1
3 0 3891 2773 6079 2 2
4 0 3891 2769 6079 2 3
5 0 3887 2765 6075 3.65685 4
6 0 3887 2745 6075 9.31371 5
7 0 3895 2733 6091 6.94427 6
8 0 3895 2717 6091 6 7
9 0 3895 2705 6079 6 8
10 0 3895 2689 6079 6 9
11 0 3895 2677 6075 6 10
12 0 3883 2661 6067 6 11
13 0 3871 2649 6067 6 12
14 0 3863 2637 6063 6 13
15 0 3847 2621 6071 6.94427 14
16 0 3831 2613 6087 9.31371 15
17 0 3823 2605 6095 9.31371 16
18 0 3811 2597 6111 3.65685 17
19 0 3799 2593 6111 6 18
20 0 3787 2593 6123 12.4222 19
21 0 3775 2589 6131 9.31371 20
22 0 3767 2597 6131 9.31371 21
23 2 3753.67 2601.67 6140.33 7.53225 22
24 0 3734 2609 6160 14.4044 23
25 0 3725.29 2611.56 6169.56 13.7645 24
26 2 3720.45 2618.82 6176.82 10.3422 25
27 0 3715 2641 6179 10.6491 26
28 0 3703 2657 6175 9.31371 27
29 0 3683 2673 6159 14 28
30 0 3655 2681 6147 6 29
31 0 3647 2685 6139 6.94427 30
32 2 3632.78 2692.11 6121.22 21.7605 31
33 0 3631 2693 6119 23.6125 32
34 2 3619.97 2700.35 6093.26 19.869 33
35 2 3616.2 2695.4 6077 10.7232 34
36 0 3623 2685 6059 10 35
37 2 3626.62 2670.52 6051.76 9.37907 36
38 0 3627 2657 6043 6 37
39 0 3627 2641 6031 6 38
40 0 3631 2629 6027 6.94427 39
41 0 3643 2601 6019 14 40
42 0 3651 2589 6011 12.4222 41
43 0 3663 2573 6011 10.6491 42
44 0 3667 2553 5999 10.6491 43
45 0 3679 2521 5995 15.8885 44
46 0 3703 2505 5991 9.31371 45
47 2 3724.69 2501 5980.54 10 46
48 0 3739 2505 5971 9.31371 47
49 0 3747 2505 5959 12.4222 48
50 0 3759 2525 5939 6.94427 49
51 0 3775 2533 5919 6 50
52 0 3775 2533 5911 3.65685 51
53 0 3775 2537 5907 3.65685 52
54 0 3775 2541 5903 2 53
55 0 3775 2541 5899 2 54
56 0 3727 2481 5987 9.31371 47
57 0 3735 2465 5987 6.94427 56
58 0 3751 2441 5995 12.4222 57
59 0 3647 2505 5983 6.94427 45
60 0 3647 2489 5975 6 59
61 0 3647 2481 5975 6.94427 60
62 0 3635 2597 5995 6.94427 42
63 0 3627 2601 5987 6 62
64 0 3619 2601 5979 9.31371 63
65 0 3611 2605 5971 6.94427 64
66 0 3599 2617 5951 12.4222 65
67 0 3575 2621 5943 6 66
68 0 3563 2617 5943 9.31371 67
69 0 3555 2613 5947 6.94427 68
70 0 3623 2685 6043 6.94427 37
71 0 3623 2705 6035 6.94427 70
72 0 3627 2713 6031 9.31371 71
73 0 3631 2717 6019 6 72
74 0 3639 2717 6011 6 73
75 0 3631 2721 6075 6 35
76 0 3635 2741 6071 9.31371 75
77 0 3639 2753 6075 9.31371 76
78 0 3583 2705 6127 19.5407 34
79 0 3523 2725 6131 22 78
80 0 3503 2733 6115 22 79
81 0 3467 2749 6115 10 80
82 0 3455 2749 6115 6 81
83 0 3447 2745 6111 9.31371 82
84 0 3431 2749 6099 10.6491 83
85 0 3415 2745 6091 14.4924 84
86 0 3395 2729 6083 3.65685 85
87 0 3395 2725 6079 3.65685 86
88 0 3391 2725 6075 2 87
89 0 3391 2725 6071 2 88
90 0 3631 2725 6099 6.94427 34
91 0 3647 2737 6095 6.94427 90
92 0 3663 2753 6107 6.94427 91
93 0 3679 2765 6119 9.31371 92
94 0 3691 2769 6131 6.94427 93
95 0 3699 2769 6139 6.94427 94
96 0 3707 2761 6139 6 95
97 0 3591 2685 6151 21.3238 33
98 0 3595 2689 6175 9.31371 97
99 0 3599 2689 6187 6 98
100 0 3599 2693 6203 6.94427 99
101 0 3607 2693 6219 6 100
102 0 3615 2693 6227 6 101
103 0 3623 2693 6243 9.31371 102
104 0 3623 2689 6255 6 103
105 0 3623 2685 6263 6.94427 104
106 0 3627 2681 6271 9.31371 105
107 0 3631 2673 6279 6.94427 106
108 0 3635 2669 6287 9.31371 107
109 0 3643 2661 6303 6.94427 108
110 0 3647 2653 6311 6 109
111 0 3647 2649 6323 9.31371 110
112 0 3667 2649 6347 10 111
113 0 3675 2653 6355 9.31371 112
114 0 3687.67 2669.67 6358.67 9.11626 113
115 0 3695 2677 6355 6.94427 114
116 0 3703 2681 6347 9.31371 115
117 0 3703 2689 6339 6.94427 116
118 0 3707 2693 6331 9.31371 117
119 0 3703 2681 6387 6 114
120 0 3711 2689 6395 6 119
121 0 3715 2693 6391 2 120
122 0 3719 2697 6391 2 121
123 0 3675 2641 6371 9.31371 113
124 0 3675 2633 6383 6 123
125 0 3675 2621 6399 6 124
126 0 3679 2617 6403 6 125
127 0 3619 2673 6259 6 105
128 0 3623 2657 6259 6.94427 127
129 0 3627 2649 6263 6.94427 128
130 0 3627 2645 6119 6.94427 32
131 0 3619 2629 6111 6 130
132 0 3619 2621 6107 2 131
133 0 3619 2617 6103 2 132
134 0 3727 2597 6183 12.4222 26
135 0 3750.35 2543.81 6177.48 22.2791 134
136 0 3758.51 2532.01 6167.06 25.2621 135
137 0 3755 2525 6139 14 136
138 0 3747 2545 6123 9.31371 137
139 0 3743 2553 6115 6.94427 138
140 0 3739 2561 6107 9.31371 139
141 0 3739 2573 6099 6 140
142 0 3739 2581 6091 6.94427 141
143 0 3731 2589 6091 6.94427 142
144 0 3755 2497 6155 18 136
145 0 3755 2485 6135 22 144
146 0 3747 2477 6115 10 145
147 0 3747 2473 6103 9.31371 146
148 0 3747 2501 6227 18 135
149 0 3747 2485 6243 12.4222 148
150 0 3759 2473 6251 6 149
151 0 3763 2473 6259 6 150
152 0 3771 2473 6267 2 151
153 0 3771 2473 6271 2 152
154 0 3699 2617 6163 6 25
155 0 3683 2605 6163 9.31371 154
156 0 3679 2601 6171 3.65685 155
157 0 3679 2597 6175 2 156
158 2 3719.92 2612.63 6145.02 10.4412 24
159 2 3708 2613 6132 13.6667 158
160 2 3707 2611 6129 13.219 159
161 0 3707 2601 6119 9.31371 160
162 0 3707 2593 6111 10 161
163 0 3703 2585 6099 6.94427 162
164 0 3691 2581 6091 6 163
165 0 3683 2593 6079 6 164
166 0 3683 2613 6059 6 165
167 0 3691 2633 6039 6.94427 166
168 0 3699 2637 6035 3.65685 167
169 0 3703 2633 6035 2 168
170 0 3683 2609 6087 6 165
171 0 3683 2625 6087 6 170
172 0 3679 2637 6087 10 171
173 0 3683 2641 6075 2 172
174 0 3683 2641 6071 2 173
175 0 3687 2645 6067 2 174
176 0 3707 2589 6083 3.65685 163
177 0 3707 2585 6075 3.65685 176
178 0 3707 2585 6071 3.65685 177
179 0 3703 2577 6063 6 178
180 0 3699 2565 6051 6 179
181 0 3703 2549 6051 6.94427 180
182 0 3687 2593 6139 10 160
183 0 3663 2593 6151 10 182
184 0 3651 2605 6143 9.31371 183
185 0 3659 2617 6139 6 184
186 0 3663 2621 6135 2 185
187 0 3663 2625 6135 2 186
188 0 3719 2637 6119 14.9706 159
189 0 3715 2657 6119 18 188
190 0 3723 2681 6107 6.94427 189
191 0 3723 2689 6095 2 190
192 0 3707 2637 6147 10.6491 158
193 0 3687 2645 6135 10 192
194 0 3671 2645 6135 10 193
195 0 3659 2645 6127 6 194
196 0 3755 2613 6119 10 23
197 0 3759 2621 6099 6.94427 196
