# Generated by NeuTu (https://github.com/janelia-flyem/NeuTu)
1 0 3753 2321 5956 2 -1
2 0 3749 2321 5956 3.65685 1
3 0 3741 2325 5964 6.94427 2
4 0 3733 2333 5968 3.65685 3
5 0 3729 2333 5968 3.65685 4
6 0 3725 2337 5972 6 5
7 0 3725 2337 5980 3.65685 6
8 0 3725 2337 5988 6 7
9 0 3725 2337 5996 6 8
10 0 3729 2341 6008 9.31371 9
11 0 3737 2337 6032 6.94427 10
12 0 3745 2333 6044 6 11
13 0 3749 2329 6048 6 12
14 0 3749 2329 6064 6 13
15 0 3761 2333 6076 6 14
16 0 3765 2337 6084 3.65685 15
17 0 3765 2341 6088 3.65685 16
18 0 3769 2345 6088 2 17
