# Generated by NeuTu (https://github.com/janelia-flyem/NeuTu)
1 0 2731 4262 2091 6.94427 -1
2 0 2743 4254 2091 12.4222 1
3 0 2787 4254 2083 14.4924 2
4 0 2803 4238 2087 12.4222 3
5 0 2823 4234 2099 10 4
6 0 2835 4222 2115 10.6491 5
7 0 2839 4210 2131 18.3961 6
8 2 2839 4203 2174 16.4164 7
9 0 2823 4198 2239 15.8885 8
10 0 2823 4190 2275 10.6491 9
11 0 2815 4178 2307 12.4222 10
12 0 2807 4178 2343 14 11
13 2 2800.58 4188.42 2373.53 18 12
14 2 2799.47 4189.53 2380.16 18 13
15 2 2796.6 4191.2 2389 18.7882 14
16 2 2791.4 4193.8 2402 20.496 15
17 0 2735 4178 2439 22 16
18 0 2711 4158 2447 26.2843 17
19 0 2691 4138 2447 19.5407 18
20 0 2683 4110 2475 19.5407 19
21 2 2673.67 4064.67 2497.67 16.777 20
22 0 2667 4046 2515 9.31371 21
23 0 2667 4030 2535 10.6491 22
24 0 2659 4010 2563 18 23
25 0 2655 3990 2587 26.8444 24
26 0 2651 3962 2635 21.3238 25
27 2 2657.3 3968.3 2650.76 20.7751 26
28 2 2662.1 3988.58 2670.48 21.6901 27
29 2 2670.56 4009.11 2690.11 18.5963 28
30 2 2696.82 4025.45 2716.82 12.6374 29
31 0 2721.82 4025.29 2719 13.2941 30
32 0 2747 4022 2719 10.6491 31
33 0 2767 4046 2731 12.4222 32
34 0 2779 4042 2743 9.31371 33
35 0 2779 4042 2763 10 34
36 0 2763 4030 2779 18 35
37 0 2751 4030 2807 6.94427 36
38 0 2751 4022 2827 6 37
39 0 2747 4014 2843 6.94427 38
40 0 2735 3998 2863 9.31371 39
41 0 2735 3994 2875 6 40
42 0 2779 4078 2711 14 33
43 0 2791 4086 2687 6 42
44 0 2751 4006 2707 6 32
45 0 2747 3994 2703 9.31371 44
46 0 2735 3986 2699 10 45
47 0 2719 3990 2699 6 46
48 0 2711 3990 2699 6 47
49 0 2699 3990 2703 2 48
50 0 2695 3990 2703 2 49
51 0 2727 4042 2703 2 31
52 0 2723 4046 2699 6 51
53 0 2711 4054 2695 10 52
54 0 2671 4014 2743 19.5407 30
55 0 2647 4018 2787 14.9706 54
56 0 2635 4030 2803 12.4222 55
57 0 2627 4018 2827 6 56
58 0 2631 4014 2839 6.94427 57
59 0 2643 4014 2855 6.94427 58
60 0 2651 4014 2867 6 59
61 0 2663 4010 2891 10.6491 60
62 0 2663 4002 2899 9.31371 61
63 0 2639 4050 2819 12.4222 56
64 0 2659 4070 2823 6.94427 63
65 0 2667 4082 2835 6 64
66 0 2671 4102 2847 14 65
67 0 2679 4030 2667 6.94427 29
68 0 2687 4038 2659 9.31371 67
69 0 2699 4046 2659 10 68
70 0 2707 4046 2667 6 69
71 0 2683 3962 2671 14.9706 28
72 0 2695 3954 2683 12.4222 71
73 0 2711 3958 2683 6.94427 72
74 0 2679 3934 2651 14 27
75 0 2691 3918 2647 9.31371 74
76 0 2691 3906 2647 6.94427 75
77 0 2687 3894 2647 12.4222 76
78 0 2687 3882 2659 6 77
79 0 2683 3878 2663 2 78
80 0 2679 3878 2667 2 79
81 0 2663 3926 2627 14.4924 26
82 0 2643 3890 2635 14.9706 81
83 0 2643 3874 2647 12.4222 82
84 0 2643 3862 2663 18.3961 83
85 0 2623 3850 2699 18.3961 84
86 0 2603 3858 2707 14.9706 85
87 0 2579 3886 2695 10.6491 86
88 0 2571 3890 2687 10 87
89 0 2543 3882 2675 6.94427 88
90 0 2527 3878 2675 6.94427 89
91 0 2511 3870 2675 10 90
92 0 2495 3862 2679 12.4222 91
93 0 2483 3850 2683 6 92
94 0 2595 3866 2739 15.8885 86
95 0 2695 4054 2471 10 21
96 0 2703 4054 2463 9.31371 95
97 0 2715 4058 2463 6.94427 96
98 0 2727 4066 2463 9.31371 97
99 0 2739 4062 2463 9.31371 98
100 0 2747 4058 2467 6 99
101 0 2815 4182 2415 6.94427 16
102 0 2819 4178 2423 6 101
103 0 2835 4190 2443 10 102
104 0 2839 4206 2459 10 103
105 0 2839 4218 2459 3.65685 104
106 0 2843 4222 2459 3.65685 105
107 0 2847 4222 2459 2 106
108 0 2795 4166 2387 10 15
109 0 2801 4132 2391 12.2462 108
110 0 2811 4102 2371 6.94427 109
111 0 2823 4086 2351 9.31371 110
112 0 2823 4078 2343 6 111
113 0 2835 4062 2327 6.94427 112
114 0 2851 4058 2323 6 113
115 0 2867 4050 2323 6.94427 114
116 0 2875 4050 2315 10 115
117 0 2887 4050 2311 6.94427 116
118 0 2907 4054 2303 10.6491 117
119 0 2923 4054 2303 6.94427 118
120 0 2935 4046 2315 6.94427 119
121 0 2943 4038 2315 6.94427 120
122 0 2959 4022 2315 12.4222 121
123 0 2975 4010 2295 6 122
124 0 2975 4010 2283 6 123
125 0 2787 4114 2383 6.94427 109
126 0 2783 4098 2391 3.65685 125
127 0 2783 4098 2399 3.65685 126
128 0 2783 4102 2407 3.65685 127
129 0 2783 4106 2411 2 128
130 0 2795 4222 2367 12.4222 14
131 0 2795 4234 2359 6 130
132 0 2799 4242 2355 3.65685 131
133 0 2803 4246 2351 2 132
134 0 2819 4166 2375 9.31371 13
135 0 2827 4154 2375 6.94427 134
136 0 2835 4146 2379 9.31371 135
137 0 2863 4186 2167 9.31371 8
138 0 2883 4182 2167 9.31371 137
139 0 2903 4162 2175 12.4222 138
140 0 2903 4150 2187 6 139
