# Generated by NeuTu (https://github.com/janelia-flyem/NeuTu)
1 0 3469 2459 5868 2 -1
2 0 3469 2455 5868 2 1
3 0 3469 2451 5868 2 2
4 0 3469 2447 5868 2 3
5 0 3469 2443 5868 2 4
6 0 3473 2435 5864 6 5
7 0 3477 2431 5860 6 6
8 0 3489 2427 5856 10 7
9 0 3505 2431 5868 6.94427 8
10 0 3517 2423 5880 6.94427 9
11 0 3525 2419 5892 9.31371 10
12 0 3537 2403 5900 6.94427 11
13 0 3553 2387 5900 6.94427 12
14 0 3561 2379 5892 9.31371 13
15 0 3581 2375 5880 6 14
16 0 3597 2371 5880 6 15
17 0 3605 2371 5884 6 16
18 0 3613 2367 5888 9.31371 17
19 0 3621 2363 5892 6 18
20 0 3641 2359 5904 10 19
21 0 3669 2347 5912 9.31371 20
22 0 3685 2331 5920 6.94427 21
23 0 3701 2311 5932 6.94427 22
24 0 3705 2299 5936 10 23
25 0 3709 2287 5944 6 24
