# Generated by NeuTu (https://github.com/janelia-flyem/NeuTu)
1 0 2925 4208 2077 2 -1
2 0 2921 4212 2077 3.65685 1
3 0 2921 4220 2073 6 2
4 0 2921 4228 2065 6 3
5 0 2925 4232 2061 3.65685 4
6 0 2933 4236 2057 6 5
7 0 2941 4236 2057 6 6
8 0 2953 4236 2053 9.31371 7
9 0 2965 4240 2053 6 8
10 0 2981 4240 2053 6 9
11 0 2993 4236 2057 6.94427 10
12 0 3001 4224 2057 6.94427 11
13 0 3005 4208 2061 6 12
14 0 3009 4196 2061 6 13
15 0 3009 4184 2073 9.31371 14
16 0 3013 4176 2077 6 15
17 0 3013 4160 2081 6 16
18 0 3013 4144 2085 6 17
19 0 3013 4136 2085 6 18
20 0 3017 4128 2089 2 19
21 0 3017 4124 2089 2 20
