# Generated by NeuTu (https://github.com/janelia-flyem/NeuTu)
1 0 3654 2546 5997 6 -1
2 0 3650 2554 5997 6.94427 1
3 0 3638 2562 5989 9.31371 2
4 0 3626 2574 5977 9.31371 3
5 0 3618 2590 5965 6.94427 4
6 0 3606 2598 5957 6 5
7 0 3590 2602 5949 6 6
8 0 3574 2602 5941 6 7
9 0 3562 2606 5941 6 8
10 0 3550 2610 5933 6 9
11 0 3542 2610 5929 2 10
12 0 3538 2610 5929 2 11
13 0 3534 2610 5929 2 12
14 0 3530 2610 5929 2 13
15 0 3526 2610 5929 2 14
16 0 3514 2610 5929 6 15
17 0 3498 2606 5925 6 16
18 0 3490 2606 5925 6 17
