# Generated by NeuTu (https://github.com/janelia-flyem/NeuTu)
1 0 2926 3833 1926 2 -1
2 0 2922 3829 1926 2 1
3 0 2914 3825 1918 9.31371 2
4 0 2902 3817 1918 6 3
5 0 2886 3817 1934 9.31371 4
6 0 2878 3817 1942 6 5
7 0 2862 3817 1946 6 6
8 0 2854 3817 1942 6 7
9 0 2854 3813 1934 6 8
10 0 2846 3805 1930 3.65685 9
11 0 2842 3801 1926 6 10
12 0 2834 3797 1918 6.94427 11
13 0 2818 3789 1918 6 12
14 0 2806 3785 1926 6.94427 13
15 0 2790 3777 1934 6.94427 14
16 0 2778 3769 1954 6.94427 15
17 0 2778 3761 1962 9.31371 16
18 0 2862 3813 1966 6 7
19 0 2862 3809 1978 2 18
20 0 2866 3809 1982 3.65685 19
21 0 2866 3809 1990 3.65685 20
22 0 2870 3809 1998 3.65685 21
23 0 2870 3809 2006 3.65685 22
24 0 2870 3809 2014 3.65685 23
25 0 2874 3813 2018 2 24
26 0 2878 3813 2022 2 25
