# Generated by NeuTu (https://github.com/janelia-flyem/NeuTu)
1 0 4252 2708 5846 2 -1
2 0 4252 2704 5842 2 1
3 0 4248 2700 5838 6 2
4 0 4240 2680 5822 6 3
5 0 4240 2664 5810 6.94427 4
6 0 4244 2652 5810 9.31371 5
7 0 4240 2628 5814 6.94427 6
8 0 4236 2608 5834 9.31371 7
9 0 4224 2608 5842 9.31371 8
10 0 4216 2596 5858 6.94427 9
11 0 4212 2588 5866 6 10
12 0 4208 2580 5874 9.31371 11
13 0 4196 2576 5890 6.94427 12
14 0 4180 2564 5898 9.31371 13
15 0 4164 2556 5906 6.94427 14
16 0 4148 2552 5906 6.94427 15
17 0 4136 2548 5906 9.31371 16
18 0 4128 2544 5910 6.94427 17
19 0 4120 2540 5918 9.31371 18
20 0 4104 2528 5926 6.94427 19
21 0 4092 2512 5934 6.94427 20
22 0 4084 2500 5938 10 21
23 0 4076 2492 5938 6.94427 22
24 0 4060 2468 5938 9.31371 23
25 0 4056 2456 5938 10 24
26 0 4048 2444 5946 6 25
27 0 4040 2424 5942 6 26
28 0 4032 2412 5942 6 27
29 0 4028 2408 5946 6 28
30 0 4016 2404 5946 3.65685 29
31 0 4008 2396 5946 6 30
32 0 4004 2392 5950 6 31
33 0 3992 2388 5950 6 32
34 0 3980 2384 5958 6 33
35 0 3976 2380 5962 3.65685 34
36 0 3968 2380 5966 6 35
37 0 3960 2380 5974 6 36
38 0 3952 2372 5978 9.31371 37
39 0 3944 2352 5986 10 38
40 0 3940 2340 5986 6 39
41 0 3936 2332 5994 2 40
