# Generated by NeuTu (https://github.com/janelia-flyem/NeuTu)
1 0 3835 3143 5797 2 -1
2 0 3839 3139 5793 3.65685 1
3 0 3839 3123 5777 9.31371 2
4 0 3839 3111 5769 6 3
5 0 3839 3107 5757 6 4
6 0 3843 3103 5749 3.65685 5
7 0 3847 3099 5745 2 6
8 0 3847 3099 5741 2 7
9 0 3847 3099 5737 2 8
10 0 3847 3095 5733 3.65685 9
11 0 3855 3095 5729 6 10
12 0 3859 3091 5713 6 11
13 2 3859 3083.2 5693.6 6 12
14 0 3859 3079 5677 6.94427 13
15 0 3855 3071 5669 3.65685 14
16 0 3855 3063 5661 3.65685 15
17 0 3855 3059 5645 6.94427 16
18 0 3859 3067 5637 2 17
19 0 3863 3067 5637 2 18
20 0 3871 3091 5669 6.94427 14
21 0 3879 3095 5673 6.94427 20
22 0 3887 3095 5681 2 21
23 0 3891 3095 5685 2 22
24 0 3895 3095 5685 2 23
25 0 3871 3087 5693 6 13
26 0 3883 3087 5697 2 25
27 0 3895 3087 5701 6 26
28 0 3871 3091 5713 6 12
29 0 3879 3095 5721 6 28
30 0 3891 3099 5733 6 29
31 0 3895 3099 5745 6 30
32 0 3891 3103 5757 6 31
