# Generated by NeuTu (https://github.com/janelia-flyem/NeuTu)
1 0 3948 3183 5801 6 -1
2 0 3952 3179 5805 6 1
3 0 3960 3167 5817 12.4222 2
4 0 3984 3167 5817 6 3
5 0 3996 3167 5813 9.31371 4
6 0 4016 3179 5817 6.94427 5
7 0 4028 3191 5817 9.31371 6
8 0 4032 3211 5829 6 7
9 0 4030 3226 5836 9.23607 8
10 0 4020 3243 5853 6 9
11 0 4020 3239 5869 6 10
12 0 4020 3235 5885 6.94427 11
13 0 4020 3231 5897 9.31371 12
14 0 4016 3223 5905 6 13
15 0 4036 3243 5825 9.31371 9
16 0 4044 3259 5821 6.94427 15
17 0 4048 3275 5821 6.94427 16
18 0 4056 3279 5829 6 17
