# Generated by NeuTu (https://github.com/janelia-flyem/NeuTu)
1 0 3832 2942 5998 2 -1
2 0 3820 2938 5998 6 1
3 0 3812 2930 5990 6.94427 2
4 0 3812 2922 5982 10 3
5 0 3812 2914 5974 6.94427 4
6 0 3824.44 2903.78 5965.56 8.58284 5
7 0 3848 2910 5958 6 6
8 0 3868 2914 5954 6 7
9 0 3884 2918 5950 6.94427 8
10 0 3892 2910 5942 6 9
11 0 3892 2910 5934 6 10
12 0 3896 2914 5930 6 11
13 0 3900 2910 5914 6 12
14 0 3904 2910 5906 6 13
15 0 3904 2914 5894 3.65685 14
16 0 3908 2914 5886 3.65685 15
17 0 3912 2914 5878 3.65685 16
18 0 3916 2914 5874 3.65685 17
19 0 3924 2918 5870 6 18
20 0 3808 2898 5954 6 6
21 0 3808 2882 5954 6 20
22 0 3812 2878 5958 6 21
