# Generated by NeuTu (https://github.com/janelia-flyem/NeuTu)
1 0 3749 2992 5955 2 -1
2 0 3745 2988 5959 3.65685 1
3 0 3741 2984 5967 6 2
4 0 3741 2968 5983 6 3
5 0 3733 2956 6007 10 4
6 0 3729 2944 6019 6.94427 5
7 0 3725 2928 6031 6 6
8 0 3721 2916 6035 6 7
9 0 3713 2908 6043 6 8
10 0 3713 2900 6051 6 9
11 0 3709 2896 6055 3.65685 10
12 0 3705 2892 6059 3.65685 11
13 0 3701 2888 6063 6 12
14 0 3693 2880 6075 3.65685 13
15 0 3689 2876 6083 6 14
16 0 3685 2876 6091 6 15
17 0 3681 2868 6099 6 16
