# Generated by NeuTu (https://github.com/janelia-flyem/NeuTu)
1 0 3469 3783 5651 2 -1
2 0 3473 3783 5655 2 1
3 0 3477 3783 5655 2 2
4 0 3481 3783 5655 2 3
5 0 3485 3783 5655 2 4
6 0 3489 3783 5655 2 5
7 0 3493 3779 5659 3.65685 6
8 0 3501 3775 5667 6.94427 7
9 0 3505 3763 5667 10 8
10 0 3513 3751 5663 6.94427 9
11 0 3517 3743 5655 9.31371 10
12 0 3521 3735 5651 6 11
13 0 3529 3723 5655 6 12
14 0 3529 3715 5651 6 13
15 0 3525 3711 5647 3.65685 14
16 0 3521 3703 5639 6 15
17 0 3521 3695 5635 6 16
