# Generated by NeuTu (https://github.com/janelia-flyem/NeuTu)
1 0 3939 3693 5782 2 -1
2 0 3943 3697 5782 3.65685 1
3 0 3943 3705 5790 6 2
4 0 3939 3709 5806 6.94427 3
5 0 3939 3709 5814 6 4
6 0 3935 3705 5818 6 5
7 0 3935 3705 5830 6 6
8 0 3931 3697 5846 6 7
9 0 3931 3693 5854 6 8
10 2 3947.88 3679.34 5874.88 19.5246 9
11 0 3937.52 3645.41 5874.21 19.9508 10
12 0 3903 3629 5854 10 11
13 0 3883 3621 5838 14.9706 12
14 0 3855 3605 5826 21.3238 13
15 2 3824.25 3593.92 5815.25 11.6265 14
16 0 3815 3597 5806 2 15
17 2 3811.67 3603.67 5799.33 6.12023 16
18 0 3819 3613 5790 6.94427 17
19 0 3823 3637 5782 10 18
20 0 3823 3649 5774 9.31371 19
21 0 3823 3649 5758 9.31371 20
22 0 3819 3645 5750 6 21
23 0 3819 3645 5730 6 22
24 0 3815 3641 5714 6 23
25 0 3807 3641 5706 3.65685 24
26 0 3807 3637 5702 2 25
27 0 3791 3597 5814 9.31371 17
28 0 3775 3597 5830 10 27
29 0 3767 3589 5842 6 28
30 0 3779 3573 5846 6 29
31 0 3807 3573 5826 14 15
32 0 3791 3561 5834 6.94427 31
33 0 3955 3613 5910 18 11
34 0 3963 3573 5914 10 33
35 0 3967 3561 5914 6 34
36 0 3967 3545 5914 6 35
37 0 3967 3529 5914 6 36
38 0 3971 3521 5918 2 37
39 0 3971 3517 5918 2 38
40 0 3955 3713 5874 14.4924 10
41 0 3955 3737 5890 12.4222 40
