# Generated by NeuTu (https://github.com/janelia-flyem/NeuTu)
1 0 3763 3291 5981 9.31371 -1
2 0 3763 3299 5957 10.6491 1
3 0 3767 3315 5933 6.94427 2
4 0 3771 3323 5921 6.94427 3
5 0 3771 3335 5905 6 4
6 0 3775 3343 5901 6 5
7 0 3775 3347 5885 6 6
8 0 3779 3351 5881 6 7
9 0 3779 3351 5873 6 8
10 0 3779 3351 5865 3.65685 9
11 0 3783 3351 5861 3.65685 10
12 0 3783 3351 5857 2 11
13 0 3783 3351 5853 3.65685 12
14 0 3783 3355 5845 3.65685 13
15 0 3787 3359 5841 6 14
16 0 3787 3363 5825 6 15
17 0 3787 3375 5805 6.94427 16
18 0 3783 3387 5789 6.94427 17
19 0 3775 3395 5781 6 18
20 0 3775 3403 5781 3.65685 19
21 0 3771 3407 5777 2 20
