# Generated by NeuTu (https://github.com/janelia-flyem/NeuTu)
1 0 4262 2048 5504 6 -1
2 0 4266 2052 5512 9.31371 1
3 0 4266 2056 5524 9.31371 2
4 0 4266 2072 5528 6 3
5 0 4266 2088 5528 6 4
6 2 4258.31 2107.54 5528 6.94427 5
7 0 4230 2124 5524 6.94427 6
8 0 4218 2124 5516 6.94427 7
9 0 4206 2132 5508 6 8
10 0 4202 2136 5504 6 9
11 0 4198 2140 5500 3.65685 10
12 0 4194 2140 5500 2 11
13 0 4274 2112 5536 6.94427 6
14 0 4282 2108 5540 6.94427 13
15 0 4290 2112 5544 3.65685 14
16 0 4298 2112 5548 6.94427 15
17 0 4302 2108 5556 6 16
