# Generated by NeuTu (https://github.com/janelia-flyem/NeuTu)
1 0 4350 2156 5533 6 -1
2 0 4354 2164 5541 2 1
3 0 4354 2168 5545 2 2
4 0 4354 2172 5545 2 3
5 0 4354 2176 5545 2 4
6 0 4354 2184 5549 6 5
7 0 4358 2196 5549 6 6
8 0 4362 2212 5545 6 7
9 0 4362 2228 5553 10 8
10 0 4358 2236 5561 6 9
11 0 4358 2252 5577 6 10
12 0 4358 2260 5585 6 11
13 0 4358 2268 5585 6 12
14 0 4346 2280 5597 6 13
15 0 4342 2276 5601 2 14
16 0 4338 2276 5609 6 15
17 0 4334 2276 5617 6 16
18 0 4330 2276 5625 3.65685 17
19 0 4326 2280 5629 6 18
20 0 4318 2280 5637 3.65685 19
21 0 4314 2276 5641 2 20
22 0 4310 2276 5645 2 21
23 0 4306 2276 5645 2 22
24 0 4366 2244 5537 6 9
25 0 4366 2256 5533 6 24
26 0 4370 2260 5529 6 25
27 0 4362 2268 5521 2 26
28 0 4362 2272 5521 2 27
29 0 4362 2276 5521 2 28
