# Generated by NeuTu (https://github.com/janelia-flyem/NeuTu)
1 0 4464 1821 5616 6 -1
2 0 4456 1841 5616 6 1
3 0 4452 1857 5620 6 2
4 0 4452 1869 5624 9.31371 3
5 0 4448 1877 5636 6 4
6 0 4440 1885 5640 6 5
7 2 4420.6 1885 5636.2 6.89706 6
8 0 4396 1909 5640 6.94427 7
9 0 4380 1925 5644 6.94427 8
10 0 4368 1945 5644 6.94427 9
11 0 4360 1953 5644 6.94427 10
12 0 4352 1953 5648 6 11
13 0 4348 1949 5644 6 12
14 0 4332 1949 5640 6 13
15 0 4428 1893 5624 6 7
16 0 4436 1905 5612 6.94427 15
17 0 4440 1913 5604 9.31371 16
18 0 4460 1925 5608 6 17
