# Generated by NeuTu (https://github.com/janelia-flyem/NeuTu)
1 0 4153 2055 5634 10.6491 -1
2 0 4161 2047 5638 10.6491 1
3 0 4169 2043 5646 6 2
4 0 4177 2043 5654 6 3
5 0 4185 2047 5666 10 4
6 0 4169 2043 5686 2 5
7 0 4161 2043 5690 6 6
8 0 4157 2039 5694 6 7
9 2 4133.6 2035.2 5694 12.2668 8
10 0 4121 2027 5694 14 9
11 0 4105 2023 5698 9.31371 10
12 0 4085 2011 5698 9.31371 11
13 0 4077 2007 5702 6 12
14 0 4137 2047 5714 6 9
15 0 4153 2063 5726 6 14
16 0 4213 2051 5666 12.4222 5
17 0 4221 2059 5674 6.94427 16
18 0 4229 2067 5670 3.65685 17
19 0 4233 2071 5666 2 18
