# Generated by NeuTu (https://github.com/janelia-flyem/NeuTu)
1 0 4468 1970 5753 2 -1
2 0 4468 1974 5749 2 1
3 0 4468 1978 5745 2 2
4 0 4464 1982 5741 6 3
5 0 4464 1998 5729 6 4
6 0 4460 2002 5725 6 5
7 0 4452 1998 5721 6.94427 6
8 0 4444 1998 5713 3.65685 7
9 0 4436 1998 5705 9.31371 8
10 0 4424 2002 5697 9.31371 9
11 0 4408 1998 5693 6 10
12 0 4404 1994 5689 3.65685 11
13 0 4396 1994 5689 6 12
14 0 4376 1994 5673 9.31371 13
15 0 4364 1998 5669 6.94427 14
16 0 4356 2006 5665 9.31371 15
17 0 4348 2014 5657 6 16
18 0 4332 2018 5653 6 17
19 0 4324 2022 5649 9.31371 18
20 0 4296 2022 5645 9.31371 19
21 0 4284 2030 5653 6.94427 20
22 0 4264 2038 5653 6.94427 21
23 0 4256 2042 5657 9.31371 22
