# Generated by NeuTu (https://github.com/janelia-flyem/NeuTu)
1 0 4443 2213 5715 2 -1
2 0 4447 2213 5715 3.65685 1
3 0 4451 2209 5719 6 2
4 0 4455 2201 5739 6 3
5 0 4439 2197 5755 6 4
6 0 4423 2197 5767 6 5
7 0 4407 2197 5779 6 6
8 0 4399 2197 5787 3.65685 7
9 0 4395 2193 5791 3.65685 8
10 0 4391 2193 5795 2 9
11 0 4383 2193 5803 6 10
12 0 4379 2209 5815 6.94427 11
13 0 4371 2225 5819 6 12
14 0 4375 2237 5815 6 13
15 0 4383 2245 5815 3.65685 14
16 0 4387 2249 5811 6 15
17 0 4391 2257 5803 3.65685 16
18 0 4395 2261 5799 3.65685 17
19 0 4403 2261 5791 6 18
20 0 4411 2265 5779 6 19
21 0 4415 2261 5775 3.65685 20
22 0 4415 2261 5771 3.65685 21
23 0 4415 2261 5763 6 22
24 0 4419 2261 5755 6 23
