# Generated by NeuTu (https://github.com/janelia-flyem/NeuTu)
1 0 4277 2405 5759 2 -1
2 0 4277 2401 5759 2 1
3 0 4277 2397 5759 3.65685 2
4 0 4269 2389 5759 6.94427 3
5 0 4257 2365 5759 10.6491 4
6 0 4257 2353 5759 10.6491 5
7 0 4265 2345 5759 6 6
8 0 4277 2333 5763 6 7
9 0 4289 2321 5763 6 8
10 0 4297 2313 5767 10 9
11 0 4301 2297 5771 2 10
12 0 4205 2325 5751 6.94427 6
13 0 4201 2317 5747 2 12
14 0 4201 2313 5743 2 13
15 0 4201 2301 5743 6 14
16 0 4205 2285 5735 6.94427 15
17 0 4201 2277 5731 6 16
