# Generated by NeuTu (https://github.com/janelia-flyem/NeuTu)
1 0 4156 2067 5869 2 -1
2 0 4156 2063 5869 2 1
3 0 4148 2047 5877 12.4222 2
4 0 4132 2027 5893 6.94427 3
5 2 4135.6 2023 5908.2 6 4
6 0 4140 2031 5917 6 5
7 0 4144 2035 5921 3.65685 6
8 0 4152 2043 5929 3.65685 7
9 0 4156 2047 5929 3.65685 8
10 0 4160 2051 5933 6 9
11 0 4160 2059 5941 6 10
12 0 4160 2059 5949 3.65685 11
13 0 4168 2063 5957 6 12
14 0 4168 2051 5973 6 13
15 0 4164 2047 5977 2 14
16 0 4160 2043 5977 2 15
17 0 4140 2003 5909 6.94427 5
18 0 4140 1995 5905 3.65685 17
19 0 4140 1987 5905 6 18
20 0 4136 1971 5909 6 19
21 0 4136 1959 5909 2 20
22 0 4116 2031 5881 6 4
23 0 4108 2031 5881 6 22
24 0 4104 2027 5877 3.65685 23
25 0 4096 2023 5877 3.65685 24
26 0 4092 2019 5873 2 25
