# Generated by NeuTu (https://github.com/janelia-flyem/NeuTu)
1 0 4423 1926 5912 2 -1
2 0 4423 1922 5912 2 1
3 0 4419 1918 5912 3.65685 2
4 0 4411 1910 5912 6.94427 3
5 0 4399 1898 5912 9.31371 4
6 0 4375 1882 5904 14 5
7 2 4347.43 1870.29 5907.86 12.4961 6
8 0 4327 1870 5908 6 7
9 0 4307 1870 5908 6 8
10 0 4291 1862 5904 6 9
11 0 4275 1862 5896 6 10
12 0 4259 1862 5896 6 11
13 0 4243 1858 5892 6 12
14 0 4235 1854 5892 6 13
15 0 4227 1850 5888 9.31371 14
16 0 4215 1854 5888 6 15
17 0 4207 1854 5884 6 16
18 0 4187 1862 5892 6 17
19 0 4183 1866 5896 6 18
20 0 4171 1870 5896 6 19
21 0 4167 1874 5900 6 20
22 0 4151 1874 5900 6 21
23 0 4139 1878 5904 10 22
24 0 4127 1882 5912 9.31371 23
25 0 4119 1882 5920 6 24
26 0 4107 1886 5928 6 25
27 0 4095 1886 5928 6 26
28 0 4091 1882 5932 3.65685 27
29 0 4083 1882 5932 6 28
30 0 4067 1878 5932 6 29
31 0 4347 1854 5900 6 7
32 0 4347 1838 5912 6.94427 31
33 0 4359 1822 5916 6 32
34 0 4363 1814 5924 6 33
35 0 4371 1802 5924 2 34
