# Generated by NeuTu (https://github.com/janelia-flyem/NeuTu)
1 0 4069 3161 5764 2 -1
2 0 4069 3165 5764 3.65685 1
3 0 4061 3169 5764 6 2
4 0 4053 3173 5756 6 3
5 0 4045 3173 5748 9.31371 4
6 0 4037 3161 5736 14.4924 5
7 0 4025 3129 5720 10 6
8 2 4021.67 3103.67 5723.33 9.42809 7
9 0 4017 3089 5724 12.4222 8
10 0 4029 3069 5732 9.31371 9
11 0 4053 3037 5740 23.2982 10
12 0 4081 3001 5760 14 11
13 0 4109 2973 5776 18 12
14 0 4137 2929 5792 14 13
15 0 4160.45 2907.62 5830.22 40.0099 14
16 2 4172.73 2902.71 5852.31 36.2034 15
17 2 4178.1 2897.16 5863.84 33.9977 16
18 2 4180.22 2889.75 5871.25 32.2996 17
19 2 4182.65 2881.24 5879.76 30.3499 18
20 2 4182.96 2880.14 5880.86 30.0983 19
21 0 4185 2873 5888 28.4631 20
22 0 4189 2845 5900 14.4924 21
23 2 4199.42 2818.58 5896.53 12.6946 22
24 0 4213 2809 5892 14 23
25 0 4245 2785 5904 18 24
26 0 4265 2777 5912 10 25
27 0 4289 2777 5916 10 26
28 0 4305 2777 5916 10 27
29 0 4325 2789 5920 6.94427 28
30 0 4333 2789 5920 6 29
31 0 4349 2789 5920 9.31371 30
32 0 4365 2793 5916 12.4222 31
33 0 4397 2789 5920 10 32
34 0 4417 2793 5920 9.31371 33
35 0 4425 2797 5916 6 34
36 0 4441 2801 5912 6 35
37 0 4453 2801 5908 6 36
38 0 4461 2805 5904 6.94427 37
39 0 4213 2821 5880 6 24
40 0 4221 2825 5872 6 39
41 0 4229 2829 5860 6 40
42 0 4225 2821 5852 2 41
43 0 4177 2813 5888 6.94427 23
44 0 4173 2813 5872 6 43
45 0 4169 2821 5864 6 44
46 0 4185 2901 5916 14.4924 21
47 0 4173 2885 5932 10 46
48 0 4173 2877 5944 6 47
49 0 4161 2873 5952 6.94427 48
50 0 4161 2865 5952 6 49
51 0 4161 2849 5952 9.31371 50
52 0 4157 2837 5952 9.31371 51
53 0 4153 2825 5952 6 52
54 0 4185 2869 5956 6 48
55 0 4189 2857 5972 6 54
56 0 4153 2889 5936 6 47
57 0 4137 2889 5952 6.94427 56
58 0 4125 2893 5960 6 57
59 0 4109 2889 5972 6 58
60 0 4101 2885 5968 2 59
61 0 4097 2885 5964 2 60
62 0 4193 2929 5896 22 20
63 0 4201 2965 5892 6.94427 62
64 0 4205 2973 5896 6 63
65 0 4153 2905 5896 6.94427 19
66 0 4145 2909 5908 6.94427 65
67 0 4145 2905 5916 6.94427 66
68 0 4189 2877 5832 26.2843 18
69 2 4195.4 2836.2 5820 22.7059 68
70 0 4201 2809 5832 6 69
71 0 4205 2809 5844 3.65685 70
72 0 4205 2809 5852 6 71
73 0 4193 2829 5784 15.8885 69
74 2 4186.69 2814.69 5769.69 8.35712 73
75 0 4177 2805 5760 6 74
76 0 4169 2797 5756 6 75
77 0 4165 2793 5752 3.65685 76
78 0 4165 2789 5752 2 77
79 0 4165 2785 5752 2 78
80 0 4185 2821 5752 6 74
81 0 4177 2817 5744 9.31371 80
82 0 4173 2813 5736 6 81
83 0 4161 2937 5876 10.6491 17
84 0 4149 2941 5888 6.94427 83
85 0 4145 2933 5892 6 84
86 0 4185 2965 5844 6 16
87 0 4189 2981 5840 6 86
88 0 4193 2985 5836 3.65685 87
89 0 4193 2989 5836 3.65685 88
90 0 4197 2993 5836 2 89
91 0 4201 2865 5796 14 15
92 0 4205 2853 5776 18 91
93 0 4213 2861 5760 12.4222 92
94 0 4241 2881 5728 18 93
95 0 4253 2901 5728 14 94
96 0 4025 3121 5744 6 8
97 0 4025 3137 5756 6 96
98 0 4025 3145 5764 6.94427 97
99 0 4029 3145 5776 10 98
100 0 4037 3149 5784 6.94427 99
