# Generated by NeuTu (https://github.com/janelia-flyem/NeuTu)
1 0 4340 2491 5718 9.31371 -1
2 0 4328 2503 5726 6.94427 1
3 0 4312 2507 5726 6 2
4 0 4300 2507 5726 6 3
5 0 4292 2503 5726 6.94427 4
6 0 4280 2495 5706 9.31371 5
7 0 4284 2495 5690 10 6
8 0 4292 2507 5674 3.65685 7
9 0 4292 2511 5670 3.65685 8
10 0 4292 2519 5662 6 9
11 0 4296 2527 5654 6 10
12 0 4304 2531 5646 6 11
13 0 4312 2543 5634 6.94427 12
14 0 4324 2555 5626 6 13
15 0 4328 2559 5630 3.65685 14
16 0 4336 2567 5630 6.94427 15
17 0 4340 2583 5634 6.94427 16
18 0 4340 2603 5642 6.94427 17
19 0 4344 2615 5650 6.94427 18
