# Generated by NeuTu (https://github.com/janelia-flyem/NeuTu)
1 0 4025 2767 5663 2 -1
2 0 4029 2771 5663 3.65685 1
3 0 4033 2779 5663 6 2
4 0 4041 2795 5667 6.94427 3
5 0 4049 2815 5671 6.94427 4
6 0 4049 2827 5679 9.31371 5
7 0 4049 2839 5683 6 6
8 0 4049 2851 5683 6.94427 7
9 0 4077 2859 5687 15.8885 8
10 0 4089 2871 5675 9.31371 9
11 0 4097 2879 5667 10.6491 10
12 0 4101 2891 5667 6 11
13 0 4101 2907 5663 6 12
14 0 4101 2923 5659 6.94427 13
15 0 4109 2931 5655 6.94427 14
16 0 4109 2947 5651 6 15
17 0 4109 2955 5651 6 16
18 0 4109 2963 5651 3.65685 17
19 0 4105 2971 5651 6 18
20 0 4105 2987 5647 6.94427 19
21 0 4109 3003 5647 3.65685 20
22 0 4113 3007 5647 3.65685 21
23 0 4117 3015 5647 6.94427 22
24 0 4125 3023 5651 3.65685 23
25 0 4133 3027 5655 6.94427 24
26 0 4141 3035 5659 6 25
27 0 4141 3047 5659 6.94427 26
28 0 4133 3051 5659 6 27
29 0 4125 3047 5659 6 28
30 0 4117 3051 5651 6 29
31 0 4109 3055 5651 6.94427 30
32 0 4097 3071 5639 6 31
33 0 4097 3079 5635 6 32
34 0 4093 3087 5631 9.31371 33
35 0 4097 3103 5631 6 34
36 0 4101 3119 5631 6 35
37 0 4105 3123 5635 6 36
38 0 4109 2863 5659 6 11
39 0 4125 2863 5659 6 38
40 0 4141 2859 5647 6 39
41 0 4149 2863 5647 3.65685 40
42 0 4157 2867 5643 6 41
43 0 4173 2875 5643 6.94427 42
44 0 4181 2883 5651 9.31371 43
45 0 4181 2895 5647 6.94427 44
