# Generated by NeuTu (https://github.com/janelia-flyem/NeuTu)
1 0 4470 2637 5779 2 -1
2 0 4470 2641 5783 2 1
3 0 4470 2641 5787 2 2
4 0 4466 2645 5791 6 3
5 0 4466 2649 5807 6 4
6 0 4466 2653 5823 6 5
7 0 4462 2649 5839 6.94427 6
8 0 4458 2645 5855 6.94427 7
9 0 4434 2645 5871 9.31371 8
10 0 4422 2641 5867 6 9
11 0 4406 2641 5867 6 10
12 0 4398 2645 5867 6 11
13 0 4390 2649 5875 3.65685 12
14 0 4382 2649 5883 6 13
15 0 4370 2653 5891 6.94427 14
16 0 4366 2661 5899 6 15
17 0 4362 2665 5903 3.65685 16
18 0 4354 2673 5911 6.94427 17
19 0 4338 2673 5923 6 18
20 0 4330 2673 5923 6 19
21 0 4326 2677 5927 3.65685 20
22 0 4322 2677 5927 2 21
