# Generated by NeuTu (https://github.com/janelia-flyem/NeuTu)
1 0 4383 2560 6131 2 -1
2 0 4383 2556 6127 3.65685 1
3 0 4383 2548 6119 10 2
4 0 4359 2524 6087 15.8885 3
5 0 4351 2512 6055 6.94427 4
6 0 4343 2512 6035 6 5
7 0 4339 2516 6019 6 6
8 0 4339 2520 6003 6.94427 7
9 0 4347 2528 5983 6 8
10 0 4355 2536 5975 6.94427 9
11 0 4383 2548 5959 10 10
12 0 4399 2564 5939 10 11
13 0 4407 2568 5931 6.94427 12
14 0 4423 2584 5919 6.94427 13
15 0 4427 2592 5911 6 14
16 0 4423 2596 5899 6 15
17 0 4407 2596 5883 6 16
