# Generated by NeuTu (https://github.com/janelia-flyem/NeuTu)
1 0 4265 2472 5913 2 -1
2 0 4265 2472 5917 2 1
3 0 4261 2472 5921 3.65685 2
4 0 4261 2468 5933 10 3
5 0 4261 2440 5945 10 4
6 0 4265 2424 5961 9.31371 5
7 0 4261 2412 5965 6.94427 6
8 0 4261 2408 5973 3.65685 7
9 0 4257 2400 5981 6.94427 8
10 0 4253 2384 5981 6 9
11 0 4257 2372 5981 10 10
12 0 4269 2368 5981 6 11
13 0 4277 2364 5977 6 12
14 0 4277 2352 5977 6 13
15 0 4277 2344 5973 6 14
16 0 4277 2336 5969 3.65685 15
17 0 4273 2332 5969 2 16
