# Generated by NeuTu (https://github.com/janelia-flyem/NeuTu)
1 0 4116 2934 5785 2 -1
2 0 4116 2930 5785 3.65685 1
3 0 4120 2922 5777 9.31371 2
4 0 4140 2914 5773 12.4222 3
5 0 4152 2914 5765 6.94427 4
6 0 4164 2918 5761 6 5
7 0 4172 2918 5761 6 6
8 0 4188 2918 5745 6 7
9 0 4204 2926 5729 6 8
10 0 4212 2926 5729 6 9
11 0 4224 2930 5721 10.6491 10
12 0 4228 2930 5709 6.94427 11
13 0 4224 2930 5693 6 12
14 0 4224 2930 5677 6 13
15 0 4224 2930 5661 6 14
16 0 4220 2934 5653 6.94427 15
17 0 4212 2934 5641 12.4222 16
18 0 4196 2950 5629 6.94427 17
19 0 4188 2966 5617 6 18
20 0 4180 2978 5609 6 19
21 0 4176 2982 5605 3.65685 20
22 0 4176 2986 5601 3.65685 21
23 0 4172 2990 5597 3.65685 22
24 0 4172 2994 5593 3.65685 23
25 0 4164 3002 5585 9.31371 24
26 0 4156 3010 5589 9.31371 25
27 0 4148 3014 5593 6 26
28 0 4132 3014 5597 6 27
29 0 4116 3010 5597 6 28
30 0 4108 3010 5597 6 29
31 0 4092 2994 5601 6 30
32 0 4084 2990 5605 6 31
33 0 4084 2986 5621 6 32
34 0 4080 2978 5633 6 33
35 0 4076 2970 5633 6 34
36 0 4072 2966 5637 3.65685 35
37 0 4068 2954 5641 6 36
38 0 4060 2942 5645 6 37
