# Generated by NeuTu (https://github.com/janelia-flyem/NeuTu)
1 0 4057 2900 5892 6 -1
2 0 4057 2892 5880 10 1
3 0 4053 2888 5868 9.31371 2
4 0 4045 2896 5856 6 3
5 0 4041 2908 5844 6 4
6 0 4037 2920 5840 9.31371 5
7 0 4029 2940 5836 6 6
8 0 4029 2956 5836 6 7
9 0 4029 2964 5836 6 8
10 0 4029 2976 5836 10.6491 9
11 0 4041 2992 5840 14.9706 10
12 0 4045 3008 5848 6.94427 11
13 0 4053 3016 5852 9.31371 12
14 0 4065 3036 5860 6.94427 13
15 0 4073 3048 5864 6 14
16 0 4077 3052 5868 6 15
17 0 4089 3072 5868 6.94427 16
18 0 4097 3100 5876 12.4222 17
19 0 4105 3124 5880 6 18
20 0 4105 3132 5880 6.94427 19
21 0 4113 3140 5888 6 20
22 0 4121 3148 5892 6 21
