# Generated by NeuTu (https://github.com/janelia-flyem/NeuTu)
1 0 4464 3189 5845 6 -1
2 0 4456 3173 5841 6.94427 1
3 0 4448 3165 5845 3.65685 2
4 0 4432 3165 5853 6.94427 3
5 0 4428 3165 5861 6.94427 4
6 0 4420 3157 5865 6 5
7 0 4404 3157 5865 6 6
8 0 4392 3169 5861 6.94427 7
9 0 4392 3185 5873 6 8
10 0 4392 3201 5881 6.94427 9
11 0 4392 3213 5885 9.31371 10
12 0 4380 3221 5893 6.94427 11
13 0 4368 3229 5897 6 12
14 0 4356 3233 5897 9.31371 13
15 0 4344 3241 5901 3.65685 14
16 0 4340 3241 5905 2 15
