# Generated by NeuTu (https://github.com/janelia-flyem/NeuTu)
1 0 3571 2361 2370 10 -1
2 0 3571 2353 2378 6.94427 1
3 0 3563 2341 2382 6 2
4 0 3559 2333 2386 3.65685 3
5 0 3559 2317 2390 6.94427 4
6 0 3551 2309 2398 6 5
7 0 3539 2297 2402 6 6
8 0 3531 2297 2410 6.94427 7
9 0 3531 2305 2418 6.94427 8
10 0 3527 2313 2422 3.65685 9
11 0 3515 2325 2438 9.31371 10
12 0 3499 2321 2446 6.94427 11
13 0 3483 2329 2454 6 12
14 0 3475 2329 2454 6 13
15 0 3467 2333 2462 9.31371 14
16 0 3455 2345 2462 6.94427 15
17 0 3435 2357 2462 6.94427 16
18 0 3419 2361 2462 6 17
19 0 3403 2369 2466 6 18
20 0 3387 2365 2470 6 19
21 0 3471 2313 2482 6 15
22 0 3475 2309 2494 6 21
23 0 3463 2313 2514 10 22
24 0 3455 2321 2510 6.94427 23
25 0 3447 2321 2510 2 24
26 0 3443 2321 2510 2 25
