# Generated by NeuTu (https://github.com/janelia-flyem/NeuTu)
1 0 1923 2518 6298 2 -1
2 0 1927 2518 6298 2 1
3 0 1931 2518 6298 3.65685 2
4 0 1939 2530 6298 9.31371 3
5 0 1939 2542 6298 6.94427 4
6 0 1923 2566 6294 10 5
7 0 1927 2582 6278 9.31371 6
8 0 1931 2594 6254 10.6491 7
9 0 1931 2590 6238 6 8
10 0 1935 2586 6214 9.31371 9
11 0 1935 2590 6202 10 10
12 0 1935 2598 6194 6 11
13 0 1931 2602 6178 6 12
14 0 1931 2606 6166 6 13
15 0 1927 2606 6150 10 14
16 0 1939 2626 6130 6 15
17 0 1943 2626 6122 3.65685 16
18 0 1951 2634 6118 9.31371 17
19 0 1959 2642 6118 6 18
20 0 1967 2654 6110 10 19
21 0 1979 2650 6110 6 20
22 0 1995 2650 6110 6 21
