# Generated by NeuTu (https://github.com/janelia-flyem/NeuTu)
1 0 1978 2486 6366 6 -1
2 0 1978 2490 6382 6 1
3 0 1978 2494 6394 6 2
4 0 1974 2498 6410 6 3
5 0 1970 2498 6418 6 4
6 0 1970 2498 6430 9.31371 5
7 0 1978 2506 6438 6.94427 6
8 0 1978 2518 6450 6 7
9 0 1974 2526 6458 6.94427 8
10 0 1962 2530 6474 6 9
11 0 1950 2530 6486 6 10
12 0 1946 2538 6494 6 11
13 0 1946 2550 6510 6 12
14 0 1942 2554 6526 6 13
15 0 1938 2562 6538 6 14
16 0 1938 2566 6546 2 15
17 0 1938 2570 6554 6 16
18 0 1938 2578 6562 6 17
19 0 1938 2594 6562 6 18
20 0 1938 2602 6562 6 19
21 0 1922 2618 6574 6 20
22 0 1918 2622 6578 6 21
23 0 1918 2622 6594 6 22
24 0 1914 2622 6610 6.94427 23
25 0 1914 2626 6618 6 24
26 0 1910 2626 6626 3.65685 25
27 0 1910 2630 6642 6.94427 26
28 0 1914 2630 6658 6 27
29 0 1922 2618 6674 6 28
30 0 1926 2602 6690 6 29
31 0 1934 2594 6698 6 30
32 0 1942 2590 6706 6 31
33 0 1954 2586 6710 6 32
34 0 1962 2578 6718 6.94427 33
35 0 1974 2566 6722 10 34
36 0 1990 2550 6718 6 35
37 0 2002 2538 6706 6.94427 36
38 0 2018 2522 6690 6.94427 37
39 0 2034 2518 6674 6 38
40 0 2050 2514 6662 6.94427 39
41 0 2062 2506 6650 6.94427 40
42 0 2062 2490 6646 3.65685 41
43 0 2062 2486 6646 2 42
