# Generated by NeuTu (https://github.com/janelia-flyem/NeuTu)
1 0 1923 2285 6753 2 -1
2 0 1923 2289 6749 3.65685 1
3 0 1919 2293 6741 9.31371 2
4 0 1927 2305 6721 12.4222 3
5 0 1931 2289 6697 6 4
6 0 1931 2273 6677 9.31371 5
7 0 1931 2273 6661 6 6
8 0 1935 2269 6649 6 7
9 0 1935 2269 6641 6 8
10 0 1935 2261 6621 18 9
11 0 1946.13 2264.18 6589.05 25.7704 10
12 0 1963 2269 6577 30.9848 11
13 0 1971 2297 6565 12.4222 12
14 0 1975 2317 6561 10 13
15 0 1967 2329 6557 6.94427 14
16 0 1951 2345 6541 14 15
17 2 1947.3 2359.79 6526.21 14 16
18 0 1939 2369 6505 10 17
19 0 1935 2373 6481 9.31371 18
20 0 1919 2369 6465 6 19
21 0 1903 2361 6449 6.94427 20
22 0 1899 2353 6441 6.94427 21
23 0 1955 2381 6541 6.94427 17
24 0 1959 2389 6545 6 23
25 0 1967 2397 6545 3.65685 24
26 0 1971 2401 6545 2 25
27 0 1979 2233 6601 14 12
28 0 1995 2205 6621 6.94427 27
29 0 2003 2197 6629 6 28
30 0 2011 2193 6633 2 29
31 0 2015 2193 6633 2 30
32 0 1935 2289 6549 14.4924 11
33 0 1931 2281 6533 10.6491 32
34 0 1919 2257 6517 23.2982 33
35 0 1907 2245 6501 14 34
