# Generated by NeuTu (https://github.com/janelia-flyem/NeuTu)
1 0 2391 2865 6172 2 -1
2 0 2391 2869 6172 2 1
3 0 2387 2873 6168 6 2
4 0 2383 2885 6156 6 3
5 0 2379 2889 6148 6 4
6 0 2375 2889 6136 3.65685 5
7 0 2375 2889 6128 3.65685 6
8 0 2371 2885 6124 6 7
9 0 2371 2885 6108 6 8
10 0 2371 2893 6092 6 9
11 0 2375 2893 6080 9.31371 10
12 0 2371 2897 6060 6.94427 11
13 0 2375 2901 6044 6.94427 12
14 0 2375 2925 6024 9.31371 13
15 0 2379 2937 6024 3.65685 14
16 0 2383 2941 6024 3.65685 15
17 0 2391 2949 6024 6 16
18 0 2395 2957 6024 6.94427 17
19 0 2403 2961 6036 6 18
20 0 2383 2873 6088 10 11
21 0 2391 2869 6104 6 20
22 0 2395 2865 6116 10.6491 21
23 0 2403 2861 6124 6 22
