# Generated by NeuTu (https://github.com/janelia-flyem/NeuTu)
1 0 1895 3073 6299 6 -1
2 0 1899 3061 6299 10 1
3 0 1895 3045 6303 6 2
4 0 1895 3037 6303 6 3
5 0 1899 3029 6311 6 4
6 0 1903 3025 6315 3.65685 5
7 0 1907 3021 6319 6 6
8 0 1915 3009 6327 6.94427 7
9 0 1927 3001 6327 6 8
10 0 1935 2993 6327 3.65685 9
11 0 1943 2989 6331 6.94427 10
12 0 1959 2981 6339 6.94427 11
13 0 1967 2973 6347 10 12
14 0 1987 2973 6359 3.65685 13
15 0 1991 2973 6363 2 14
16 0 1999 2973 6367 6 15
17 0 2011 2969 6379 6 16
18 0 2023 2961 6391 3.65685 17
19 0 2035 2949 6399 9.31371 18
20 0 2052.41 2953 6416.41 4.07107 19
21 0 2059 2953 6423 6 20
22 0 2075 2953 6435 6 21
23 0 2079 2953 6447 2 22
24 0 2083 2957 6451 2 23
25 0 2083 2961 6455 2 24
26 0 2043 2957 6427 6 20
27 0 2035 2961 6431 3.65685 26
28 0 2027 2961 6435 6 27
29 0 2019 2965 6435 6 28
