# Generated by NeuTu (https://github.com/janelia-flyem/NeuTu)
1 0 1954 2944 6319 6 -1
2 0 1970 2932 6323 6 1
3 0 1986 2928 6327 6.94427 2
4 0 1998.89 2915.56 6339.89 10.6491 3
5 0 2026 2908 6359 6.94427 4
6 0 2034 2900 6367 9.31371 5
7 0 2054 2904 6379 9.31371 6
8 0 2062 2908 6383 6 7
9 0 2074 2912 6387 6.94427 8
10 0 2090 2916 6399 6 9
11 0 2098 2924 6407 6 10
12 0 2114 2932 6419 6 11
13 0 2134 2940 6415 6.94427 12
14 0 2146 2940 6415 2 13
15 0 1978 2904 6347 6 4
16 0 1962 2904 6347 6.94427 15
17 0 1942 2904 6343 6 16
