# Generated by NeuTu (https://github.com/janelia-flyem/NeuTu)
1 0 2249 3056 6409 2 -1
2 0 2245 3056 6409 2 1
3 0 2241 3056 6409 3.65685 2
4 0 2237 3052 6405 3.65685 3
5 0 2229 3056 6397 6.94427 4
6 0 2221 3056 6389 9.31371 5
7 0 2213 3052 6385 6 6
8 0 2201 3048 6385 6 7
9 0 2197 3044 6381 6 8
10 0 2189 3044 6381 6 9
11 0 2173 3048 6373 14.9706 10
12 0 2173 3064 6365 6.94427 11
13 0 2181 3076 6365 6 12
14 0 2189 3088 6361 6 13
15 0 2193 3096 6361 6.94427 14
16 0 2201 3116 6373 6.94427 15
17 0 2205 3132 6373 10 16
18 0 2209 3152 6361 6 17
19 0 2157 3024 6385 14 11
20 0 2157 3008 6393 6.94427 19
