# Generated by NeuTu (https://github.com/janelia-flyem/NeuTu)
1 0 1925 3308 6036 6 -1
2 0 1937 3308 6048 9.31371 1
3 0 1957 3308 6068 9.31371 2
4 0 1965 3312 6076 6 3
5 0 1977 3320 6084 6 4
6 0 1985 3324 6084 6 5
7 0 1997 3328 6092 6.94427 6
8 2 2007.09 3334.73 6102.09 6.94427 7
9 0 2025 3340 6108 6 8
10 0 2029 3348 6108 3.65685 9
11 0 2037 3356 6112 6.94427 10
12 0 2045 3360 6120 6 11
13 0 2049 3364 6124 3.65685 12
14 0 2045 3364 6136 6 13
15 0 2045 3364 6152 6 14
16 0 2045 3360 6164 9.31371 15
17 0 2045 3352 6176 6 16
18 0 2005 3340 6080 6.94427 8
19 0 2009 3344 6072 3.65685 18
20 0 2009 3348 6064 3.65685 19
21 0 2013 3352 6060 6 20
22 0 2013 3352 6052 3.65685 21
23 0 2013 3356 6044 6 22
24 0 1921 3352 6020 2 1
25 0 1917 3352 6020 2 24
26 0 1909 3356 6008 2 25
27 0 1913 3356 6004 2 26
28 0 1917 3356 6004 2 27
29 0 1921 3352 6000 3.65685 28
30 0 1925 3352 6000 2 29
31 0 1929 3352 6000 2 30
