# Generated by NeuTu (https://github.com/janelia-flyem/NeuTu)
1 0 2007 3460 6473 9.31371 -1
2 0 2027 3480 6469 18 1
3 0 2039 3488 6505 18.3961 2
4 0 2051 3484 6545 14 3
5 0 2051 3432 6553 35.9473 4
6 0 2039 3412 6509 23.6125 5
7 0 2019 3404 6497 12.4222 6
8 0 2019 3404 6477 10.6491 7
9 0 2027 3400 6469 10 8
10 0 2054.08 3391.28 6461 11.4285 9
11 2 2082.68 3356.53 6468.79 21.144 10
12 0 2109 3296 6545 33.0211 11
13 0 2123.74 3274.42 6569.74 27.0224 12
14 2 2136.68 3270.11 6582.68 20.9582 13
15 0 2163 3268 6593 10 14
16 0 2187 3264 6609 14 15
17 0 2199 3264 6617 10 16
18 0 2223 3260 6621 10.6491 17
19 0 2248.88 3250.12 6635.82 10.1527 18
20 0 2255 3244 6645 10.6491 19
21 0 2275 3248 6673 14 20
22 0 2283 3252 6689 18 21
23 0 2291 3260 6705 14.9706 22
24 0 2307 3272 6721 21.3238 23
25 2 2335.36 3300.36 6728.09 16.0092 24
26 0 2354.67 3317.47 6737.73 12.4222 25
27 0 2373.21 3324.74 6738.79 11.976 26
28 0 2383 3328 6729 10 27
29 0 2399 3328 6725 12.4222 28
30 2 2412.14 3315.43 6710.71 14.2605 29
31 2 2416.14 3313.43 6702.71 11.7752 30
32 0 2419 3312 6681 10 31
33 0 2431 3304 6665 19.5407 32
34 2 2469.39 3307.68 6622.94 29.6885 33
35 0 2487 3340 6601 23.6125 34
36 0 2483 3400 6581 22 35
37 0 2487 3424 6601 9.31371 36
38 0 2487 3432 6609 6 37
39 0 2487 3432 6621 6 38
40 0 2499 3276 6681 18 34
41 0 2515 3268 6697 10.6491 40
42 0 2535 3252 6713 6.94427 41
43 0 2535 3244 6717 3.65685 42
44 0 2539 3240 6717 2 43
45 0 2427 3300 6721 6.94427 31
46 0 2435 3288 6733 6.94427 45
47 0 2443 3280 6737 6.94427 46
48 0 2459 3284 6737 6.94427 47
49 0 2463 3292 6737 6 48
50 0 2471 3320 6729 14.4924 49
51 0 2427 3332 6717 9.31371 30
52 0 2443 3356 6721 9.31371 51
53 0 2451 3360 6729 9.31371 52
54 0 2459 3360 6737 6 53
55 0 2475 3360 6749 6.94427 54
56 0 2483 3356 6757 10.6491 55
57 0 2495 3356 6781 6.94427 56
58 0 2487 3348 6797 6.94427 57
59 0 2495 3344 6801 6 58
60 0 2491 3328 6753 12.4222 56
61 0 2499 3320 6745 12.4222 60
62 0 2383 3328 6765 12.4222 27
63 0 2371 3320 6801 18 62
64 2 2364 3290 6838 26.1543 63
65 2 2348.24 3293.91 6855.76 17.3634 64
66 0 2327 3304 6865 10.6491 65
67 0 2315 3300 6869 6.94427 66
68 0 2307 3292 6873 10 67
69 0 2299 3276 6857 12.4222 68
70 0 2279 3276 6845 15.8885 69
71 0 2275 3304 6829 9.31371 70
72 0 2295 3292 6893 9.31371 68
73 0 2295 3280 6905 9.31371 72
74 0 2303 3264 6921 3.65685 73
75 0 2303 3264 6925 2 74
76 0 2303 3264 6929 2 75
77 0 2359 3256 6893 21.3238 65
78 0 2351 3228 6921 6.94427 77
79 0 2347 3220 6921 6 78
80 0 2343 3216 6917 3.65685 79
81 0 2339 3208 6913 6 80
82 0 2335 3204 6905 9.31371 81
83 0 2327 3200 6897 6 82
84 0 2327 3308 6837 9.31371 64
85 0 2315 3316 6841 6.94427 84
86 0 2307 3316 6845 3.65685 85
87 0 2303 3312 6845 2 86
88 0 2351 3328 6717 6.94427 26
89 0 2343 3336 6709 6 88
90 0 2343 3344 6693 6.94427 89
91 0 2339 3356 6681 9.31371 90
92 0 2327 3368 6665 6 91
93 0 2319 3372 6657 6 92
94 0 2315 3376 6653 3.65685 93
95 0 2315 3380 6649 3.65685 94
96 0 2311 3388 6641 6 95
97 0 2307 3404 6641 9.31371 96
98 0 2307 3416 6629 14.4924 97
99 0 2295 3428 6629 9.31371 98
100 0 2279 3440 6629 9.31371 99
101 0 2271 3448 6629 10 100
102 0 2259 3448 6637 6 101
103 0 2255 3452 6641 2 102
104 0 2251 3452 6645 2 103
105 0 2331 3304 6705 6 25
106 0 2335 3308 6693 9.31371 105
107 0 2339 3312 6685 3.65685 106
108 0 2343 3320 6677 6 107
109 0 2343 3316 6669 3.65685 108
110 0 2347 3312 6665 3.65685 109
111 0 2347 3312 6661 3.65685 110
112 0 2343 3308 6657 2 111
113 0 2291.59 3232.59 6752.7 19.9684 24
114 0 2251 3240 6765 14.4924 113
115 0 2239 3244 6773 6.94427 114
116 0 2223 3244 6777 9.31371 115
117 0 2211 3240 6789 9.31371 116
118 0 2199 3248 6805 9.31371 117
119 0 2183 3244 6825 9.31371 118
120 0 2179 3232 6849 10 119
121 0 2171 3224 6869 9.31371 120
122 0 2175 3216 6877 9.31371 121
123 0 2207 3220 6789 6 117
124 0 2211 3212 6789 6 123
125 0 2227 3208 6785 6.94427 124
126 0 2295 3216 6781 20.6274 113
127 0 2275 3188 6809 10 126
128 0 2275 3180 6817 6.94427 127
129 0 2271 3168 6841 10 128
130 0 2263 3160 6857 6 129
131 0 2259 3160 6865 6 130
132 0 2303 3232 6809 6.94427 126
133 0 2299 3240 6817 6 132
134 0 2291 3252 6817 2 133
135 0 2271 3244 6625 9.31371 19
136 0 2279 3236 6609 12.4222 135
137 0 2299 3248 6585 10 136
138 0 2307 3256 6577 6.94427 137
139 0 2315 3264 6569 6.94427 138
140 0 2327 3268 6569 2 139
141 0 2179 3248 6621 6.94427 16
142 0 2171 3232 6629 9.31371 141
143 0 2159 3236 6641 9.31371 142
144 0 2151 3228 6653 3.65685 143
145 0 2147 3232 6661 6.94427 144
146 0 2151 3216 6677 6 145
147 0 2183 3220 6641 6.94427 142
148 0 2191 3212 6645 6 147
149 0 2199 3204 6653 2 148
150 2 2116.76 3254.2 6586.63 16.9959 14
151 0 2095 3228 6605 6.94427 150
152 0 2087 3220 6621 6 151
153 0 2083 3220 6629 3.65685 152
154 0 2079 3216 6629 2 153
155 0 2139 3228 6577 6.94427 150
156 0 2151 3216 6581 15.8885 155
157 0 2155 3208 6597 12.4222 156
158 0 2119 3244 6565 14 13
159 0 2119 3208 6549 6.94427 158
160 0 2127 3188 6541 14 159
161 0 2119 3176 6537 6 160
162 0 2127 3272 6493 18 12
163 0 2155.67 3259.67 6476.67 6.86558 162
164 0 2163 3256 6473 6 163
165 0 2171 3256 6465 9.31371 164
166 0 2179 3248 6465 10.6491 165
167 0 2191 3248 6457 10 166
168 0 2199 3256 6457 9.31371 167
169 0 2207 3264 6457 3.65685 168
170 0 2211 3268 6457 2 169
171 0 2155 3252 6457 6.94427 163
172 0 2159 3248 6441 9.31371 171
173 0 2159 3244 6429 3.65685 172
174 0 2155 3244 6425 2 173
175 0 2059 3352 6437 15.8885 11
176 0 2055 3352 6421 15.8885 175
177 0 2071 3408 6453 6 10
178 2 2079 3413.37 6437.1 10.1926 177
179 0 2079 3416 6417 10 178
180 0 2079 3428 6409 10.6491 179
181 0 2091 3432 6393 14.4924 180
182 0 2095 3432 6373 9.31371 181
183 0 2099 3436 6361 9.31371 182
184 0 2099 3440 6349 6 183
185 0 2083 3396 6401 6.94427 179
186 0 2087 3388 6385 6 185
187 0 2087 3384 6377 6 186
188 0 2079 3440 6437 6.94427 178
189 0 2075 3452 6437 6 188
190 0 2071 3456 6433 6 189
191 0 2071 3464 6437 2 190
192 0 2071 3468 6441 2 191
193 0 2003 3404 6461 10.6491 9
194 0 1979 3412 6445 10 193
195 0 1955 3412 6445 10 194
196 0 1927 3412 6445 14 195
197 0 1899 3412 6453 6.94427 196
198 0 2023 3432 6473 2 8
199 0 2027 3432 6473 2 198
200 0 2055 3376 6521 12.4222 6
201 0 2047 3368 6529 6.94427 200
202 0 2043 3368 6537 6 201
203 0 2039 3416 6481 2 6
204 0 2043 3416 6481 2 203
205 2 2056.48 3422.87 6578.57 29.7312 5
206 0 2071 3404 6629 12.4222 205
207 0 2043 3368 6573 18 205
208 0 2039 3348 6573 6.94427 207
