# Generated by NeuTu (https://github.com/janelia-flyem/NeuTu)
1 0 2896 3690 7055 10 -1
2 0 2872 3678 7055 22 1
3 0 2848 3666 7039 26.2843 2
4 0 2845.62 3622.86 7047.76 12.6437 3
5 0 2844 3602 7055 12.4222 4
6 0 2840 3590 7051 6 5
7 0 2836 3566 7027 14 6
8 0 2832 3558 6999 10 7
9 0 2832 3558 6975 9.31371 8
10 0 2836 3558 6955 10 9
11 0 2836 3558 6939 12.4222 10
12 0 2836 3558 6911 10.6491 11
13 0 2836 3554 6895 14.4924 12
14 0 2828 3550 6875 10.6491 13
15 0 2824 3550 6859 15.8885 14
16 0 2824 3554 6827 12.4222 15
17 0 2816 3546 6799 6.94427 16
18 0 2812 3546 6775 9.31371 17
19 0 2816 3550 6743 10 18
20 0 2824 3562 6711 10 19
21 0 2836 3574 6687 9.31371 20
22 0 2840 3582 6663 10.6491 21
23 0 2848 3594 6643 10 22
24 0 2856 3602 6619 10 23
25 0 2864 3610 6591 14 24
26 0 2876 3618 6563 12.4222 25
27 0 2880 3618 6527 14 26
28 2 2868.35 3618 6496.41 14 27
29 0 2860 3634 6463 10.6491 28
30 0 2848 3642 6443 12.4222 29
31 0 2836 3658 6419 10.6491 30
32 0 2824 3674 6395 9.31371 31
33 0 2808 3682 6375 10 32
34 0 2796 3678 6363 14 33
35 0 2796 3678 6347 12.4222 34
36 0 2776 3682 6327 10 35
37 0 2768 3682 6319 10 36
38 0 2734.06 3642.11 6269.1 28.9989 37
39 0 2688 3586 6235 20.6274 38
40 0 2680 3582 6191 18 39
41 0 2664 3578 6159 14.9706 40
42 0 2652 3570 6135 26 41
43 0 2612 3550 6107 19.5407 42
44 0 2580 3530 6075 18 43
45 0 2572 3506 6043 14 44
46 0 2564 3498 6023 14.4924 45
47 0 2560 3486 6011 9.31371 46
48 2 2548.96 3475.83 6001.7 13.1811 47
49 2 2528.72 3461.37 5993.02 30.0613 48
50 2 2525.52 3459.08 5991.65 32.734 49
51 0 2433.29 3450.28 5938.72 16.5583 50
52 0 2384 3462 5923 10 51
53 0 2352 3462 5911 10 52
54 0 2336 3462 5903 14 53
55 0 2320 3458 5895 10 54
56 0 2296 3442 5891 12.4222 55
57 2 2267.57 3418.27 5888.65 23.1449 56
58 2 2257.68 3411.2 5887.24 28.3561 57
59 0 2228 3406 5859 33.7771 58
60 0 2180 3430 5835 12.4222 59
61 0 2164 3442 5819 10 60
62 0 2156 3446 5807 10 61
63 0 2136 3446 5803 10 62
64 0 2116 3446 5795 15.8885 63
65 0 2104 3418 5791 6.94427 64
66 0 2092 3394 5791 10.6491 65
67 0 2076 3360.1 5785.03 10.8945 66
68 0 2084 3346 5779 6.94427 67
69 0 2104 3318 5783 18 68
70 2 2114.61 3266.49 5797.45 28.3181 69
71 2 2116 3226.92 5806.38 19.9977 70
72 0 2116 3202 5819 6 71
73 0 2108 3182 5839 9.31371 72
74 0 2112 3174 5847 6.94427 73
75 0 2112 3162 5859 9.31371 74
76 0 2112 3150 5879 9.31371 75
77 0 2109.82 3147.82 5909.55 10 76
78 0 2108 3126 5931 9.31371 77
79 0 2108 3110 5943 6 78
80 2 2113.05 3098.84 5958.16 10.1317 79
81 2 2115.37 3091.89 5965.11 11.9314 80
82 0 2124 3066 5983 6 81
83 0 2128 3058 5991 6 82
84 0 2124 3042 6007 6.94427 83
85 0 2120 3038 6027 9.31371 84
86 0 2116 3034 6047 6 85
87 0 2116 3034 6055 6 86
88 0 2112 3030 6059 6 87
89 0 2108 3026 6083 9.31371 88
90 0 2104 3022 6103 10 89
91 0 2104 3022 6123 18 90
92 0 2104 3006 6167 21.3238 91
93 0 2096 3006 6219 14 92
94 0 2092 2998 6251 15.8885 93
95 2 2053.12 2990 6266.84 25.68 94
96 0 2028 2998 6255 18 95
97 0 2004 2994 6227 6.94427 96
98 0 1996 2994 6219 6.94427 97
99 0 1984 2998 6203 12.4222 98
100 0 1980 3010 6195 6.94427 99
101 0 1972 3038 6191 10 100
102 0 1976 3062 6199 12.4222 101
103 0 1972 3086 6231 9.31371 102
104 0 1972 3086 6243 9.31371 103
105 0 1968 3082 6251 6 104
106 0 1964 3074 6271 10 105
107 0 1964 3074 6283 6 106
108 0 1960 3074 6295 9.31371 107
109 0 1960 3082 6307 6 108
110 0 1960 3090 6323 6 109
111 0 1964 3098 6331 6 110
112 0 1968 3110 6335 6.94427 111
113 0 1968 3118 6343 10 112
114 0 1968 3130 6359 6.94427 113
115 0 1964 3138 6367 3.65685 114
116 0 1964 3146 6375 6 115
117 0 1960 3150 6379 2 116
118 0 1956 3150 6383 2 117
119 0 1964 3106 6235 10 104
120 0 1968 3134 6219 6.94427 119
121 0 1968 3142 6211 6 120
122 0 2080 2986 6307 19.5407 95
123 0 2096 2990 6323 18 122
124 0 2088 3006 6327 6 123
125 0 2080 3018 6323 6 124
126 0 2076 3034 6307 6 125
127 0 2072 3038 6299 6 126
128 0 2068 3042 6295 3.65685 127
129 0 2064 3050 6291 6 128
130 0 2068 3054 6287 6 129
131 0 2072 3058 6283 3.65685 130
132 0 2076 3062 6287 2 131
133 0 2104 3010 6375 9.31371 123
134 0 2108 3014 6387 12.4222 133
135 0 2116 3110 5971 6 81
136 0 2112 3114 5975 3.65685 135
137 0 2108 3122 5979 6.94427 136
138 0 2088 3130 5979 6.94427 137
139 0 2072 3130 5971 6 138
140 0 2060 3134 5963 6.94427 139
141 0 2124 3094 5943 6 80
142 0 2124 3090 5935 6 141
143 0 2132 3082 5927 6.94427 142
144 0 2148 3074 5911 10 143
145 0 2160 3074 5911 6 144
146 0 2172 3078 5911 10 145
147 0 2180 3086 5911 6.94427 146
148 0 2188 3098 5915 9.31371 147
149 0 2192 3114 5907 6 148
150 0 2192 3122 5907 6 149
151 0 2196 3138 5891 6 150
152 0 2200 3142 5887 6 151
153 0 2200 3158 5887 6 152
154 0 2204 3162 5883 6 153
155 0 2204 3182 5887 6 154
156 0 2212 3198 5899 6 155
157 0 2232 3214 5919 18 156
158 0 2224 3242 5923 6.94427 157
159 0 2116 3166 5915 6.94427 77
160 0 2124 3182 5915 6.94427 159
161 0 2128 3202 5915 6 160
162 0 2128 3218 5911 6 161
163 0 2128 3234 5907 6 162
164 0 2128 3242 5907 6.94427 163
165 0 2116 3258 5907 6 164
166 0 2100 3270 5911 6.94427 165
167 0 2128 3234 5775 18 71
168 0 2112 3234 5759 12.4222 167
169 2 2084.8 3231.6 5747 12.8955 168
170 0 2052 3230 5755 10 169
171 0 2040 3226 5755 6.94427 170
172 0 2028 3218 5755 9.31371 171
173 0 2020 3214 5751 6.94427 172
174 0 2088 3234 5715 9.31371 169
175 0 2084 3242 5707 6 174
176 0 2156 3230 5775 10 167
177 0 2168 3226 5771 6.94427 176
178 0 2180 3222 5767 9.31371 177
179 0 2208 3210 5767 6 178
180 0 2228 3214 5779 6.94427 179
181 0 2236 3222 5783 3.65685 180
182 0 2240 3222 5783 2 181
183 0 2188 3222 5747 9.31371 178
184 0 2192 3226 5739 6 183
185 0 2196 3226 5731 6 184
186 0 2204 3234 5723 2 185
187 0 2208 3234 5719 2 186
188 0 2076 3282 5771 6 70
189 0 2060 3286 5771 6 188
190 0 2048 3282 5771 6 189
191 0 2032 3270 5771 6.94427 190
192 0 2024 3262 5779 6.94427 191
193 0 2012 3254 5783 2 192
194 0 2044 3354 5799 9.31371 67
195 0 2020 3346 5803 10 194
196 0 1992 3342 5827 12.4222 195
197 0 1976 3350 5851 9.31371 196
198 0 2108 3478 5787 14 64
199 0 2100 3490 5787 10 198
200 0 2084 3522 5783 12.4222 199
201 0 2064 3534 5783 12.4222 200
202 0 2008.39 3571.94 5777.32 24.9677 201
203 0 2028 3630 5795 14.4924 202
204 2 2059.62 3633.4 5797.42 24.43 203
205 2 2070.49 3631.58 5804.66 18.8674 204
206 0 2092 3626 5819 10 205
207 0 2108 3626 5827 12.4222 206
208 0 2124 3630 5851 6 207
209 2 2138.12 3630 5861.12 8.75728 208
210 0 2148 3634 5871 6 209
211 0 2156 3642 5879 6 210
212 0 2160 3650 5887 6 211
213 0 2168 3662 5899 6.94427 212
214 0 2176 3666 5903 6 213
215 0 2152 3626 5851 6 209
216 0 2168 3618 5847 10 215
217 0 2176 3622 5839 6 216
218 0 2184 3630 5835 6 217
219 0 2188 3638 5835 6 218
220 0 2072 3670 5811 10 205
221 0 2076 3686 5823 6 220
222 0 2088 3702 5831 6.94427 221
223 0 2092 3710 5835 6 222
224 0 2092 3714 5843 6 223
225 0 2092 3722 5847 2 224
226 0 2096 3726 5851 3.65685 225
227 0 2100 3730 5855 6 226
228 0 2104 3734 5859 6 227
229 0 2112 3730 5863 3.65685 228
230 0 2116 3730 5863 2 229
231 0 2084 3682 5799 6 220
232 0 2092 3682 5799 6 231
233 0 2104 3678 5787 6 232
234 0 2076 3650 5763 9.31371 204
235 0 2076 3658 5743 6 234
236 0 2076 3666 5731 6.94427 235
237 0 2084 3674 5715 9.31371 236
238 0 2096 3670 5711 2 237
239 0 2100 3666 5711 3.65685 238
240 0 2104 3666 5707 2 239
241 0 1980 3574 5807 14 202
242 0 1976 3570 5831 9.31371 241
243 0 1972 3570 5843 6 242
244 2 2236.6 3461.2 5895 7.34559 58
245 0 2224 3466 5895 6.94427 244
246 0 2208 3466 5891 14.4924 245
247 0 2200 3478 5887 9.31371 246
248 0 2248 3478 5887 6.94427 244
249 0 2252 3486 5879 9.31371 248
250 0 2252 3494 5867 6.94427 249
251 0 2244 3442 5919 14 57
252 0 2240 3458 5943 6 251
253 0 2420 3430 5935 6.94427 51
254 0 2408 3422 5935 6.94427 253
255 0 2396 3414 5935 6 254
256 0 2388 3414 5935 6 255
257 0 2380 3406 5939 6 256
258 0 2376 3398 5939 2 257
259 0 2376 3394 5939 2 258
260 0 2528 3438 6039 14.4924 50
261 0 2512 3434 6071 6 260
262 0 2504 3418 6087 10 261
263 0 2492 3402 6111 12.4222 262
264 2 2480.67 3409.33 6141.67 17.824 263
265 0 2468 3426 6147 9.31371 264
266 0 2448 3438 6143 10 265
267 0 2432 3434 6143 12.4222 266
268 0 2408 3426 6155 6 267
269 0 2392 3426 6171 6.94427 268
270 2 2386 3426 6185 6.23607 269
271 0 2376 3426 6199 9.31371 270
272 0 2360 3430 6219 10 271
273 0 2356 3446 6243 6.94427 272
274 0 2348 3454 6251 6.94427 273
275 0 2344 3450 6263 9.31371 274
276 0 2336 3446 6271 6.94427 275
277 0 2320 3446 6283 10 276
278 2 2296.97 3464.34 6310.71 20.195 277
279 0 2280 3434 6359 20.6274 278
280 2 2268.88 3452.82 6394.12 18.4802 279
281 0 2252 3474 6395 18 280
282 0 2236 3494 6395 24.8328 281
283 0 2220 3534 6391 9.31371 282
284 0 2204 3550 6391 6.94427 283
285 0 2184 3558 6387 9.31371 284
286 0 2160 3570 6379 10 285
287 0 2136 3566 6387 15.8885 286
288 0 2104 3566 6387 10 287
289 0 2088 3562 6391 12.4222 288
290 0 2084 3550 6395 10 289
291 0 2092 3530 6391 6.94427 290
292 0 2096 3512 6379 5.41421 291
293 0 2096 3506 6379 3.65685 292
294 0 2100 3498 6383 6 293
295 0 2108 3486 6391 6 294
296 0 2116 3482 6399 6 295
297 0 2128 3474 6411 6.94427 296
298 0 2128 3466 6419 6 297
299 2 2128 3455.01 6426.33 10.2587 298
300 0 2108 3430 6451 9.31371 299
301 0 2152 3466 6419 6 299
302 0 2152 3474 6423 6 301
303 0 2148 3482 6431 3.65685 302
304 0 2144 3482 6431 2 303
305 0 2096 3502 6363 6 292
306 0 2096 3498 6355 6.94427 305
307 0 2104 3494 6347 6 306
308 0 2112 3494 6339 9.31371 307
309 0 2072 3558 6371 10 289
310 0 2056 3554 6363 6.94427 309
311 0 2040 3546 6359 6.94427 310
312 0 2032 3530 6343 9.31371 311
313 0 2024 3506 6327 14 312
314 0 2016 3494 6319 9.31371 313
315 0 2008 3482 6315 9.31371 314
316 0 2012 3470 6311 2 315
317 0 2016 3466 6311 2 316
318 0 2208 3482 6403 9.31371 282
319 0 2188 3474 6403 9.31371 318
320 0 2272 3442 6427 18.3961 280
321 0 2264 3434 6459 6 320
322 0 2276 3486 6295 10.6491 278
323 0 2268 3494 6295 9.31371 322
324 0 2256 3494 6291 6 323
325 0 2240 3494 6287 6 324
326 0 2224 3482 6287 6.94427 325
327 0 2220 3470 6291 6.94427 326
328 0 2272 3486 6279 3.65685 322
329 0 2268 3486 6271 6 328
330 0 2260 3490 6255 6.94427 329
331 0 2256 3490 6247 6.94427 330
332 0 2248 3494 6239 2 331
333 0 2244 3494 6239 2 332
334 0 2380 3430 6175 3.65685 270
335 0 2372 3430 6167 6 334
336 0 2372 3434 6155 6 335
337 0 2372 3442 6143 6 336
338 0 2372 3446 6131 9.31371 337
339 0 2364 3454 6123 6 338
340 0 2494.88 3379.12 6176.73 25.4237 264
341 0 2513.18 3360.23 6187.89 21.4814 340
342 0 2540 3326 6199 12.4222 341
343 0 2556 3306 6199 18 342
344 0 2560 3286 6203 9.31371 343
345 0 2576 3270 6203 6 344
346 0 2588 3266 6195 6 345
347 0 2600 3262 6187 6 346
348 0 2616 3254 6175 6.94427 347
349 0 2632 3246 6179 6.94427 348
350 0 2644 3242 6187 6 349
351 0 2652 3242 6195 6 350
352 0 2668 3246 6203 10 351
353 0 2684 3242 6199 2 352
354 0 2528 3358 6215 6.94427 341
355 0 2528 3358 6223 6.94427 354
356 0 2536 3350 6231 3.65685 355
357 0 2540 3346 6235 3.65685 356
358 0 2540 3342 6235 2 357
359 0 2500 3350 6235 12.4222 340
360 0 2512 3334 6251 9.31371 359
361 0 2528 3322 6259 10 360
362 0 2540 3322 6255 12.4222 361
363 0 2548 3310 6259 6.94427 362
364 0 2552 3302 6263 6.94427 363
365 0 2560 3298 6271 6 364
366 0 2568 3302 6279 9.31371 365
367 0 2560 3314 6291 10 366
368 0 2560 3326 6287 6.94427 367
369 0 2528 3306 6271 3.65685 361
370 0 2528 3302 6271 2 369
371 0 2532 3294 6279 6 370
372 0 2536 3278 6283 6 371
373 0 2540 3274 6279 3.65685 372
374 0 2540 3270 6279 3.65685 373
375 0 2540 3266 6279 2 374
376 2 2556.24 3433.78 5982.08 24.0307 49
377 0 2588 3422 5963 26 376
378 0 2628 3422 5939 14 377
379 0 2648 3418 5935 18 378
380 0 2664 3434 5943 6 379
381 0 2672 3442 5951 6 380
382 0 2688 3442 5955 6 381
383 0 2696 3442 5959 6 382
384 0 2708 3430 5975 6.94427 383
385 0 2712 3426 5983 3.65685 384
386 0 2716 3422 5987 6 385
387 0 2720 3410 5999 6 386
388 0 2728 3402 6007 6 387
389 0 2664 3390 5935 12.4222 379
390 0 2680 3366 5939 6 389
391 0 2612 3402 5975 6 377
392 0 2616 3394 5979 6 391
393 0 2628 3386 5983 10.6491 392
394 0 2640 3378 5975 6 393
395 0 2588.89 3377.11 6021.22 16.7361 376
396 0 2608 3354 6043 6.94427 395
397 0 2620 3350 6051 6 396
398 0 2628 3350 6059 6.94427 397
399 0 2644 3334 6071 6 398
400 0 2644 3318 6071 6 399
401 0 2648 3302 6079 6.94427 400
402 0 2656 3294 6087 10 401
403 0 2668 3298 6087 6 402
404 0 2648 3338 6091 6 399
405 0 2660 3342 6103 6 404
406 0 2584 3358 6039 12.4222 395
407 0 2580 3346 6047 6 406
408 0 2580 3334 6047 6.94427 407
409 0 2588 3318 6055 6 408
410 0 2560 3486 5991 9.31371 48
411 0 2572 3506 5987 10 410
412 0 2584 3522 5971 9.31371 411
413 0 2596 3534 5951 6 412
414 0 2604 3538 5939 6 413
415 0 2612 3546 5931 6 414
416 0 2612 3546 5915 6.94427 415
417 0 2620 3578 5875 21.3238 416
418 2 2612.36 3599.09 5826.64 32.4942 417
419 0 2608 3602 5815 33.7771 418
420 0 2576 3610 5799 22.3311 419
421 0 2552 3634 5799 3.65685 420
422 0 2540 3638 5799 9.31371 421
423 0 2528 3646 5799 9.31371 422
424 2 2513.79 3655.1 5804.66 15.0102 423
425 2 2503.03 3660.48 5812.72 19.9348 424
426 2 2466.54 3668.69 5815 35.2741 425
427 0 2407.79 3664.08 5827.05 26.2386 426
428 0 2380 3690 5835 12.4222 427
429 0 2372 3702 5843 12.4222 428
430 0 2364 3706 5859 6 429
431 0 2372 3706 5871 9.31371 430
432 0 2380 3722 5895 6.94427 431
433 0 2380 3730 5915 6 432
434 0 2380 3738 5927 6.94427 433
435 0 2388 3738 5935 3.65685 434
436 0 2392 3738 5935 2 435
437 2 2385.68 3632.46 5841.86 16.625 427
438 0 2360 3610 5855 6 437
439 0 2352 3602 5863 9.31371 438
440 0 2328 3598 5867 9.31371 439
441 0 2328 3590 5891 9.31371 440
442 0 2336 3590 5899 9.31371 441
443 0 2344 3590 5907 6 442
444 0 2408 3642 5871 9.31371 437
445 0 2412 3638 5879 6 444
446 0 2412 3638 5887 6 445
447 0 2416 3634 5891 3.65685 446
448 0 2420 3634 5903 6 447
449 0 2424 3630 5915 10 448
450 0 2436 3630 5923 6 449
451 0 2476 3710 5827 12.4222 426
452 0 2484 3730 5843 6.94427 451
453 0 2476 3742 5847 6.94427 452
454 0 2476 3754 5859 6 453
455 0 2480 3762 5863 3.65685 454
456 0 2484 3766 5863 3.65685 455
457 0 2488 3774 5867 6 456
458 0 2504 3778 5867 6 457
459 0 2512 3778 5867 6 458
460 0 2520 3778 5867 2 459
461 0 2524 3778 5867 2 460
462 0 2528 3778 5867 2 461
463 0 2532 3778 5871 3.65685 462
464 0 2556 3774 5875 9.31371 463
465 0 2576 3770 5871 3.65685 464
466 0 2580 3770 5863 6 465
467 0 2584 3766 5859 6 466
468 0 2584 3766 5851 3.65685 467
469 0 2588 3762 5847 2 468
470 0 2520 3670 5831 6.94427 425
471 0 2528 3678 5835 3.65685 470
472 0 2532 3682 5839 3.65685 471
473 0 2536 3690 5839 6 472
474 0 2540 3694 5835 6 473
475 0 2496 3650 5783 6.94427 424
476 0 2484 3642 5771 6 475
477 0 2476 3642 5763 3.65685 476
478 0 2472 3638 5759 2 477
479 0 2556 3586 5755 22.3311 420
480 0 2536 3574 5755 14.4924 479
481 0 2520 3578 5755 6.94427 480
482 0 2504 3578 5755 6 481
483 0 2644 3566 5783 6.94427 419
484 0 2648 3570 5775 3.65685 483
485 0 2652 3570 5767 3.65685 484
486 0 2652 3570 5759 3.65685 485
487 0 2652 3570 5755 3.65685 486
488 0 2648 3574 5751 2 487
489 0 2648 3574 5747 2 488
490 0 2648 3618 5799 22 418
491 0 2660 3562 6171 6.94427 41
492 0 2660 3546 6175 6 491
493 0 2660 3530 6175 6 492
494 0 2664 3514 6179 6.94427 493
495 0 2664 3494 6183 6 494
496 0 2656 3474 6187 9.31371 495
497 0 2648 3446 6207 9.31371 496
498 0 2660 3426 6219 9.31371 497
499 0 2668 3406 6227 10 498
500 0 2672 3382 6227 10 499
501 0 2676 3370 6227 12.4222 500
502 0 2704 3354 6235 6.94427 501
503 0 2712 3354 6235 6 502
504 0 2720 3350 6239 9.31371 503
505 0 2740 3334 6247 6.94427 504
506 0 2752 3318 6251 6.94427 505
507 0 2759.7 3301.1 6254.7 9.69849 506
508 0 2756 3290 6251 6 507
509 0 2752 3286 6247 2 508
510 0 2752 3282 6239 6 509
511 0 2756 3274 6231 6 510
512 0 2760 3258 6227 6 511
513 0 2764 3250 6219 3.65685 512
514 0 2772 3242 6219 3.65685 513
515 0 2780 3238 6215 6 514
516 0 2792 3234 6211 6.94427 515
517 0 2804 3234 6195 6 516
518 0 2800 3230 6187 6 517
519 0 2784 3226 6187 6.94427 518
520 0 2776 3218 6187 6 519
521 0 2768 3218 6183 2 520
522 0 2764 3218 6183 2 521
523 0 2784 3282 6267 20.6274 507
524 0 2796 3254 6299 18 523
525 0 2796 3230 6335 12.4222 524
526 0 2732 3366 6239 3.65685 504
527 0 2740 3370 6239 3.65685 526
528 0 2748 3378 6239 6 527
529 0 2752 3390 6235 6 528
530 0 2760 3398 6243 6.94427 529
531 0 2768 3406 6251 9.31371 530
532 0 2768 3418 6255 2 531
533 0 2768 3422 6255 2 532
534 0 2680 3574 6287 18 39
535 2 2661.26 3561.89 6321.84 15.2425 534
536 0 2652 3546 6347 9.31371 535
537 0 2648 3542 6367 6.94427 536
538 0 2648 3538 6387 6.94427 537
539 0 2644 3538 6403 6.94427 538
540 0 2636 3538 6411 10 539
541 0 2632 3538 6427 10 540
542 2 2632 3542 6455 16.597 541
543 2 2632 3542 6461 17.6492 542
544 0 2646.4 3554 6483.8 21.1616 543
545 0 2656 3554 6503 23.2982 544
546 2 2659.84 3551.12 6507.8 21.1848 545
547 2 2681.79 3532.21 6526.26 10.2677 546
548 0 2692 3518 6527 6.94427 547
549 0 2692 3510 6535 6 548
550 0 2700 3502 6543 6.94427 549
551 0 2716 3486 6559 9.31371 550
552 0 2736 3466 6575 14 551
553 0 2744 3450 6575 6.94427 552
554 0 2748 3442 6575 6 553
555 0 2764 3418 6575 12.4222 554
556 2 2774.17 3397.65 6578.39 17.1512 555
557 0 2779.11 3375.78 6596.78 21.5556 556
558 0 2772 3358 6611 18 557
559 0 2760 3342 6615 9.31371 558
560 0 2744 3330 6615 9.31371 559
561 0 2716 3318 6619 9.31371 560
562 0 2704 3318 6615 6 561
563 0 2692 3318 6611 6.94427 562
564 0 2688 3318 6591 6 563
565 0 2684 3314 6583 2 564
566 0 2684 3314 6579 2 565
567 0 2792 3374 6627 14 557
568 0 2792 3390 6643 6 567
569 0 2796 3402 6659 6 568
570 0 2800 3402 6671 3.65685 569
571 0 2804 3402 6679 6 570
572 0 2800 3406 6687 6 571
573 0 2800 3406 6555 9.31371 556
574 0 2808 3418 6535 6 573
575 0 2808 3418 6527 6 574
576 0 2812 3418 6519 3.65685 575
577 0 2812 3414 6511 6 576
578 0 2804 3406 6503 2 577
579 0 2800 3406 6503 2 578
580 0 2680 3526 6543 6 547
581 0 2684 3518 6551 3.65685 580
582 0 2684 3514 6555 3.65685 581
583 0 2688 3510 6559 3.65685 582
584 0 2688 3510 6563 2 583
585 0 2688 3510 6567 2 584
586 0 2692 3534 6503 6.94427 546
587 0 2700 3522 6503 6 586
588 0 2700 3514 6503 6 587
589 0 2632 3566 6527 9.31371 545
590 0 2628 3574 6539 6 589
591 0 2624 3574 6547 6 590
592 0 2620 3578 6551 2 591
593 0 2620 3578 6555 2 592
594 0 2620 3578 6559 2 593
595 0 2680 3554 6483 14 544
596 0 2692 3546 6483 6.94427 595
597 0 2704 3530 6483 3.65685 596
598 0 2708 3526 6479 6 597
599 0 2660 3566 6463 18 543
600 0 2680 3566 6463 10.6491 599
601 0 2692 3566 6463 10.6491 600
602 0 2704 3550 6463 3.65685 601
603 0 2708 3546 6463 2 602
604 0 2604 3530 6471 14 542
605 0 2572 3522 6467 6.94427 604
606 0 2560 3518 6459 9.31371 605
607 0 2552 3518 6451 6 606
608 0 2536 3514 6439 6.94427 607
609 0 2524 3514 6415 10.6491 608
610 0 2524 3510 6403 12.4222 609
611 0 2516 3498 6383 6.94427 610
612 0 2516 3498 6375 6 611
613 0 2516 3490 6371 6 612
614 0 2512 3486 6359 6 613
615 0 2636 3570 6319 9.31371 535
616 0 2624 3578 6319 6 615
617 0 2600 3590 6319 9.31371 616
618 0 2592 3606 6315 6 617
619 0 2588 3614 6315 6.94427 618
620 0 2580 3622 6315 3.65685 619
621 0 2572 3626 6315 6 620
622 0 2564 3626 6315 6 621
623 0 2552 3630 6303 6.94427 622
624 0 2540 3630 6291 6 623
625 0 2524 3630 6275 6.94427 624
626 0 2520 3622 6255 9.31371 625
627 0 2520 3598 6235 6.94427 626
628 0 2524 3590 6235 6 627
629 0 2524 3582 6231 3.65685 628
630 0 2528 3574 6231 6 629
631 0 2528 3558 6243 6 630
632 0 2524 3554 6247 3.65685 631
633 0 2524 3554 6255 3.65685 632
634 0 2524 3546 6263 6 633
635 0 2528 3542 6271 3.65685 634
636 0 2532 3542 6275 2 635
637 0 2780 3654 6223 9.31371 38
638 0 2788 3654 6199 6.94427 637
639 0 2796 3662 6183 6 638
640 0 2800 3662 6167 6 639
641 0 2808 3674 6151 6 640
642 0 2808 3674 6143 6 641
643 0 2812 3682 6131 6 642
644 0 2816 3686 6127 6 643
645 0 2816 3686 6119 6 644
646 0 2828 3686 6103 6 645
647 0 2828 3686 6091 2 646
648 0 2900 3618 6495 12.4222 28
649 0 2908 3614 6479 14.4924 648
650 0 2908 3614 6463 9.31371 649
651 0 2900 3606 6451 6 650
652 0 2908 3618 6427 14.9706 651
653 0 2916 3634 6395 18 652
654 0 2932 3626 6363 9.31371 653
655 0 2936 3598 6487 9.31371 649
656 0 2944 3590 6483 6.94427 655
657 0 2944 3578 6475 2 656
658 0 2840 3638 7067 12.4222 4
659 0 2820 3642 7055 3.65685 658
660 0 2816 3642 7055 2 659
