# Generated by NeuTu (https://github.com/janelia-flyem/NeuTu)
1 0 2356 3470 6183 9.31371 -1
2 0 2360 3466 6191 6 1
3 0 2360 3470 6199 6 2
4 0 2364 3474 6203 3.65685 3
5 0 2364 3474 6215 9.31371 4
6 0 2364 3474 6235 10 5
7 0 2356 3478 6247 6 6
8 0 2352 3486 6255 6 7
9 0 2352 3494 6255 6 8
10 0 2352 3502 6251 3.65685 9
11 0 2348 3506 6243 6 10
12 0 2340 3514 6235 6 11
13 0 2332 3518 6223 6 12
14 0 2324 3518 6207 9.31371 13
15 0 2320 3514 6199 9.31371 14
16 0 2312 3514 6191 3.65685 15
17 0 2308 3514 6191 2 16
18 0 2348 3482 6271 9.31371 8
19 0 2344 3478 6279 6 18
20 0 2328 3482 6287 6.94427 19
21 0 2320 3486 6291 9.31371 20
22 0 2308 3494 6291 6 21
