# Generated by NeuTu (https://github.com/janelia-flyem/NeuTu)
1 0 2346 3527 6469 6 -1
2 0 2362 3535 6453 6 1
3 0 2366 3539 6449 3.65685 2
4 0 2370 3543 6445 3.65685 3
5 0 2374 3547 6441 6 4
6 0 2378 3551 6425 6 5
7 0 2386 3555 6413 6 6
8 0 2390 3555 6401 6 7
9 0 2398 3551 6385 6.94427 8
10 0 2406 3543 6377 6 9
11 0 2410 3535 6369 9.31371 10
12 0 2402 3527 6369 3.65685 11
13 0 2394 3519 6369 9.31371 12
14 0 2386 3511 6369 10 13
15 0 2370 3499 6377 6 14
16 0 2362 3499 6385 3.65685 15
17 0 2358 3495 6389 2 16
18 0 2354 3495 6397 6 17
19 0 2346 3487 6405 6 18
20 0 2342 3483 6421 6 19
21 0 2342 3475 6437 6 20
22 0 2342 3467 6453 6 21
23 0 2338 3459 6461 6 22
24 0 2334 3447 6477 6 23
25 0 2330 3447 6489 3.65685 24
26 0 2330 3447 6497 6 25
27 0 2326 3447 6513 6 26
28 0 2326 3447 6521 6 27
29 0 2322 3447 6529 3.65685 28
30 0 2318 3447 6537 6 29
31 0 2322 3447 6557 6 30
32 0 2322 3443 6565 6 31
33 0 2318 3439 6569 2 32
34 0 2314 3439 6573 2 33
