# Generated by NeuTu (https://github.com/janelia-flyem/NeuTu)
1 0 1891 3600 6464 2 -1
2 0 1891 3600 6460 2 1
3 0 1895 3604 6456 6 2
4 0 1911 3604 6444 6.94427 3
5 0 1923 3600 6436 6 4
6 0 1935 3600 6428 12.4222 5
7 0 1947 3596 6412 12.4222 6
8 0 1955 3572 6404 9.31371 7
9 0 1963 3556 6404 9.31371 8
10 0 1975 3544 6396 9.31371 9
11 0 1991 3544 6396 6 10
12 0 1999 3544 6396 6 11
13 0 2011 3540 6396 10 12
14 0 2035 3552 6404 9.31371 13
15 0 2047 3552 6412 6 14
16 0 2067 3556 6424 6.94427 15
17 0 2079 3560 6432 10 16
18 0 2091 3564 6440 6 17
19 0 2091 3564 6448 3.65685 18
20 0 2095 3560 6452 2 19
