# Generated by NeuTu (https://github.com/janelia-flyem/NeuTu)
1 0 2121 3248 6623 2 -1
2 0 2121 3252 6619 3.65685 1
3 0 2117 3256 6615 3.65685 2
4 0 2113 3260 6611 6 3
5 0 2109 3264 6607 3.65685 4
6 0 2105 3268 6603 3.65685 5
7 0 2105 3272 6599 3.65685 6
8 0 2101 3276 6591 6 7
9 0 2089 3284 6579 6 8
10 0 2085 3284 6571 6 9
11 0 2081 3288 6563 9.31371 10
12 0 2069 3296 6551 3.65685 11
13 0 2069 3296 6547 3.65685 12
14 0 2065 3300 6543 3.65685 13
15 0 2065 3300 6539 2 14
16 0 2065 3300 6531 6 15
17 0 2060.56 3300.22 6514.56 6.89181 16
18 0 2045 3304 6499 6 17
19 0 2037 3312 6491 9.31371 18
20 0 2029 3320 6483 9.31371 19
21 0 2017 3340 6479 6 20
22 0 2017 3348 6471 2 21
23 0 2017 3356 6467 6 22
24 0 2013 3368 6455 6 23
25 0 2009 3372 6447 3.65685 24
26 0 2005 3380 6443 6 25
27 0 2001 3396 6443 6.94427 26
28 0 2017 3408 6451 6.94427 27
29 0 2025 3412 6459 9.31371 28
30 0 2025 3416 6471 6.94427 29
31 0 2033 3416 6483 6 30
32 0 2049 3432 6495 6 31
33 0 2057 3432 6495 6 32
34 0 2073 3452 6483 6 33
35 0 2077 3468 6471 6 34
36 0 2081 3472 6467 3.65685 35
37 0 2077 3476 6463 2 36
38 0 1989 3400 6439 6 27
39 0 1973 3400 6431 6.94427 38
40 0 1965 3404 6431 6.94427 39
41 0 1953 3412 6427 2 40
42 0 1949 3412 6427 2 41
43 0 2025 3308 6467 3.65685 20
44 0 2021 3304 6463 6 43
45 0 2017 3300 6459 6 44
46 0 2013 3296 6455 3.65685 45
47 0 2013 3296 6451 3.65685 46
48 0 2017 3288 6443 6 47
49 0 2025 3280 6435 6 48
50 0 2025 3272 6431 6 49
51 0 2033 3260 6427 6.94427 50
52 0 2037 3248 6423 9.31371 51
53 0 2045 3236 6423 6 52
54 0 2045 3224 6423 6 53
55 0 2073 3288 6503 6 17
56 0 2077 3276 6491 6 55
57 0 2081 3272 6471 6.94427 56
58 0 2089 3264 6463 6 57
59 0 2109 3256 6455 6 58
60 0 2121 3248 6447 6 59
61 0 2129 3244 6443 2 60
62 0 2133 3244 6443 2 61
