# Generated by NeuTu (https://github.com/janelia-flyem/NeuTu)
1 0 2060 3517 6621 6.94427 -1
2 0 2072 3533 6625 6.94427 1
3 0 2080 3541 6629 3.65685 2
4 0 2088 3549 6629 6.94427 3
5 0 2100 3561 6629 6 4
6 0 2104 3565 6633 3.65685 5
7 0 2104 3569 6633 3.65685 6
8 0 2112 3577 6641 3.65685 7
9 0 2116 3585 6645 6 8
10 0 2132 3597 6661 10.6491 9
11 0 2136 3605 6669 6 10
12 0 2132 3613 6677 3.65685 11
13 0 2132 3617 6677 2 12
14 0 2132 3629 6677 6 13
15 0 2132 3637 6677 6 14
16 0 2128 3645 6669 6 15
17 0 2124 3649 6665 6 16
18 0 2128 3653 6661 3.65685 17
19 0 2132 3657 6653 6.94427 18
20 0 2136 3657 6645 6 19
21 2 2140.36 3661.36 6635.91 9.31371 20
22 0 2144 3669 6613 9.31371 21
23 0 2140 3665 6605 6 22
24 0 2140 3657 6593 6.94427 23
25 0 2140 3657 6577 6 24
26 0 2136 3661 6565 9.31371 25
27 2 2136 3661 6547 6 26
28 0 2144 3665 6521 6 27
29 0 2148 3669 6505 6.94427 28
30 0 2152 3677 6497 6.94427 29
31 0 2156 3681 6477 9.31371 30
32 0 2160 3681 6449 6.94427 31
33 0 2156 3681 6433 6 32
34 0 2152 3685 6429 6 33
35 0 2124 3677 6549 6.94427 27
36 0 2108 3689 6541 6 35
37 0 2100 3689 6537 6 36
38 0 2092 3693 6533 2 37
39 0 2088 3693 6533 2 38
40 0 2160 3649 6641 6.94427 21
41 0 2180 3649 6657 6 40
42 0 2192 3641 6661 6.94427 41
43 0 2204 3633 6653 6 42
44 0 2212 3629 6649 2 43
45 0 2216 3629 6649 2 44
46 0 2220 3629 6645 2 45
