# Generated by NeuTu (https://github.com/janelia-flyem/NeuTu)
1 0 2547 2085 6080 6 -1
2 0 2539 2089 6072 6 1
3 0 2535 2093 6056 6 2
4 0 2543 2085 6044 10 3
5 0 2539 2077 6036 2 4
6 0 2535 2073 6032 6 5
7 0 2523 2073 6028 12.4222 6
8 0 2511 2065 6028 12.4222 7
9 0 2499 2057 6032 6.94427 8
10 0 2491 2053 6040 6 9
11 0 2471 2053 6044 6.94427 10
12 0 2451 2065 6044 9.31371 11
13 0 2431 2073 6056 10 12
14 0 2423 2073 6064 6.94427 13
15 0 2403 2077 6064 6 14
16 0 2391 2077 6064 2 15
17 0 2519 2057 6048 6.94427 8
18 0 2527 2057 6060 6 17
19 2 2531 2055 6070 6 18
20 0 2531 2049 6076 6 19
21 0 2531 2049 6084 6 20
22 0 2523 2037 6096 6 21
23 0 2523 2037 6104 3.65685 22
24 0 2519 2033 6108 2 23
25 0 2547 2065 6080 2 19
26 0 2547 2069 6084 2 25
27 0 2543 2073 6092 6.94427 26
28 0 2535 2065 6108 3.65685 27
29 0 2531 2061 6112 2 28
30 0 2507 2097 6020 6 7
31 0 2487 2113 6012 9.31371 30
32 0 2535 2053 6024 6 7
33 0 2535 2037 6012 6 32
34 0 2543 2037 6004 3.65685 33
35 0 2547 2041 6000 2 34
