# Generated by NeuTu (https://github.com/janelia-flyem/NeuTu)
1 0 2409 1939 6168 6 -1
2 0 2417 1927 6152 6 1
3 0 2413 1915 6152 10 2
4 0 2421 1907 6144 6 3
5 0 2433 1903 6136 6.94427 4
6 0 2441 1903 6128 6 5
7 0 2449 1899 6116 12.4222 6
8 0 2457 1895 6096 6 7
9 0 2457 1895 6088 6 8
10 0 2465 1903 6080 6 9
11 0 2469 1907 6076 3.65685 10
12 0 2473 1907 6072 3.65685 11
13 0 2477 1899 6064 6 12
14 0 2481 1883 6064 6.94427 13
15 0 2497 1871 6068 6 14
16 0 2505 1863 6072 6.94427 15
17 0 2517 1859 6084 6.94427 16
18 0 2521 1859 6092 6 17
