# Generated by NeuTu (https://github.com/janelia-flyem/NeuTu)
1 0 2788 2001 6226 6 -1
2 0 2796 2013 6222 6 1
3 0 2800 2017 6218 6 2
4 0 2804 2021 6214 3.65685 3
5 0 2804 2029 6206 6 4
6 0 2804 2037 6206 6 5
7 0 2808 2049 6206 9.31371 6
8 0 2808 2069 6210 9.31371 7
9 0 2804 2089 6218 6 8
10 0 2800 2105 6230 6.94427 9
11 0 2808 2121 6246 3.65685 10
12 0 2808 2125 6250 3.65685 11
13 0 2812 2129 6254 6 12
14 0 2808 2137 6270 6.94427 13
15 0 2796 2157 6286 6 14
16 0 2792 2161 6290 3.65685 15
17 0 2784 2165 6290 6 16
18 0 2776 2173 6290 3.65685 17
19 0 2768 2181 6294 6 18
