# Generated by NeuTu (https://github.com/janelia-flyem/NeuTu)
1 0 2649 1749 6462 6 -1
2 0 2661 1761 6446 6.94427 1
3 0 2665 1773 6434 6 2
4 0 2673 1777 6418 6 3
5 0 2677 1777 6406 3.65685 4
6 0 2677 1777 6398 3.65685 5
7 0 2681 1785 6386 9.31371 6
8 0 2681 1789 6374 6 7
9 0 2681 1785 6354 3.65685 8
10 0 2681 1785 6350 3.65685 9
11 0 2677 1781 6346 6 10
12 0 2673 1781 6330 6 11
13 0 2665 1785 6314 6 12
14 0 2665 1797 6302 6 13
15 0 2661 1813 6290 6.94427 14
16 0 2661 1825 6282 6 15
17 0 2665 1837 6266 6 16
18 0 2669 1849 6254 6.94427 17
