# Generated by NeuTu (https://github.com/janelia-flyem/NeuTu)
1 0 2698 2080 6374 6.94427 -1
2 0 2702 2092 6382 6.94427 1
3 0 2710 2104 6386 9.31371 2
4 0 2714 2128 6386 6 3
5 0 2722 2136 6378 6 4
6 0 2730 2144 6370 6 5
7 0 2734 2148 6366 3.65685 6
8 0 2742 2156 6366 6 7
9 0 2742 2168 6354 6 8
10 0 2742 2172 6346 6 9
11 0 2750 2172 6338 3.65685 10
12 0 2750 2172 6330 3.65685 11
13 0 2754 2176 6326 3.65685 12
14 0 2754 2180 6318 3.65685 13
15 0 2758 2184 6314 6 14
16 0 2758 2184 6306 3.65685 15
17 0 2762 2188 6302 2 16
