# Generated by NeuTu (https://github.com/janelia-flyem/NeuTu)
1 0 2494 2122 6436 2 -1
2 0 2498 2122 6436 2 1
3 0 2502 2126 6432 3.65685 2
4 0 2506 2126 6424 6.94427 3
5 0 2514 2122 6412 9.31371 4
6 0 2514 2114 6400 9.31371 5
7 0 2522 2110 6396 9.31371 6
8 0 2538 2110 6400 6 7
9 0 2554 2110 6400 6 8
10 0 2566 2106 6404 9.31371 9
11 0 2578 2094 6396 6.94427 10
12 0 2598 2094 6384 6.94427 11
13 0 2610 2086 6376 6.94427 12
14 0 2618 2066 6372 6.94427 13
15 0 2618 2050 6364 6 14
16 0 2618 2038 6360 6.94427 15
17 0 2618 2034 6344 3.65685 16
18 0 2622 2034 6340 3.65685 17
19 0 2626 2034 6340 2 18
