# Generated by NeuTu (https://github.com/janelia-flyem/NeuTu)
1 0 3022 2605 2267 6 -1
2 0 3030 2617 2275 6 1
3 0 3046 2633 2279 10.6491 2
4 0 3046 2645 2279 6.94427 3
5 0 3046 2661 2279 10 4
6 0 3038 2669 2283 6 5
7 0 3038 2677 2287 2 6
8 0 3038 2685 2291 6 7
9 0 3050 2689 2303 6 8
10 0 3070 2685 2307 6 9
11 0 3078 2685 2315 6 10
12 0 3094 2685 2311 6 11
13 0 3102 2685 2311 6 12
14 0 3106 2689 2315 6 13
15 0 3114 2697 2315 3.65685 14
16 0 3118 2701 2315 3.65685 15
17 0 3126 2709 2315 6 16
18 0 3134 2717 2315 3.65685 17
19 0 3142 2725 2315 3.65685 18
20 0 3146 2729 2315 2 19
21 0 3150 2729 2315 2 20
22 0 3058 2681 2263 6 5
23 0 3058 2689 2255 6 22
24 0 3066 2693 2247 9.31371 23
25 0 3074 2705 2231 3.65685 24
26 0 3078 2709 2227 2 25
