# Generated by NeuTu (https://github.com/janelia-flyem/NeuTu)
1 0 2408 2034 6639 6 -1
2 0 2416 2038 6631 9.31371 1
3 0 2420 2046 6623 6 2
4 0 2416 2058 6611 6 3
5 0 2416 2066 6607 3.65685 4
6 0 2416 2070 6603 3.65685 5
7 0 2416 2078 6595 6.94427 6
8 0 2436 2074 6579 6 7
9 0 2452 2070 6567 6 8
10 0 2460 2070 6551 6.94427 9
11 0 2460 2074 6543 6 10
12 0 2456 2078 6539 3.65685 11
13 0 2456 2078 6535 3.65685 12
14 0 2452 2082 6531 3.65685 13
15 0 2452 2082 6511 6.94427 14
16 0 2448 2086 6499 6 15
17 0 2448 2094 6499 6 16
