# Generated by NeuTu (https://github.com/janelia-flyem/NeuTu)
1 0 2430 2592 3716 2 -1
2 0 2430 2596 3716 2 1
3 0 2450 2592 3696 2 1
4 0 2450 2588 3696 2 3
5 0 2450 2588 3676 2 4
6 0 2446 2592 3676 2 5
7 0 2442 2592 3676 2 6
8 0 2422 2592 3680 3.65685 7
9 0 2418 2588 3680 2 8
10 0 2414 2584 3680 2 9
11 0 2418 2580 3680 2 10
12 0 2418 2572 3680 2 11
13 0 2418 2568 3676 2 12
14 0 2410 2556 3680 2 13
15 0 2406 2552 3676 2 14
16 0 2398 2552 3680 2 15
17 0 2398 2548 3680 2 16
18 0 2394 2556 3676 2 16
19 0 2394 2560 3676 2 18
20 0 2370 2576 3696 2 19
21 0 2366 2576 3696 3.65685 20
22 0 2362 2572 3696 3.65685 21
23 0 2358 2572 3696 2 22
24 0 2402 2596 3684 2 10
25 0 2402 2600 3684 2 24
26 0 2422 2596 3676 2 8
27 0 2422 2600 3676 2 26
28 0 2474 2628 3684 9.31371 3
29 0 2478 2624 3676 6 28
30 0 2474 2644 3708 12.4222 28
31 2 2496.81 2631.82 3786.78 47.5854 30
32 0 2486 2612 3812 58 31
33 2 2493.47 2607.85 3826.12 56.8387 32
34 2 2495.39 2606.78 3829.73 56.5413 33
35 2 2508.15 2599.7 3853.83 54.5586 34
36 2 2518.54 2593.92 3873.46 52.9441 35
37 0 2522 2592 3880 52.4059 36
38 2 2521.74 2591.91 3880.36 52.5747 37
39 2 2517.83 2590.61 3885.84 55.1073 38
40 2 2511.84 2588.61 3894.22 58.9906 39
41 2 2480.06 2578.02 3938.71 79.589 40
42 2 2477.89 2577.3 3941.75 80.996 41
43 2 2495.56 2551.19 3933.02 56.3401 42
44 2 2464.34 2572.78 3960.72 89.7757 43
45 0 2462 2572 3964 91.2952 44
46 2 2445.54 2558.63 3974.29 82.1393 45
47 2 2431.04 2546.84 3983.35 74.0685 46
48 2 2425.79 2542.58 3986.63 71.1522 47
49 2 2408.54 2528.57 3997.41 61.5554 48
50 2 2340.27 2487.93 4020.04 59.3262 49
51 2 2333.22 2484.01 4022 59.7707 50
52 0 2326 2480 4024 60.2254 51
53 2 2295.27 2439.02 4064.98 46.9273 52
54 2 2288.55 2430.07 4073.69 43.3581 53
55 0 2266 2400 4100 23.2982 54
56 0 2254 2352 4104 14 55
57 0 2242 2344 4108 3.65685 56
58 0 2238 2344 4108 2 57
59 0 2342 2444 4104 18 54
60 0 2362 2464 4056 37.598 53
61 0 2382 2432 4048 14.9706 60
62 0 2378 2416 4044 3.65685 61
63 0 2378 2412 4044 2 62
64 2 2282.8 2516 4002.4 25.8225 52
65 0 2262 2536 4008 6 64
66 0 2266 2540 4020 6.94427 65
67 0 2266 2548 4032 2 66
68 0 2274 2524 3972 12.4222 64
69 0 2274 2536 3956 10 68
70 0 2334 2516 3964 20.6274 51
71 0 2342 2532 3944 18 70
72 0 2318 2532 3936 19.5407 71
73 0 2298 2528 3940 9.31371 72
74 0 2362 2524 4064 30.9848 50
75 0 2358 2528 4096 14.4924 74
76 2 2442.95 2487.15 4024.43 58.6377 49
77 2 2452.42 2467.31 4037.77 55.1503 76
78 0 2453.56 2368.22 4055.78 35.7766 77
79 0 2526 2348 4056 14.4924 78
80 0 2538 2352 4040 6.94427 79
81 0 2542 2352 4032 6 80
82 0 2546 2348 4028 2 81
83 0 2550 2348 4028 2 82
84 2 2502.17 2438.4 4032.25 36.3256 77
85 0 2522 2408 4048 20.6274 84
86 0 2542 2444 3996 26.8444 84
87 0 2566 2464 3996 3.65685 86
88 0 2570 2464 3996 2 87
89 0 2410 2468 4096 39.1825 76
90 0 2386 2412 4080 14 89
91 0 2490 2432 3984 48.9117 76
92 0 2502 2388 3964 9.31371 91
93 0 2510 2388 3956 6.94427 92
94 2 2484.55 2508.27 4105.52 48.4211 48
95 0 2478 2444 4124 24.8328 94
96 0 2470 2412 4124 32.176 95
97 0 2510 2384 4140 6 96
98 0 2490 2428 4148 2 96
99 0 2494 2424 4144 2 98
100 0 2498 2424 4148 2 99
101 0 2474 2404 4156 2 96
102 0 2478 2400 4160 2 101
103 0 2478 2412 4156 2 96
104 0 2482 2412 4156 2 103
105 0 2446 2392 4144 2 96
106 0 2442 2388 4144 2 105
107 0 2438 2404 4144 2 96
108 0 2434 2400 4144 2 107
109 0 2466 2432 4152 2 96
110 0 2470 2436 4152 2 109
111 0 2474 2440 4148 2 110
112 0 2478 2436 4152 2 111
113 0 2482 2436 4152 2 112
114 0 2486 2440 4148 2 113
115 0 2490 2436 4148 2 114
116 0 2462 2400 4164 2 96
117 0 2458 2396 4168 2 116
118 0 2462 2392 4168 2 117
119 0 2446 2384 4168 2 117
120 0 2446 2380 4164 2 119
121 0 2450 2376 4160 3.65685 120
122 0 2454 2372 4160 2 121
123 0 2566 2464 4064 26.2843 94
124 0 2562 2476 4036 6 123
125 0 2490 2456 3940 29.241 48
126 0 2514 2444 3908 14.4924 125
127 0 2514 2432 3896 6.94427 126
128 0 2506 2424 3888 6 127
129 2 2380.82 2611.29 3956 68.8688 47
130 2 2357.29 2617.18 3956 70.6756 129
131 2 2324.12 2640.47 3980 64.0364 130
132 0 2314 2628 3956 74 131
133 2 2270.12 2641.16 3977.94 80.2318 132
134 2 2266.84 2642.15 3979.58 80.6981 133
135 2 2245.34 2648.6 3990.33 83.7504 134
136 2 2238.48 2650.66 3993.76 84.7254 135
137 2 2232.1 2658.07 4001.69 81.248 136
138 0 2214 2716 4056 42 137
139 0 2238 2784 4056 12.4222 138
140 0 2162 2780 3996 22 137
141 0 2158 2808 3984 14.9706 140
142 0 2154 2820 3972 6.94427 141
143 0 2158 2824 3964 6.94427 142
144 0 2194 2744 3936 39.7612 136
145 0 2182 2808 3940 12.4222 144
146 0 2186 2816 3952 6.94427 145
147 0 2186 2816 3968 6.94427 146
148 0 2222 2768 3908 26 144
149 0 2238 2788 3916 9.31371 148
150 2 2216.45 2633.14 3979.82 73.7331 135
151 2 2176.51 2611.77 3965.28 59.8838 150
152 2 2129.88 2601.71 3960 32.5018 151
153 0 2090 2604 3964 9.31371 152
154 0 2078 2616 3968 14 153
155 0 2050 2608 3996 12.4222 154
156 0 2034 2604 4004 2 155
157 0 2102 2596 3928 14.4924 152
158 0 2078 2600 3912 15.8885 157
159 0 2082 2612 3896 12.4222 158
160 0 2198 2536 4016 19.5407 151
161 0 2210 2520 4024 14.9706 160
162 0 2214 2508 4012 6 161
163 0 2126 2568 4004 19.5407 150
164 0 2090 2560 4004 15.8885 163
165 0 2074 2596 4008 12.4222 164
166 0 2222 2608 4048 60.0967 134
167 0 2202 2520 4064 15.8885 166
168 0 2206 2504 4056 12.4222 167
169 0 2206 2492 4060 3.65685 168
170 0 2210 2488 4060 2 169
171 0 2222 2596 3912 37.3954 133
172 0 2242 2540 3928 6.94427 171
173 0 2246 2528 3924 6 172
174 0 2246 2520 3924 6.94427 173
175 0 2250 2508 3920 12.4222 174
176 0 2262 2500 3908 14 175
177 0 2266 2484 3888 6 176
178 2 2273.71 2671.17 3904.2 73.0835 132
179 2 2268.82 2676.4 3897.92 72.9724 178
180 2 2262.62 2683.05 3889.94 72.8313 179
181 2 2244.89 2685.98 3869.89 66.9984 180
182 2 2221.99 2682.46 3845.22 56.9903 181
183 0 2166 2648 3824 22 182
184 0 2142 2620 3832 6 183
185 0 2190 2748 3860 21.3238 182
186 0 2166 2760 3864 18 185
187 0 2146 2768 3864 3.65685 186
188 0 2142 2772 3860 2 187
189 0 2146 2696 3868 18 181
190 0 2138 2724 3868 10 189
191 0 2142 2736 3872 6 190
192 0 2230 2588 3896 28.4631 180
193 0 2250 2568 3888 6 192
194 0 2250 2552 3884 6 193
195 0 2250 2536 3884 6 194
196 0 2250 2524 3880 6.94427 195
197 0 2262 2604 3868 18 179
198 0 2258 2568 3864 6.94427 197
199 0 2258 2560 3860 6 198
200 0 2258 2548 3856 10 199
201 0 2258 2528 3860 6 200
202 0 2254 2524 3864 6 201
203 0 2306 2716 3816 48.5964 178
204 0 2306 2764 3824 6 203
205 0 2354 2692 4024 20.6274 131
206 0 2334 2576 3900 30 130
207 0 2350 2552 3888 10.6491 206
208 2 2375.57 2640.62 3875.34 55.0993 129
209 2 2396.68 2642.96 3842.5 57.1113 208
210 2 2388.7 2633.62 3779.55 35.8585 209
211 2 2386.35 2632.21 3772.97 32.8544 210
212 0 2386 2632 3772 32.4093 211
213 0 2354 2652 3740 30.249 212
214 0 2386 2612 3724 2 212
215 0 2386 2608 3724 2 214
216 0 2382 2668 3760 10.6491 211
217 0 2386 2688 3764 3.65685 216
218 0 2390 2692 3768 3.65685 217
219 0 2390 2696 3776 3.65685 218
220 0 2394 2700 3780 2 219
221 0 2394 2700 3784 2 220
222 0 2334 2600 3800 18 210
223 0 2322 2584 3804 12.4222 222
224 0 2338 2596 3840 21.3238 209
225 0 2378 2716 3840 30.249 208
226 0 2394 2744 3852 12.4222 225
227 0 2414 2592 3872 40.5206 129
228 0 2386 2528 3848 18 227
229 0 2386 2500 3836 6 228
230 2 2426.95 2506.64 3915.01 45.4704 46
231 0 2434 2460 3908 18 230
232 0 2422 2456 3884 14.4924 231
233 0 2366 2508 3904 22 230
234 0 2342 2508 3916 12.4222 233
235 0 2342 2500 3928 6.94427 234
236 0 2578 2556 3988 10 45
237 0 2594 2552 3988 10 236
238 0 2610 2548 3972 18 237
239 0 2630 2560 3972 2 238
240 0 2634 2560 3972 2 239
241 0 2454 2656 3900 27.1204 44
242 0 2510 2500 3900 23.2982 43
243 0 2542 2652 3972 35.7359 42
244 0 2579.45 2702.9 3977.09 43.9657 243
245 2 2596.65 2722.74 3986.35 58.5581 244
246 2 2619.65 2749.29 3998.74 78.081 245
247 2 2624.49 2753.02 3999.89 80.3636 246
248 2 2626.98 2754.04 3999.77 80.654 247
249 2 2634.59 2757.15 3999.43 81.5435 248
250 2 2688.86 2779.35 3996.96 87.8785 249
251 2 2713.38 2831.75 3998.03 56.7501 250
252 0 2710 2788 3996 90.3472 251
253 2 2715.51 2794.36 3990.91 86.4659 252
254 2 2727.78 2808.52 3979.58 77.8182 253
255 0 2762 2848 3948 53.7136 254
256 2 2761.16 2851.35 3926.24 56.2843 255
257 2 2760.56 2853.77 3910.48 58.1459 256
258 2 2758.75 2861 3863.51 63.6952 257
259 2 2758.25 2863.01 3850.45 65.2376 258
260 0 2747.6 2884.79 3807.61 54.6919 259
261 0 2770 2904 3748 27.1204 260
262 0 2794 2920 3744 12.4222 261
263 0 2806 2932 3744 14.4924 262
264 0 2798 2956 3732 6 263
265 0 2794 2968 3732 9.31371 264
266 0 2786 2976 3732 9.31371 265
267 0 2782 2984 3728 6 266
268 0 2726 2816 3784 28.4631 260
269 0 2742 2792 3776 10 268
270 0 2730 2928 3824 35.9473 259
271 0 2710 2956 3844 9.31371 270
272 0 2710 2960 3856 3.65685 271
273 0 2710 2960 3864 3.65685 272
274 0 2714 2964 3868 2 273
275 0 2786 2932 3868 28.4631 258
276 0 2778 2956 3852 12.4222 275
277 0 2766 2956 3840 3.65685 276
278 0 2766 2956 3836 2 277
279 0 2758 2832 3952 59.1882 257
280 0 2749.4 2930.72 3934.04 20.9611 256
281 0 2766 2944 3944 15.8885 280
282 0 2790 2944 3968 9.31371 281
283 0 2806 2952 3980 6.94427 282
284 0 2810 2960 3976 6 283
285 0 2814 2964 3972 2 284
286 0 2818 2964 3972 2 285
287 0 2730 2956 3948 10 280
288 0 2722 2956 3956 9.31371 287
289 0 2718 2944 3964 10 288
290 0 2734 2888 3912 46.6621 255
291 2 2753.27 2950.89 3896.38 29.4967 290
292 0 2762 2980 3876 22.3311 291
293 0 2738 2976 3848 6.94427 292
294 0 2798 2976 3884 10.6491 291
295 0 2818 2980 3888 6 294
296 2 2753.6 2791.2 3961.39 65.2811 254
297 2 2814.64 2750.26 3918.37 35.6336 296
298 0 2850 2732 3916 26.2843 297
299 0 2874 2768 3900 6 298
300 0 2846 2760 3876 23.2982 297
301 0 2858 2784 3884 6.94427 300
302 2 2764.82 2683.34 3981.85 30.7514 296
303 0 2782 2652 3972 12.4222 302
304 0 2778 2652 3944 6 303
305 0 2710 2648 4000 20.6274 302
306 0 2702 2628 3992 9.31371 305
307 0 2750 2888 4012 14.9706 254
308 0 2762 2900 4012 10 307
309 0 2774 2916 4004 14.4924 308
310 0 2774 2932 3996 9.31371 309
311 2 2806.17 2812.52 4041.04 25.0321 253
312 0 2810 2788 4052 10 311
313 0 2814 2760 4060 15.8885 312
314 0 2850 2852 4032 18 311
315 0 2866 2868 4032 6.94427 314
316 0 2866 2876 4032 3.65685 315
317 0 2870 2880 4032 2 316
318 0 2798 2800 3948 46 253
319 0 2842 2812 3932 6 318
320 0 2702 2728 3920 59.0574 252
321 2 2711.62 2760.07 3875.11 66.1115 320
322 0 2766 2752 3820 15.8885 321
323 0 2770 2760 3804 6.94427 322
324 0 2646 2688 3848 23.6125 321
325 0 2646 2664 3848 9.31371 324
326 0 2674 2644 3924 24.8328 320
327 0 2678 2612 3892 10.6491 326
328 0 2674 2596 3892 6.94427 327
329 0 2726 2912 4000 23.2982 251
330 0 2714 2952 3984 6.94427 329
331 0 2706 2956 3976 6 330
332 0 2758 2692 3904 22 251
333 0 2770 2672 3904 10 332
334 0 2770 2660 3908 6.94427 333
335 0 2678 2892 3944 46.3322 250
336 0 2690 2936 3956 10 335
337 0 2682 2940 3964 6 336
338 0 2638 2864 4032 39.1825 249
339 0 2646 2904 4032 6 338
340 2 2593.19 2816.1 3980.61 64.6549 248
341 2 2584.63 2831.83 3975.76 60.6018 340
342 2 2583.27 2834.32 3974.99 59.9593 341
343 0 2578 2844 3972 57.4643 342
344 2 2580.27 2878.04 3976.54 51.0539 343
345 0 2598 2948 3988 34.8782 344
346 2 2639.28 2974.27 3988 26.8151 345
347 0 2654 2992 3968 18.3961 346
348 0 2646 2992 3928 12.4222 347
349 0 2634 2984 3908 2 348
350 0 2634 2980 3908 2 349
351 0 2678 2964 4008 27.1204 346
352 0 2702 2976 4012 18 351
353 0 2722 2976 4020 3.65685 352
354 0 2726 2976 4020 2 353
355 2 2628.6 2884.72 3901.4 41.2894 344
356 2 2646.13 2897.24 3883.87 35.1357 355
357 0 2650 2932 3868 34 356
358 0 2650 2988 3856 12.4222 357
359 0 2666 2852 3884 12.4222 356
360 0 2662 2840 3872 12.4222 359
361 0 2678 2932 3912 26.8444 355
362 0 2690 2956 3904 6 361
363 0 2690 2960 3896 6 362
364 2 2578 2847.14 3906.05 56.5038 343
365 2 2578 2847.87 3890.76 56.281 364
366 2 2596.17 2848 3854.25 51.279 365
367 0 2626 2892 3824 30.249 366
368 0 2598 2936 3828 10 367
369 0 2538 2820 3832 23.2982 366
370 0 2518 2804 3828 6.94427 369
371 0 2514 2796 3828 6 370
372 0 2530 2792 3876 18 365
373 0 2502 2752 3880 12.4222 372
374 0 2502 2740 3888 9.31371 373
375 0 2646 2820 3884 10.6491 364
376 0 2662 2832 3900 3.65685 375
377 0 2666 2832 3904 2 376
378 0 2506 2804 3948 26 342
379 0 2486 2792 3960 6 378
380 0 2578 2924 4040 18 341
381 0 2590 2956 4044 29.241 380
382 0 2594 2988 4044 9.31371 381
383 0 2594 2816 4068 58.9262 340
384 0 2650 2812 4100 54.5685 383
385 0 2702 2836 4108 6 384
386 0 2618 2884 4080 23.2982 247
387 0 2638 2904 4072 6 386
388 0 2654 2716 4080 51.8145 246
389 0 2614 2692 4108 48.1199 388
390 0 2602 2640 4104 26.2843 389
391 0 2622 2616 4100 14 390
392 0 2650 2620 4076 9.31371 388
393 0 2650 2608 4068 6.94427 392
394 0 2650 2600 4060 2 393
395 0 2650 2600 4056 2 394
396 0 2650 2600 4052 2 395
397 2 2555.71 2746.15 4059.53 40.7073 245
398 0 2506 2752 4080 30 397
399 0 2498 2756 4112 18 398
400 0 2522 2696 4108 26 397
401 0 2510 2676 4120 6 400
402 0 2594 2772 3948 54.5685 244
403 0 2582 2740 3896 51.3667 402
404 0 2582 2664 3888 6.94427 403
405 0 2530 2632 4008 26 42
406 0 2566 2604 3988 12.4222 41
407 0 2578 2608 3992 6 406
408 0 2586 2608 3992 6 407
409 0 2598 2608 3992 2 408
410 2 2583.9 2551.74 3901.64 28.6519 40
411 2 2594.28 2537.21 3897.49 25.8397 410
412 0 2606 2544 3868 14.4924 411
413 0 2614 2556 3856 14.4924 412
414 0 2634 2588 3864 10 413
415 0 2634 2600 3864 10 414
416 0 2598 2524 3936 12.4222 411
417 0 2598 2520 3948 6.94427 416
418 0 2594 2520 3964 6 417
419 0 2626 2568 3912 19.5407 410
420 0 2642 2592 3904 10.6491 419
421 0 2654 2600 3892 9.31371 420
422 0 2650 2596 3880 6.94427 421
423 2 2488.88 2524.16 3842.8 33.8243 39
424 0 2454 2496 3832 23.6125 423
425 0 2422 2468 3848 18.3961 424
426 0 2386 2476 3848 9.31371 425
427 0 2502 2484 3856 22 423
428 0 2490 2456 3872 23.2982 427
429 0 2486 2432 3876 6 428
430 0 2486 2424 3884 6 429
431 0 2602 2604 3876 9.31371 38
432 0 2622 2608 3880 6 431
433 0 2518 2568 3816 43.2548 37
434 0 2554 2548 3796 29.241 433
435 0 2582 2564 3796 15.8885 434
436 0 2594 2592 3804 6.94427 435
437 0 2606 2596 3788 14.4924 436
438 0 2618 2592 3780 3.65685 437
439 0 2622 2592 3780 2 438
440 0 2558 2524 3844 18 36
441 0 2582 2520 3824 6.94427 440
442 0 2590 2528 3820 6 441
443 0 2594 2532 3824 3.65685 442
444 0 2598 2532 3824 2 443
445 0 2566 2596 3828 10.6491 35
446 0 2598 2604 3828 12.4222 445
447 0 2610 2620 3832 12.4222 446
448 0 2622 2624 3828 6 447
449 2 2448.49 2544.6 3814.16 39.9003 34
450 0 2442 2536 3812 37.598 449
451 0 2406 2484 3804 14 450
452 0 2394 2476 3792 6.94427 451
453 0 2386 2472 3792 6 452
454 0 2486 2476 3808 18 450
455 0 2486 2456 3796 15.8885 454
456 0 2474 2452 3784 9.31371 455
457 0 2430 2536 3764 18 449
458 0 2422 2520 3752 10.6491 457
459 0 2410 2512 3752 6.94427 458
460 0 2514 2520 3760 21.3238 33
461 0 2506 2468 3776 15.8885 460
462 0 2482 2524 3764 14.9706 32
463 0 2474 2504 3760 18 462
464 0 2466 2480 3768 14 463
465 0 2462 2468 3776 6.94427 464
466 0 2518 2668 3788 31.9411 32
467 0 2550 2712 3788 38.7922 466
468 0 2602 2672 3808 14 467
469 0 2606 2656 3808 6 468
470 0 2598 2628 3808 14.4924 469
471 0 2510 2656 3756 34.8782 31
472 0 2510 2684 3696 20.6274 471
473 0 2494 2684 3676 9.31371 472
474 0 2486 2680 3668 9.31371 473
475 0 2474 2676 3668 6 474
476 2 2526.1 2674.11 3747.95 39.2697 471
477 2 2581.86 2758.05 3787.86 63.0644 476
478 0 2590 2768 3796 66.352 477
479 0 2678 2688 3800 34.8782 478
480 0 2658 2660 3816 18 479
481 0 2642 2676 3820 9.31371 480
482 2 2636.63 2845.71 3780.46 41.8033 478
483 0 2674 2868 3780 26.2843 482
484 0 2630 2904 3784 18 482
485 2 2644.1 2792.97 3754.29 49.8955 477
486 2 2656.85 2800.13 3747.41 47.1957 485
487 2 2673.93 2809.72 3738.19 43.5822 486
488 0 2742 2904 3708 18 487
489 0 2746 2776 3728 10 487
490 0 2754 2776 3736 6.94427 489
491 0 2762 2776 3744 10.6491 490
492 0 2706 2736 3752 37.598 486
493 0 2746 2748 3752 10 492
494 0 2754 2756 3744 6.94427 493
495 0 2686 2724 3740 35.7359 485
496 0 2678 2688 3740 14.4924 495
497 0 2666 2676 3744 9.31371 496
498 0 2662 2668 3748 9.31371 497
499 0 2654 2664 3752 6 498
500 0 2534 2760 3840 18 477
501 0 2518 2768 3848 10.6491 500
502 0 2510 2776 3844 10 501
503 2 2541.01 2690.88 3740.5 43.3359 476
504 0 2582 2664 3768 15.8885 503
505 0 2602 2628 3776 12.4222 504
506 2 2558.88 2720.14 3711.86 54.3824 503
507 0 2498 2756 3736 18 506
508 0 2478 2760 3720 6.94427 507
509 0 2466 2752 3716 2 508
510 2 2565.43 2733.15 3691.39 56.5237 506
511 0 2582 2780 3652 41.0813 510
512 2 2564 2736 3670 50.5538 510
513 0 2626 2728 3660 10.6491 512
514 0 2646 2728 3672 10 513
515 2 2562.83 2738.35 3652.39 45.6396 512
516 0 2526 2696 3628 23.6125 515
517 0 2550 2716 3568 28.4631 515
518 0 2562 2748 3504 18 517
519 0 2546 2708 3480 30.9848 517
520 0 2558 2732 3424 26.8444 519
521 0 2574 2756 3364 26.2843 520
522 0 2590 2788 3296 23.6125 521
523 0 2594 2816 3236 28.4631 522
524 0 2602 2868 3176 20.6274 523
525 0 2610 2880 3156 23.2982 524
526 0 2614 2900 3116 14 525
527 0 2634 2908 3084 18 526
528 0 2638 2932 3020 21.3238 527
529 0 2654 2952 2968 21.3238 528
530 0 2674 2968 2912 24.8328 529
531 0 2686 2996 2848 34.8782 530
532 0 2706 3008 2776 32.176 531
533 0 2706 3048 2696 28.4631 532
534 0 2698 3072 2644 23.2982 533
535 0 2694 3084 2592 23.2982 534
536 0 2694 3112 2524 26 535
537 0 2682 3120 2472 19.5407 536
538 0 2670 3136 2436 18 537
539 0 2662 3152 2400 18 538
540 0 2658 3168 2356 14.9706 539
541 0 2658 3168 2336 18 540
542 0 2646 3144 2292 15.8885 541
543 0 2646 3140 2244 18 542
544 2 2652.49 3126.26 2198.03 19.2505 543
545 0 2670 3156 2188 14.4924 544
546 0 2674 3168 2176 6.94427 545
547 0 2658 3124 2164 26 544
548 0 2654 3100 2104 26 547
549 0 2638 3084 2040 28.4631 548
550 2 2638 3067.25 1996.44 29.7505 549
551 0 2626 3016 2012 22 550
552 0 2610 2984 2020 14.4924 551
553 0 2659.31 3027.06 1933.85 55.8943 550
554 0 2654 3072 1832 32.176 553
555 0 2686 3104 1816 18 554
556 0 2690 3104 1792 21.3238 555
557 0 2706 3092 1780 6 556
558 2 2676.2 3005.56 1910.82 76.3557 553
559 0 2582 2968 1964 30 558
560 0 2524.8 2984 1992.4 16.8812 559
561 0 2502 2980 1996 10.6491 560
562 0 2486 2980 1992 14 561
563 0 2470 2964 1980 14 562
564 0 2462 2956 1968 9.31371 563
565 0 2490 2976 2028 14 561
566 0 2526 2972 2020 10.6491 560
567 0 2530 2956 2024 14 566
568 2 2684.97 2994.41 1898.86 86.9798 558
569 2 2688.14 2985.85 1909.9 80.3562 568
570 2 2689.9 2981.08 1916.05 76.6653 569
571 0 2714 2916 2000 26.2843 570
572 0 2702 2900 2024 15.8885 571
573 0 2670 2896 2024 14 572
574 0 2654 2888 2028 18 573
575 0 2622 2900 2040 14 574
576 0 2610 2900 2048 14 575
577 0 2598 2888 2052 3.65685 576
578 0 2594 2884 2052 2 577
579 0 2590 2880 2052 2 578
580 2 2576.6 2935.52 1930.93 47.8262 570
581 2 2548.49 2924.22 1934.62 40.6695 580
582 0 2506 2892 1944 26.2843 581
583 0 2506 2864 1940 14.4924 582
584 0 2494 2852 1940 6 583
585 0 2494 2912 1900 34.8782 581
586 0 2430 2888 1912 10.6491 585
587 0 2410 2880 1916 3.65685 586
588 0 2406 2880 1916 2 587
589 0 2574 2852 1936 22 580
590 0 2586 2828 1940 19.5407 589
591 0 2598 2812 1932 6.94427 590
592 2 2668.36 2908.32 1850.88 56.8429 569
593 2 2655.71 2848.59 1808.68 37.9394 592
594 2 2658.34 2843.32 1809.74 35.1238 593
595 0 2670 2792 1828 10 594
596 0 2662 2784 1840 9.31371 595
597 0 2654 2780 1848 6 596
598 0 2650 2836 1772 12.4222 594
599 0 2634 2820 1756 6 598
600 0 2626 2824 1748 2 599
601 0 2626 2828 1744 2 600
602 0 2678 2836 1772 14.9706 593
603 0 2682 2816 1752 14 602
604 0 2694 2808 1744 6.94427 603
605 0 2634 2820 1868 19.5407 592
606 0 2622 2796 1848 6 605
607 0 2622 2796 1840 6 606
608 0 2618 2792 1836 6 607
609 2 2688.13 2990.38 1894.55 90.8164 568
610 0 2638 3028 1788 26 609
611 0 2634 3028 1760 14 610
612 0 2622 3036 1752 3.65685 611
613 0 2618 3036 1748 2 612
614 0 2690 2988 1892 93.0789 609
615 2 2693.28 2980.74 1892.47 91.486 614
616 2 2693.67 2979.88 1892.52 91.2986 615
617 2 2696.51 2973.58 1892.93 89.9165 616
618 2 2756.13 2851.84 1908.1 59.0218 617
619 2 2758.47 2849.04 1909.97 57.4386 618
620 0 2786 2816 1932 38.7922 619
621 2 2787.38 2812.55 1932 37.2863 620
622 0 2802 2776 1932 21.3238 621
623 0 2826 2744 1944 19.5407 622
624 0 2830 2720 1932 24.8328 623
625 0 2834 2680 1904 12.4222 624
626 0 2834 2656 1892 6.94427 625
627 0 2834 2636 1888 9.31371 626
628 0 2838 2620 1880 10 627
629 0 2794 2776 1972 22 621
630 0 2778 2764 1988 10 629
631 0 2754 2816 1964 18 620
632 0 2722 2816 1988 10 631
633 0 2702.41 2810.1 2009.69 16.1026 632
634 0 2674 2796 2028 6.94427 633
635 0 2670 2780 2036 6 634
636 0 2686 2820 1996 6 633
637 0 2674 2808 1988 14.4924 636
638 0 2670 2796 1980 9.31371 637
639 0 2846 2888 1904 14 619
640 0 2854 2888 1892 9.31371 639
641 0 2854 2880 1884 6 640
642 0 2818 2880 1864 23.6125 618
643 0 2842 2888 1864 6.94427 642
644 0 2854 2888 1864 6.94427 643
645 0 2866 2892 1864 12.4222 644
646 2 2618.48 2943.94 1885.2 75.6866 617
647 2 2572.67 2926.53 1880.66 67.3331 646
648 2 2506.56 2934.55 1849.92 35.2353 647
649 2 2495.85 2928 1858.77 40.168 648
650 2 2485.08 2928 1856.62 38.5696 649
651 2 2457.18 2929.33 1840.1 27.1829 650
652 0 2414 2928 1832 9.31371 651
653 0 2406 2932 1824 6 652
654 0 2402 2936 1816 6.94427 653
655 0 2402 2940 1800 12.4222 654
656 0 2402 2936 1788 10 655
657 0 2470 2924 1804 15.8885 651
658 0 2478 2912 1796 6 657
659 0 2458 2884 1852 21.3238 650
660 0 2446 2872 1868 9.31371 659
661 0 2438 2868 1876 6 660
662 0 2438 2868 1884 6.94427 661
663 0 2478 2972 1840 6.94427 649
664 0 2470 2980 1832 10.6491 663
665 0 2462 2976 1824 6.94427 664
666 2 2508.42 2948 1812.16 21.3238 648
667 0 2506 2948 1788 21.3238 666
668 0 2482 2948 1788 10.6491 667
669 0 2474 2956 1792 9.31371 668
670 0 2462 2960 1796 2 669
671 0 2510 2988 1812 15.8885 666
672 0 2506 3000 1824 6.94427 671
673 0 2510 2996 1840 3.65685 672
674 0 2510 2996 1844 3.65685 673
675 0 2514 2996 1848 2 674
676 0 2590 2824 1856 18.3961 647
677 0 2562 2808 1860 12.4222 676
678 0 2550 2808 1868 6.94427 677
679 2 2578.67 2875.02 1834.95 51.4488 646
680 2 2572.93 2865.08 1827.7 47.9525 679
681 2 2550.26 2852.86 1807.56 24.9897 680
682 2 2555.16 2833.29 1803.23 19.8149 681
683 0 2542 2808 1792 18 682
684 0 2542 2800 1772 9.31371 683
685 0 2546 2804 1756 9.31371 684
686 0 2554 2812 1748 6 685
687 0 2530 2824 1820 9.31371 682
688 0 2522 2816 1820 9.31371 687
689 0 2514 2804 1808 9.31371 688
690 0 2502 2792 1816 6.94427 689
691 0 2490 2788 1824 6.94427 690
692 0 2482 2788 1824 6 691
693 0 2542 2804 1836 19.5407 682
694 0 2542 2784 1836 3.65685 693
695 0 2542 2780 1836 2 694
696 0 2530 2844 1788 9.31371 681
697 0 2522 2836 1780 12.4222 696
698 0 2502 2848 1772 12.4222 697
699 0 2590 2832 1784 9.31371 680
700 0 2582 2828 1764 6.94427 699
701 0 2574 2820 1756 6.94427 700
702 0 2570 2880 1776 14.4924 679
703 0 2558 2872 1764 9.31371 702
704 0 2546 2852 1744 14.4924 703
705 0 2786 2856 1840 40.5206 616
706 2 2807.76 2851.16 1823.07 33.2321 705
707 0 2822 2848 1812 28.4631 706
708 2 2816.47 2848 1789.88 24.8933 707
709 0 2842 2844 1732 6 708
710 0 2858 2840 1776 12.4222 708
711 0 2822 2808 1804 18 707
712 0 2806 2796 1808 6.94427 711
713 0 2790 2788 1808 6.94427 712
714 0 2830 2796 1836 14 706
715 0 2782 2800 1840 12.4222 705
716 0 2774 2792 1832 9.31371 715
717 0 2762 2792 1820 10.6491 716
718 0 2770 2792 1800 9.31371 717
719 0 2774 2800 1796 2 718
720 0 2774 2804 1796 2 719
721 0 2670 2984 1756 26 615
722 0 2682 2996 1736 24.8328 721
723 0 2678 3016 1700 10.6491 722
724 0 2682 3028 1692 6.94427 723
725 0 2690 3032 1692 6 724
726 0 2806 3048 1848 29.241 614
727 0 2855.33 3069.33 1816 14.3479 726
728 0 2870 3068 1796 9.31371 727
729 0 2874 3068 1776 10.6491 728
730 0 2870 3064 1764 10.6491 729
731 0 2854 3056 1748 3.65685 730
732 0 2850 3052 1748 2 731
733 0 2874 3084 1816 12.4222 727
734 2 2951.85 3071.07 1772.1 58.0436 733
735 2 2953.83 3079.61 1772.3 58.0961 734
736 2 2954.96 3084.49 1772.41 58.1261 735
737 2 2960.93 3110.33 1773.03 58.2849 736
738 2 2966.11 3132.7 1773.56 58.4224 737
739 2 2971.36 3155.4 1774.09 58.5619 738
740 2 2971.79 3157.26 1774.14 58.5734 739
741 2 2973.72 3165.6 1774.33 58.6246 740
742 2 2978.32 3185.48 1774.8 58.7469 741
743 2 2980.31 3194.11 1775.01 58.7998 742
744 2 2981.66 3199.93 1775.15 58.8356 743
745 2 2986.12 3219.22 1775.6 58.9542 744
746 2 2990 3255.38 1774.71 52.6376 745
747 2 2990 3294.81 1772.08 39.5783 746
748 2 2986.58 3299.77 1771.66 40.1083 747
749 2 2958.11 3331.08 1768.81 47.8073 748
750 2 2955.59 3333.86 1768.56 48.4895 749
751 2 2952.07 3337.72 1768.21 49.4396 750
752 0 2898 3328 1780 30.249 751
753 2 2890.88 3329.76 1862.73 17.2301 752
754 0 2878 3320 1880 10.6491 753
755 0 2874 3312 1908 9.31371 754
756 0 2874 3300 1936 10 755
757 0 2878 3284 1956 10.6491 756
758 0 2886 3272 1980 6.94427 757
759 0 2886 3268 2004 10.6491 758
760 0 2882 3252 2032 6.94427 759
761 0 2878 3244 2040 10.6491 760
762 0 2874 3236 2056 6.94427 761
763 0 2874 3232 2076 6 762
764 0 2866 3232 2084 6.94427 763
765 0 2866 3228 2096 10 764
766 0 2858 3220 2128 10 765
767 0 2850 3208 2148 10 766
768 0 2850 3204 2160 9.31371 767
769 0 2858 3204 2172 6 768
770 0 2862 3208 2176 2 769
771 0 2862 3208 2180 2 770
772 0 2910 3316 1872 9.31371 753
773 0 2914 3308 1888 10.6491 772
774 0 2898 3296 1904 14.4924 773
775 0 2894 3284 1920 12.4222 774
776 0 2894 3280 1932 6.94427 775
777 0 2850 3316 1748 14 752
778 0 2838 3316 1740 6.94427 777
779 2 2973.1 3347.48 1761.17 42.1712 751
780 0 3018 3376 1744 26.2843 779
781 0 3034 3400 1780 6.94427 780
782 0 3026 3408 1780 3.65685 781
783 2 2963.09 3384.02 1709.61 29.8085 779
784 0 2946 3408 1684 15.8885 783
785 0 2930 3412 1684 10.6491 784
786 0 2942 3412 1720 12.4222 783
787 0 2926 3420 1736 6.94427 786
788 2 2977.15 3345.8 1787.36 38.6302 750
789 2 3005.74 3361.64 1812.29 25.5587 788
790 0 3018 3360 1840 6 789
791 0 3022 3364 1844 3.65685 790
792 0 3026 3372 1852 6 791
793 0 3026 3372 1860 6.94427 792
794 0 3042 3376 1868 6.94427 793
795 0 3050 3384 1860 6 794
796 0 3058 3392 1852 2 795
797 0 2998 3392 1844 6 789
798 0 2998 3384 1852 3.65685 797
799 0 2998 3384 1856 2 798
800 0 3002 3384 1864 6.94427 799
801 0 3006 3376 1872 3.65685 800
802 0 3006 3372 1872 2 801
803 0 2970 3412 1776 23.2982 788
804 0 2938 3428 1780 18 803
805 0 2918 3432 1772 6.94427 804
806 0 2910 3432 1764 6 805
807 0 2930 3368 1720 28.4631 750
808 0 2902 3376 1716 12.4222 807
809 0 2890 3384 1716 10.6491 808
810 0 2866 3384 1708 9.31371 809
811 0 2854 3388 1704 2 810
812 0 2886 3312 1716 18 749
813 0 2870 3312 1704 3.65685 812
814 0 2866 3316 1700 3.65685 813
815 0 2862 3316 1700 3.65685 814
816 0 2858 3320 1704 2 815
817 2 2995.46 3337.28 1712.82 38.4687 748
818 2 2996.99 3343.75 1702.67 38.1858 817
819 0 3002 3388 1696 26 818
820 0 2974 3316 1672 9.31371 818
821 0 2982 3304 1656 12.4222 820
822 2 3026.47 3326.68 1697.59 20.5795 817
823 0 3046 3320 1688 9.31371 822
824 0 3062 3316 1692 6.94427 823
825 0 3070 3316 1696 6 824
826 0 3054 3332 1720 10.6491 822
827 0 3070 3332 1720 10.6491 826
828 0 3078 3340 1724 6.94427 827
829 0 3034 3320 1748 18 747
830 0 3063.46 3339.03 1759.03 11.6434 829
831 0 3074 3332 1752 6 830
832 0 3086 3312 1740 14.4924 831
833 0 3102 3312 1740 14 832
834 0 3118 3316 1744 6 833
835 0 3086 3356 1760 10 830
836 0 3098 3364 1760 6 835
837 0 3106 3364 1760 3.65685 836
838 0 3110 3360 1760 2 837
839 0 2994 3284 1840 18 746
840 0 3010 3276 1856 6 839
841 0 3030 3276 1880 12.4222 840
842 0 3038 3284 1888 12.4222 841
843 0 3050 3292 1896 6.94427 842
844 0 3054 3300 1900 6 843
845 0 3050 3308 1900 3.65685 844
846 0 3046 3308 1900 2 845
847 0 2990 3248 1724 15.8885 745
848 0 2990 3248 1708 12.4222 847
849 0 2998 3256 1692 18.3961 848
850 0 2986 3264 1680 14 849
851 0 2986 3276 1668 6.94427 850
852 0 2978 3284 1660 3.65685 851
853 0 2974 3284 1656 2 852
854 0 2950 3252 1696 10.6491 744
855 0 2954 3260 1688 6 854
856 0 2934 3200 1704 22 743
857 0 2926 3216 1688 6 856
858 0 2962 3184 1860 9.31371 742
859 0 2958 3184 1872 6 858
860 0 2962 3184 1900 14.4924 859
861 0 2946 3168 1932 9.31371 860
862 0 2938 3164 1936 9.31371 861
863 0 2934 3160 1944 6 862
864 0 2938 3160 1960 6 863
865 2 2962 3200.8 1914.4 13.2503 860
866 0 2970 3220 1932 9.31371 865
867 0 2978 3228 1932 9.31371 866
868 0 2954 3192 1932 6.94427 865
869 0 2946 3188 1940 9.31371 868
870 0 2942 3192 1948 6 869
871 0 2938 3188 1952 3.65685 870
872 0 2934 3188 1960 3.65685 871
873 0 2930 3188 1960 2 872
874 0 2938 3220 1744 34.8782 741
875 0 2902 3216 1704 6.94427 874
876 2 3044.94 3186.67 1793.76 54.6558 740
877 2 3047.98 3187.89 1794.58 54.4929 876
878 2 3084.32 3202.5 1804.33 52.5468 877
879 2 3102.59 3208 1808.35 49.6113 878
880 2 3117.58 3208 1809.51 42.414 879
881 2 3138.38 3208 1811.11 32.426 880
882 0 3178 3216 1812 14 881
883 0 3202 3244 1804 26.2843 882
884 0 3226 3260 1796 14 883
885 0 3242 3272 1776 12.4222 884
886 0 3250 3272 1764 9.31371 885
887 0 3266 3272 1744 12.4222 886
888 0 3286 3268 1732 18 887
889 0 3302 3280 1732 15.8885 888
890 0 3306 3296 1740 6 889
891 0 3306 3304 1748 6 890
892 0 3154 3172 1828 10.6491 881
893 0 3162 3164 1828 10.6491 892
894 0 3170 3164 1836 6.94427 893
895 0 3150 3248 1804 12.4222 880
896 0 3162 3264 1816 12.4222 895
897 0 3114 3256 1844 14.4924 879
898 0 3106 3264 1872 10 897
899 0 3106 3268 1884 6 898
900 2 3094.51 3164.44 1784.32 40.7056 878
901 0 3130 3116 1760 22 900
902 0 3150 3100 1756 12.4222 901
903 0 3158 3088 1752 14 902
904 0 3154 3072 1748 9.31371 903
905 0 3150 3216 1752 18.3961 900
906 0 3170 3212 1752 9.31371 905
907 0 3178 3216 1760 10.6491 906
908 0 3190 3216 1764 6.94427 907
909 0 3094 3248 1740 10.6491 877
910 0 3102 3256 1740 9.31371 909
911 0 3114 3260 1728 9.31371 910
912 0 3126 3208 1732 21.3238 876
913 0 3146 3220 1732 18 912
914 0 3146 3240 1732 10 913
915 0 3146 3256 1736 9.31371 914
916 0 3134 3276 1748 12.4222 915
917 0 3106 3156 1828 34.2215 739
918 0 3138 3140 1828 10 917
919 0 3162 3144 1832 6.94427 918
920 0 2966 3204 1828 26 738
921 2 2983.87 3225.07 1866.67 14.0152 920
922 0 2986 3232 1892 10 921
923 0 2994 3240 1900 10 922
924 0 3014 3248 1908 19.5407 923
925 0 3026 3252 1924 9.31371 924
926 0 3026 3256 1936 6 925
927 0 3026 3256 1944 6 926
928 0 3006 3248 1860 6.94427 921
929 0 3014 3252 1864 6 928
930 0 3022 3252 1872 3.65685 929
931 0 3026 3252 1872 2 930
932 0 3094.59 3121.01 1855.58 44.8782 737
933 0 3134 3144 1872 30 932
934 0 3130 3164 1896 12.4222 933
935 0 3126 3160 1908 6.94427 934
936 0 3106 3168 1928 14.4924 935
937 0 3114 3196 1940 6 936
938 0 3114 3212 1944 6 937
939 0 3170 3152 1868 12.4222 933
940 0 3186 3144 1868 9.31371 939
941 0 3194 3140 1860 6 940
942 0 3118 3068 1896 6.94427 932
943 0 3118 3056 1896 10.6491 942
944 0 3038 3068 1728 54.5685 736
945 0 3094 3064 1740 14.4924 944
946 0 3106 3044 1756 6.94427 945
947 0 3110 3036 1764 3.65685 946
948 0 3110 3032 1764 2 947
949 2 2979.92 2989.1 1814.23 61.7665 735
950 2 2980.02 2955.04 1833.97 64.2656 949
951 2 2977.42 2949.42 1838.3 64.9792 950
952 2 2966.13 2924.95 1857.11 68.0826 951
953 2 2962 2894.05 1866.44 63.912 952
954 2 2962 2849.71 1871.37 53.194 953
955 2 2995.91 2813.48 1885.56 33.322 954
956 0 3032.52 2765.48 1919.26 28.4399 955
957 0 3078 2764 1952 10 956
958 0 3086 2760 1960 9.31371 957
959 0 3022 2724 1928 6 956
960 0 3022 2716 1924 6 959
961 0 3026 2708 1916 9.31371 960
962 0 2978 2772 1904 20.6274 955
963 0 2970 2756 1920 6 962
964 0 2942 2808 1824 29.241 954
965 0 2950 2784 1804 6.94427 964
966 0 2958 2784 1804 6 965
967 2 2962 2854.55 1924.27 32.0525 953
968 2 2964.07 2849.93 1938.37 27.7506 967
969 0 2962 2832 1984 18 968
970 0 2942 2832 1988 14 969
971 0 2922 2852 1988 3.65685 970
972 0 2918 2856 1992 6 971
973 0 2930 2824 1956 18 968
974 0 2926 2812 1972 15.8885 973
975 0 2922 2876 1960 9.31371 967
976 0 2914 2876 1968 6 975
977 0 2914 2876 1984 6.94427 976
978 0 2918 2876 1992 3.65685 977
979 0 2918 2880 1996 2 978
980 0 2934 2824 1784 33.7771 952
981 0 2918 2796 1764 21.3238 980
982 0 2926 2776 1756 9.31371 981
983 0 2930 2772 1748 3.65685 982
984 0 2934 2772 1744 3.65685 983
985 0 2938 2772 1740 2 984
986 0 2942 2772 1740 2 985
987 0 2946 2772 1740 2 986
988 0 2906 2956 1832 14 951
989 0 2882 2968 1828 14.4924 988
990 0 2866 2972 1828 3.65685 989
991 0 2862 2976 1828 2 990
992 0 3006 2920 1892 33.7771 950
993 0 3030 2928 1916 14.9706 992
994 0 3042 2940 1916 10 993
995 0 3042 2952 1916 10 994
996 0 3091.76 2999.8 1792 19.1884 949
997 0 3126 3028 1780 10 996
998 0 3142 3028 1760 6 997
999 0 3150 3028 1752 9.31371 998
1000 0 3106 3000 1772 9.31371 996
1001 0 3114 3004 1760 10 1000
1002 0 3122 3016 1756 6.94427 1001
1003 2 2957.21 3068.39 1768.52 61.6023 734
1004 0 3050.06 3041.5 1850.18 51.2327 1003
1005 0 3098 3012 1876 23.6125 1004
1006 0 3162 3020 1888 26.8444 1005
1007 0 3182 3008 1908 20.6274 1006
1008 0 3198 3016 1924 10 1007
1009 0 3214 3024 1928 10 1008
1010 0 3218 3024 1940 3.65685 1009
1011 0 3222 3020 1944 2 1010
1012 0 3074 3012 1892 24.8328 1004
1013 2 3066 2989.52 1930.64 15.8804 1012
1014 0 3070 2996 1960 12.4222 1013
1015 0 3066 2992 1996 18 1014
1016 0 3066 2984 2024 10 1015
1017 0 3062 2972 2024 3.65685 1016
1018 0 3058 2968 2020 2 1017
1019 0 3058 2964 2020 2 1018
1020 0 3050 2980 1956 9.31371 1013
1021 0 3042 2964 1972 9.31371 1020
1022 0 3046 2952 1984 10 1021
1023 0 3050 2940 1988 6 1022
1024 2 2966.81 3051.85 1732.77 78.2536 1003
1025 0 2942 2968 1740 60.482 1024
1026 0 2882 2944 1744 34.2215 1025
1027 0 2890 2936 1780 18 1026
1028 2 2973.68 3039.25 1705.27 90.8447 1024
1029 2 2983.24 3066.5 1673.79 86.0325 1028
1030 0 3002 3120 1612 76.5875 1029
1031 2 2982.99 3167.51 1577.16 58.3601 1030
1032 0 2926 3180 1584 18 1031
1033 0 2902 3160 1588 6.94427 1032
1034 0 2906 3172 1524 20.6274 1031
1035 0 3086 3116 1580 39.7612 1030
1036 0 3114 3144 1568 18 1035
1037 0 3152.62 3032 1669.89 29.0611 1029
1038 0 3194 3032 1696 10 1037
1039 0 3198 3024 1704 10.6491 1038
1040 0 3210 3012 1712 2 1039
1041 0 3214 3012 1712 2 1040
1042 0 3178 3064 1676 9.31371 1037
1043 0 3186 3064 1684 9.31371 1042
1044 0 3190 3060 1692 6 1043
1045 0 3198 3056 1704 6 1044
1046 2 2977.74 3031.8 1689.03 98.2795 1028
1047 2 2927.21 3086.79 1501.39 52.528 1046
1048 0 2922 3116 1440 27.1204 1047
1049 0 2906 3104 1416 14.4924 1048
1050 0 2842 3044 1516 6.94427 1047
1051 0 2834 3036 1524 6 1050
1052 2 2978.76 3029.94 1684.97 100.138 1046
1053 0 2970 2892 1716 34.8782 1052
1054 0 2978 2848 1724 10.6491 1053
1055 0 2970 2832 1728 18 1054
1056 0 2966 2804 1736 3.65685 1055
1057 0 2966 2800 1732 2 1056
1058 0 2982 3024 1672 106.074 1052
1059 0 3150 3112 1628 59.1882 1058
1060 2 3181.38 3112 1607.08 50.4678 1059
1061 2 3204.46 3112 1591.69 44.0557 1060
1062 2 3272.66 3101.87 1546.23 37.6737 1061
1063 0 3338 3116 1572 18.3961 1062
1064 0 3366 3104 1584 18.3961 1063
1065 0 3378 3084 1612 10 1064
1066 0 3390 3080 1628 10 1065
1067 0 3406 3072 1644 10 1066
1068 0 3426 3076 1664 9.31371 1067
1069 0 3434 3076 1672 10 1068
1070 0 3446 3068 1676 6.94427 1069
1071 0 3258 3156 1544 9.31371 1062
1072 0 3178 3204 1632 18 1061
1073 0 3178 3224 1636 6.94427 1072
1074 0 3178 3232 1628 3.65685 1073
1075 0 3178 3240 1624 3.65685 1074
1076 0 3178 3244 1616 3.65685 1075
1077 0 3182 3248 1612 2 1076
1078 2 3223.86 3165.31 1604.15 42.5796 1060
1079 2 3259.27 3180.1 1588.88 25.0611 1078
1080 0 3290 3184 1580 18 1079
1081 0 3302 3168 1580 6.94427 1080
1082 0 3310 3160 1580 9.31371 1081
1083 0 3322 3156 1584 2 1082
1084 0 3278 3176 1612 9.31371 1079
1085 0 3294 3192 1612 6.94427 1084
1086 0 3278 3152 1596 12.4222 1078
1087 0 3306 3136 1592 6 1086
1088 0 3150 3172 1644 22 1059
1089 0 3154 3188 1660 14.9706 1088
1090 2 2980.02 3021.8 1664.72 104.877 1058
1091 2 2892.41 2949.31 1671.5 57.0705 1090
1092 0 2782 2952 1636 18 1091
1093 0 2750 2992 1620 15.8885 1092
1094 0 2730 3000 1616 18.3961 1093
1095 0 2710 3008 1620 12.4222 1094
1096 0 2706 3020 1624 3.65685 1095
1097 0 2702 3024 1624 2 1096
1098 0 2846 2932 1700 22.3311 1091
1099 0 2834 2912 1700 12.4222 1098
1100 0 2814 2892 1700 10.6491 1099
1101 2 2979.14 3020.82 1661.5 104.346 1090
1102 0 3010 2932 1584 34.8782 1101
1103 0 3018 2900 1572 26.2843 1102
1104 0 2986 2864 1572 12.4222 1103
1105 0 2974 2856 1568 6.94427 1104
1106 2 2974.71 3015.91 1645.29 101.678 1101
1107 0 2914 2864 1676 22.3311 1106
1108 0 2894 2832 1688 22.3311 1107
1109 0 2926 2812 1692 18 1108
1110 0 3062 2888 1660 18 1106
1111 0 3078 2892 1668 6 1110
1112 2 2963.55 3003.5 1604.34 94.9374 1106
1113 0 2902 2868 1580 23.6125 1112
1114 2 2924.36 2845.64 1583.73 22.4188 1113
1115 0 2966 2832 1584 12.4222 1114
1116 0 2902 2840 1624 9.31371 1114
1117 0 2894 2844 1632 6 1116
1118 2 2958.39 2997.76 1585.42 91.8239 1112
1119 0 2942 2896 1600 26 1118
1120 0 2966 2876 1604 26.8444 1119
1121 0 2954 2852 1616 19.5407 1120
1122 2 2955.07 2994.08 1573.26 89.8224 1118
1123 0 3002 3080 1480 14 1122
1124 0 3010 3084 1464 9.31371 1123
1125 0 3014 3084 1452 9.31371 1124
1126 0 3006 3092 1444 10 1125
1127 0 2998 3108 1428 19.5407 1126
1128 2 2953.11 2991.91 1566.09 88.642 1122
1129 0 2858 3048 1548 18 1128
1130 0 2838 3052 1548 14 1129
1131 0 2830 3056 1536 6 1130
1132 0 2834 3060 1532 6 1131
1133 2 2951.27 2989.86 1559.33 87.53 1128
1134 0 2998 2908 1536 26.2843 1133
1135 2 2947.19 2985.32 1544.37 85.0666 1133
1136 0 2854 2888 1528 18 1135
1137 2 2952.79 2979.47 1492.45 65.9315 1135
1138 0 3026 3012 1504 34.2215 1137
1139 0 3050 2984 1504 12.4222 1138
1140 0 3046 2972 1508 6 1139
1141 2 2995.84 3017.62 1384.11 58.5413 1137
1142 0 3034 2972 1356 14 1141
1143 0 3050 2980 1340 3.65685 1142
1144 0 3054 2980 1336 3.65685 1143
1145 0 3058 2984 1332 6 1144
1146 0 3062 2988 1328 6 1145
1147 0 3070 2996 1332 2 1146
1148 2 2999.23 3024 1378.15 57.6797 1141
1149 0 3022 3028 1292 32.176 1148
1150 0 3062 3004 1272 24.8328 1149
1151 0 3086 3008 1264 12.4222 1150
1152 0 3110 3012 1256 6 1151
1153 0 3118 3016 1256 6 1152
1154 0 3126 3016 1264 3.65685 1153
1155 0 3130 3016 1268 2 1154
1156 2 3012.52 3058.71 1345.21 42.3194 1148
1157 0 3066 3052 1280 20.6274 1156
1158 2 3011.5 3063.88 1359.75 45.2511 1156
1159 0 2958 3092 1364 14.4924 1158
1160 0 2946 3108 1364 9.31371 1159
1161 0 2938 3120 1364 12.4222 1160
1162 0 2926 3124 1364 10 1161
1163 0 2910 3136 1360 18 1162
1164 0 2926 3168 1340 18 1163
1165 0 2938 3172 1324 10.6491 1164
1166 0 2962 3176 1316 6.94427 1165
1167 0 2978 3184 1320 6 1166
1168 0 2946 3180 1348 9.31371 1164
1169 0 2962 3196 1356 9.31371 1168
1170 0 2890 3140 1384 12.4222 1163
1171 0 2882 3140 1400 10 1170
1172 0 2866 3136 1404 15.8885 1171
1173 0 2850 3132 1404 10.6491 1172
1174 0 3046 3088 1332 32.4093 1158
1175 2 3117.98 3092 1292.93 45.3408 1174
1176 0 3162 3108 1228 48.1199 1175
1177 0 3206 3068 1196 10 1176
1178 0 3218 3064 1200 6 1177
1179 0 3118 3076 1236 34.8782 1175
1180 0 3122 3040 1240 6.94427 1179
1181 0 3122 3032 1240 6 1180
1182 0 3126 3028 1244 6 1181
1183 2 3127.89 3077.33 1293.47 37.9438 1175
1184 0 3118 3032 1304 9.31371 1183
1185 0 3102 3016 1308 6.94427 1184
1186 0 3094 3012 1308 6.94427 1185
1187 2 3154.64 3110.06 1269.94 41.8693 1183
1188 0 3206 3088 1276 29.241 1187
1189 0 3214 3060 1264 10 1188
1190 0 3202 3052 1256 6 1189
1191 0 3206 3132 1232 46 1187
1192 0 3294 3112 1220 26.8444 1191
1193 0 3314 3104 1200 14 1192
1194 0 3242 3156 1196 30.9848 1191
1195 2 3311.76 3139.12 1140.99 50.9987 1194
1196 0 3238 3084 1156 14 1195
1197 0 3242 3076 1168 6 1196
1198 0 3342 3112 1088 28.4631 1195
1199 0 3382 3044 1056 28.4631 1198
1200 0 3422 3008 1048 24.8328 1199
1201 0 3478 2980 1032 29.241 1200
1202 0 3514 2932 1008 27.1204 1201
1203 0 3590 2872 1016 52.4059 1202
1204 0 3638 2844 1004 20.6274 1203
1205 0 3634 2804 1004 9.31371 1204
1206 0 3626 2796 1000 6 1205
1207 0 2430 2564 3716 2 1
1208 0 2426 2564 3716 2 1207
