# Generated by NeuTu (https://github.com/janelia-flyem/NeuTu)
1 0 3062 2788 2404 10 -1
2 0 3096.7 2766.6 2371.23 36.7851 1
3 2 3109.23 2741.54 2330.51 33.9515 2
4 0 3106 2732 2292 18 3
5 0 3126 2740 2284 14.4924 4
6 0 3142 2772 2292 12.4222 5
7 0 3150 2764 2312 18.3961 6
8 0 3162 2768 2332 6 7
9 0 3162 2776 2340 3.65685 8
10 0 3166 2780 2344 2 9
11 0 3122 2784 2300 9.31371 6
12 0 3110 2800 2296 3.65685 11
13 0 3110 2804 2296 2 12
14 2 3068.8 2709.72 2366.29 24.8833 3
15 0 3046 2696 2388 12.4222 14
16 0 3038 2688 2396 12.4222 15
17 0 3022 2680 2416 6 16
18 0 3070 2732 2392 19.5407 14
19 0 3058 2740 2412 6.94427 18
20 0 3098 2816 2344 18 2
21 0 3094 2836 2344 10 20
