# Generated by NeuTu (https://github.com/janelia-flyem/NeuTu)
1 0 2670 2482 6271 6 -1
2 0 2674 2466 6255 6 1
3 0 2674 2462 6247 6 2
4 0 2674 2462 6239 3.65685 3
5 0 2674 2458 6231 6.94427 4
6 0 2662 2454 6219 6.94427 5
7 0 2654 2454 6207 9.31371 6
8 0 2650 2458 6191 3.65685 7
9 0 2650 2462 6183 3.65685 8
10 0 2646 2466 6179 6 9
11 0 2642 2474 6171 3.65685 10
12 0 2638 2474 6163 3.65685 11
13 0 2638 2474 6155 6 12
14 0 2634 2474 6147 6 13
15 0 2630 2474 6139 3.65685 14
16 0 2622 2470 6131 6 15
17 0 2614 2466 6131 3.65685 16
18 0 2610 2462 6127 6 17
