# Generated by NeuTu (https://github.com/janelia-flyem/NeuTu)
1 0 2937 2648 6206 6.94427 -1
2 0 2909 2640 6206 9.31371 1
3 0 2901 2636 6198 10.6491 2
4 0 2893 2624 6198 6 3
5 0 2889 2612 6198 6 4
6 0 2885 2596 6198 6 5
7 0 2885 2580 6198 6 6
8 0 2893 2572 6190 6 7
9 0 2909 2564 6182 6 8
10 0 2913 2560 6178 6 9
11 0 2929 2560 6178 6 10
12 0 2933 2556 6174 6 11
13 0 2949 2556 6174 6 12
14 0 2953 2552 6170 6 13
15 0 2969 2552 6170 6 14
16 0 2985 2552 6170 6 15
17 0 2989 2556 6166 6 16
18 0 3005 2556 6166 6 17
19 0 2869 2568 6214 3.65685 7
20 0 2865 2564 6218 3.65685 19
21 0 2861 2560 6222 6 20
22 0 2857 2552 6230 6 21
