# Generated by NeuTu (https://github.com/janelia-flyem/NeuTu)
1 0 2528 2394 6283 6 -1
2 0 2512 2390 6291 9.31371 1
3 0 2496 2390 6299 6 2
4 0 2476 2386 6291 6 3
5 0 2464 2390 6279 6 4
6 0 2456 2406 6271 6 5
7 0 2452 2414 6263 6 6
8 0 2440 2430 6251 6 7
9 0 2440 2430 6243 3.65685 8
10 0 2440 2430 6239 3.65685 9
11 0 2440 2422 6231 6.94427 10
12 0 2440 2410 6223 6 11
13 0 2440 2406 6215 2 12
14 0 2440 2406 6211 2 13
15 0 2440 2406 6207 2 14
16 0 2440 2406 6203 2 15
17 0 2440 2406 6199 2 16
18 0 2440 2406 6195 2 17
19 0 2440 2406 6191 3.65685 18
20 0 2444 2406 6187 2 19
21 0 2444 2406 6183 2 20
22 0 2444 2406 6179 2 21
