# Generated by NeuTu (https://github.com/janelia-flyem/NeuTu)
1 0 2653 2372 6285 2 -1
2 0 2653 2376 6289 3.65685 1
3 0 2645 2384 6293 6.94427 2
4 0 2633 2404 6297 9.31371 3
5 0 2641 2416 6297 3.65685 4
6 0 2641 2420 6297 3.65685 5
7 0 2649 2428 6301 6.94427 6
8 0 2653 2440 6301 6.94427 7
9 0 2657 2448 6297 3.65685 8
10 0 2661 2452 6293 3.65685 9
11 0 2665 2456 6293 3.65685 10
12 0 2669 2460 6289 2 11
13 0 2673 2460 6285 3.65685 12
14 0 2677 2464 6281 3.65685 13
15 0 2681 2472 6277 6 14
16 0 2693 2480 6265 6.94427 15
17 0 2701 2484 6261 6 16
18 0 2709 2488 6261 2 17
19 0 2713 2488 6261 2 18
