# Generated by NeuTu (https://github.com/janelia-flyem/NeuTu)
1 0 2760 2676 6356 2 -1
2 0 2760 2680 6356 3.65685 1
3 0 2764 2684 6364 6 2
4 0 2768 2680 6372 6 3
5 0 2768 2676 6380 2 4
6 0 2772 2672 6384 6 5
7 0 2772 2672 6392 6 6
8 0 2780 2668 6404 6.94427 7
9 2 2780 2673 6421 7.24264 8
10 0 2780 2676 6436 6.94427 9
11 0 2764 2680 6452 3.65685 10
12 0 2756 2680 6460 6 11
13 0 2744 2676 6472 6 12
14 0 2728 2672 6484 6 13
15 0 2712 2668 6476 6 14
16 0 2704 2664 6468 6 15
17 0 2696 2656 6452 6.94427 16
18 0 2696 2656 6440 6 17
19 0 2692 2644 6428 6 18
20 0 2692 2636 6420 6 19
21 0 2692 2632 6412 3.65685 20
22 0 2696 2636 6408 2 21
23 0 2796 2652 6432 6.94427 9
24 0 2804 2644 6436 6 23
