# Generated by NeuTu (https://github.com/janelia-flyem/NeuTu)
1 0 2491 2748 6045 2 -1
2 0 2491 2748 6049 2 1
3 0 2487 2752 6057 6 2
4 0 2483 2748 6061 6 3
5 0 2479 2748 6081 3.65685 4
6 0 2479 2748 6089 6 5
7 0 2479 2748 6097 6 6
8 0 2479 2756 6109 10 7
9 0 2462.11 2766.44 6127.44 8.39226 8
10 0 2447 2768 6137 6.94427 9
11 0 2435 2772 6137 10 10
12 0 2423 2764 6145 6 11
13 0 2411 2756 6149 6.94427 12
14 0 2403 2736 6153 6 13
15 0 2399 2724 6165 6 14
16 0 2399 2716 6177 6 15
17 0 2395 2716 6193 6 16
18 0 2395 2716 6205 2 17
19 0 2395 2716 6209 2 18
20 0 2395 2716 6213 2 19
21 0 2391 2720 6217 2 20
22 0 2391 2724 6221 2 21
23 0 2391 2728 6225 2 22
24 0 2391 2728 6229 2 23
25 0 2391 2728 6233 2 24
26 0 2435 2788 6133 2 11
27 0 2435 2792 6133 2 26
28 0 2435 2796 6133 3.65685 27
29 0 2439 2804 6129 6.94427 28
30 0 2443 2816 6125 6 29
31 2 2459.73 2771.26 6121.39 6.53561 9
32 0 2459 2776 6113 3.65685 31
33 0 2459 2780 6105 6 32
34 0 2459 2780 6097 3.65685 33
35 0 2459 2784 6089 6 34
36 0 2467 2784 6081 6 35
37 0 2475 2788 6073 9.31371 36
38 0 2463 2784 6125 3.65685 31
39 0 2467 2784 6125 2 38
40 0 2471 2792 6133 6 39
41 0 2463 2804 6141 6.94427 40
42 0 2455 2812 6145 6 41
