# Generated by NeuTu (https://github.com/janelia-flyem/NeuTu)
1 0 2578 3012 6175 10 -1
2 0 2562 3016 6175 14 1
3 0 2542 3024 6171 12.4222 2
4 0 2530 3024 6159 6 3
5 0 2530 3024 6151 6 4
6 0 2530 3016 6143 10 5
7 0 2542 2992 6127 10 6
8 0 2558 2984 6123 6.94427 7
9 0 2574 2976 6123 6.94427 8
10 0 2594 2964 6119 10 9
11 0 2614 2964 6119 10 10
12 0 2626 2968 6115 6.94427 11
13 0 2638 2976 6107 6.94427 12
14 0 2650 2972 6095 6.94427 13
15 0 2662 2964 6099 2 14
16 0 2506 3016 6143 3.65685 6
17 0 2502 3020 6143 3.65685 16
18 0 2494 3024 6143 6 17
19 0 2486 3028 6143 6 18
20 0 2482 3024 6139 3.65685 19
21 0 2478 3024 6139 3.65685 20
22 0 2474 3024 6139 2 21
