# Generated by NeuTu (https://github.com/janelia-flyem/NeuTu)
1 0 2532 2819 6219 6 -1
2 0 2540 2811 6219 10.6491 1
3 0 2548 2803 6223 9.31371 2
4 0 2556 2787 6223 12.4222 3
5 0 2564 2779 6215 6.94427 4
6 0 2572 2771 6207 6 5
7 0 2584 2775 6191 6 6
8 0 2580 2775 6183 2 7
9 0 2580 2775 6179 2 8
10 0 2580 2775 6175 3.65685 9
11 0 2576 2775 6163 6 10
12 0 2572 2767 6155 3.65685 11
13 0 2568 2763 6151 6 12
14 0 2560 2759 6147 3.65685 13
15 0 2552 2755 6147 3.65685 14
16 0 2544 2751 6147 3.65685 15
17 0 2536 2747 6147 6 16
18 0 2532 2743 6143 6 17
