# Generated by NeuTu (https://github.com/janelia-flyem/NeuTu)
1 0 2608 3186 6173 6 -1
2 0 2612 3174 6185 6.94427 1
3 0 2612 3158 6201 6.94427 2
4 0 2620 3142 6213 6.94427 3
5 0 2620 3126 6221 6 4
6 0 2620 3110 6225 9.31371 5
7 0 2620 3086 6225 10 6
8 0 2624 3074 6233 6 7
9 0 2628 3066 6241 6 8
10 0 2632 3062 6245 6 9
11 0 2632 3062 6261 6 10
12 0 2636 3058 6273 6.94427 11
13 0 2656 3050 6277 9.31371 12
14 0 2664 3042 6269 6 13
15 0 2672 3042 6253 6 14
16 0 2672 3046 6245 6 15
17 0 2680 3046 6233 6 16
18 0 2680 3050 6213 6 17
19 0 2676 3050 6197 6 18
20 0 2676 3050 6189 6 19
21 0 2672 3054 6181 2 20
22 0 2668 3054 6177 2 21
