# Generated by NeuTu (https://github.com/janelia-flyem/NeuTu)
1 0 2812 2833 6176 6 -1
2 0 2800 2837 6168 10 1
3 0 2776 2837 6168 6.94427 2
4 0 2760 2829 6172 3.65685 3
5 0 2756 2825 6176 3.65685 4
6 0 2752 2821 6176 3.65685 5
7 0 2744 2813 6180 6.94427 6
8 0 2736 2805 6184 6.94427 7
9 0 2728 2797 6192 10 8
10 0 2724 2785 6196 6 9
11 0 2724 2773 6196 6.94427 10
12 0 2716 2757 6204 6 11
13 0 2712 2753 6200 3.65685 12
14 0 2704 2745 6200 3.65685 13
15 0 2692 2729 6204 6.94427 14
16 0 2672 2725 6220 6 15
17 0 2656 2725 6224 6.94427 16
18 0 2648 2729 6228 6 17
