# Generated by NeuTu (https://github.com/janelia-flyem/NeuTu)
1 0 2682 2732 6427 2 -1
2 0 2678 2736 6427 3.65685 1
3 0 2654 2732 6427 14.4924 2
4 0 2626 2732 6407 6 3
5 0 2622 2736 6395 6 4
6 0 2614 2728 6387 6 5
7 0 2598 2728 6371 6.94427 6
8 0 2590 2732 6363 6 7
9 0 2574 2724 6351 6.94427 8
10 0 2558 2728 6335 3.65685 9
11 0 2554 2732 6331 2 10
12 0 2550 2732 6327 3.65685 11
13 0 2546 2732 6319 6 12
14 0 2542 2736 6311 3.65685 13
15 0 2542 2736 6303 6 14
16 0 2546 2748 6287 6 15
17 0 2546 2760 6279 12.4222 16
18 0 2534 2772 6275 9.31371 17
19 0 2518 2776 6275 6 18
20 0 2510 2780 6271 9.31371 19
21 0 2502 2788 6263 6 20
