# Generated by NeuTu (https://github.com/janelia-flyem/NeuTu)
1 0 2816 3039 6317 6 -1
2 0 2808 3023 6301 6 1
3 0 2800 3015 6293 6 2
4 0 2792 3011 6285 3.65685 3
5 0 2788 3007 6285 3.65685 4
6 0 2780 2999 6281 6.94427 5
7 0 2776 2991 6285 3.65685 6
8 0 2772 2987 6289 3.65685 7
9 0 2768 2979 6289 3.65685 8
10 0 2764 2967 6293 6 9
11 0 2764 2951 6301 6 10
12 0 2768 2939 6309 6 11
13 0 2768 2931 6321 6 12
14 0 2760 2931 6329 3.65685 13
15 0 2760 2927 6337 6 14
16 0 2768 2915 6349 6.94427 15
17 0 2772 2915 6361 6 16
18 0 2768 2923 6369 6 17
19 0 2768 2927 6381 3.65685 18
20 0 2768 2927 6385 3.65685 19
21 0 2768 2927 6389 2 20
22 0 2772 2931 6393 6 21
23 0 2772 2931 6401 2 22
24 0 2776 2931 6409 6 23
25 0 2776 2927 6417 3.65685 24
26 0 2772 2927 6421 2 25
