# Generated by NeuTu (https://github.com/janelia-flyem/NeuTu)
1 0 2599 3680 6020 6.94427 -1
2 0 2603 3680 6032 9.31371 1
3 0 2607 3684 6040 6 2
4 0 2607 3684 6048 2 3
5 0 2607 3684 6052 3.65685 4
6 0 2607 3684 6060 3.65685 5
7 0 2607 3684 6064 3.65685 6
8 0 2611 3680 6080 9.31371 7
9 0 2623 3672 6100 9.31371 8
10 0 2651.48 3672 6140.64 17.8597 9
11 2 2683 3680 6168 7.96285 10
12 0 2699 3684 6164 6 11
13 0 2707 3684 6164 6 12
14 0 2715 3684 6164 2 13
15 0 2719 3684 6164 2 14
16 2 2721.67 3682.67 6161.33 3.64809 15
17 0 2727 3680 6156 6.94427 16
18 0 2735 3680 6136 6.94427 17
19 2 2749.21 3670.68 6112.47 13.1053 18
20 0 2751 3668 6092 6.94427 19
21 0 2763 3668 6076 6 20
22 0 2763 3664 6068 6.94427 21
23 0 2771 3664 6060 2 22
24 0 2779 3660 6060 6 23
25 0 2791 3652 6044 6.94427 24
26 0 2799 3648 6036 6.94427 25
27 0 2803 3640 6024 2 26
28 0 2767 3684 6128 6 19
29 0 2771 3684 6136 3.65685 28
30 0 2771 3684 6144 6 29
31 0 2767 3684 6152 6 30
32 0 2759 3688 6160 2 31
33 0 2755 3688 6160 2 32
34 0 2715 3684 6176 6 16
35 0 2699 3684 6184 6 34
36 0 2679 3676 6196 14 35
37 0 2663 3680 6220 9.31371 36
38 0 2659 3684 6228 6 37
39 0 2643 3684 6244 6 38
40 0 2643 3688 6252 2 39
41 0 2643 3688 6256 2 40
42 0 2643 3688 6260 2 41
43 2 2666.71 3673.86 6186.43 15.9064 11
44 0 2647 3680 6200 10 43
45 0 2631 3680 6216 10 44
46 0 2623 3680 6224 10 45
47 0 2619 3680 6236 6 46
48 0 2615 3684 6240 6 47
49 0 2599 3684 6240 6 48
50 0 2591 3684 6244 3.65685 49
51 0 2587 3688 6244 2 50
52 0 2583 3688 6244 2 51
53 0 2579 3688 6244 2 52
54 0 2575 3688 6244 2 53
55 0 2635 3672 6176 14 43
56 0 2607 3672 6188 14.9706 55
57 0 2595 3680 6200 10 56
58 0 2611 3672 6148 18 10
59 0 2603 3656 6152 6.94427 58
