# Generated by NeuTu (https://github.com/janelia-flyem/NeuTu)
1 0 2583 3686 6094 6 -1
2 0 2583 3674 6110 6 1
3 0 2575 3662 6126 9.31371 2
4 0 2571 3658 6134 6 3
5 0 2571 3642 6150 6.94427 4
6 0 2567 3634 6162 6.94427 5
7 0 2567 3626 6170 9.31371 6
8 0 2567 3618 6182 6 7
9 0 2567 3610 6190 9.31371 8
10 0 2563 3590 6214 10 9
11 0 2567 3582 6238 10 10
12 2 2563.63 3571.89 6248.11 9.42207 11
13 0 2555 3550 6266 9.31371 12
14 0 2551 3542 6270 6 13
15 0 2551 3530 6270 9.31371 14
16 0 2543 3514 6282 9.31371 15
17 0 2527 3498 6294 6.94427 16
18 0 2515 3490 6294 9.31371 17
19 0 2499 3482 6310 9.31371 18
20 0 2479 3470 6310 6 19
21 0 2459 3462 6310 6 20
22 0 2583 3582 6258 6 12
23 0 2595 3578 6270 6 22
24 0 2595 3578 6278 6 23
25 0 2599 3574 6282 6 24
26 0 2603 3570 6286 2 25
27 0 2603 3570 6290 2 26
