# Generated by NeuTu (https://github.com/janelia-flyem/NeuTu)
1 0 2643 3547 6378 2 -1
2 0 2647 3547 6374 2 1
3 0 2655 3551 6370 6 2
4 0 2671 3543 6358 9.31371 3
5 0 2679 3543 6346 6 4
6 0 2695 3555 6334 6.94427 5
7 0 2703 3567 6334 9.31371 6
8 0 2699 3575 6330 6.94427 7
9 0 2691 3591 6314 9.31371 8
10 0 2699 3595 6306 10.6491 9
11 0 2711 3591 6298 6 10
12 0 2727 3591 6282 6.94427 11
13 0 2735 3591 6270 6.94427 12
14 0 2747 3603 6254 6.94427 13
15 0 2747 3611 6246 6 14
16 0 2747 3615 6238 2 15
17 0 2751 3619 6234 6 16
18 0 2759 3631 6218 6 17
19 0 2767 3639 6206 6.94427 18
20 0 2767 3647 6202 6 19
21 0 2771 3651 6198 2 20
22 0 2775 3651 6198 2 21
23 0 2715 3615 6326 10.6491 10
24 0 2723 3615 6338 6 23
25 0 2671 3587 6310 6 9
26 0 2655 3583 6294 6.94427 25
27 0 2647 3583 6294 6.94427 26
28 0 2643 3583 6286 6 27
29 0 2639 3587 6282 2 28
30 0 2635 3587 6278 2 29
