# Generated by NeuTu (https://github.com/janelia-flyem/NeuTu)
1 0 2724 3290 6223 6 -1
2 0 2728 3282 6231 9.31371 1
3 0 2736 3266 6247 3.65685 2
4 0 2736 3262 6251 2 3
5 0 2736 3258 6255 3.65685 4
6 0 2736 3254 6259 3.65685 5
7 2 2736 3239.32 6266.34 6.78885 6
8 0 2744 3230 6275 10.6491 7
9 0 2752 3226 6283 10 8
10 0 2748 3218 6295 6 9
11 0 2744 3218 6303 3.65685 10
12 0 2740 3214 6307 3.65685 11
13 0 2732 3210 6311 6 12
14 0 2720 3210 6319 6.94427 13
15 0 2712 3206 6331 6 14
16 0 2712 3206 6339 6 15
17 0 2716 3202 6351 10 16
18 0 2720 3210 6363 10 17
19 0 2716 3218 6375 6 18
20 0 2716 3226 6379 3.65685 19
21 0 2716 3230 6375 2 20
22 0 2716 3234 6375 2 21
23 0 2720 3242 6251 3.65685 7
24 0 2712 3246 6243 6 23
25 0 2708 3250 6239 3.65685 24
26 0 2700 3254 6231 6.94427 25
27 0 2696 3262 6223 6 26
28 0 2700 3266 6219 2 27
29 0 2700 3270 6219 2 28
