# Generated by NeuTu (https://github.com/janelia-flyem/NeuTu)
1 0 3182 2828 2476 2 -1
2 0 3186 2832 2472 3.65685 1
3 0 3186 2840 2468 6.94427 2
4 0 3194 2844 2452 6 3
5 0 3190 2852 2440 6 4
6 0 3182 2848 2436 3.65685 5
7 0 3162 2848 2436 10 6
8 0 3154 2840 2440 6 7
9 0 3146 2820 2440 9.31371 8
10 0 3138 2812 2444 10.6491 9
11 0 3126 2808 2444 6 10
12 0 3110 2804 2448 6 11
13 0 3094 2792 2448 9.31371 12
14 0 3090 2784 2456 6 13
15 0 3086 2772 2460 6 14
16 0 3082 2764 2464 6 15
17 0 3074 2756 2468 2 16
18 0 3070 2752 2468 2 17
