# Generated by NeuTu (https://github.com/janelia-flyem/NeuTu)
1 0 2901 3447 6776 9.31371 -1
2 0 2885 3455 6800 6.94427 1
3 0 2877 3455 6808 9.31371 2
4 0 2865 3455 6812 6 3
5 0 2853 3455 6812 9.31371 4
6 0 2833 3443 6804 10 5
7 0 2817 3443 6796 6 6
8 0 2809 3443 6796 6 7
9 0 2805 3439 6792 3.65685 8
10 0 2805 3435 6784 6 9
11 0 2797 3431 6768 14.9706 10
12 0 2793 3443 6736 10.6491 11
13 0 2793 3447 6716 9.31371 12
14 0 2785 3447 6708 6.94427 13
15 0 2773 3443 6692 9.31371 14
16 0 2769 3451 6676 6 15
17 0 2761 3459 6660 9.31371 16
18 0 2749 3467 6648 14.4924 17
19 0 2741 3475 6632 12.4222 18
20 0 2721 3511 6600 28.4631 19
21 0 2697 3543 6580 43.607 20
22 0 2653 3551 6580 12.4222 21
23 2 2627 3551 6580 10 22
24 0 2593 3555 6576 6.94427 23
25 0 2585 3563 6568 6.94427 24
26 0 2573 3567 6572 10 25
27 0 2541 3567 6580 12.4222 26
28 0 2517 3567 6588 19.5407 27
29 2 2485.86 3551.97 6609.09 13.7768 28
30 0 2469 3551 6624 9.31371 29
31 0 2412.29 3551.71 6648.1 38.757 30
32 0 2384.51 3579.98 6651.67 21.8542 31
33 0 2365 3611 6640 6 32
34 0 2357 3623 6640 6 33
35 0 2349 3631 6632 12.4222 34
36 0 2329 3627 6632 6.94427 35
37 0 2313 3623 6632 6 36
38 0 2297 3619 6636 9.31371 37
39 0 2281 3603 6652 12.4222 38
40 0 2257 3599 6656 10 39
41 0 2249 3603 6648 3.65685 40
42 0 2241 3603 6640 6 41
43 0 2233 3611 6632 6 42
44 0 2229 3619 6624 6 43
45 0 2225 3623 6620 6 44
46 0 2225 3631 6620 6 45
47 0 2221 3643 6620 10 46
48 0 2233 3655 6604 6 47
49 0 2233 3663 6592 6 48
50 0 2233 3675 6576 6.94427 49
51 0 2241 3687 6572 2 50
52 0 2245 3587 6680 10 40
53 0 2241 3575 6688 10.6491 52
54 0 2233 3567 6692 6.94427 53
55 0 2217 3551 6696 9.31371 54
56 0 2221 3543 6700 6 55
57 0 2357 3587 6688 6 32
58 0 2353 3587 6696 6 57
59 0 2345 3587 6704 9.31371 58
60 0 2337 3571 6716 6.94427 59
61 2 2330.54 3561.31 6716 8.85805 60
62 0 2321 3551 6716 9.31371 61
63 0 2301 3539 6716 3.65685 62
64 0 2297 3535 6712 6 63
65 0 2289 3527 6704 6.94427 64
66 0 2281 3511 6692 9.31371 65
67 0 2329 3551 6696 9.31371 61
68 0 2329 3543 6676 9.31371 67
69 2 2412.65 3545.86 6657.58 35.1911 31
70 0 2413 3499 6712 10 69
71 0 2413 3487 6712 6 70
72 0 2377 3491 6664 10 69
73 0 2365 3487 6660 6 72
74 0 2473 3575 6596 6.94427 29
75 0 2453 3595 6592 10 74
76 0 2449 3615 6592 9.31371 75
77 0 2441 3631 6584 6.94427 76
78 0 2441 3639 6584 6 77
79 0 2577 3579 6556 6.94427 26
80 0 2573 3587 6536 6 79
81 0 2573 3587 6528 3.65685 80
82 0 2573 3587 6520 6 81
83 0 2573 3591 6504 6 82
84 0 2569 3595 6500 6 83
85 0 2625 3535 6596 6.94427 23
86 0 2617 3527 6604 6 85
87 0 2621 3519 6616 6 86
88 0 2621 3507 6632 6 87
89 0 2621 3499 6640 3.65685 88
90 0 2621 3495 6640 2 89
91 2 2705.35 3556.92 6542.42 40.5696 21
92 2 2709.18 3563.3 6525.19 39.177 91
93 2 2715.97 3600.59 6459.44 26.996 92
94 2 2714.26 3606.59 6455.15 24.3084 93
95 0 2693 3635 6428 15.8885 94
96 0 2685 3667 6404 14 95
97 0 2661 3679 6400 10.6491 96
98 0 2649 3683 6400 10 97
99 0 2629 3683 6404 10 98
100 0 2603 3683 6404 8 99
101 0 2585 3683 6400 10 100
102 0 2573 3675 6400 6 101
103 0 2565 3663 6400 6.94427 102
104 0 2553 3655 6400 6.94427 103
105 0 2537 3639 6404 10.6491 104
106 0 2533 3627 6400 6.94427 105
107 0 2597 3683 6384 10 100
108 0 2597 3687 6364 6 107
109 0 2589 3687 6356 3.65685 108
110 0 2585 3687 6348 6 109
111 0 2577 3679 6336 14 110
112 0 2565 3679 6324 12.4222 111
113 0 2553 3679 6316 6 112
114 0 2641 3687 6380 6 98
115 0 2625 3687 6364 6 114
116 0 2621 3691 6360 2 115
117 0 2621 3691 6356 2 116
118 0 2621 3691 6352 2 117
119 0 2741 3639 6460 10 94
120 0 2745 3659 6456 9.31371 119
121 0 2745 3671 6428 9.31371 120
122 0 2745 3679 6416 6.94427 121
123 0 2757 3687 6400 3.65685 122
124 0 2753 3691 6396 2 123
125 0 2737 3623 6432 3.65685 93
126 0 2737 3623 6428 3.65685 125
127 0 2741 3619 6420 6.94427 126
128 0 2745 3623 6404 9.31371 127
129 2 2748.85 3626.85 6384.74 9.31371 128
130 0 2737 3639 6368 2 129
131 0 2737 3639 6360 6 130
132 0 2733 3635 6344 6 131
133 0 2729 3631 6340 3.65685 132
134 0 2729 3631 6336 3.65685 133
135 0 2725 3627 6332 2 134
136 0 2721 3623 6328 2 135
137 0 2765 3619 6368 10 129
138 0 2757 3615 6352 9.31371 137
139 0 2749 3611 6344 3.65685 138
140 0 2745 3611 6344 2 139
141 0 2741 3627 6520 21.3238 92
142 0 2749 3651 6520 14.9706 141
143 0 2753 3663 6508 9.31371 142
144 0 2737 3623 6560 21.3238 91
145 0 2753 3659 6572 6 144
146 0 2805 3459 6716 6 13
147 0 2809 3467 6708 6 146
148 0 2813 3475 6700 6.94427 147
149 0 2817 3479 6680 6.94427 148
150 0 2825 3487 6668 2 149
151 0 2825 3487 6664 2 150
152 0 2785 3415 6780 9.31371 11
153 0 2773 3403 6788 10 152
154 0 2773 3391 6796 9.31371 153
155 0 2777 3379 6796 2 154
156 0 2777 3375 6796 2 155
157 0 2817 3431 6780 6 10
158 0 2825 3427 6784 3.65685 157
159 0 2829 3427 6788 3.65685 158
160 0 2841 3423 6788 9.31371 159
161 0 2865 3427 6784 9.31371 160
162 0 2881 3435 6772 6 161
163 0 2885 3435 6764 6 162
164 0 2889 3439 6760 2 163
165 0 2893 3439 6756 2 164
166 0 2897 3443 6752 2 165
167 0 2893 3427 6748 2 165
168 0 2893 3427 6744 2 167
169 0 2893 3427 6740 2 168
170 0 2897 3431 6736 3.65685 169
171 0 2897 3427 6724 6 170
172 0 2893 3419 6716 6.94427 171
