# Generated by NeuTu (https://github.com/janelia-flyem/NeuTu)
1 0 2784 3403 6354 2 -1
2 0 2784 3399 6354 3.65685 1
3 0 2788 3391 6358 6.94427 2
4 0 2796 3375 6366 6.94427 3
5 0 2796 3367 6374 10 4
6 0 2796 3351 6390 6 5
7 0 2792 3335 6402 6 6
8 0 2788 3323 6414 6 7
9 0 2784 3311 6426 6 8
10 0 2784 3311 6434 6 9
11 0 2776 3307 6446 6 10
12 0 2772 3303 6450 3.65685 11
13 0 2772 3303 6458 6 12
14 0 2768 3299 6462 3.65685 13
15 0 2768 3299 6466 2 14
16 0 2768 3299 6470 2 15
17 0 2764 3299 6482 9.31371 16
18 0 2764 3299 6494 9.31371 17
19 0 2768 3307 6502 10 18
20 0 2772 3315 6514 6 19
21 0 2772 3331 6530 6 20
22 0 2776 3347 6546 6 21
23 0 2780 3363 6566 6 22
24 0 2784 3367 6570 6 23
25 0 2792 3367 6574 3.65685 24
26 0 2796 3371 6570 2 25
