# Generated by NeuTu (https://github.com/janelia-flyem/NeuTu)
1 0 3199 2804 2412 2 -1
2 0 3195 2804 2412 2 1
3 0 3187 2808 2416 6 2
4 0 3175 2804 2428 6.94427 3
5 0 3167 2796 2436 9.31371 4
6 0 3155 2784 2456 6.94427 5
7 0 3151 2776 2468 6.94427 6
8 0 3151 2764 2480 6 7
9 0 3147 2760 2484 3.65685 8
10 0 3147 2756 2496 6 9
11 0 3147 2752 2504 6 10
12 0 3143 2748 2508 3.65685 11
13 0 3143 2748 2512 3.65685 12
14 0 3143 2748 2520 6 13
15 0 3139 2744 2524 6 14
16 0 3135 2740 2528 3.65685 15
17 0 3135 2740 2532 3.65685 16
18 0 3131 2736 2536 6 17
19 0 3123 2732 2544 3.65685 18
20 0 3123 2732 2548 3.65685 19
21 0 3119 2732 2556 6.94427 20
22 0 3115 2724 2580 9.31371 21
23 0 3107 2712 2596 6.94427 22
24 0 3099 2701 2621 12.2744 23
25 0 3107 2732 2644 12.4222 24
26 0 3115 2748 2652 19.5407 25
27 0 3107 2764 2676 28.4631 26
28 0 3099 2756 2744 21.3238 27
29 0 3107 2732 2800 18 28
30 0 3143 2732 2832 23.2982 29
31 0 3183 2772 2844 18 30
32 0 3203 2796 2864 15.8885 31
33 0 3219 2800 2876 9.31371 32
34 0 3235 2808 2884 6.94427 33
35 2 3245.71 2811.57 2898.28 9.05836 34
36 0 3267 2824 2928 10 35
37 2 3274.41 2820.29 2950.24 19.8498 36
38 0 3295 2824 2992 14 37
39 0 3299 2836 3012 18 38
40 0 3303 2840 3052 15.8885 39
41 2 3303 2826.4 3099.2 22.49 40
42 2 3299.05 2824.66 3111.24 24.7046 41
43 2 3281.81 2827.53 3142.85 29.472 42
44 2 3279 2848 3168 30.8622 43
45 2 3285.42 2856.28 3179.49 27.5136 44
46 0 3303 2868 3200 18 45
47 0 3323 2900 3252 18 46
48 2 3316.64 2909.55 3261.55 11.6364 47
49 0 3303 2932 3276 14 48
50 0 3311 2956 3294 24.5517 49
51 0 3311 2980 3308 15.5108 50
52 0 3303 3020 3336 9.31371 51
53 2 3291.82 3047.88 3359.88 21.3839 52
54 2 3282.56 3060.44 3368.22 23.4641 53
55 2 3266.85 3076.15 3375.26 21.4873 54
56 2 3258.33 3084.67 3378.67 19.2655 55
57 0 3219 3128 3380 10.6491 56
58 0 3207 3148 3380 9.31371 57
59 2 3188.68 3169.76 3380 13.3439 58
60 2 3185.59 3179.06 3372.94 15.4118 59
61 0 3194.71 3209.14 3342.57 21.7711 60
62 0 3191.65 3226.62 3322.69 13.6449 61
63 0 3203 3248 3316 6.94427 62
64 0 3215 3256 3328 6.94427 63
65 2 3218.21 3259.21 3345.62 9.39347 64
66 0 3203 3272 3356 9.31371 65
67 0 3195 3280 3364 10 66
68 0 3199 3292 3376 14 67
69 0 3195 3300 3388 6.94427 68
70 0 3191 3300 3404 6 69
71 0 3191 3304 3416 6 70
72 0 3195 3316 3420 10 71
73 0 3191 3340 3420 9.31371 72
74 0 3179 3364 3420 12.4222 73
75 0 3171 3384 3428 6 74
76 2 3159.44 3395.78 3439.56 9.83024 75
77 2 3156.79 3392.69 3444.41 9.81068 76
78 0 3151 3384 3468 10 77
79 0 3143 3392 3484 6.94427 78
80 0 3127 3404 3500 6 79
81 0 3119 3404 3520 6 80
82 0 3115 3420 3532 10.6491 81
83 2 3116 3437 3544 10.1483 82
84 0 3123 3452 3540 6 83
85 0 3131 3464 3532 6.94427 84
86 0 3143 3472 3516 9.31371 85
87 0 3163 3480 3516 6 86
88 0 3175 3484 3516 6 87
89 0 3179 3488 3512 3.65685 88
90 0 3187 3488 3512 6 89
91 0 3211 3500 3520 10.6491 90
92 0 3235 3508 3524 6.94427 91
93 0 3243 3516 3528 3.65685 92
94 0 3247 3516 3528 2 93
95 0 3103 3432 3560 6.94427 83
96 0 3091 3420 3576 6.94427 95
97 0 3091 3416 3588 9.31371 96
98 0 3095 3416 3600 6 97
99 0 3151 3364 3476 6 78
100 0 3151 3356 3476 3.65685 99
101 0 3151 3348 3484 6.94427 100
102 0 3159 3340 3496 9.31371 101
103 0 3167 3328 3512 6 102
104 0 3163 3320 3536 6 103
105 0 3147 3352 3468 6 100
106 0 3139 3356 3460 6 105
107 0 3127 3352 3444 6 106
108 0 3139 3388 3432 9.31371 77
109 0 3135 3392 3424 6.94427 108
110 0 3123 3396 3404 9.31371 109
111 0 3115 3408 3392 6.94427 110
112 0 3107 3412 3384 3.65685 111
113 0 3107 3412 3380 2 112
114 0 3179 3420 3436 6.94427 76
115 0 3183 3428 3440 6 114
116 0 3187 3428 3452 3.65685 115
117 0 3187 3428 3456 2 116
118 0 3187 3424 3464 6 117
119 0 3187 3424 3472 6 118
120 0 3187 3408 3488 6.94427 119
121 0 3239 3260 3332 12.4222 65
122 2 3236 3266 3323 13.6056 121
123 0 3223 3272 3308 10 122
124 0 3223 3276 3296 2 123
125 0 3223 3276 3288 6 124
126 0 3223 3272 3280 6.94427 125
127 0 3231 3268 3268 6.94427 126
128 0 3239 3276 3260 6 127
129 0 3247 3276 3248 6 128
130 0 3259 3264 3308 6.94427 122
131 0 3267 3272 3300 9.31371 130
132 0 3255 3236 3352 10 121
133 0 3263 3220 3368 6.94427 132
134 0 3163 3244 3316 6.94427 62
135 0 3151 3264 3316 9.31371 134
136 0 3143 3272 3320 10.6491 135
137 0 3127 3268 3324 9.31371 136
138 0 3119 3268 3336 6 137
139 0 3111 3276 3340 9.31371 138
140 0 3095 3284 3332 6 139
141 0 3231 3204 3348 14 61
142 0 3247 3204 3352 9.31371 141
143 0 3255 3200 3356 3.65685 142
144 0 3259 3196 3360 6 143
145 0 3255 3188 3368 6 144
146 0 3251 3180 3372 6 145
147 0 3163 3180 3384 6.94427 60
148 0 3159 3172 3384 6 147
149 0 3155 3160 3376 12.4222 148
150 0 3143 3136 3364 12.4222 149
151 0 3139 3124 3360 9.31371 150
152 0 3195 3156 3404 6 59
153 0 3199 3152 3412 9.31371 152
154 0 3191 3152 3428 9.31371 153
155 0 3179 3144 3428 6.94427 154
156 0 3167 3144 3428 9.31371 155
157 0 3155 3136 3428 6 156
158 0 3143 3136 3436 6.94427 157
159 0 3135 3136 3436 6 158
160 0 3123 3136 3436 9.31371 159
161 0 3103 3132 3436 9.31371 160
162 0 3083 3108 3428 10 161
163 0 3099 3096 3420 9.31371 162
164 0 3119 3092 3416 9.31371 163
165 0 3131 3088 3392 10.6491 164
166 0 3127 3092 3380 6.94427 165
167 0 3123 3100 3376 3.65685 166
168 0 3127 3104 3376 2 167
169 0 3279 3068 3400 14.9706 56
170 0 3267 3040 3412 10 169
171 0 3263 3024 3408 6.94427 170
172 0 3263 3016 3408 6 171
173 0 3303 3108 3368 10.6491 55
174 0 3311 3116 3368 6.94427 173
175 0 3335 3124 3372 9.31371 174
176 0 3343 3124 3380 10 175
177 0 3343 3116 3396 6 176
178 0 3347 3112 3412 6 177
179 0 3351 3112 3424 10 178
180 0 3351 3104 3448 6 179
181 0 3351 3096 3464 6 180
182 0 3296.64 3018.91 3393.64 12.4222 54
183 0 3307 3012 3404 12.4222 182
184 0 3319 3012 3416 6 183
185 0 3331 3008 3428 6 184
186 0 3339 3012 3436 6 185
187 0 3347 3012 3444 6 186
188 0 3363 3024 3452 9.31371 187
189 0 3371 3024 3464 6 188
190 0 3379 3028 3472 6 189
191 0 3383 3032 3476 3.65685 190
192 0 3383 3032 3480 3.65685 191
193 0 3383 3032 3484 2 192
194 0 3383 3032 3488 2 193
195 0 3383 3032 3492 2 194
196 0 3291 2996 3392 6 182
197 0 3291 2988 3392 6 196
198 0 3295 2980 3388 3.65685 197
199 0 3295 2980 3384 2 198
200 0 3295 2980 3380 3.65685 199
201 0 3295 2976 3376 3.65685 200
202 0 3295 2968 3368 6 201
203 0 3295 2968 3360 3.65685 202
204 0 3295 2972 3356 2 203
205 0 3295 3044 3328 14.4924 53
206 0 3283 3044 3316 9.31371 205
207 0 3263 3052 3300 9.31371 206
208 0 3247 3062 3282 11.5092 207
209 0 3247 3072 3272 6.94427 208
210 0 3251 3084 3256 6 209
211 0 3255 3092 3240 6 210
212 0 3251 3092 3224 6 211
213 0 3239 3076 3212 6 212
214 0 3227 3064 3204 6.94427 213
215 0 3203 3048 3192 10 214
216 0 3179 3052 3188 14 215
217 0 3223 3068 3276 6 208
218 0 3207 3076 3260 9.31371 217
219 0 3203 3068 3252 6.94427 218
220 0 3315 2960 3336 6 51
221 0 3303 2952 3356 12.4222 220
222 0 3343 2956 3316 14 50
223 0 3359 2980 3324 10 222
224 0 3307 2892 3276 9.31371 48
225 0 3291 2884 3292 14.4924 224
226 0 3295 2900 3316 14 225
227 0 3275 2904 3336 9.31371 226
228 0 3263 2892 3360 9.31371 227
229 0 3243 2888 3388 9.31371 228
230 0 3227 2880 3408 10 229
231 0 3215 2868 3440 6.94427 230
232 0 3211 2856 3460 6.94427 231
233 0 3203 2848 3468 10.6491 232
234 0 3191 2828 3476 6.94427 233
235 0 3171 2812 3480 9.31371 234
236 0 3151 2804 3488 9.31371 235
237 0 3139 2808 3492 9.31371 236
238 0 3123 2804 3508 9.31371 237
239 0 3107 2808 3520 9.31371 238
240 0 3095 2812 3528 12.4222 239
241 0 3075 2812 3540 10 240
242 0 3055 2808 3556 12.4222 241
243 2 3053.85 2809.15 3557.15 11.4952 242
244 0 3047 2816 3564 6 243
245 0 3039 2824 3572 6.94427 244
246 0 3031 2832 3572 6.94427 245
247 0 3019 2836 3576 10.6491 246
248 0 3007 2836 3584 10 247
249 0 2999 2840 3592 6 248
250 0 2991 2844 3600 6 249
251 0 2971 2844 3620 6.94427 250
252 0 2963 2840 3624 6 251
253 0 2951 2844 3632 6.94427 252
254 0 2939 2852 3636 9.31371 253
255 0 2931 2860 3640 6.94427 254
256 0 2907 2876 3632 10 255
257 0 2899 2876 3624 6.94427 256
258 0 2887 2872 3624 9.31371 257
259 0 2871 2868 3624 6.94427 258
260 0 2863 2864 3620 6 259
261 0 2851 2864 3620 2 260
262 0 2971 2836 3636 6 252
263 0 2983 2836 3636 6 262
264 0 3003 2828 3636 9.31371 263
265 0 3007 2820 3628 6.94427 264
266 0 3015 2812 3628 3.65685 265
267 0 3015 2808 3628 2 266
268 0 3039 2820 3544 3.65685 243
269 0 3035 2824 3540 3.65685 268
270 0 3027 2836 3536 9.31371 269
271 0 3015 2844 3532 10 270
272 0 3003 2852 3524 6.94427 271
273 0 2991 2868 3516 14 272
274 0 2971 2868 3504 6 273
275 0 3047 2788 3568 10.6491 242
276 0 3043 2776 3588 6.94427 275
277 0 3043 2760 3604 6 276
278 2 3335.63 2895.79 3264.63 13.7895 47
279 0 3359 2892 3280 9.31371 278
280 0 3371 2892 3292 9.31371 279
281 0 3407 2904 3320 26 280
282 2 3408.11 2906.22 3327.78 22.2284 281
283 2 3410.7 2911.41 3345.93 13.428 282
284 2 3411 2915.88 3363.53 10.7013 283
285 0 3407 2912 3392 6.94427 284
286 0 3411 2912 3400 6 285
287 0 3403 2908 3412 6 286
288 0 3399 2908 3420 6 287
289 0 3391 2916 3428 6.94427 288
290 0 3391 2924 3444 9.31371 289
291 0 3395 2932 3456 10.6491 290
292 0 3399 2936 3468 3.65685 291
293 0 3395 2936 3476 6 292
294 0 3395 2936 3484 6 293
295 0 3387 2932 3496 6.94427 294
296 0 3383 2928 3504 6 295
297 0 3379 2932 3512 6 296
298 0 3379 2952 3516 6 297
299 0 3379 2968 3516 6 298
300 0 3375 2972 3520 2 299
301 0 3375 2972 3524 2 300
302 0 3411 2912 3428 6 288
303 0 3427 2916 3440 6.94427 302
304 0 3435 2920 3444 6.94427 303
305 0 3455 2920 3440 6 304
306 0 3463 2916 3432 6 305
307 0 3463 2920 3424 3.65685 306
308 0 3467 2924 3420 2 307
309 0 3403 2940 3364 6.94427 284
310 0 3395 2968 3368 14 309
311 0 3399 2984 3372 6.94427 310
312 0 3399 3000 3380 6 311
313 0 3403 3008 3388 6 312
314 0 3403 3024 3404 6 313
315 0 3411 3032 3412 6 314
316 0 3415 3036 3416 3.65685 315
317 0 3419 3036 3424 6 316
318 0 3435 2904 3348 6 283
319 0 3451 2904 3344 6.94427 318
320 0 3459 2912 3336 6 319
321 0 3423 2936 3324 10.6491 282
322 0 3443.71 2959.69 3311.9 21.0975 321
323 0 3477.36 2941.64 3312.24 13.52 322
324 0 3479 2924 3336 10 323
325 0 3487 2912 3344 10 324
326 0 3475 2900 3364 6 325
327 0 3459 2896 3376 6 326
328 0 3459 2900 3388 6 327
329 0 3459 2912 3404 6 328
330 0 3455 2900 3420 6 329
331 0 3487 2948 3292 6.94427 323
332 0 3491 2960 3272 9.31371 331
333 2 3446.64 2983.97 3305.1 16.5909 322
334 0 3455 3008 3324 14 333
335 0 3467 3008 3336 10 334
336 0 3471 3000 3348 6 335
337 0 3475 2996 3360 10 336
338 0 3475 2992 3372 6 337
339 0 3475 2996 3388 6 338
340 0 3475 2992 3400 2 339
341 0 3475 2992 3404 2 340
342 0 3435 3028 3328 14 334
343 0 3411 3016 3348 6.94427 342
344 0 3407 3008 3348 6 343
345 0 3451 2984 3272 14.9706 333
346 0 3451 3004 3248 9.31371 345
347 0 3455 3012 3240 9.31371 346
348 0 3447 3020 3228 6.94427 347
349 0 3419 2876 3320 6.94427 281
350 0 3435 2868 3320 6 349
351 0 3443 2868 3320 6 350
352 0 3451 2872 3312 6 351
353 0 3359 2888 3256 9.31371 278
354 0 3367 2892 3248 6 353
355 0 3383 2892 3248 6 354
356 0 3391 2892 3248 6 355
357 0 3403 2888 3248 10 356
358 2 3425.12 2888 3254.12 7.8143 357
359 0 3435 2892 3260 6 358
360 0 3447 2888 3276 6 359
361 0 3455 2892 3284 6 360
362 0 3471 2888 3300 6 361
363 0 3475 2884 3304 6 362
364 0 3479 2888 3312 6 363
365 0 3495 2868 3320 9.31371 364
366 0 3495 2860 3328 9.31371 365
367 0 3503 2840 3324 10 366
368 0 3499 2828 3320 6.94427 367
369 0 3495 2816 3316 9.31371 368
370 0 3479 2804 3320 3.65685 369
371 0 3475 2800 3324 2 370
372 0 3451 2896 3244 6 358
373 0 3467 2892 3240 6 372
374 0 3475 2892 3236 6.94427 373
375 0 3483 2892 3232 2 374
376 0 3487 2888 3228 6 375
377 0 3495 2888 3228 6.94427 376
378 0 3503 2880 3224 6.94427 377
379 0 3507 2872 3220 2 378
380 0 3507 2868 3216 2 379
381 2 3274.09 2883.16 3162.59 24.1236 45
382 0 3267 2900 3152 22 381
383 0 3235 2920 3156 9.31371 382
384 0 3215 2924 3160 3.65685 383
385 0 3211 2928 3164 3.65685 384
386 0 3207 2928 3164 3.65685 385
387 0 3199 2936 3164 6.94427 386
388 0 3187 2956 3168 10.6491 387
389 0 3163 2968 3172 9.31371 388
390 0 3151 2968 3172 6 389
391 0 3139 2968 3172 9.31371 390
392 0 3131 2956 3176 14 391
393 0 3119 2952 3184 6 392
394 0 3111 2948 3192 9.31371 393
395 0 3087 2944 3212 6.94427 394
396 0 3071 2960 3224 6.94427 395
397 0 3059 2968 3236 6.94427 396
398 0 3047 2980 3256 12.4222 397
399 0 3035 2988 3276 6 398
400 0 3279 2900 3124 9.31371 382
401 2 3285.8 2900 3110.4 9.31371 400
402 0 3303 2904 3096 9.31371 401
403 0 3311 2908 3092 6.94427 402
404 0 3327 2924 3088 12.4222 403
405 0 3343 2944 3104 6 404
406 0 3347 2948 3108 3.65685 405
407 0 3347 2948 3112 3.65685 406
408 0 3343 2952 3116 3.65685 407
409 0 3343 2960 3124 6 408
410 0 3335 2968 3132 6 409
411 0 3331 2976 3132 3.65685 410
412 0 3327 2984 3132 6 411
413 0 3331 2996 3132 6.94427 412
414 0 3331 3008 3148 6.94427 413
415 0 3331 3016 3156 6 414
416 0 3331 3024 3160 2 415
417 0 3331 3028 3164 3.65685 416
418 0 3331 3032 3168 2 417
419 0 3327 3036 3172 6 418
420 0 3327 3044 3168 6.94427 419
421 0 3327 3060 3168 14 420
422 0 3315 3072 3156 6.94427 421
423 0 3355 2992 3116 9.31371 413
424 0 3359 2980 3120 2 423
425 0 3359 2976 3120 2 424
426 0 3271 2896 3104 6 401
427 0 3259 2896 3096 6.94427 426
428 0 3251 2904 3092 6.94427 427
429 0 3243 2912 3084 2 428
430 0 3243 2916 3080 2 429
431 0 3295 2940 3168 14.9706 381
432 0 3299 2968 3160 10 431
433 0 3303 2980 3152 10 432
434 0 3307 2996 3148 2 433
435 0 3283 2800 3180 14 44
436 0 3283 2788 3192 9.31371 435
437 0 3283 2772 3208 10 436
438 0 3283 2756 3216 10 437
439 2 3282.27 2742.91 3229.09 14.0882 438
440 0 3263 2724 3260 12.4222 439
441 0 3259 2708 3292 12.4222 440
442 0 3247 2684 3336 19.5407 441
443 0 3247 2647.71 3393.37 18.8918 442
444 2 3247 2638.73 3404.59 20.7563 443
445 0 3247 2616 3436 18 444
446 0 3255 2596 3464 14 445
447 2 3274.68 2584.11 3491.68 14 446
448 0 3283 2595.53 3506.12 14.9639 447
449 0 3283 2612 3516 10.6491 448
450 0 3271 2620 3532 9.31371 449
451 0 3255 2628 3552 6.94427 450
452 0 3243 2628 3568 6 451
453 0 3227 2616 3584 9.31371 452
454 0 3215 2608 3592 12.4222 453
455 0 3191 2596 3592 6 454
456 0 3183 2588 3592 3.65685 455
457 0 3171 2572 3588 9.31371 456
458 0 3151 2564 3588 9.31371 457
459 0 3127 2548 3592 6.94427 458
460 0 3115 2540 3596 6.94427 459
461 0 3099 2528 3596 6.94427 460
462 0 3091 2520 3600 6.94427 461
463 0 3083 2516 3604 3.65685 462
464 0 3079 2512 3608 6 463
465 0 3075 2508 3612 6 464
466 0 3063 2504 3612 6 465
467 0 3055 2500 3616 6.94427 466
468 0 3047 2492 3612 6 467
469 0 3299 2600 3532 9.31371 448
470 0 3311 2608 3544 9.31371 469
471 0 3331 2624 3560 6.94427 470
472 0 3339 2628 3568 10 471
473 0 3355 2636 3568 12.4222 472
474 0 3379.74 2633.63 3592.74 10 473
475 0 3398.1 2605.93 3620.14 11.5157 474
476 0 3407 2600 3632 14 475
477 0 3419 2592 3632 9.31371 476
478 0 3431 2580 3632 12.4222 477
479 0 3439 2568 3628 9.31371 478
480 0 3447 2564 3624 6 479
481 0 3455 2564 3620 6 480
482 0 3463 2560 3612 9.31371 481
483 0 3479 2544 3616 9.31371 482
484 0 3495 2528 3620 3.65685 483
485 0 3495 2524 3620 2 484
486 0 3427 2548 3628 6 479
487 0 3415 2532 3624 6.94427 486
488 0 3407 2516 3620 6.94427 487
489 0 3403 2504 3620 2 488
490 0 3383 2612 3644 9.31371 475
491 0 3379 2612 3664 9.31371 490
492 0 3391 2616 3672 3.65685 491
493 0 3395 2624 3672 6.94427 492
494 0 3399 2632 3668 3.65685 493
495 0 3399 2636 3668 2 494
496 0 3403 2640 3584 6 474
497 0 3423 2644 3576 9.31371 496
498 0 3443 2656 3568 6.94427 497
499 0 3451 2664 3560 6 498
500 0 3459 2672 3556 2 499
501 0 3463 2672 3556 2 500
502 0 3355 2656 3556 6 473
503 0 3351 2672 3548 6.94427 502
504 0 3355 2684 3540 6.94427 503
505 0 3363 2692 3536 2 504
506 0 3367 2692 3536 2 505
507 0 3283 2544 3496 14.4924 447
508 0 3271 2516 3520 9.31371 507
509 0 3259 2500 3524 6 508
510 0 3255 2492 3524 2 509
511 0 3255 2488 3524 2 510
512 0 3279 2632 3404 6.94427 444
513 0 3291 2608 3404 14.4924 512
514 0 3315 2576 3400 10 513
515 0 3315 2564 3400 6.94427 514
516 0 3323 2552 3400 6.94427 515
517 0 3327 2544 3404 6 516
518 0 3219 2628 3388 9.31371 443
519 0 3211 2632 3380 9.31371 518
520 0 3207 2688 3328 6 442
521 0 3199 2692 3328 6 520
522 0 3187 2684 3328 6.94427 521
523 0 3175 2676 3332 12.4222 522
524 0 3163 2664 3328 6.94427 523
525 0 3155 2664 3320 6 524
526 0 3143 2660 3300 9.31371 525
527 0 3139 2664 3292 6 526
528 0 3305.14 2720.79 3226.93 9.67061 439
529 0 3311 2712 3224 10.6491 528
530 0 3339 2704 3216 10 529
531 0 3351 2700 3212 6.94427 530
532 0 3363 2700 3204 10.6491 531
533 2 3385.09 2681.91 3189.27 10.1033 532
534 0 3383 2656 3176 6.94427 533
535 0 3367 2632 3172 12.4222 534
536 0 3363 2608 3164 10 535
537 0 3383 2596 3176 6 536
538 0 3387 2592 3180 6 537
539 0 3399 2696 3172 6.94427 533
540 0 3407 2704 3172 3.65685 539
541 0 3407 2708 3172 2 540
542 0 3407 2716 3172 6 541
543 0 3407 2728 3168 9.31371 542
544 0 3391 2752 3172 10 543
545 0 3379 2772 3164 6 544
546 0 3307 2712 3248 10 528
547 0 3311 2708 3260 12.4222 546
548 0 3315 2692 3276 3.65685 547
549 0 3315 2808 3144 9.31371 43
550 0 3335 2792 3144 6 549
551 0 3347 2776 3132 9.31371 550
552 0 3355 2780 3120 6 551
553 0 3355 2792 3104 6 552
554 0 3355 2800 3096 6 553
555 0 3275 2808 3092 9.31371 42
556 0 3267 2804 3084 6.94427 555
557 0 3263 2796 3080 3.65685 556
558 0 3259 2792 3080 3.65685 557
559 0 3255 2784 3076 6.94427 558
560 0 3331 2848 3096 6.94427 41
561 0 3343 2864 3100 6 560
562 0 3343 2880 3100 6 561
563 0 3347 2896 3100 6 562
564 0 3347 2904 3096 3.65685 563
565 0 3351 2908 3096 2 564
566 0 3355 2912 3096 2 565
567 0 3243 2820 2944 6.94427 37
568 0 3235 2816 2940 6 567
569 0 3231 2812 2936 2 568
570 0 3227 2812 2936 2 569
571 0 3223 2812 2932 2 570
572 0 3219 2808 2936 2 571
573 0 3231 2804 2908 9.31371 35
574 0 3219 2804 2900 6 573
575 0 3211 2804 2896 6 574
576 0 3071 2676 2620 14.9706 24
577 2 3044.66 2657.24 2604.83 12.4222 576
578 0 3039 2648 2592 9.31371 577
579 0 3023 2640 2564 14.9706 578
580 0 3007 2640 2528 12.4222 579
581 0 2999 2636 2504 12.4222 580
582 0 3027 2644 2620 12.4222 577
583 0 3007 2628 2616 9.31371 582
584 0 3003 2620 2612 6 583
585 0 2995 2608 2612 6 584
586 0 2991 2604 2608 6 585
587 0 2987 2592 2604 10 586
588 0 2983 2580 2596 6 587
