# Generated by NeuTu (https://github.com/janelia-flyem/NeuTu)
1 0 2719 3505 5797 6 -1
2 0 2711 3509 5797 6 1
3 0 2691 3505 5793 18.3961 2
4 0 2643 3469 5817 32.176 3
5 2 2612.62 3449.83 5797.4 33.2071 4
6 2 2609.53 3445.71 5797.91 31.0346 5
7 0 2575 3409 5813 12.4222 6
8 0 2567 3405 5825 14 7
9 0 2551 3397 5841 9.31371 8
10 0 2539 3401 5853 12.4222 9
11 0 2511 3393 5869 14 10
12 0 2483 3385 5877 24.8328 11
13 0 2443 3369 5897 14.9443 12
14 0 2407 3369 5925 14 13
15 0 2383 3361 5953 22 14
16 2 2383 3357 5961 24.4853 15
17 2 2383 3351.4 5972.2 27.9647 16
18 2 2383 3346.2 5982.6 31.1955 17
19 0 2363 3337 6045 14.4924 18
20 0 2347 3341 6069 12.4222 19
21 0 2339 3337 6097 12.4222 20
22 0 2335 3341 6125 9.31371 21
23 0 2331 3341 6137 9.31371 22
24 0 2331 3341 6149 6 23
25 0 2331 3341 6165 6 24
26 0 2331 3341 6181 6 25
27 0 2331 3341 6197 6.94427 26
28 0 2331 3337 6217 6.94427 27
29 0 2328.56 3330.56 6237.89 9.31371 28
30 0 2331 3309 6273 18.3961 29
31 2 2328.48 3311.52 6285.59 15.6282 30
32 0 2327 3317 6309 9.31371 31
33 0 2327 3317 6333 10.6491 32
34 0 2335 3321 6341 9.31371 33
35 0 2335 3321 6357 10 34
36 0 2335 3321 6373 6.94427 35
37 0 2339 3325 6397 10 36
38 0 2338.79 3325.21 6426.26 13.917 37
39 0 2323 3325 6473 9.31371 38
40 0 2323 3317 6501 10 39
41 0 2323 3301.13 6544.6 17.2033 40
42 0 2311.46 3286.38 6633.15 33.9831 41
43 0 2312.9 3309.57 6675.48 20.7559 42
44 0 2299 3309 6693 6.94427 43
45 0 2284.27 3303.18 6723.73 12.8927 44
46 0 2271.19 3295.1 6738.71 13.5066 45
47 2 2263 3285 6783 18.0396 46
48 0 2250.59 3268.32 6813.68 18.3811 47
49 0 2235.85 3241.65 6842.45 33.6417 48
50 2 2230.28 3228.65 6859.16 41.4184 49
51 2 2228.81 3225.23 6863.56 43.4681 50
52 0 2227 3221 6869 46 51
53 2 2224.36 3210.45 6898.01 27.5362 52
54 0 2223 3205 6913 18 53
55 0 2223 3181 6941 10.6491 54
56 2 2209.8 3174.4 6970 18.2624 55
57 0 2168.2 3181 7013.93 29.541 56
58 0 2119 3205 7017 10 57
59 0 2111 3225 7017 6.94427 58
60 0 2107 3237 7021 10 59
61 0 2079.51 3253 7037.74 16.6613 60
62 2 2065.45 3246.63 7084.1 22.7225 61
63 2 2062.31 3261 7161.54 31.326 62
64 0 2043 3225 7225 18.3961 63
65 0 2039 3221 7245 10.6491 64
66 0 2027 3221 7261 10 65
67 0 2031 3217 7285 10 66
68 0 2019 3217 7317 9.31371 67
69 0 2011 3221 7345 10.6491 68
70 0 1995 3225 7361 10.6491 69
71 0 1963 3217 7369 10 70
72 0 1947 3213 7373 9.31371 71
73 0 1935 3205 7377 14 72
74 0 1923 3205 7389 9.31371 73
75 0 1911 3205 7401 12.4222 74
76 0 1887 3193 7425 14.4924 75
77 0 1867 3177 7449 12.4222 76
78 0 1839 3157 7481 14.4924 77
79 0 1823 3133 7517 10.6491 78
80 0 1815 3121 7533 10.6491 79
81 0 1803 3105 7561 14.9706 80
82 0 1791 3097 7581 23.2982 81
83 0 1775 3081 7633 18 82
84 0 1755 3053 7665 10.6491 83
85 0 1743 3041 7677 12.4222 84
86 0 1743 3025 7697 18 85
87 0 1743 3013 7717 10 86
88 0 1739 3001 7741 12.4222 87
89 0 1739 2993 7773 10 88
90 0 1735 2989 7797 10 89
91 0 1731 2993 7831.67 9.31371 90
92 0 1735 2989 7861 10 91
93 0 1731 2981 7885 10 92
94 0 1727 2977 7897 6.94427 93
95 0 1727 2977 7929 12.4222 94
96 0 1715 2957 7953 9.31371 95
97 0 1695 2933 7981 12.4222 96
98 0 1683 2909 7997 6 97
99 0 1739 2973 7825 6.94427 91
100 0 1739 2957 7809 6 99
101 0 1739 2957 7801 2 100
102 0 1739 2957 7797 2 101
103 0 1911 3217 7369 15.8885 75
104 0 1923 3217 7357 15.8885 103
105 0 1923 3205 7345 6 104
106 0 2015 3249 7221 9.31371 64
107 0 2011 3265 7217 3.65685 106
108 0 2007 3269 7213 2 107
109 0 2075 3317 7149 6.94427 63
110 0 2071 3325 7149 3.65685 109
111 0 2067 3325 7149 2 110
112 0 2099 3221 7073 15.8885 62
113 0 2127 3201 7077 6 112
114 0 2135 3201 7077 6 113
115 0 2139 3197 7081 2 114
116 0 2139 3197 7085 2 115
117 0 2071 3225 7033 10 61
118 0 2083 3205 7021 6 117
119 0 2091 3201 7021 2 118
120 0 2095 3201 7021 2 119
121 0 2187 3181 7069 6.94427 57
122 0 2187 3181 7077 6 121
123 0 2187 3177 7089 9.31371 122
124 0 2195 3173 7097 10 123
125 0 2203 3177 7105 6 124
126 0 2207 3177 7113 6 125
127 0 2207 3169 7121 3.65685 126
128 0 2207 3165 7125 3.65685 127
129 0 2207 3161 7129 2 128
130 0 2243 3169 6957 12.4222 56
131 0 2283 3165 6953 12.4222 130
132 0 2283 3153 6961 6 131
133 0 2287 3133 6957 6 132
134 2 2217.83 3190.76 6965.18 14.4476 56
135 0 2227 3217 6969 10 134
136 0 2243 3225 6973 18 135
137 0 2259 3221 6965 9.31371 136
138 0 2267 3213 6961 6.94427 137
139 0 2267 3205 6953 6 138
140 0 2243 3201 6989 10 134
141 0 2251 3197 6997 6 140
142 0 2259 3193 6997 2 141
143 0 2263 3193 6997 2 142
144 0 2267 3193 6997 2 143
145 0 2271 3193 6997 2 144
146 0 2259 3205 6917 19.5407 54
147 0 2291 3217 6933 6 146
148 0 2299 3221 6941 10 147
149 0 2307 3217 6953 3.65685 148
150 0 2311 3217 6953 2 149
151 2 2243.65 3239.76 6907.45 20.2024 53
152 0 2255 3257 6913 15.8885 151
153 0 2271 3257 6913 10 152
154 0 2287 3257 6913 14.4924 153
155 0 2303 3257 6901 10 154
156 0 2303 3249 6893 6.94427 155
157 0 2263 3281 6913 9.31371 152
158 0 2275 3285 6909 10.6491 157
159 0 2287 3285 6901 2 158
160 0 2291 3285 6897 2 159
161 0 2275 3233 6901 10 151
162 0 2287 3233 6901 10 161
163 0 2295 3233 6893 6.94427 162
164 0 2235 3135.93 6836.47 11.765 52
165 0 2235 3117 6829 6 164
166 0 2235 3101 6829 9.31371 165
167 0 2239 3093 6837 6.94427 166
168 0 2239 3121 6845 3.65685 164
169 0 2243 3113 6849 6 168
170 0 2243 3105 6849 6 169
171 0 2243 3101 6857 6 170
172 0 2247 3177 6801 10 51
173 0 2255 3185 6789 9.31371 172
174 2 2165.84 3195.8 6834.2 27.3278 50
175 0 2127 3209 6829 19.5407 174
176 0 2115 3209 6813 14 175
177 0 2099 3201 6797 18 176
178 0 2111 3177 6789 12.4222 177
179 0 2111 3173 6777 9.31371 178
180 0 2159 3157 6849 14 174
181 0 2147 3145 6849 6 180
182 0 2143 3141 6845 6 181
183 0 2139 3145 6841 3.65685 182
184 0 2139 3145 6837 2 183
185 0 2135 3149 6833 2 184
186 0 2263 3257 6861 22.3311 50
187 0 2299 3261 6865 10 186
188 0 2319 3277 6885 14.9706 187
189 0 2335 3281 6893 10 188
190 0 2347 3269 6901 6.94427 189
191 0 2363 3265 6917 10.6491 190
192 0 2275 3281 6861 10.6491 186
193 0 2283 3297 6873 12.4222 192
194 0 2307 3309 6869 6 193
195 0 2191 3201 6801 20.6274 49
196 0 2179 3193 6781 12.4222 195
197 0 2191 3177 6757 6.94427 196
198 0 2199 3169 6749 9.31371 197
199 0 2207 3173 6741 3.65685 198
200 0 2211 3177 6737 2 199
201 0 2171 3209 6757 15.8885 196
202 0 2159 3217 6749 6 201
203 0 2295 3277 6829 19.5407 48
204 2 2318.12 3253.59 6809.88 11.1901 203
205 0 2327 3265 6797 10 204
206 0 2355 3269 6793 10.6491 205
207 0 2367 3277 6793 3.65685 206
208 0 2367 3281 6789 2 207
209 0 2339 3249 6821 10.6491 204
210 0 2363 3237 6841 6 209
211 0 2299 3309 6833 18 203
212 0 2295 3341 6829 3.65685 211
213 0 2291 3345 6829 2 212
214 0 2291 3349 6829 2 213
215 0 2291 3301 6785 21.3238 47
216 0 2283 3321 6785 10 215
217 0 2287 3333 6781 6 216
218 0 2283 3333 6769 3.65685 217
219 0 2283 3333 6765 3.65685 218
220 0 2279 3329 6761 2 219
221 0 2287 3309 6741 10.6491 46
222 0 2299 3321 6741 14.4924 221
223 0 2303 3345 6749 14 222
224 0 2283 3369 6733 10 223
225 0 2271 3373 6729 6 224
226 0 2271 3297 6689 6.94427 45
227 0 2271 3297 6681 6.94427 226
228 0 2267 3293 6673 3.65685 227
229 0 2267 3293 6669 3.65685 228
230 0 2267 3289 6665 2 229
231 0 2311 3281 6685 14.9706 43
232 0 2310.2 3255.4 6673 14.8118 231
233 0 2343 3249 6673 9.31371 232
234 0 2367 3249 6685 10 233
235 0 2287 3229 6661 14.4924 232
236 0 2271 3229 6661 9.31371 235
237 0 2259 3229 6673 6.94427 236
238 0 2251 3229 6681 6 237
239 0 2363 3297 6633 18 42
240 0 2343 3313 6533 14.4924 41
241 0 2355 3321 6505 14 240
242 0 2379 3333 6485 12.4222 241
243 0 2395 3337 6461 9.31371 242
244 0 2391 3341 6453 6.94427 243
245 0 2387 3349 6441 6.94427 244
246 0 2387 3361 6425 6 245
247 0 2387 3377 6405 6 246
248 0 2387 3385 6397 3.65685 247
249 0 2387 3389 6397 2 248
250 0 2387 3393 6397 2 249
251 0 2391 3397 6393 2 250
252 0 2391 3401 6393 2 251
253 0 2347 3333 6489 6.94427 241
254 0 2347 3337 6473 6.94427 253
255 0 2347 3345 6465 2 254
256 0 2347 3349 6461 2 255
257 0 2347 3305 6429 10.6491 38
258 0 2343 3297 6437 10 257
259 0 2335 3297 6445 6.94427 258
260 0 2335 3281 6277 10.6491 31
261 0 2339 3257 6277 10 260
262 0 2343 3245 6277 6 261
263 0 2355 3233 6277 9.31371 262
264 0 2367 3225 6265 10 263
265 0 2375 3233 6253 6 264
266 0 2383 3237 6245 6 265
267 0 2387 3241 6241 6 266
268 0 2311 3293 6257 18 30
269 0 2295 3285 6241 6.94427 268
270 0 2287 3269 6225 6.94427 269
271 0 2283 3257 6225 6.94427 270
272 0 2279 3249 6217 3.65685 271
273 0 2279 3245 6213 3.65685 272
274 0 2279 3241 6209 2 273
275 0 2319 3329 6221 9.31371 29
276 0 2311 3329 6213 6.94427 275
277 0 2307 3333 6193 6 276
278 0 2299 3333 6181 2 277
279 0 2299 3333 6177 2 278
280 2 2351 3367 5967 11.4142 18
281 0 2339 3373 5961 3.65685 280
282 0 2331 3377 5961 3.65685 281
283 0 2327 3381 5961 3.65685 282
284 0 2319 3385 5961 6 283
285 0 2311 3393 5969 6 284
286 0 2347 3369 5949 6 280
287 0 2339 3373 5941 3.65685 286
288 0 2331 3377 5937 6 287
289 0 2323 3381 5937 6 288
290 0 2419 3345 5945 10 17
291 0 2439 3353 5933 10.6491 290
292 0 2455 3369 5933 10 291
293 0 2463 3377 5929 2 292
294 0 2467 3377 5929 2 293
295 0 2423 3369 5961 9.31371 16
296 0 2431 3377 5953 6 295
297 0 2443 3385 5949 6 296
298 0 2363 3361 5933 9.31371 15
299 0 2355 3369 5925 3.65685 298
300 0 2351 3369 5921 3.65685 299
301 0 2347 3373 5917 3.65685 300
302 0 2347 3377 5913 2 301
303 0 2439 3341 5865 14 13
304 0 2435 3325 5865 6.94427 303
305 0 2555 3417 5861 9.31371 10
306 0 2571 3437 5857 14.4924 305
307 0 2595 3465 5849 20.6274 306
308 0 2587 3481 5833 14 307
309 0 2635 3453 5773 18 6
310 0 2651 3445 5769 9.31371 309
311 0 2659 3437 5765 9.31371 310
312 0 2667 3433 5757 6 311
313 0 2671 3437 5741 6 312
314 0 2675 3437 5733 3.65685 313
315 0 2679 3433 5729 6 314
316 0 2687 3433 5721 6 315
317 0 2687 3433 5713 3.65685 316
318 0 2691 3437 5709 2 317
319 0 2695 3437 5705 2 318
320 0 2627 3477 5777 26.2843 5
321 0 2655 3485 5773 14 320
