# Generated by NeuTu (https://github.com/janelia-flyem/NeuTu)
1 0 3263 3020 2000 6 -1
2 0 3271 3020 2008 6 1
3 0 3267 3012 2024 6 2
4 0 3267 2996 2036 6.94427 3
5 0 3275 2988 2044 6 4
6 0 3275 2980 2056 6 5
7 0 3275 2980 2064 6 6
8 0 3267 2968 2072 6 7
9 0 3259 2956 2080 6 8
10 0 3255 2944 2088 6 9
11 0 3255 2936 2096 6 10
12 0 3255 2928 2104 3.65685 11
13 0 3255 2920 2112 3.65685 12
14 0 3251 2912 2120 6 13
15 0 3247 2908 2124 3.65685 14
16 0 3247 2904 2136 6 15
17 0 3247 2904 2144 6.94427 16
18 0 3239 2908 2156 6 17
