# Generated by NeuTu (https://github.com/janelia-flyem/NeuTu)
1 0 2793 2112 7104 2 -1
2 0 2793 2108 7104 2 1
3 0 2793 2100 7108 6 2
4 0 2789 2096 7112 3.65685 3
5 0 2781 2088 7120 6.94427 4
6 0 2773 2080 7120 9.31371 5
7 0 2769 2072 7116 6 6
8 0 2769 2056 7116 6.94427 7
9 0 2761 2040 7108 6 8
10 0 2765 2032 7108 6 9
11 0 2769 2028 7104 3.65685 10
12 0 2769 2016 7100 6 11
13 0 2773 2008 7100 6 12
14 0 2781 2000 7092 6.94427 13
15 0 2781 1988 7084 6.94427 14
16 0 2773 1980 7076 6 15
17 0 2769 1976 7072 6 16
18 0 2769 1968 7064 10.6491 17
19 0 2749 1956 7056 6.94427 18
20 0 2741 1952 7052 6.94427 19
21 2 2717.41 1946.21 7039.31 15.9722 20
22 2 2711.29 1942.86 7032.57 18.7569 21
23 0 2701 1936 7012 23.2982 22
24 0 2717 1928 6968 18 23
25 0 2733 1924 6960 12.4222 24
26 0 2749 1924 6948 12.4222 25
27 0 2761 1912 6924 12.4222 26
28 0 2765 1900 6920 6.94427 27
29 0 2773 1888 6912 9.31371 28
30 0 2781 1880 6896 6 29
31 0 2781 1868 6884 9.31371 30
32 0 2789 1856 6872 9.31371 31
33 0 2801 1848 6860 9.31371 32
34 0 2813 1848 6836 10.6491 33
35 0 2817 1824 6800 23.6125 34
36 0 2861 1836 6732 30.249 35
37 0 2873 1844 6704 18 36
38 2 2895.74 1828.42 6681.26 9.64092 37
39 0 2905 1832 6672 6 38
40 0 2913 1840 6664 6 39
41 0 2921 1840 6656 6 40
42 0 2937 1840 6656 6 41
43 0 2957 1840 6644 6 42
44 0 2965 1840 6636 9.31371 43
45 0 2993 1856 6620 6.94427 44
46 0 3005 1864 6620 9.31371 45
47 0 3029 1876 6604 12.4222 46
48 0 3045 1880 6616 10 47
49 0 3053 1880 6624 6 48
50 2 3067.22 1887.11 6638.22 9.84749 49
51 0 3077 1892 6652 6.94427 50
52 0 3093 1908 6668 6.94427 51
53 0 3101 1924 6680 9.31371 52
54 0 3109 1936 6692 9.31371 53
55 0 3121 1976 6700 14.4924 54
56 0 3121 2004 6700 26.8444 55
57 0 3101 2028 6700 20.6274 56
58 2 3054.54 2073.35 6694.22 25.9494 57
59 0 3045 2108 6688 19.5407 58
60 0 3036.6 2154 6655.2 20.7803 59
61 2 3034.27 2165.67 6650.53 17.6097 60
62 0 3029 2188 6648 12.4222 61
63 0 3017 2224 6648 12.4222 62
64 0 3017 2240 6652 15.8885 63
65 0 3033 2268 6656 14 64
66 0 3061.08 2314.12 6639.92 13.7214 65
67 0 3109 2356 6616 18 66
68 0 3129 2368 6616 23.2982 67
69 0 3149 2400 6596 18 68
70 2 3205.76 2467.05 6574.48 29.905 69
71 2 3211.48 2485.79 6568 24.0794 70
72 0 3225 2520 6568 10 71
73 0 3221 2540 6572 6 72
74 0 3217 2544 6576 6 73
75 0 3213 2556 6576 2 74
76 0 3229 2512 6552 10 72
77 0 3225 2500 6536 3.65685 76
78 0 3225 2492 6528 6 77
79 0 3221 2484 6528 3.65685 78
80 0 3221 2480 6524 2 79
81 0 3221 2476 6524 2 80
82 0 3177 2508 6564 10.6491 71
83 0 3177 2524 6580 9.31371 82
84 2 3235.62 2448.24 6603.08 13.2308 70
85 0 3249 2448 6612 9.31371 84
86 0 3261 2448 6612 3.65685 85
87 0 3265 2448 6616 2 86
88 0 3269 2448 6620 2 87
89 0 3273 2448 6624 2 88
90 0 3277 2444 6628 6 89
91 0 3233 2452 6620 6 84
92 0 3241 2448 6628 3.65685 91
93 0 3241 2444 6636 3.65685 92
94 0 3245 2440 6640 3.65685 93
95 0 3249 2440 6648 6 94
96 0 3049 2324 6660 6.94427 66
97 0 3045 2324 6672 10 96
98 0 3033 2332 6688 3.65685 97
99 0 3033 2336 6696 3.65685 98
100 0 3033 2336 6704 3.65685 99
101 0 3033 2340 6712 6 100
102 0 3029 2344 6716 6 101
103 0 3025 2344 6736 3.65685 102
104 0 3025 2344 6740 3.65685 103
105 0 3025 2344 6748 6 104
106 0 3021 2352 6760 6 105
107 0 3013 2356 6768 6.94427 106
108 0 3013 2356 6792 6 107
109 0 3013 2352 6800 6 108
110 0 3021 2348 6808 2 109
111 0 3025 2348 6808 2 110
112 0 3061 2152 6640 6 61
113 0 3065 2136 6628 6 112
114 0 3073 2128 6620 6.94427 113
115 0 3073 2124 6608 9.31371 114
116 0 3073 2112 6592 3.65685 115
117 0 3077 2108 6588 2 116
118 0 3077 2108 6584 2 117
119 2 3061.62 2159.53 6669.93 7.67303 60
120 0 3077 2156 6680 6.94427 119
121 2 3087.62 2148.92 6680 6.94427 120
122 0 3097 2140 6676 3.65685 121
123 0 3105 2136 6676 3.65685 122
124 0 3113 2132 6676 3.65685 123
125 0 3121 2132 6676 6 124
126 0 3125 2136 6672 6 125
127 0 3129 2140 6676 6 126
128 0 3137 2148 6668 6.94427 127
129 0 3145 2160 6664 6 128
130 0 3149 2176 6668 6 129
131 0 3145 2196 6668 6 130
132 0 3133 2204 6652 6.94427 131
133 0 3121 2204 6636 3.65685 132
134 0 3117 2200 6636 2 133
135 0 3085 2144 6712 6 121
136 0 3089 2140 6728 6 135
137 0 3093 2128 6748 6 136
138 0 3101 2120 6756 2 137
139 0 3069 2164 6656 6.94427 119
140 0 3077 2168 6644 6.94427 139
141 0 3081 2172 6632 6 140
142 0 3077 2172 6616 6 141
143 0 3069 2180 6608 6 142
144 0 3065 2052 6724 18 58
145 0 3061 2052 6744 3.65685 144
146 0 3053 2052 6752 6 145
147 0 3053 2048 6760 6 146
148 0 3145 2000 6740 6.94427 56
149 0 3161 1992 6756 6 148
150 0 3169 1988 6764 6 149
151 0 3185 1984 6772 6 150
152 0 3201 1980 6788 6 151
153 0 3217 1980 6796 10 152
154 0 3229 1984 6796 9.31371 153
155 0 3237 1988 6792 6 154
156 0 3253 1992 6788 6.94427 155
157 0 3261 2000 6780 6.94427 156
158 0 3261 2004 6772 6.94427 157
159 0 3261 2016 6768 2 158
160 0 3045 1872 6644 9.31371 50
161 0 3033 1856 6656 9.31371 160
162 0 3025 1844 6660 6 161
163 0 3033 1880 6580 10 47
164 0 3041 1884 6560 6.94427 163
165 0 3045 1892 6548 6 164
166 0 3041 1896 6544 6 165
167 0 3045 1896 6528 6 166
168 0 3045 1900 6512 6 167
169 0 3045 1912 6496 6 168
170 0 3045 1924 6492 6 169
171 0 3053 1944 6472 6.94427 170
172 0 3073 1964 6456 10.6491 171
173 0 3077 1972 6448 10.6491 172
174 0 3085 1980 6444 6.94427 173
175 0 3105 2000 6440 6.94427 174
176 0 3121 2012 6432 6.94427 175
177 0 3137 2024 6420 9.31371 176
178 0 3149 2028 6400 9.31371 177
179 0 3165 2032 6384 9.31371 178
180 0 3173 2032 6372 6 179
181 0 3181 2032 6348 9.31371 180
182 0 3193 2036 6324 6 181
183 0 3205 2036 6304 10.6491 182
184 2 3225.53 2029.16 6283.47 10.7012 183
185 0 3257 2032 6260 9.31371 184
186 0 3281 2040 6240 9.31371 185
187 0 3313 2036 6232 14.4924 186
188 0 3353 2028 6224 38 187
189 0 3397 2072 6232 14 188
190 2 3426.79 2083.26 6241.79 10.9156 189
191 0 3445 2096 6260 6 190
192 0 3453 2096 6268 3.65685 191
193 0 3461 2096 6276 6 192
194 0 3469 2096 6288 9.31371 193
195 0 3481 2092 6308 6 194
196 0 3481 2092 6316 2 195
197 0 3481 2092 6320 3.65685 196
198 0 3481 2088 6324 2 197
199 2 3435.1 2100.71 6233.16 9.69898 190
200 0 3437 2120 6236 10 199
201 0 3453 2136 6236 9.31371 200
202 0 3461 2140 6240 6.94427 201
203 0 3449 2096 6212 12.4222 199
204 0 3465 2104 6196 9.31371 203
205 0 3213 2036 6268 9.31371 184
206 0 3201 2044 6252 6 205
207 0 3085 1988 6456 6.94427 173
208 0 3105 2004 6456 6.94427 207
209 0 3109 2012 6468 6 208
210 0 3109 2028 6480 6 209
211 0 3105 2036 6480 3.65685 210
212 0 3101 2040 6484 3.65685 211
213 0 3097 2040 6484 2 212
214 0 2885 1812 6684 9.31371 38
215 0 2881 1796 6684 6 214
216 0 2877 1788 6680 6 215
217 0 2869 1760 6668 12.4222 216
218 0 2857 1752 6668 6 217
219 0 2693 1912 7068 18 22
220 0 2681 1884 7072 9.31371 219
221 0 2677 1876 7076 3.65685 220
222 0 2673 1872 7076 3.65685 221
223 0 2673 1864 7084 3.65685 222
224 0 2669 1860 7088 6 223
225 0 2661 1852 7100 6.94427 224
226 0 2657 1856 7120 6.94427 225
227 0 2717 1944 7068 14.9706 21
228 0 2721 1968 7084 6.94427 227
229 0 2721 1980 7092 2 228
230 0 2721 1984 7092 2 229
231 0 2725 1988 7096 6 230
232 0 2725 2004 7096 9.31371 231
233 0 2737 2020 7080 6 232
234 0 2733 2020 7072 2 233
235 0 2729 2020 7072 2 234
236 0 2701 1944 7096 10 227
237 0 2689 1944 7096 6 236
238 0 2673 1940 7100 10 237
239 0 2661 1936 7096 6 238
