# Generated by NeuTu (https://github.com/janelia-flyem/NeuTu)
1 0 2908 2214 6252 2 -1
2 0 2912 2210 6252 3.65685 1
3 0 2912 2202 6248 6.94427 2
4 0 2928 2190 6240 10.6491 3
5 0 2940 2190 6252 6 4
6 0 2956 2190 6268 6 5
7 0 2968 2198 6288 6 6
8 0 2972 2202 6292 3.65685 7
9 0 2976 2206 6296 6 8
10 0 2980 2214 6304 6.94427 9
11 0 2976 2222 6308 6 10
12 0 2980 2234 6312 6 11
13 0 2992 2258 6316 10 12
14 0 2996 2290 6312 9.31371 13
15 0 3004 2298 6320 6 14
16 0 3008 2306 6328 6.94427 15
17 0 3008 2314 6328 3.65685 16
18 0 3008 2318 6324 2 17
19 0 3008 2322 6320 2 18
