# Generated by NeuTu (https://github.com/janelia-flyem/NeuTu)
1 0 3104 1749 6521 2 -1
2 0 3108 1749 6521 2 1
3 0 3112 1749 6521 2 2
4 0 3120 1753 6521 6 3
5 0 3132 1753 6509 6 4
6 0 3136 1757 6505 6 5
7 0 3128 1765 6489 9.31371 6
8 0 3107.11 1767.44 6468.11 8.38504 7
9 0 3096 1769 6453 6.94427 8
10 0 3096 1769 6445 6 9
11 0 3088 1769 6437 3.65685 10
12 0 3084 1765 6433 3.65685 11
13 0 3080 1761 6429 6 12
14 0 3068 1757 6417 6 13
15 0 3060 1753 6401 6 14
16 0 3056 1753 6393 3.65685 15
17 0 3052 1753 6389 3.65685 16
18 0 3048 1749 6385 6 17
19 0 3040 1749 6369 6 18
20 0 3032 1749 6361 2 19
21 0 3032 1749 6357 3.65685 20
22 0 3028 1745 6353 2 21
23 0 3024 1745 6349 2 22
24 0 3036 1745 6417 2 15
25 0 3032 1745 6413 2 24
26 0 3028 1745 6409 2 25
27 0 3024 1745 6405 2 26
28 0 3084 1765 6481 6.94427 8
29 0 3076 1769 6493 6 28
30 0 3072 1765 6497 2 29
31 0 3068 1765 6497 2 30
