# Generated by NeuTu (https://github.com/janelia-flyem/NeuTu)
1 0 3197 2479 6036 2 -1
2 0 3193 2479 6036 2 1
3 0 3185 2479 6040 6.94427 2
4 0 3177 2471 6040 9.31371 3
5 0 3173 2459 6052 6.94427 4
6 0 3165 2451 6060 6 5
7 0 3161 2443 6068 6 6
8 0 3153 2427 6072 6 7
9 0 3141 2403 6076 6 8
10 0 3141 2391 6080 10 9
11 0 3137 2379 6080 6 10
12 0 3137 2371 6080 6 11
13 0 3137 2363 6084 6 12
14 0 3129 2355 6092 6.94427 13
15 0 3117 2355 6108 10 14
16 0 3081 2351 6124 6 15
17 0 3069 2335 6112 6 16
18 0 3065 2331 6104 9.31371 17
19 0 3061 2323 6096 6.94427 18
20 0 3141 2367 6064 2 12
21 0 3145 2367 6056 6 20
22 0 3149 2371 6052 6 21
23 0 3149 2387 6052 6 22
24 0 3149 2395 6056 2 23
25 0 3149 2399 6056 2 24
