# Generated by NeuTu (https://github.com/janelia-flyem/NeuTu)
1 0 3480 3236 2183 2 -1
2 0 3476 3240 2187 3.65685 1
3 0 3476 3244 2187 2 2
4 0 3472 3252 2187 6 3
5 0 3468 3260 2187 6 4
6 0 3464 3272 2203 6 5
7 0 3452 3276 2215 9.31371 6
8 0 3448 3276 2231 6.94427 7
9 0 3436 3264 2243 9.31371 8
10 0 3420 3260 2251 6 9
11 0 3398.12 3257.88 2257.82 9.47519 10
12 0 3392 3264 2267 10 11
13 0 3388 3272 2279 6 12
14 0 3388 3276 2295 6 13
15 0 3384 3272 2299 6 14
16 0 3384 3272 2307 6 15
17 0 3380 3264 2319 6 16
18 0 3376 3256 2331 6.94427 17
19 0 3376 3256 2347 6 18
20 0 3380 3256 2367 3.65685 19
21 0 3380 3256 2371 3.65685 20
22 0 3380 3256 2375 2 21
23 0 3380 3256 2387 6 22
24 0 3376 3256 2407 6.94427 23
25 0 3368 3260 2419 6.94427 24
26 0 3360 3268 2427 6.94427 25
27 0 3360 3284 2443 6 26
28 0 3364 3292 2455 6 27
29 0 3368 3296 2459 6 28
30 0 3372 3296 2479 6.94427 29
31 0 3368 3292 2495 9.31371 30
32 2 3368 3298.68 2508.37 6.5454 31
33 0 3364 3304 2527 6 32
34 0 3360 3308 2535 3.65685 33
35 0 3360 3308 2543 6 34
36 0 3356 3304 2559 6 35
37 0 3348 3300 2575 6 36
38 0 3344 3308 2583 3.65685 37
39 0 3340 3308 2587 2 38
40 0 3376 3284 2515 6 32
41 0 3384 3288 2531 6 40
42 0 3388 3292 2535 6 41
43 0 3384 3292 2551 6 42
44 0 3380 3288 2555 2 43
45 0 3380 3284 2555 2 44
46 0 3388 3240 2255 6.94427 11
47 0 3384 3228 2255 6 46
48 0 3380 3216 2247 6 47
49 0 3380 3208 2231 6 48
