# Generated by NeuTu (https://github.com/janelia-flyem/NeuTu)
1 0 3524 2383 6127 6 -1
2 0 3520 2387 6135 9.31371 1
3 0 3504 2391 6155 6.94427 2
4 0 3488 2391 6159 6 3
5 0 3476 2383 6159 6.94427 4
6 0 3464 2383 6159 6 5
7 0 3452 2375 6159 6.94427 6
8 0 3440 2367 6159 12.4222 7
9 0 3428 2367 6163 6.94427 8
10 0 3412 2371 6179 6 9
11 0 3404 2367 6187 6 10
12 0 3396 2371 6195 9.31371 11
13 0 3396 2375 6207 3.65685 12
14 0 3388 2375 6219 9.31371 13
15 0 3388 2379 6231 10 14
16 0 3376 2383 6243 6.94427 15
17 0 3364 2387 6255 6.94427 16
18 0 3356 2391 6263 10 17
19 0 3348 2387 6275 6.94427 18
20 0 3340 2371 6287 9.31371 19
21 0 3336 2363 6295 3.65685 20
22 0 3336 2359 6295 2 21
