# Generated by NeuTu (https://github.com/janelia-flyem/NeuTu)
1 0 3148 2477 6403 6 -1
2 0 3148 2469 6403 6 1
3 0 3152 2457 6403 10 2
4 0 3148 2449 6415 12.4222 3
5 0 3148 2437 6427 9.31371 4
6 0 3160 2425 6439 9.31371 5
7 0 3176 2417 6451 3.65685 6
8 0 3180 2417 6455 2 7
9 0 3184 2417 6455 2 8
10 0 3192 2417 6463 6 9
11 0 3200 2417 6471 6.94427 10
12 0 3200 2417 6479 6.94427 11
13 0 3208 2425 6487 6 12
14 0 3208 2433 6491 6 13
15 0 3212 2445 6491 10.6491 14
16 0 3228 2461 6487 3.65685 15
17 0 3232 2465 6487 3.65685 16
18 0 3236 2473 6487 6 17
19 0 3240 2485 6487 6 18
20 0 3244 2505 6487 6 19
21 0 3240 2509 6483 3.65685 20
22 0 3240 2513 6483 3.65685 21
23 0 3236 2517 6479 6 22
24 0 3232 2521 6475 2 23
25 0 3232 2525 6471 2 24
