# Generated by NeuTu (https://github.com/janelia-flyem/NeuTu)
1 0 3299 3012 6643 2 -1
2 0 3299 3008 6643 2 1
3 0 3303 3000 6635 6 2
4 0 3295 3000 6631 6 3
5 0 3283 3000 6619 10 4
6 0 3291 3004 6599 2 5
7 0 3291 3004 6595 2 6
8 0 3291 3004 6591 3.65685 7
9 0 3299 3012 6583 3.65685 8
10 0 3299 3016 6583 3.65685 9
11 0 3299 3024 6575 6 10
12 0 3291 3040 6563 9.31371 11
13 0 3287 3048 6555 6.94427 12
14 0 3279 3052 6551 3.65685 13
15 0 3275 3056 6547 3.65685 14
16 0 3267 3056 6527 10.868 15
17 0 3271 3068 6495 6 16
18 0 3275 3080 6483 6 17
19 2 3276.78 3090.89 6469.22 10.1803 18
20 0 3295 3088 6455 9.31371 19
21 0 3307 3092 6439 6 20
22 0 3315 3100 6419 9.31371 21
23 0 3331 3112 6411 6.94427 22
24 0 3351 3120 6395 6 23
25 0 3359 3120 6387 6 24
26 0 3367 3128 6379 6.94427 25
27 0 3375 3128 6371 10 26
28 0 3387 3120 6355 9.31371 27
29 0 3399 3116 6347 14 28
30 0 3423 3112 6331 9.31371 29
31 2 3430.33 3104.67 6323.67 10.5378 30
32 0 3443 3088 6319 10 31
33 0 3451 3060 6307 14.4924 32
34 0 3463 3052 6291 14 33
35 0 3479 3052 6287 6.94427 34
36 0 3491 3056 6279 6 35
37 0 3503 3060 6255 9.31371 36
38 0 3511 3068 6235 9.31371 37
39 0 3515 3072 6215 9.31371 38
40 0 3527 3080 6199 10 39
41 0 3543 3076 6187 10 40
42 0 3563 3064 6163 6.94427 41
43 0 3579 3048 6163 18 42
44 2 3625.18 3044.15 6163 44.9379 43
45 2 3645.7 3062.7 6179.03 30.8372 44
46 0 3679 3084 6211 18 45
47 0 3691 3088 6227 14.4924 46
48 0 3711 3096 6247 18 47
49 0 3731 3120 6275 37.3954 48
50 2 3708.79 3096.89 6344.91 34.5149 49
51 2 3702.72 3096 6366.27 34.2888 50
52 0 3669.96 3102.88 6432.04 32.4297 51
53 2 3649.46 3114.6 6452.54 26.9415 52
54 2 3640.88 3125.18 6473.37 23.0055 53
55 2 3634.69 3133.75 6490.51 20.5618 54
56 0 3623 3148 6531 19.5407 55
57 2 3615.16 3148 6590.03 20.5209 56
58 2 3611.44 3140.88 6612.37 24.3712 57
59 0 3623 3080 6691 46 58
60 2 3636.29 3065.05 6710.93 52.8504 59
61 2 3644.37 3055.96 6723.06 57.0177 60
62 2 3647.47 3052.47 6727.71 58.6162 61
63 2 3651.96 3047.43 6734.43 60.9282 62
64 2 3657.66 3039.81 6745.85 61.7031 63
65 2 3660.33 3035.63 6752.7 60.9082 64
66 2 3664.18 3029.57 6762.61 59.758 65
67 2 3680.11 3004.54 6803.57 55.0053 66
68 2 3682.06 3001.47 6808.6 54.4218 67
69 2 3669.08 2986.08 6844.4 35.1465 68
70 0 3647 2980 6887 14.4924 69
71 0 3623 2988 6923 18 70
72 0 3607 2980 6955 18 71
73 0 3607 2980 6995 14 72
74 0 3591 2984 7035 18 73
75 0 3579 2981.76 7094.68 23.732 74
76 0 3571 2964 7139 23.6125 75
77 2 3573.62 2941.52 7192.1 21.5495 76
78 2 3582.24 2931.17 7208.66 19.0419 77
79 0 3623 2908 7271 15.8885 78
80 0 3643 2908 7307 19.5407 79
81 0 3647 2912 7359 20.6274 80
82 0 3647 2912 7407 18 81
83 0 3663 2904 7451 19.5407 82
84 0 3679 2892 7503 18 83
85 0 3691 2880 7543 18 84
86 0 3695 2872 7587 19.5407 85
87 0 3691 2868 7643 14.4924 86
88 0 3691 2856 7683 19.5407 87
89 0 3687 2848 7727 15.8885 88
90 0 3667 2844 7755 18 89
91 0 3623 2848 7795 23.2982 90
92 0 3551 2848 7823 30 91
93 0 3456.19 2818.93 7845.14 36.9895 92
94 0 3387 2824 7879 15.8885 93
95 0 3347 2824 7899 15.8885 94
96 0 3335 2824 7911 14.9706 95
97 0 3307 2812 7911 14 96
98 0 3268.58 2812.61 7921.42 17.8771 97
99 0 3239 2816 7955 9.31371 98
100 0 3207 2796 7983 18 99
101 0 3187 2784 7999 18 100
102 0 3255 2788 7915 15.8885 98
103 0 3235 2788 7907 10.6491 102
104 0 3207 2788 7899 14 103
105 0 3191 2780 7899 12.4222 104
106 0 3171 2772 7911 3.65685 105
107 0 3167 2776 7911 2 106
108 2 3260.33 2761.33 7925.67 13.5777 102
109 0 3259 2736 7939 9.31371 108
110 0 3259 2724 7939 6 109
111 0 3255 2720 7943 2 110
112 0 3255 2716 7943 2 111
113 0 3283 2744 7911 9.31371 108
114 0 3287 2736 7907 6 113
115 0 3291 2728 7907 6 114
116 0 3291 2720 7907 3.65685 115
117 0 3291 2716 7903 2 116
118 0 3495 2804 7887 9.31371 93
119 2 3502 2800 7908 9.31371 118
120 0 3507 2796 7927 12.4222 119
121 0 3527 2772 7959 14.9706 120
122 0 3539 2760 7979 14 121
123 0 3559 2720 7987 14 122
124 0 3563 2688 7999 10 123
125 0 3563 2676 7999 10 124
126 0 3563 2664 7999 6 125
127 0 3515 2828 7899 6.94427 119
128 0 3523 2836 7899 6.94427 127
129 0 3535 2848 7895 12.4222 128
130 0 3547 2868 7875 2 129
131 0 3575 2904 7191 9.31371 78
132 0 3579 2896 7187 6 131
133 0 3583 2880 7183 6.94427 132
134 0 3583 2864 7179 6 133
135 0 3579 2852 7171 6 134
136 0 3547 2964 7191 9.31371 77
137 0 3539 2968 7195 6 136
138 0 3527 2972 7195 6 137
139 0 3519 2972 7203 3.65685 138
140 0 3515 2976 7207 6 139
141 0 3511 2972 7211 3.65685 140
142 0 3511 2972 7215 2 141
143 0 3511 2972 7219 2 142
144 0 3531 2948 7107 14 76
145 0 3531 2928 7091 3.65685 144
146 0 3531 2918 7081 6 145
147 0 3531 2912 7075 6 146
148 0 3527 2908 7071 2 147
149 0 3527 2908 7063 6 148
150 0 3515 2904 7055 9.31371 149
151 0 3507 2900 7047 6 150
152 0 3491 2896 7035 6.94427 151
153 0 3483 2888 7039 6 152
154 0 3483 2880 7043 6 153
155 0 3479 2876 7047 3.65685 154
156 0 3479 2872 7047 3.65685 155
157 0 3475 2864 7055 6.94427 156
158 0 3471 2848 7059 6 157
159 0 3463 2828 7063 6.94427 158
160 0 3463 2812 7063 6.94427 159
161 0 3471 2796 7067 6 160
162 0 3531 2900 7087 3.65685 146
163 0 3531 2896 7087 2 162
164 0 3527 2892 7091 3.65685 163
165 0 3519 2884 7095 6.94427 164
166 0 3511 2868 7095 6.94427 165
167 0 3507 2852 7099 6 166
168 0 3499 2840 7099 2 167
169 0 3507 2948 7115 9.31371 144
170 0 3499 2952 7119 6 169
171 0 3495 2956 7123 6 170
172 0 3495 2964 7131 2 171
173 0 3495 2964 7135 2 172
174 0 3611 3000 7099 9.31371 75
175 0 3627 3016 7099 6.94427 174
176 0 3639 3028 7095 10.6491 175
177 0 3655 3020 7099 10 176
178 0 3679 3020 7095 6 177
179 0 3691 3020 7095 6 178
180 0 3699 3020 7099 3.65685 179
181 0 3699 3020 7103 3.65685 180
182 0 3699 3020 7111 6 181
183 0 3699 3028 7119 6 182
184 0 3691 3040 7123 6 183
185 0 3687 3048 7131 6.94427 184
186 0 3679 3056 7131 6.94427 185
187 0 3679 3068 7131 10.6491 186
188 0 3675 3080 7123 3.65685 187
189 0 3675 3084 7119 2 188
190 0 3699 3020 7079 6 179
191 0 3703 3024 7075 3.65685 190
192 0 3703 3024 7067 6 191
193 0 3699 3028 7063 3.65685 192
194 0 3695 3028 7059 3.65685 193
195 0 3695 3028 7055 2 194
196 0 3639 3048 7087 6.94427 176
197 0 3643 3060 7083 6 196
198 0 3651 3072 7079 6 197
199 0 3659 3084 7067 6 198
200 0 3659 2948 6795 20.6274 69
201 0 3651 2928 6791 14.4924 200
202 0 3639 2916 6779 10.6491 201
203 0 3631 2908 6771 12.4222 202
204 0 3602.56 2904.44 6769.22 21.0473 203
205 0 3587 2900 6767 29.241 204
206 2 3565.72 2885.81 6748.08 30.9761 205
207 2 3558.56 2881.04 6741.72 31.5598 206
208 0 3551 2876 6735 32.176 207
209 0 3539.93 2889.87 6670.33 16.6985 208
210 0 3551 2904 6631 9.31371 209
211 0 3563 2908 6607 12.4222 210
212 0 3567 2908 6591 15.8885 211
213 2 3567 2908 6565 11.0711 212
214 0 3567 2897.6 6549.8 6 213
215 0 3567 2880 6539 6 214
216 0 3567 2864 6539 6 215
217 0 3571 2848 6543 9.31371 216
218 0 3571 2840 6551 6 217
219 0 3571 2832 6551 6 218
220 0 3571 2816 6567 6 219
221 0 3567 2796 6571 6.94427 220
222 0 3559 2788 6579 10 221
223 0 3535 2788 6591 10 222
224 0 3559 2896 6527 10 214
225 0 3555 2912 6507 9.31371 224
226 0 3551 2920 6503 6 225
227 0 3587 2920 6567 6.94427 213
228 0 3595 2924 6559 9.31371 227
229 0 3599 2932 6539 6 228
230 0 3599 2932 6523 6 229
231 0 3607 2936 6515 9.31371 230
232 0 3619 2940 6503 6 231
233 0 3627 2940 6503 6.94427 232
234 0 3515 2892 6655 6.94427 209
235 0 3507 2900 6647 6 234
236 0 3499 2900 6639 6 235
237 0 3495 2892 6631 6 236
238 0 3492.78 2879.56 6618.56 8.06627 237
239 0 3503 2868 6599 9.31371 238
240 0 3511 2860 6583 6.94427 239
241 0 3527 2848 6567 6 240
242 0 3527 2840 6567 3.65685 241
243 0 3531 2832 6567 6 242
244 0 3479 2876 6623 6 238
245 0 3463 2868 6627 9.31371 244
246 0 3451 2852 6655 6.94427 245
247 0 3451 2848 6663 3.65685 246
248 0 3447 2848 6667 2 247
249 2 3561.24 2828.81 6702.05 21.0097 208
250 0 3571 2804 6687 14.4924 249
251 0 3583 2792 6691 9.31371 250
252 0 3599 2776 6691 6.94427 251
253 0 3611 2760 6691 6 252
254 0 3619 2744 6695 10.6491 253
255 0 3643 2736 6691 6 254
256 0 3651 2736 6691 3.65685 255
257 0 3663 2724 6679 9.31371 256
258 0 3679 2724 6671 10.6491 257
259 0 3707 2724 6675 10.6491 258
260 0 3735 2728 6675 10 259
261 0 3747 2736 6683 15.8885 260
262 0 3675 2716 6651 6 258
263 0 3671 2716 6631 10 262
264 0 3667 2720 6607 6 263
265 0 3667 2720 6599 6 264
266 0 3671 2724 6595 3.65685 265
267 0 3671 2724 6591 2 266
268 0 3539 2812 6715 6 249
269 0 3535 2808 6719 6 268
270 0 3523 2792 6711 9.31371 269
271 0 3519 2784 6703 6.94427 270
272 0 3507 2888 6751 6 207
273 0 3503 2892 6755 3.65685 272
274 0 3495 2900 6763 9.31371 273
275 0 3487 2908 6779 9.31371 274
276 0 3479 2908 6799 3.65685 275
277 0 3479 2904 6803 3.65685 276
278 0 3475 2904 6807 2 277
279 0 3543 2848 6767 14 206
280 0 3531 2836 6779 6.94427 279
281 0 3523 2836 6799 6 280
282 0 3523 2840 6815 6 281
283 0 3519 2848 6835 9.31371 282
284 0 3519 2868 6843 6 283
285 0 3519 2884 6851 6 284
286 0 3567 2876 6811 18 205
287 0 3563 2848 6839 6 286
288 0 3559 2844 6855 6 287
289 0 3559 2828 6871 10 288
290 0 3559 2816 6883 9.31371 289
291 0 3559 2800 6887 6 290
292 0 3567 2788 6895 6 291
293 0 3575 2776 6903 6.94427 292
294 0 3575 2768 6903 6 293
295 0 3579 2764 6907 6 294
296 0 3579 2748 6907 6 295
297 0 3575 2732 6907 9.31371 296
298 0 3559 2720 6903 6 297
299 0 3551 2720 6903 6 298
300 0 3539 2716 6903 9.31371 299
301 0 3515 2700 6907 9.31371 300
302 0 3499 2680 6911 6 301
303 0 3495 2676 6915 3.65685 302
304 0 3487 2668 6919 6.94427 303
305 0 3483 2664 6927 3.65685 304
306 0 3483 2668 6931 2 305
307 0 3595 2920 6735 14 204
308 0 3603 2932 6723 6 307
309 0 3607 2936 6707 6 308
310 0 3663 2912 6807 6 201
311 0 3671 2900 6819 6 310
312 0 3671 2900 6827 6 311
313 0 3667 2896 6831 6 312
314 0 3667 2896 6839 6 313
315 0 3667 2892 6847 3.65685 314
316 0 3667 2884 6855 3.65685 315
317 0 3667 2880 6859 2 316
318 0 3667 2880 6863 2 317
319 0 3667 2880 6867 2 318
320 0 3667 2880 6871 2 319
321 0 3667 2880 6875 2 320
322 0 3667 2880 6879 2 321
323 0 3667 2876 6883 2 322
324 0 3667 2872 6887 2 323
325 0 3667 2868 6891 2 324
326 0 3711 3028 6859 18 69
327 0 3707 3044 6879 15.8885 326
328 0 3719 3048 6891 3.65685 327
329 0 3723 3048 6895 3.65685 328
330 0 3731 3044 6903 6 329
331 0 3735 3040 6907 6 330
332 0 3735 3040 6915 3.65685 331
333 0 3735 3036 6923 3.65685 332
334 0 3735 3036 6927 2 333
335 0 3735 3036 6931 2 334
336 0 3731 3036 6935 3.65685 335
337 0 3731 3036 6943 6 336
338 0 3735 3032 6951 3.65685 337
339 0 3735 3028 6951 2 338
340 0 3747 3012 6759 6.94427 68
341 0 3691 3064 6811 22 67
342 0 3703 3080 6827 6 341
343 0 3703 3096 6843 6.94427 342
344 0 3695 3112 6847 6 343
345 0 3691 3124 6851 10 344
346 0 3695 3136 6855 9.31371 345
347 0 3749 3058 6743 6.94427 66
348 0 3755 3064 6743 6.94427 347
349 0 3755 3080 6727 6 348
350 0 3759 3084 6719 9.31371 349
351 0 3780.15 3074.85 6705.85 9.55894 350
352 0 3787 3068 6699 6.94427 351
353 0 3799 3056 6683 6 352
354 0 3819 3036 6671 6.94427 353
355 0 3827 3036 6671 6.94427 354
356 0 3839 3024 6659 9.31371 355
357 0 3851 3024 6651 6 356
358 0 3863 3032 6635 6 357
359 0 3871 3040 6627 2 358
360 0 3799 3076 6719 6.94427 351
361 0 3807 3076 6735 6 360
362 0 3823 3076 6751 6 361
363 0 3831 3080 6759 9.31371 362
364 0 3843 3088 6775 2 363
365 0 3847 3092 6779 6 364
366 0 3851 3096 6783 3.65685 365
367 0 3855 3100 6779 2 366
368 0 3759 3060 6759 6 347
369 0 3767 3060 6767 6.94427 368
370 0 3779 3072 6775 9.31371 369
371 0 3775 3080 6779 6 370
372 0 3675 2984 6699 14.9706 65
373 0 3679 2972 6687 6 372
374 0 3679 2964 6679 3.65685 373
375 0 3679 2964 6675 2 374
376 0 3679 2964 6671 3.65685 375
377 0 3679 2960 6663 3.65685 376
378 0 3683 2960 6655 6.94427 377
379 0 3683 2964 6647 6 378
380 0 3687 2968 6643 3.65685 379
381 0 3687 2968 6639 3.65685 380
382 0 3691 2968 6635 2 381
383 0 3568.07 3126.93 6764.12 26.1386 64
384 0 3543 3152 6791 6.94427 383
385 0 3531 3160 6803 6.94427 384
386 0 3527 3160 6815 10 385
387 0 3515 3164 6823 6 386
388 0 3507 3168 6823 6.94427 387
389 0 3495 3176 6823 12.4222 388
390 0 3483 3196 6811 6 389
391 0 3479 3200 6807 3.65685 390
392 0 3475 3208 6799 6 391
393 0 3463 3220 6791 6 392
394 0 3455 3228 6783 6.94427 393
395 0 3443 3244 6767 6.94427 394
396 0 3435 3248 6755 6 395
397 0 3435 3252 6747 6 396
398 0 3439 3260 6735 9.31371 397
399 0 3443 3264 6727 6 398
400 0 3443 3268 6719 6 399
401 0 3451 3272 6711 6 400
402 0 3467 3268 6699 6 401
403 0 3483 3268 6699 6 402
404 0 3491 3268 6707 6 403
405 0 3491 3268 6719 9.31371 404
406 0 3483 3268 6731 6 405
407 0 3475 3268 6747 6 406
408 0 3467 3272 6755 6 407
409 0 3467 3276 6763 6 408
410 0 3467 3284 6771 3.65685 409
411 0 3471 3288 6775 6 410
412 0 3479 3296 6791 6 411
413 0 3487 3300 6803 6.94427 412
414 0 3495 3304 6807 6 413
415 0 3511 3084 6815 12.4222 383
416 0 3495 3084 6831 9.31371 415
417 0 3487 3084 6839 6 416
418 0 3463 3084 6851 14.4924 417
419 0 3439 3060 6859 6.94427 418
420 0 3431 3052 6863 9.31371 419
421 0 3419 3032 6859 6.94427 420
422 0 3403 3016 6867 9.31371 421
423 0 3395 3000 6879 6.94427 422
424 0 3387 2992 6887 6 423
425 0 3383 2980 6899 9.31371 424
426 0 3367 2964 6915 10 425
427 0 3351 2956 6927 6.94427 426
428 0 3335 2948 6931 9.31371 427
429 0 3315 2932 6931 6.94427 428
430 0 3307 2920 6931 9.31371 429
431 0 3303 2908 6923 6.94427 430
432 0 3291 2900 6919 2 431
433 0 3691 3124 6735 6.94427 64
434 0 3691 3132 6731 6 433
435 0 3591 3016 6723 15.8885 63
436 0 3575 3008 6727 9.31371 435
437 0 3555 3000 6723 6.94427 436
438 0 3547 2996 6719 6 437
439 0 3539 2988 6715 9.31371 438
440 0 3531 2976 6695 6 439
441 0 3527 2972 6679 6 440
442 0 3523 2968 6663 6.94427 441
443 0 3519 2968 6651 6.94427 442
444 0 3519 2968 6643 3.65685 443
445 0 3519 2968 6635 3.65685 444
446 0 3519 2972 6631 3.65685 445
447 0 3515 2980 6623 6 446
448 0 3507 2988 6615 6.94427 447
449 0 3495 3004 6599 9.31371 448
450 0 3495 3012 6587 9.31371 449
451 0 3491 3012 6571 6 450
452 0 3487 3012 6559 6 451
453 0 3487 3008 6539 6 452
454 0 3519 2984 6727 6.94427 439
455 0 3507 2972 6747 10.6491 454
456 0 3503 2972 6759 9.31371 455
457 0 3567 3000 6743 9.31371 436
458 0 3559 2992 6763 6 457
459 0 3551 2984 6775 6 458
460 0 3543 2980 6791 6.94427 459
461 0 3539 2976 6807 6.94427 460
462 0 3543 2968 6823 6 461
463 0 3539 2956 6847 9.31371 462
464 0 3547 2952 6867 6 463
465 0 3547 2952 6875 3.65685 464
466 0 3547 2948 6883 6 465
467 0 3539 2940 6887 6 466
468 0 3591 3140 6711 29.241 62
469 0 3595 3184 6711 3.65685 468
470 0 3595 3188 6711 2 469
471 0 3595 3192 6711 2 470
472 0 3623 3040 6663 26 61
473 0 3619 3036 6635 3.65685 472
474 0 3619 3032 6627 6 473
475 0 3615 3024 6623 9.31371 474
476 0 3599 3012 6623 6 475
477 0 3559 3136 6735 26.2843 60
478 0 3539 3144 6719 12.4222 477
479 0 3519 3140 6707 6 478
480 0 3615 3128 6675 32.176 59
481 0 3627 3160 6675 10 480
482 0 3575 3144 6607 6.94427 58
483 0 3542.06 3152 6606.76 14 482
484 2 3501.84 3155.05 6585.84 10.5737 483
485 0 3491 3156 6575 9.31371 484
486 0 3479 3144 6559 9.31371 485
487 0 3475 3140 6547 9.31371 486
488 0 3483 3144 6527 6 487
489 2 3491 3136 6519 7.53663 488
490 0 3491 3124 6519 9.31371 489
491 0 3483 3104 6523 6 490
492 0 3475 3092 6535 6.94427 491
493 0 3471 3076 6539 6.94427 492
494 0 3467 3064 6551 6 493
495 0 3459 3048 6555 6.94427 494
496 0 3451 3024 6555 10 495
497 0 3463 3012 6559 6 496
498 0 3467 3004 6567 6 497
499 0 3471 2996 6571 6 498
500 0 3475 2988 6571 3.65685 499
501 0 3483 2980 6575 6.94427 500
502 0 3491 2972 6583 9.31371 501
503 0 3487 2964 6587 3.65685 502
504 0 3487 2960 6591 2 503
505 0 3495 3140 6499 9.31371 489
506 0 3507 3156 6483 6.94427 505
507 0 3515 3164 6475 9.31371 506
508 0 3539 3180 6479 9.31371 507
509 0 3547 3176 6483 6 508
510 0 3555 3176 6483 6 509
511 0 3559 3168 6491 2 510
512 0 3559 3168 6495 2 511
513 0 3451 3140 6547 6 487
514 0 3439 3136 6539 6 513
515 0 3431 3136 6531 9.31371 514
516 0 3419 3132 6527 6 515
517 0 3407 3136 6527 10.6491 516
518 0 3407 3148 6523 6 517
519 0 3407 3160 6519 6 518
520 0 3407 3168 6511 6 519
521 0 3407 3176 6499 10 520
522 0 3399 3180 6479 9.31371 521
523 0 3395 3184 6471 9.31371 522
524 0 3399 3188 6463 6 523
525 0 3491 3152 6603 6 484
526 0 3491 3152 6627 9.31371 525
527 0 3491 3148 6639 10 526
528 0 3475 3152 6659 6 527
529 0 3463 3156 6671 6 528
530 0 3451 3160 6679 6 529
531 0 3443 3156 6687 6 530
532 0 3435 3152 6699 6 531
533 0 3431 3148 6703 3.65685 532
534 0 3423 3140 6719 9.31371 533
535 0 3407 3128 6723 6 534
536 0 3531 3148 6627 9.31371 483
537 0 3527 3144 6639 6 536
538 0 3523 3144 6655 6 537
539 0 3523 3140 6663 6 538
540 0 3527 3136 6667 3.65685 539
541 0 3527 3136 6671 2 540
542 0 3527 3136 6675 2 541
543 0 3587 3140 6571 6.94427 57
544 0 3579 3152 6559 6 543
545 0 3579 3156 6551 6 544
546 0 3579 3160 6539 9.31371 545
547 0 3575 3164 6527 6 546
548 0 3575 3164 6519 6 547
549 0 3647 3092 6499 14.4924 55
550 0 3663 3076 6515 6.94427 549
551 0 3671 3076 6515 3.65685 550
552 0 3675 3072 6515 3.65685 551
553 0 3679 3072 6519 3.65685 552
554 0 3687 3072 6523 6 553
555 0 3691 3076 6519 6 554
556 0 3695 3080 6515 3.65685 555
557 0 3695 3080 6507 6 556
558 0 3691 3076 6503 3.65685 557
559 0 3691 3072 6503 2 558
560 0 3619 3108 6455 6.94427 54
561 0 3603 3100 6439 6.94427 560
562 0 3599 3092 6431 3.65685 561
563 0 3595 3088 6431 2 562
564 0 3644.85 3150.77 6427 9.29483 53
565 0 3651 3160 6427 6.94427 564
566 0 3663 3172 6427 6.94427 565
567 0 3667 3188 6439 6 566
568 0 3667 3200 6463 9.31371 567
569 0 3663 3212 6475 9.31371 568
570 0 3667 3224 6479 6 569
571 0 3671 3236 6479 6 570
572 0 3671 3252 6479 6 571
573 0 3671 3268 6479 6 572
574 0 3671 3284 6479 6 573
575 0 3671 3292 6487 6 574
576 0 3679 3304 6495 6.94427 575
577 0 3691 3308 6515 6 576
578 0 3691 3308 6523 6 577
579 0 3695 3304 6527 6 578
580 0 3695 3304 6535 6 579
581 0 3707 3288 6551 6.94427 580
582 2 3724.16 3280.95 6568.16 9.31371 581
583 0 3735 3284 6583 6 582
584 0 3739 3284 6595 9.31371 583
585 0 3747 3292 6603 6 584
586 0 3763 3288 6611 6.94427 585
587 0 3771 3292 6603 3.65685 586
588 0 3779 3288 6587 6.94427 587
589 0 3779 3288 6579 6.94427 588
590 0 3795 3292 6567 6 589
591 0 3811 3280 6563 6.94427 590
592 0 3807 3272 6567 2 591
593 0 3807 3268 6567 2 592
594 0 3731 3276 6555 3.65685 582
595 0 3739 3272 6547 6.94427 594
596 0 3759 3252 6547 6.94427 595
597 0 3775 3252 6543 6.94427 596
598 0 3635 3164 6407 6 564
599 0 3635 3164 6395 6 598
600 0 3635 3168 6379 6 599
601 0 3635 3176 6371 6 600
602 0 3635 3176 6363 6 601
603 0 3635 3176 6355 3.65685 602
604 0 3631 3180 6351 2 603
605 0 3679 3064 6451 24.8328 52
606 0 3671 3040 6467 9.31371 605
607 0 3663 3028 6483 3.65685 606
608 0 3663 3028 6487 3.65685 607
609 0 3663 3028 6495 6 608
610 0 3663 3020 6499 2 609
611 0 3663 3016 6499 2 610
612 0 3663 3012 6499 2 611
613 0 3671 3084 6323 26.2843 51
614 0 3647 3100 6323 9.31371 613
615 0 3635 3112 6327 9.31371 614
616 0 3627 3116 6335 6.94427 615
617 0 3619 3112 6343 6 616
618 0 3611 3108 6351 9.31371 617
619 0 3599 3108 6351 6 618
620 0 3582 3108 6346 7.24045 619
621 0 3575 3108 6339 9.31371 620
622 0 3571 3108 6315 10 621
623 0 3575 3100 6307 6 622
624 0 3575 3088 6299 9.31371 623
625 0 3587 3064 6303 12.4222 624
626 0 3591 3052 6299 6 625
627 0 3607 3036 6299 6.94427 626
628 0 3615 3032 6307 10.6491 627
629 0 3627 3032 6311 9.31371 628
630 0 3639 3036 6315 2 629
631 2 3564.45 3117.82 6305.18 7.49986 622
632 0 3563 3124 6295 6 631
633 0 3555 3136 6279 9.31371 632
634 0 3555 3152 6279 6 633
635 0 3551 3164 6275 9.31371 634
636 0 3543 3116 6315 6 631
637 0 3527 3124 6323 6 636
638 0 3519 3124 6335 9.31371 637
639 0 3527 3120 6347 6 638
640 0 3531 3116 6351 2 639
641 0 3531 3116 6355 2 640
642 0 3591 3112 6311 6 622
643 0 3607 3116 6307 6.94427 642
644 0 3619 3104 6291 6 643
645 0 3623 3100 6283 2 644
646 0 3627 3100 6283 2 645
647 0 3567 3096 6355 6.94427 620
648 0 3555 3096 6363 6 647
649 0 3547 3096 6367 6.94427 648
650 0 3539 3100 6371 3.65685 649
651 0 3535 3100 6371 2 650
652 0 3675 3076 6307 30 50
653 0 3655 3056 6275 6.94427 652
654 0 3651 3064 6267 3.65685 653
655 0 3647 3068 6263 3.65685 654
656 0 3643 3072 6259 6 655
657 0 3635 3076 6251 2 656
658 2 3752.21 3133.13 6277.02 33.1625 49
659 2 3773.27 3146.17 6279.03 28.9568 658
660 0 3815 3172 6283 20.6274 659
661 0 3815 3183.6 6312.2 9.31371 660
662 0 3815 3180 6323 9.31371 661
663 0 3819 3172 6331 6 662
664 0 3819 3160 6343 6 663
665 0 3823 3152 6355 9.31371 664
666 0 3823 3148 6367 6 665
667 2 3812.65 3141.65 6382.53 10.2563 666
668 0 3799 3132 6399 6 667
669 0 3791 3132 6419 6 668
670 0 3791 3148 6435 6 669
671 0 3807 3176 6447 10.6491 670
672 2 3815 3179.76 6463.94 12.3179 671
673 0 3815 3164 6491 6.94427 672
674 0 3819 3148 6499 6 673
675 0 3823 3132 6511 6 674
676 0 3823 3124 6519 6 675
677 0 3827 3116 6523 9.31371 676
678 0 3835 3104 6523 6.94427 677
679 0 3843 3088 6523 10.6491 678
680 0 3859 3076 6523 6.94427 679
681 0 3871 3068 6523 10 680
682 0 3879 3068 6531 10 681
683 0 3887 3076 6531 6 682
684 0 3827 3208 6467 12.4222 672
685 0 3831 3220 6459 10 684
686 0 3831 3236 6455 2 685
687 0 3831 3240 6455 2 686
688 0 3819 3164 6395 6.94427 667
689 0 3827 3180 6407 6.94427 688
690 0 3835 3188 6407 2 689
691 0 3839 3188 6407 2 690
692 0 3803 3196 6323 6.94427 661
693 0 3795 3204 6339 6 692
694 0 3795 3212 6359 6 693
695 0 3799 3212 6375 6 694
696 0 3811 3216 6391 6 695
697 0 3827 3220 6395 6.94427 696
698 0 3843 3236 6403 6.94427 697
699 0 3855 3244 6407 6 698
700 0 3871 3244 6415 9.31371 699
701 0 3883 3244 6419 6.94427 700
702 0 3891 3248 6423 9.31371 701
703 0 3899 3256 6427 6 702
704 2 3780.68 3153.6 6266.06 30.158 659
705 2 3797.28 3170.26 6237.02 32.8489 704
706 2 3819.27 3211.25 6197.17 39.4745 705
707 2 3823.83 3221.14 6188.8 41.0729 706
708 2 3826.01 3225.85 6184.82 41.8334 707
709 2 3800.74 3243.01 6152.98 30.989 708
710 0 3799 3244 6151 30.249 709
711 2 3799 3232.69 6137.43 18.7967 710
712 0 3799 3208 6099 23.2982 711
713 0 3803 3240 6055 9.31371 712
714 0 3799 3248 6043 6 713
715 0 3791 3252 6035 3.65685 714
716 0 3787 3256 6027 6.94427 715
717 0 3779 3256 6019 6 716
718 0 3759 3260 6003 14 717
719 0 3743 3248 5991 6.94427 718
720 0 3727 3240 5979 3.65685 719
721 0 3723 3240 5979 2 720
722 0 3815 3264 6115 12.4222 711
723 0 3811 3260 6095 9.31371 722
724 0 3815 3272 6079 10 723
725 2 3821.22 3279.11 6060.78 10.6491 724
726 0 3839 3292 6043 6 725
727 0 3847 3288 6035 6 726
728 0 3851 3284 6031 3.65685 727
729 0 3847 3280 6027 2 728
730 0 3819 3264 6043 6.94427 725
731 0 3819 3252 6039 6.94427 730
732 0 3819 3240 6035 2 731
733 0 3755 3244 6131 18 710
734 0 3727 3236 6143 9.31371 733
735 0 3719 3236 6155 6 734
736 0 3711 3236 6163 6.94427 735
737 0 3703 3232 6175 12.4222 736
738 0 3695 3220 6199 6.94427 737
739 0 3695 3216 6219 6 738
740 0 3699 3216 6231 3.65685 739
741 0 3699 3216 6235 3.65685 740
742 0 3699 3216 6243 6 741
743 0 3707 3216 6267 6 742
744 0 3715 3216 6275 6 743
745 0 3791 3284 6155 10.6491 709
746 0 3791 3304 6155 12.4222 745
747 0 3795 3316 6163 9.31371 746
748 0 3791 3336 6163 9.31371 747
749 0 3783 3344 6159 6 748
750 0 3799 3212 6155 14.9706 708
751 0 3795 3196 6151 6 750
752 0 3791 3188 6143 6 751
753 0 3791 3192 6135 6 752
754 0 3871.28 3222.43 6154.72 11.4728 707
755 0 3875 3240 6147 6.94427 754
756 0 3887 3256 6143 6 755
757 0 3895 3264 6135 6.94427 756
758 0 3895 3280 6131 6 757
759 0 3895 3288 6135 6 758
760 0 3911 3304 6135 6.94427 759
761 0 3915 3312 6131 9.31371 760
762 0 3931 3328 6127 6.94427 761
763 0 3943 3340 6123 6.94427 762
764 0 3951 3352 6119 9.31371 763
765 0 3955 3364 6119 6.94427 764
766 0 3967 3376 6127 9.31371 765
767 0 3971 3388 6139 6 766
768 0 3979 3396 6151 3.65685 767
769 0 3983 3400 6155 2 768
770 0 3867 3220 6119 9.31371 754
771 0 3875 3236 6099 6 770
772 0 3883 3244 6083 9.31371 771
773 0 3891 3248 6071 14 772
774 0 3915 3260 6035 6.94427 773
775 0 3827 3272 6203 9.31371 707
776 0 3827 3288 6207 6.94427 775
777 0 3827 3296 6215 6 776
778 0 3827 3304 6215 3.65685 777
779 0 3823 3308 6219 2 778
780 0 3851 3240 6231 22 706
781 0 3871 3248 6243 6 780
782 0 3879 3252 6255 9.31371 781
783 0 3883 3256 6267 9.31371 782
784 0 3823 3196 6251 18 705
785 0 3855 3216 6275 9.31371 784
786 0 3863 3220 6279 6 785
787 0 3875 3224 6287 6 786
788 0 3883 3224 6287 6 787
789 0 3891 3224 6295 9.31371 788
790 0 3911 3240 6299 12.4222 789
791 0 3931 3248 6275 14 790
792 0 3799 3092 6231 23.6125 704
793 0 3811 3068 6227 14.4924 792
794 0 3735 3148 6227 24.8328 658
795 0 3715 3160 6207 9.31371 794
796 0 3711 3164 6175 14.4924 795
797 0 3715 3184 6155 6 796
798 0 3715 3184 6147 6 797
799 0 3715 3184 6139 3.65685 798
800 0 3711 3188 6135 2 799
801 2 3639.63 3048.87 6173.96 35.0143 45
802 0 3663 3016 6195 10.6491 801
803 0 3671 3008 6203 9.31371 802
804 2 3685.69 2996.99 6210.34 12.1667 803
805 0 3683 2984 6223 6.94427 804
806 0 3667 2972 6231 6.94427 805
807 0 3659 2968 6235 9.31371 806
808 0 3651 2960 6243 6.94427 807
809 0 3635 2952 6259 9.31371 808
810 0 3627 2952 6267 6.94427 809
811 0 3607 2956 6267 6 810
812 0 3603 2960 6263 6 811
813 0 3595 2960 6267 6 812
814 0 3583 2952 6283 10 813
815 0 3587 2948 6295 6 814
816 0 3579 2944 6311 9.31371 815
817 0 3575 2936 6331 3.65685 816
818 0 3575 2932 6335 2 817
819 0 3699 3000 6191 9.31371 804
820 0 3707 3000 6183 10.6491 819
821 0 3703 2992 6163 3.65685 820
822 0 3707 2992 6159 2 821
823 0 3635 2992 6159 21.3238 801
824 0 3632.54 2946.15 6166.38 15.1601 823
825 0 3631 2924 6175 6 824
826 0 3627 2916 6183 9.31371 825
827 0 3627 2908 6191 9.31371 826
828 0 3643 2900 6203 6.94427 827
829 0 3651 2904 6223 9.31371 828
830 0 3655 2908 6239 6 829
831 0 3611 2932 6175 9.31371 824
832 0 3607 2924 6183 6.94427 831
833 0 3591 2920 6183 6 832
834 0 3587 2924 6187 3.65685 833
835 0 3583 2924 6187 2 834
836 0 3563 3012 6143 12.4222 44
837 2 3542.27 2995.27 6137.18 10.2849 836
838 0 3487 2948 6115 26.2843 837
839 2 3465.29 2912.57 6088.14 14.2773 838
840 0 3459 2892 6083 10 839
841 0 3443 2884 6071 10.6491 840
842 0 3427 2892 6071 6.94427 841
843 0 3411 2904 6067 10.6491 842
844 0 3391 2904 6051 6 843
845 0 3375 2900 6051 6 844
846 0 3371 2896 6047 6 845
847 0 3355 2896 6043 6.94427 846
848 0 3335 2892 6043 10 847
849 0 3323 2892 6043 6.94427 848
850 2 3309.67 2893.33 6042.33 7.45356 849
851 0 3303 2900 6039 10 850
852 0 3303 2912 6035 6 851
853 0 3303 2928 6035 6 852
854 0 3303 2944 6035 6 853
855 0 3295 2956 6027 6.94427 854
856 0 3279 2968 6019 9.31371 855
857 0 3267 2968 6023 6 856
858 0 3251 2968 6027 6 857
859 0 3243 2968 6039 6 858
860 0 3235 2976 6051 6 859
861 0 3231 2980 6063 10 860
862 0 3223 2984 6071 6.94427 861
863 0 3215 2980 6079 3.65685 862
864 0 3211 2984 6079 2 863
865 0 3295 2880 6055 6.94427 850
866 0 3283 2860 6063 6.94427 865
867 0 3279 2852 6071 9.31371 866
868 0 3475 2885.85 6098.9 13.1909 839
869 2 3478.05 2843.81 6101.1 14 868
870 0 3491 2828 6139 6.94427 869
871 0 3491 2820 6155 6 870
872 0 3491 2816 6175 6 871
873 0 3487 2812 6183 3.65685 872
874 0 3487 2812 6191 3.65685 873
875 0 3483 2808 6203 6 874
876 0 3467 2808 6215 6 875
877 0 3455 2812 6227 6 876
878 0 3443 2800 6235 6 877
879 0 3439 2788 6247 6 878
880 0 3467 2824 6079 10 869
881 0 3467 2812 6075 6 880
882 0 3467 2804 6071 6 881
883 0 3467 2796 6071 2 882
884 0 3467 2788 6071 6 883
885 0 3467 2780 6063 6.94427 884
886 0 3471 2768 6063 9.31371 885
887 0 3475 2760 6067 6.94427 886
888 0 3475 2744 6079 12.4222 887
889 0 3455 2752 6091 9.31371 888
890 0 3443 2756 6091 3.65685 889
891 0 3439 2752 6091 2 890
892 0 3483 2872 6115 3.65685 868
893 0 3483 2872 6119 2 892
894 0 3483 2872 6123 3.65685 893
895 0 3487 2872 6131 3.65685 894
896 0 3491 2868 6135 3.65685 895
897 0 3495 2864 6143 6 896
898 0 3507 2864 6159 6.94427 897
899 0 3519 2852 6175 12.4222 898
900 0 3515 2832 6191 6 899
901 0 3515 2820 6207 6 900
902 0 3523 2812 6223 6.94427 901
903 0 3531 2808 6231 6.94427 902
904 0 3527 2992 6163 10 837
905 0 3519 2980 6175 3.65685 904
906 0 3515 2980 6179 3.65685 905
907 0 3511 2980 6179 2 906
908 0 3631 3036 6091 31.9411 44
909 0 3615 3068 6039 19.5407 908
910 0 3595 3092 6031 18 909
911 0 3603 3124 6031 6 910
912 0 3599 3140 6031 6.94427 911
913 0 3583 3152 6027 6 912
914 0 3563 3080 6047 10.6491 910
915 0 3551 3080 6047 10 914
916 0 3535 3084 6051 2 915
917 0 3439 3040 6323 9.31371 33
918 0 3439 3032 6331 6 917
919 0 3447 3020 6343 6.94427 918
920 0 3455 3012 6343 6.94427 919
921 0 3467 3008 6359 6 920
922 0 3471 3004 6367 9.31371 921
923 0 3475 3000 6379 9.31371 922
924 0 3483 2996 6387 6 923
925 0 3499 2992 6403 6 924
926 0 3511 2988 6415 6.94427 925
927 0 3431 3124 6315 10 31
928 0 3439 3148 6299 12.4222 927
929 0 3451 3156 6291 6 928
930 2 3264.06 3080.9 6460.14 6.40009 19
931 0 3259 3076 6455 6 930
932 0 3259 3080 6447 3.65685 931
933 0 3259 3088 6439 6 932
934 0 3259 3100 6423 6 933
935 0 3259 3108 6403 3.65685 934
936 0 3259 3100 6395 6 935
937 0 3263 3092 6387 9.31371 936
938 0 3267 3088 6379 6 937
939 0 3255 3056 6475 10 930
940 0 3259 3036 6491 10 939
941 0 3259 3024 6495 6 940
942 0 3247 3004 6499 6 941
943 0 3239 3052 6543 18 16
944 0 3215 3048 6579 12.4222 943
945 0 3203 3048 6587 6.94427 944
946 0 3195 3048 6595 6 945
947 0 3191 3044 6599 3.65685 946
948 0 3187 3040 6599 3.65685 947
949 0 3183 3036 6603 2 948
