# Generated by NeuTu (https://github.com/janelia-flyem/NeuTu)
1 0 3256 3186 6176 6.94427 -1
2 0 3248 3178 6172 9.31371 1
3 0 3232 3166 6160 6.94427 2
4 0 3224 3158 6152 12.4222 3
5 0 3220.67 3144.67 6130.67 6.78689 4
6 0 3224 3126 6112 6 5
7 0 3232 3126 6104 6 6
8 0 3236 3122 6088 6 7
9 0 3244 3118 6076 6 8
10 0 3244 3118 6064 6.94427 9
11 0 3248 3106 6052 6 10
12 0 3248 3098 6044 6 11
13 0 3212 3110 6108 6.94427 6
14 0 3204 3094 6096 9.31371 13
15 0 3200 3082 6092 6 14
16 0 3232 3162 6124 12.4222 5
17 0 3260 3162 6112 6.94427 16
