# Generated by NeuTu (https://github.com/janelia-flyem/NeuTu)
1 0 3393 3000 6148 6 -1
2 0 3393 2988 6152 9.31371 1
3 0 3401 2968 6176 6 2
4 0 3409 2960 6188 3.65685 3
5 0 3413 2956 6192 6 4
6 0 3417 2952 6196 3.65685 5
7 0 3421 2948 6200 3.65685 6
8 0 3421 2944 6208 6 7
9 0 3425 2940 6212 6 8
10 0 3429 2936 6224 10 9
11 0 3429 2932 6236 10 10
12 0 3429 2928 6248 6 11
13 0 3433 2924 6268 6 12
14 0 3437 2924 6280 6 13
15 0 3437 2924 6288 6 14
16 0 3445 2932 6296 9.31371 15
17 0 3461 2944 6300 6 16
18 0 3477 2944 6300 6 17
19 0 3485 2944 6292 9.31371 18
20 0 3501 2940 6276 6.94427 19
21 0 3501 2940 6268 6 20
