# Generated by NeuTu (https://github.com/janelia-flyem/NeuTu)
1 0 3449 3032 6358 6 -1
2 0 3449 3040 6358 6 1
3 0 3441 3052 6350 10 2
4 0 3433 3072 6354 9.31371 3
5 0 3421 3096 6362 6.94427 4
6 0 3413 3108 6370 6 5
7 0 3409 3112 6374 3.65685 6
8 0 3405 3116 6378 6 7
9 0 3401 3132 6386 6.94427 8
10 0 3393 3140 6394 6 9
11 0 3385 3156 6414 12.4222 10
12 0 3409 3172 6426 10.6491 11
13 0 3417 3184 6426 6.94427 12
14 2 3434.33 3205.33 6416.67 13.3416 13
15 0 3442.46 3221.46 6395.82 9.44416 14
16 0 3449 3228 6386 6.94427 15
17 0 3449 3228 6370 6.94427 16
18 0 3453 3224 6362 6.94427 17
19 0 3453 3216 6354 10 18
20 0 3449 3220 6326 6.94427 19
21 0 3449 3216 6310 6 20
22 0 3453 3212 6294 6 21
23 0 3453 3212 6278 6 22
24 0 3449 3212 6258 6 23
25 0 3449 3212 6242 6 24
26 0 3441 3212 6226 6.94427 25
27 0 3441 3212 6214 6 26
28 0 3437 3216 6210 6 27
29 0 3433 3220 6206 3.65685 28
30 0 3425 3224 6198 6.94427 29
31 0 3421 3228 6182 6.94427 30
32 0 3417 3228 6170 10 31
33 0 3405 3232 6170 6.94427 32
34 0 3393 3244 6158 9.31371 33
35 0 3385 3252 6150 10 34
36 0 3381 3268 6138 6 35
37 0 3377 3276 6130 9.31371 36
38 0 3377 3288 6118 6.94427 37
39 0 3381 3296 6102 6 38
40 0 3381 3300 6086 6.94427 39
41 0 3385 3312 6070 6 40
42 0 3385 3320 6058 2 41
43 0 3385 3320 6054 2 42
44 0 3385 3324 6050 3.65685 43
45 0 3385 3328 6046 3.65685 44
46 0 3389 3336 6038 6 45
47 0 3393 3340 6022 6.94427 46
48 0 3393 3344 6002 6.94427 47
49 2 3405 3340 5990 9.65685 48
50 0 3409 3336 5986 10 49
51 0 3421 3316 5970 9.31371 50
52 0 3429 3312 5962 6 51
53 0 3433 3304 5954 6.94427 52
54 0 3429 3292 5942 6.94427 53
55 0 3429 3280 5938 6.94427 54
56 0 3445 3268 5922 6.94427 55
57 0 3453 3268 5914 6.94427 56
58 0 3461 3268 5906 10 57
59 0 3477 3272 5886 9.31371 58
60 0 3485 3268 5871.33 8.26063 59
61 0 3493 3272 5858 6 60
62 0 3501 3276 5846 9.31371 61
63 0 3521 3268 5834 10 62
64 0 3533 3268 5830 12.4222 63
65 0 3553 3272 5814 10 64
66 0 3569 3276 5806 6.94427 65
67 0 3589 3284 5798 6.94427 66
68 0 3601 3288 5794 6.94427 67
69 0 3613 3292 5786 10.6491 68
70 0 3641 3308 5782 10 69
71 0 3653 3312 5782 10.6491 70
72 0 3685 3316 5782 30.249 71
73 0 3717 3348 5762 12.4222 72
74 0 3729 3368 5758 6.94427 73
75 0 3737 3376 5754 6.94427 74
76 0 3749 3388 5758 9.31371 75
77 0 3765 3396 5762 12.4222 76
78 0 3777 3408 5762 6.94427 77
79 0 3785 3424 5762 6.94427 78
80 0 3797 3440 5774 6.94427 79
81 0 3801 3452 5774 9.31371 80
82 0 3801 3460 5782 9.31371 81
83 0 3813 3480 5782 9.31371 82
84 0 3825 3492 5782 6.94427 83
85 0 3841 3508 5782 6.94427 84
86 0 3853 3520 5782 12.4222 85
87 0 3869 3548 5786 9.31371 86
88 0 3885 3564 5778 10 87
89 0 3889 3576 5766 14 88
90 0 3889 3604 5750 10 89
91 0 3889 3616 5746 6.94427 90
92 0 3893 3644 5734 9.31371 91
93 0 3901 3668 5726 10 92
94 0 3905 3684 5722 14 93
95 0 3901 3716 5730 10 94
96 0 3893 3748 5734 12.4222 95
97 0 3885 3764 5734 14.9706 96
98 0 3849 3772 5726 6 97
99 0 3837 3772 5722 10 98
100 0 3825 3772 5714 6.94427 99
101 0 3805 3772 5702 10 100
102 0 3793 3776 5702 3.65685 101
103 0 3789 3780 5698 2 102
104 0 3785 3780 5698 2 103
105 0 3781 3780 5698 2 104
106 0 3693 3300 5818 9.31371 72
107 0 3693 3292 5826 6 106
108 0 3689 3284 5830 6 107
109 0 3489 3252 5874 6 60
110 0 3489 3248 5886 6 109
111 0 3489 3240 5894 6 110
112 0 3489 3240 5902 3.65685 111
113 0 3493 3236 5906 6 112
114 0 3493 3232 5914 6 113
115 0 3433 3360 6002 6.94427 50
116 0 3449 3384 6006 10.6491 115
117 0 3457 3404 6014 6.94427 116
118 0 3469 3432 6018 14 117
119 0 3465 3448 6014 6 118
120 0 3385 3340 5982 9.31371 49
121 0 3353 3352 5990 14.4924 120
122 0 3325 3356 5990 10 121
123 0 3309 3360 5990 14 122
124 0 3285 3352 5998 10.6491 123
125 0 3257 3332 6010 14 124
126 0 3217 3336 6042 31.9411 125
127 2 3212.18 3380.71 6054 10.6674 126
128 0 3213 3402.67 6066 10 127
129 0 3217 3420 6062 12.4222 128
130 0 3221 3432 6066 6 129
131 0 3225 3448 6078 6 130
132 0 3233 3464 6082 6 131
133 0 3233 3480 6086 6 132
134 0 3229 3488 6086 6.94427 133
135 0 3213 3412 6086 9.31371 128
136 0 3217 3420 6094 6 135
137 0 3217 3428 6094 6 136
138 0 3217 3436 6098 3.65685 137
139 0 3221 3440 6098 2 138
140 0 3193 3392 6046 9.31371 127
141 0 3193 3412 6050 6 140
142 2 3216.65 3336.35 6045.53 30.3581 126
143 0 3213 3340 6082 14 142
144 0 3213 3352 6094 6.94427 143
145 0 3209 3380 6102 14 144
146 0 3213 3396 6106 10 145
147 0 3185 3304 6046 12.4222 142
148 0 3169 3284 6046 6 147
149 0 3161 3284 6050 6 148
150 0 3453 3200 6370 10.6491 19
151 0 3441 3180 6374 10.6491 150
152 0 3429 3176 6374 6.94427 151
153 0 3417 3176 6382 6 152
154 0 3409 3172 6394 6 153
155 0 3409 3168 6402 3.65685 154
156 0 3409 3164 6402 2 155
157 0 3461 3236 6410 12.4222 15
158 0 3457 3252 6422 6.94427 157
159 0 3449 3260 6430 9.31371 158
160 0 3453 3276 6434 3.65685 159
161 0 3449 3280 6438 2 160
162 0 3441 3220 6438 9.31371 14
163 0 3449 3228 6446 12.4222 162
164 0 3457 3236 6458 6 163
165 0 3461 3240 6474 6.94427 164
166 0 3465 3220 6494 6 165
167 0 3469 3216 6498 6 166
168 2 3419.23 3207.79 6418.6 9.31216 14
169 0 3409 3212 6418 6.94427 168
170 0 3397 3208 6414 6 169
171 0 3381 3208 6410 9.31371 170
172 0 3369 3204 6398 12.4222 171
173 0 3357 3200 6398 9.31371 172
174 0 3401 3208 6430 9.31371 168
175 0 3385 3208 6434 6 174
176 0 3369 3200 6430 6 175
177 0 3369 3148 6426 6.94427 11
178 0 3369 3144 6438 6 177
179 0 3365 3136 6446 3.65685 178
180 0 3361 3140 6450 2 179
181 0 3357 3140 6450 2 180
182 0 3405 3208 6730 2 -1
183 0 3409 3204 6730 3.65685 182
184 0 3409 3200 6730 3.65685 183
185 0 3413 3192 6722 6 184
186 0 3417 3192 6714 6 185
187 0 3433 3188 6694 15.8885 186
188 0 3457 3192 6666 34.2215 187
189 0 3481 3200 6642 30 188
190 2 3488.69 3209.23 6638.92 26.663 189
191 2 3500.54 3223.45 6634.18 21.524 190
192 0 3517 3240 6638 18 191
193 0 3545 3244 6658 6.94427 192
194 0 3553 3244 6662 6 193
195 0 3561 3240 6670 9.31371 194
196 0 3577 3232 6682 6 195
197 0 3585 3224 6694 6.94427 196
198 0 3589 3220 6702 6 197
199 0 3585 3216 6710 6 198
200 0 3485 3240 6606 15.8885 191
201 0 3473 3256 6590 6 200
202 0 3501 3188 6590 6.94427 190
203 0 3497 3180 6574 6.94427 202
204 0 3489 3180 6566 10.6491 203
205 0 3477 3184 6566 9.31371 204
206 0 3469 3188 6558 6.94427 205
207 0 3465 3180 6602 12.4222 189
208 0 3457 3196 6586 6.94427 207
209 0 3465 3200 6578 6 208
210 0 3469 3204 6574 3.65685 209
211 0 3469 3208 6574 2 210
