# Generated by NeuTu (https://github.com/janelia-flyem/NeuTu)
1 0 2891 3672 6274 2 -1
2 0 2891 3668 6278 2 1
3 0 2891 3664 6282 2 2
4 0 2891 3660 6286 2 3
5 0 2895 3656 6290 3.65685 4
6 0 2895 3648 6290 6 5
7 0 2903 3636 6290 9.31371 6
8 0 2907 3624 6286 6.94427 7
9 0 2911 3608 6282 9.31371 8
10 0 2911 3592 6278 14 9
11 0 2923 3580 6250 12.4222 10
12 0 2939 3564 6218 9.31371 11
13 0 2959 3548 6194 18 12
14 0 2987 3536 6170 20.6274 13
15 2 2993.6 3539.3 6140.28 28.3652 14
16 0 2995 3540 6134 30 15
17 0 2995 3564 6078 14.4924 16
18 0 2999 3572 6066 14 17
19 0 3015 3592 6042 9.31371 18
20 0 3035 3608 6038 6.94427 19
21 0 3055 3612 6022 6 20
22 0 3075 3620 6018 9.31371 21
23 0 3095 3648 6022 9.31371 22
24 0 3107 3664 6034 10 23
25 0 3119 3664 6054 6.94427 24
26 0 3127 3660 6070 10 25
27 0 3155 3632 6098 23.2982 26
28 2 3204.34 3595.61 6111.15 37.059 27
29 0 3211 3588 6114 39.1825 28
30 0 3275 3584 6118 14.4924 29
31 0 3299 3580 6130 10 30
32 0 3327 3564 6154 18 31
33 0 3347 3560 6158 6.94427 32
34 0 3375.27 3562.13 6158 6.94427 33
35 0 3403 3564 6138 14.4924 34
36 0 3443 3560 6126 15.8885 35
37 0 3479 3560 6114 34.2215 36
38 0 3499 3532 6110 18 37
39 0 3499 3492 6094 10 38
40 0 3503 3460 6094 10 39
41 0 3503 3440 6094 12.4222 40
42 0 3503 3428 6102 6.94427 41
43 0 3503 3416 6102 6.94427 42
44 0 3499 3404 6110 9.31371 43
45 0 3491 3392 6110 9.31371 44
46 0 3479 3360 6122 18 45
47 0 3466.49 3334.48 6144.54 13.4059 46
48 0 3463 3324 6162 9.31371 47
49 0 3463 3320 6178 14 48
50 0 3459 3308 6206 10 49
51 0 3459 3296 6226 9.31371 50
52 0 3459 3296 6250 10 51
53 0 3463 3288 6274 9.31371 52
54 0 3463 3280 6306 10 53
55 0 3463 3284 6334 12.4222 54
56 0 3471 3288 6362 12.4222 55
57 0 3470.15 3288 6398.23 12.756 56
58 0 3463 3292 6462 12.4222 57
59 0 3459 3284 6486 12.4222 58
60 0 3455 3280 6518 14 59
61 0 3455 3268 6550 9.31371 60
62 0 3455 3260 6574 10 61
63 0 3463.24 3247.76 6616.35 13.5182 62
64 0 3467 3240 6658 14.4924 63
65 0 3463.31 3223.08 6683.23 14.3077 64
66 0 3481.53 3192.73 6746.33 38.4188 65
67 0 3502.85 3189.98 6789.76 34.2377 66
68 0 3555 3188 6862 14 67
69 0 3571 3180 6890 9.31371 68
70 0 3583 3180 6910 9.31371 69
71 0 3587 3188 6926 9.31371 70
72 0 3607 3188 6958 14 71
73 0 3623 3184 6982 12.4222 72
74 0 3639 3184 7006 12.4222 73
75 0 3659 3184 7030 10 74
76 0 3679 3188 7058 12.4222 75
77 2 3697.86 3190.29 7074.57 13.3094 76
78 0 3715 3200 7082 10 77
79 0 3731 3208 7090 12.4222 78
80 0 3743 3208 7102 6.94427 79
81 0 3751 3212 7106 6.94427 80
82 0 3767 3224 7110 12.4222 81
83 0 3787 3236 7106 14 82
84 0 3799 3236 7114 10 83
85 0 3815 3240 7122 14 84
86 0 3843 3248 7126 10 85
87 0 3859 3256 7134 9.31371 86
88 0 3875 3268 7150 9.31371 87
89 0 3883 3276 7158 6 88
90 0 3883 3276 7166 6 89
91 0 3695 3164 7078 3.65685 77
92 0 3703 3148 7082 9.31371 91
93 0 3699 3136 7082 6 92
94 0 3695 3124 7066 6.94427 93
95 0 3687 3124 7058 6 94
96 0 3679 3116 7050 6.94427 95
97 0 3675 3100 7038 6 96
98 0 3723 3152 7078 6 92
99 0 3731 3156 7070 6 98
100 0 3739 3160 7062 6 99
101 0 3739 3152 7046 6 100
102 0 3743 3148 7038 6 101
103 0 3751 3140 7030 2 102
104 0 3491 3236 6798 6.94427 67
105 0 3479 3252 6794 6.94427 104
106 0 3471 3264 6794 10 105
107 0 3479 3272 6794 6.94427 106
108 0 3491 3276 6802 6 107
109 0 3499 3276 6810 6 108
110 0 3503 3280 6826 9.31371 109
111 0 3503 3284 6842 6 110
112 0 3499 3288 6854 6 111
113 0 3499 3292 6866 6 112
114 0 3495 3296 6874 3.65685 113
115 0 3495 3296 6878 2 114
116 0 3447 3272 6790 6 106
117 0 3439 3276 6790 3.65685 116
118 0 3435 3280 6790 3.65685 117
119 0 3427 3280 6790 6 118
120 0 3415 3284 6798 6 119
121 2 3432.62 3166.34 6765.69 15.0428 66
122 0 3403 3144 6762 6 121
123 0 3391 3140 6762 6.94427 122
124 0 3383 3132 6766 6.94427 123
125 0 3367 3136 6778 6.94427 124
126 0 3363 3136 6794 6.94427 125
127 0 3355 3128 6802 3.65685 126
128 0 3355 3124 6806 2 127
129 0 3423 3152 6790 12.4222 121
130 0 3407 3120 6782 14 129
131 0 3399 3100 6762 6 130
132 0 3439 3232 6682 9.31371 65
133 0 3427 3252 6674 9.31371 132
134 0 3411 3260 6662 3.65685 133
135 0 3407 3260 6658 2 134
136 0 3403 3260 6654 2 135
137 0 3479 3264 6618 3.65685 63
138 0 3487 3272 6622 6.94427 137
139 0 3495 3280 6622 6.94427 138
140 0 3507 3284 6622 10 139
141 0 3519 3280 6626 6 140
142 0 3535 3284 6630 6 141
143 0 3543 3292 6642 6 142
144 0 3547 3288 6646 6 143
145 0 3551 3280 6654 2 144
146 0 3555 3276 6658 2 145
147 0 3467 3264 6394 6 57
148 0 3467 3248 6386 6 147
149 0 3463 3232 6378 6 148
150 0 3467 3220 6370 6 149
151 0 3471 3192 6366 14.9706 150
152 2 3467.3 3157.58 6362.3 30.4025 151
153 0 3471 3128 6366 23.2982 152
154 2 3471.67 3124.67 6368.67 21.19 153
155 0 3475 3108 6382 10.6491 154
156 0 3479 3092 6398 18 155
157 2 3489.16 3071.67 6391.22 11.2245 156
158 0 3499 3068 6382 10 157
159 0 3523 3044 6374 12.4222 158
160 0 3471 3056 6394 6 157
161 0 3467 3040 6382 6 160
162 2 3471.07 3102.67 6355.59 10.6013 154
163 0 3475 3088 6350 6 162
164 0 3483 3088 6350 6.94427 163
165 0 3499 3092 6354 14 164
166 0 3511 3092 6370 14 165
167 0 3475 3088 6366 6.94427 162
168 0 3475 3072 6366 12.4222 167
169 0 3471 3056 6366 2 168
170 0 3471 3052 6366 2 169
171 0 3471 3044 6366 6 170
172 0 3475 3036 6362 6 171
173 0 3451 3120 6382 6 153
174 0 3447 3116 6386 6 173
175 0 3435 3116 6386 9.31371 174
176 0 3423 3108 6394 6 175
177 0 3419 3100 6398 3.65685 176
178 0 3423 3096 6398 2 177
179 2 3467.04 3135.07 6333.88 19.4903 152
180 0 3471 3112 6322 12.4222 179
181 0 3455 3092 6318 6 180
182 0 3455 3084 6318 6 181
183 0 3463 3072 6318 2 182
184 0 3435 3148 6318 14 179
185 0 3423 3156 6310 6.94427 184
186 0 3419 3164 6310 3.65685 185
187 0 3423 3168 6306 2 186
188 0 3439 3316 6122 12.4222 47
189 0 3411 3320 6094 10.6491 188
190 0 3399 3324 6086 14 189
191 0 3375 3328 6094 10.6491 190
192 0 3359 3328 6102 6 191
193 0 3495 3620 6098 20.6274 37
194 0 3491 3640 6094 14.4924 193
195 0 3487 3660 6090 2 194
196 0 3367 3564 6170 6 34
197 0 3351 3564 6170 6 196
198 0 3343 3564 6178 9.31371 197
199 0 3335 3576 6190 6.94427 198
200 0 3331 3592 6210 6 199
201 0 3331 3608 6226 6 200
202 0 3335 3616 6238 6 201
203 0 3335 3620 6254 6 202
204 0 3335 3624 6272 6 203
205 0 3335 3620 6294 6 204
206 0 3339 3616 6302 9.31371 205
207 2 3339 3612.35 6316.59 9.93944 206
208 0 3347 3604 6334 10 207
209 0 3347 3600 6350 6 208
210 0 3347 3600 6358 6 209
211 0 3351 3588 6370 6.94427 210
212 0 3359 3580 6382 9.31371 211
213 0 3367 3568 6398 6 212
214 0 3371 3564 6402 6 213
215 0 3371 3560 6410 3.65685 214
216 0 3371 3560 6418 6 215
217 0 3363 3552 6430 6 216
218 0 3359 3540 6450 6 217
219 0 3359 3532 6458 6 218
220 0 3359 3532 6466 6 219
221 0 3351 3532 6474 3.65685 220
222 0 3351 3532 6482 3.65685 221
223 0 3351 3532 6490 3.65685 222
224 0 3355 3536 6494 3.65685 223
225 0 3359 3540 6498 2 224
226 0 3376.19 3612.51 6347.02 18.5212 208
227 2 3394.96 3620.55 6363.11 26.7307 226
228 2 3401.21 3623.23 6368.47 29.4672 227
229 0 3403 3624 6370 30.249 228
230 0 3431 3628 6386 15.8885 229
231 0 3451 3652 6394 10 230
232 0 3451 3664 6394 6.94427 231
233 0 3447 3676 6398 6.94427 232
234 0 3451 3684 6398 2 233
235 0 3455 3688 6398 2 234
236 0 3399 3648 6398 14.9706 229
237 0 3407 3656 6410 14 236
238 0 3423 3664 6414 6.94427 237
239 0 3431 3668 6414 6 238
240 0 3411 3672 6362 14 228
241 0 3423 3680 6370 6.94427 240
242 0 3431 3684 6374 6 241
243 0 3427 3656 6338 19.5407 227
244 0 3447 3656 6338 14 243
245 0 3451 3672 6366 6.94427 244
246 0 3435 3676 6310 10.6491 243
247 0 3447 3684 6306 6 246
248 0 3451 3688 6302 2 247
249 0 3451 3688 6298 2 248
250 0 3391 3632 6326 14 226
251 0 3407 3632 6318 6.94427 250
252 0 3415 3628 6306 14 251
253 0 3311 3608 6310 6 207
254 0 3295 3608 6310 6 253
255 0 3287 3608 6302 9.31371 254
256 0 3279 3616 6294 3.65685 255
257 0 3279 3620 6290 2 256
258 0 3331 3644 6278 6.94427 204
259 0 3331 3656 6282 6 258
260 0 3335 3664 6282 3.65685 259
261 0 3335 3672 6286 6 260
262 0 3335 3680 6294 6 261
263 0 3175 3604 6166 14 29
264 0 3179 3592 6186 6 263
265 0 3179 3584 6190 3.65685 264
266 0 3183 3580 6194 3.65685 265
267 0 3191 3572 6202 6.94427 266
268 0 3191 3572 6210 6.94427 267
269 0 3203 3564 6226 9.31371 268
270 0 3215 3556 6250 9.31371 269
271 0 3223 3532 6270 9.31371 270
272 0 3223 3524 6282 6 271
273 0 3223 3520 6290 6 272
274 0 3223 3512 6298 3.65685 273
275 0 3219 3508 6302 6 274
276 0 3219 3496 6318 6 275
277 0 3219 3492 6326 3.65685 276
278 0 3219 3484 6334 6.94427 277
279 0 3219 3484 6350 6 278
280 0 3223 3484 6366 6 279
281 0 3211 3472 6378 6.94427 280
282 0 3203 3464 6382 9.31371 281
283 0 3199 3456 6390 2 282
284 0 3199 3452 6394 3.65685 283
285 0 3191 3444 6402 6.94427 284
286 0 3187 3436 6410 6 285
287 0 3159 3564 6094 20.6274 28
288 0 3143 3560 6078 6.94427 287
289 0 3143 3552 6070 3.65685 288
290 0 3139 3548 6066 3.65685 289
291 0 3139 3544 6066 2 290
292 0 3163 3552 6118 18 28
293 0 3151 3532 6122 9.31371 292
294 0 3143 3528 6126 3.65685 293
295 0 3139 3528 6130 2 294
296 0 2995 3548 6058 6 18
297 0 2995 3540 6058 6 296
298 0 2995 3528 6054 9.31371 297
299 0 3007 3512 6042 3.65685 298
300 0 3011 3512 6042 3.65685 299
301 0 3015 3508 6038 3.65685 300
302 0 3019 3504 6034 6 301
303 0 3023 3500 6030 6 302
304 0 3019 3500 6022 3.65685 303
305 0 3019 3504 6018 2 304
306 0 3031 3524 6154 26 16
307 0 2963 3536 6158 14.4924 15
308 0 2959 3520 6158 6 307
309 0 2959 3508 6166 6.94427 308
310 0 2963 3500 6166 3.65685 309
311 0 2967 3496 6162 2 310
312 0 2983 3532 6198 12.4222 14
313 2 2975.92 3528 6220.62 13.8179 312
314 0 2971 3528 6238 10 313
315 0 2967 3528 6250 3.65685 314
316 0 2967 3528 6258 3.65685 315
317 0 2963 3528 6262 3.65685 316
318 0 2955 3528 6270 6.94427 317
319 0 2955 3532 6286 6 318
320 0 2959 3532 6302 6 319
321 0 2959 3520 6314 6.94427 320
322 0 2959 3512 6334 6.94427 321
323 0 2959 3508 6350 6 322
324 0 2931 3520 6270 12.4222 318
325 0 2919 3520 6278 9.31371 324
326 0 2967 3496 6230 6 313
327 0 2975 3484 6242 6 326
328 0 2979 3468 6246 6 327
329 0 2979 3452 6262 6 328
