# Generated by NeuTu (https://github.com/janelia-flyem/NeuTu)
1 0 3371 3463 6076 9.31371 -1
2 0 3379 3451 6092 9.31371 1
3 0 3387 3435 6104 6 2
4 0 3379 3423 6120 6.94427 3
5 0 3371 3411 6136 9.31371 4
6 0 3371 3403 6144 6 5
7 0 3371 3395 6152 6 6
8 0 3371 3387 6152 6 7
9 0 3371 3379 6152 3.65685 8
10 0 3367 3371 6152 6 9
11 0 3363 3355 6148 6.94427 10
12 0 3355 3347 6140 3.65685 11
13 0 3351 3339 6136 9.31371 12
14 0 3355 3327 6136 6 13
15 0 3355 3319 6136 6 14
16 0 3351 3303 6152 6 15
17 0 3343 3295 6156 6.94427 16
18 0 3335 3287 6164 3.65685 17
19 0 3335 3283 6164 2 18
