# Generated by NeuTu (https://github.com/janelia-flyem/NeuTu)
1 0 3024 3667 6361 6 -1
2 0 3024 3659 6353 6 1
3 0 3032 3655 6353 2 2
4 0 3036 3655 6353 3.65685 3
5 0 3044 3659 6353 3.65685 4
6 0 3054.68 3660.34 6353 5.84164 5
7 0 3060 3663 6353 3.65685 6
8 0 3068 3667 6353 3.65685 7
9 0 3080 3671 6353 6 8
10 0 3096 3671 6357 6 9
11 0 3104 3671 6365 6 10
12 0 3060 3659 6345 3.65685 6
13 0 3060 3655 6341 3.65685 12
14 0 3056 3655 6337 3.65685 13
15 0 3052 3659 6333 3.65685 14
16 0 3044 3659 6325 6.94427 15
17 0 3036 3655 6317 2 16
18 0 3032 3655 6317 2 17
