# Generated by NeuTu (https://github.com/janelia-flyem/NeuTu)
1 0 2891 3285 6495 2 -1
2 0 2891 3281 6495 2 1
3 0 2891 3277 6495 2 2
4 0 2895 3273 6495 3.65685 3
5 0 2899 3269 6491 6 4
6 0 2903 3273 6487 3.65685 5
7 0 2911 3273 6487 6 6
8 0 2931 3273 6483 6 7
9 0 2951 3269 6479 6.94427 8
10 0 2963 3269 6471 10.6491 9
11 0 2979 3277 6467 6.94427 10
12 0 2995 3281 6455 6 11
13 0 3007 3285 6439 9.31371 12
14 0 3003 3289 6427 6 13
15 0 3003 3293 6411 6 14
16 0 3007 3293 6395 6 15
17 0 3007 3297 6387 6 16
18 0 3011 3305 6379 3.65685 17
19 0 3011 3309 6371 6 18
20 0 3019 3317 6363 6.94427 19
21 0 3027 3325 6359 3.65685 20
22 0 3031 3325 6359 2 21
