# Generated by NeuTu (https://github.com/janelia-flyem/NeuTu)
1 0 3343 2357 7999 10.6491 -1
2 0 3375 2357 7991 29.241 1
3 0 3407 2329 7955 14.4924 2
4 0 3423 2297 7931 14.9706 3
5 0 3439 2257 7899 15.8885 4
6 0 3455 2229 7875 18 5
7 0 3483 2201 7847 18 6
8 0 3503 2193 7839 12.4222 7
9 0 3539 2189 7827 15.8885 8
10 0 3571 2189 7815 14.4924 9
11 0 3599 2201 7791 14 10
12 0 3631 2201 7763 18 11
13 0 3675 2173 7735 30.249 12
14 0 3691 2129 7691 23.6125 13
15 0 3699 2105 7655 14 14
16 0 3691 2085 7631 14 15
17 0 3683 2057 7611 18.3961 16
18 0 3679 2029 7559 27.1204 17
19 0 3667 2005 7507 14 18
20 0 3667 1997 7463 14 19
21 0 3671 2001 7427 18.3961 20
22 0 3687 2001 7391 18 21
23 0 3711 2001 7343 15.8885 22
24 0 3719 2006.81 7294.92 24.305 23
25 0 3719.24 2021 7261.94 31.9944 24
26 0 3747 2013 7175 18 25
27 0 3739 2013 7139 12.4222 26
28 0 3739 2025 7107 14 27
29 0 3747 2049 7067 18 28
30 0 3751 2069 7035 18 29
31 0 3763 2061 6983 14 30
32 0 3759 2061 6951 14 31
33 0 3759 2065 6919 14.4924 32
34 0 3759 2073 6867 14 33
35 0 3767 2085 6835 10.6491 34
36 0 3767 2105 6815 10 35
37 0 3771 2129 6791 14 36
38 0 3783 2141 6763 18 37
39 0 3791 2149 6723 18 38
40 0 3791 2149 6683 14 39
41 0 3791 2153 6635 14 40
42 0 3795 2161 6599 10.6491 41
43 0 3807 2169 6575 10 42
44 0 3819 2177 6551 12.4222 43
45 0 3831 2193 6535 10.6491 44
46 0 3847 2201 6515 14 45
47 0 3855 2213 6467 18 46
48 0 3855 2217 6427 12.4222 47
49 0 3855 2217 6395 12.4222 48
50 0 3855 2217 6363 14.4924 49
51 0 3835 2209 6323 15.8885 50
52 0 3831 2197 6283 14.4924 51
53 0 3831 2177 6239 12.4222 52
54 0 3835 2169 6207 18 53
55 0 3851 2177 6171 18 54
56 0 3879 2189 6143 18.3961 55
57 0 3915 2205 6107 14.4924 56
58 0 3935 2213 6087 12.4222 57
59 0 3951 2213 6071 10 58
60 0 3983 2217 6039 14.9706 59
61 0 4007 2217 6011 18 60
62 0 4039 2221 5963 31.9411 61
63 0 4039 2249 5903 18 62
64 0 4051 2249 5847 15.8885 63
65 0 4063 2249 5811 12.4222 64
66 0 4075 2253 5795 18 65
67 0 4107 2257 5755 18 66
68 0 4127 2261 5715 20.6274 67
69 0 4167 2261 5667 23.2982 68
70 2 4200.91 2243.69 5646.4 31.1654 69
71 2 4249.88 2234.3 5606.81 32.1861 70
72 0 4297.34 2229.23 5533.62 36.123 71
73 0 4299 2245 5463 18 72
74 0 4295 2273 5399 19.5407 73
75 0 4299 2309 5359 22 74
76 0 4335 2353 5319 37.3954 75
77 0 4371 2377 5259 26 76
78 0 4367 2397 5211 15.8885 77
79 0 4367 2409 5179 18 78
80 0 4395 2437 5155 18 79
81 0 4427 2449 5123 18 80
82 0 4439 2461 5087 18 81
83 0 4423 2461 5043 14.4924 82
84 0 4423 2461 5003 15.8885 83
85 0 4439 2465 4947 20.6274 84
86 0 4471 2497 4903 24.8328 85
87 0 4495 2505 4843 20.6274 86
88 0 4507 2529 4787 26.8444 87
89 0 4547.38 2518.06 4707.68 34.2759 88
90 0 4547 2505 4619 30 89
91 0 4543 2505 4547 23.6125 90
92 0 4575 2513 4495 21.3238 91
93 0 4603 2509 4459 22.3311 92
94 0 4643 2497 4411 21.3238 93
95 0 4667 2477 4371 21.3238 94
96 0 4679 2453 4331 19.5407 95
97 0 4707 2437 4287 26 96
98 0 4735 2437 4219 18 97
99 0 4743 2425 4179 19.5407 98
100 0 4751 2409 4131 20.6274 99
101 0 4751 2397 4087 18.3961 100
102 0 4763 2381 4019 39.7612 101
103 0 4750.31 2425.81 3920.82 40.1081 102
104 0 4747 2449 3891 30.9848 103
105 0 4727 2489 3851 18 104
106 0 4715 2513 3819 14.4924 105
107 0 4695 2541 3779 21.3238 106
108 2 4660.7 2564.05 3730.6 38.3393 107
109 2 4657.61 2564.56 3726.49 39.1095 108
110 2 4656.19 2564.8 3724.58 39.465 109
111 0 4616.97 2568.32 3685.31 26.096 110
112 0 4595 2561 3667 18 111
113 0 4559 2537 3635 18.3961 112
114 0 4551 2497 3579 19.5407 113
115 0 4551 2473 3539 18 114
116 0 4543 2453 3491 21.3238 115
117 0 4517.25 2436.5 3401.48 31.3587 116
118 0 4515 2457 3359 12.4222 117
119 0 4519 2473 3331 10.6491 118
120 0 4519 2481 3307 10.6491 119
121 0 4515 2481 3291 14 120
122 0 4507 2485 3259 9.31371 121
123 0 4511 2497 3243 18 122
124 0 4527 2521 3199 14.4924 123
125 0 4543 2533 3171 12.4222 124
126 0 4563 2545 3147 10.6491 125
127 0 4563 2549 3119 10 126
128 0 4575 2553 3095 12.4222 127
129 0 4607 2573 3067 14.9706 128
130 0 4647 2601 3015 38 129
131 0 4659 2609 2951 21.3238 130
132 0 4659 2593 2915 10.6491 131
133 0 4663 2593 2879 12.4222 132
134 0 4663 2593 2851 10 133
135 0 4663 2589 2815 12.4222 134
136 0 4667 2589 2791 9.31371 135
137 0 4671 2597 2767 12.4222 136
138 0 4691 2597 2723 14.9706 137
139 0 4703 2605 2679 18 138
140 0 4711 2601 2643 12.4222 139
141 0 4727 2597 2615 10 140
142 0 4731 2601 2587 10 141
143 0 4731 2601 2551 15.8885 142
144 0 4727 2605 2507 10.6491 143
145 0 4723 2613 2479 14.4924 144
146 0 4719 2621 2451 14.4924 145
147 0 4711 2641 2403 14.9706 146
148 0 4711 2645 2363 10 147
149 0 4707 2633 2335 12.4222 148
150 0 4703 2625 2323 10.6491 149
151 0 4691 2617 2287 14 150
152 0 4691 2613 2255 12.4222 151
153 0 4691 2609 2223 10 152
154 0 4687 2601 2195 12.4222 153
155 0 4687 2593 2167 12.4222 154
156 0 4687 2581 2139 12.4222 155
157 0 4695 2573 2111 12.4222 156
158 0 4695 2557 2079 14 157
159 0 4695 2541 2051 14 158
160 0 4699 2521 2019 14.4924 159
161 0 4699 2509 1991 14.4924 160
162 0 4691 2497 1959 10.6491 161
163 0 4691 2489 1947 9.31371 162
164 0 4691 2473 1907 18 163
165 0 4691 2445 1863 24.8328 164
166 0 4687 2425 1815 24.8328 165
167 0 4683 2405 1779 10 166
168 0 4675 2377 1751 18 167
169 0 4675 2361 1735 18 168
170 0 4671 2329 1719 10 169
171 0 4667 2317 1715 12.4222 170
172 0 4651 2297 1699 10.6491 171
173 0 4627 2277 1675 18 172
174 0 4607 2253 1651 19.5407 173
175 0 4587 2209 1619 18 174
176 0 4563 2181 1587 14.4924 175
177 0 4543 2169 1559 18 176
178 0 4511 2169 1503 14 177
179 0 4503 2181 1491 18 178
180 0 4503 2217 1467 15.8885 179
181 0 4495 2249 1447 15.8885 180
182 0 4499 2281 1435 14.4924 181
183 0 4507 2321 1411 18 182
184 0 4515 2369 1395 18 183
185 0 4523 2409 1367 14.4924 184
186 0 4539 2457 1351 23.6125 185
187 0 4559 2513 1339 22 186
188 0 4567 2553 1331 18 187
189 0 4571 2573 1327 14.4924 188
190 0 4575 2593 1319 18 189
191 0 4571 2621 1299 14.9706 190
192 0 4567 2641 1283 18 191
193 0 4563 2677 1263 12.4222 192
194 0 4543 2705 1243 14 193
195 0 4531 2705 1235 14 194
196 0 4519 2721 1219 2 195
197 0 4519 2721 1215 2 196
198 0 4559 2613 1275 15.8885 192
199 0 4555 2569 1295 14 198
200 0 4547 2557 1307 9.31371 199
201 2 4519 2357 3411 24.001 117
202 0 4511 2317 3419 22.3311 201
203 0 4511 2261 3435 23.2982 202
204 0 4487 2229 3459 18 203
205 0 4471 2193 3487 15.8885 204
206 0 4471 2169 3511 14 205
207 0 4471 2137 3543 14.4924 206
208 0 4479 2117 3567 10.6491 207
209 0 4483 2101 3599 12.4222 208
210 0 4491 2097 3623 12.4222 209
211 0 4541.78 2097 3671.32 30.4086 210
212 0 4559.51 2096.75 3691.93 40.9447 211
213 2 4560.88 2096.06 3694.45 40.071 212
214 2 4577.36 2087.82 3724.66 29.5867 213
215 0 4603 2073 3755 18.3961 214
216 0 4639 2029 3767 18 215
217 0 4655 2001 3775 15.8885 216
218 0 4679 1981 3783 21.3238 217
219 0 4687 1929 3791 19.5407 218
220 0 4687 1905 3811 30 219
221 0 4703 1853 3815 21.3238 220
222 0 4711 1789 3839 19.5407 221
223 0 4711 1753 3871 14.9706 222
224 2 4711 1745.2 3894.4 17.9243 223
225 0 4707 1745 3915 6.94427 224
226 0 4699 1749 3923 6 225
227 0 4691 1745 3931 6.94427 226
228 0 4683 1733 3939 6.94427 227
229 0 4675 1725 3939 3.65685 228
230 0 4671 1721 3939 3.65685 229
231 0 4663 1713 3939 6 230
232 0 4655 1705 3931 6 231
233 0 4639 1701 3931 9.31371 232
234 0 4623 1689 3931 9.31371 233
235 0 4611 1681 3931 9.31371 234
236 0 4599 1677 3931 3.65685 235
237 0 4595 1677 3927 2 236
238 0 4711 1765 3935 10 226
239 0 4727 1785 3943 6 238
240 0 4723 1709 3907 15.8885 224
241 0 4723 1685 3907 18 240
242 0 4723 1665 3907 6.94427 241
243 0 4723 1657 3907 6 242
244 0 4723 1641 3907 12.4222 243
245 0 4723 1621 3891 9.31371 244
246 0 4699 2005 3787 6.94427 218
247 0 4707 2013 3791 6.94427 246
248 0 4703 2021 3799 6.94427 247
249 0 4703 2021 3807 6 248
250 0 4563 2089 3779 6 214
251 0 4547 2089 3799 6.94427 250
252 0 4535 2065 3811 12.4222 251
253 0 4527 2041 3823 10 252
254 0 4523 2017 3831 10 253
255 0 4523 1989 3839 10 254
256 0 4519 1961 3843 14.4924 255
257 0 4499 1937 3839 12.4222 256
258 0 4483 1925 3831 6.94427 257
259 0 4471 1917 3819 12.4222 258
260 0 4463 1909 3811 6.94427 259
261 0 4443 1897 3807 6.94427 260
262 0 4435 1885 3803 2 261
263 0 4551 2169 3723 10 213
264 0 4551 2181 3723 6 263
265 0 4551 2189 3723 6 264
266 0 4547 2193 3727 6 265
267 0 4547 2209 3727 6 266
268 0 4547 2225 3731 6 267
269 0 4543 2241 3735 6 268
270 0 4543 2249 3735 6 269
271 0 4539 2253 3743 6 270
272 0 4523 2253 3755 6 271
273 0 4519 2257 3767 12.4222 272
274 0 4515 2269 3771 6 273
275 0 4503 2285 3783 6.94427 274
276 0 4499 2293 3787 6 275
277 0 4491 2301 3787 3.65685 276
278 0 4487 2305 3791 6 277
279 0 4467 2305 3803 6.94427 278
280 0 4459 2301 3803 6 279
281 0 4583 2053 3695 14.9706 212
282 0 4587 2037 3711 6.94427 281
283 0 4587 2025 3727 6 282
284 0 4591 2013 3735 6 283
285 0 4599 2065 3671 21.3238 211
286 0 4619 2061 3663 9.31371 285
287 0 4635 2057 3655 6.94427 286
288 0 4643 2057 3651 6 287
289 0 4655 2057 3655 3.65685 288
290 0 4659 2053 3659 2 289
291 0 4511 2273 3403 18 202
292 0 4503 2249 3375 18 291
293 0 4539 2357 3387 15.8885 201
294 0 4555 2361 3383 6.94427 293
295 0 4563 2365 3379 6.94427 294
296 0 4567 2373 3375 3.65685 295
297 0 4571 2377 3371 6 296
298 0 4575 2381 3367 3.65685 297
299 0 4579 2393 3363 6 298
300 0 4583 2409 3363 6 299
301 0 4583 2425 3351 6 300
302 0 4587 2425 3343 6 301
303 0 4591 2417 3331 6 302
304 0 4595 2401 3331 9.31371 303
305 0 4599 2389 3327 2 304
306 0 4599 2385 3327 2 305
307 0 4547 2485 3603 14 114
308 0 4547 2477 3619 6 307
309 0 4543 2469 3627 3.65685 308
310 0 4539 2469 3635 6 309
311 0 4539 2465 3643 6 310
312 0 4611 2621 3671 9.31371 111
313 0 4607 2633 3667 6.94427 312
314 2 4607 2650.6 3655.8 11.9378 313
315 2 4607 2652.4 3655.2 12.3011 314
316 0 4603 2665 3655 9.31371 315
317 0 4595 2693 3651 9.31371 316
318 0 4583 2721 3643 10.6491 317
319 0 4563 2745 3635 9.31371 318
320 0 4547 2761 3635 9.31371 319
321 0 4535 2777 3647 6.94427 320
322 0 4507 2781 3659 9.31371 321
323 0 4483 2789 3675 9.31371 322
324 0 4455 2813 3695 22 323
325 0 4419 2801 3695 6 324
326 0 4407 2797 3691 6.94427 325
327 0 4399 2789 3683 3.65685 326
328 0 4391 2785 3675 6 327
329 0 4379 2789 3663 6.94427 328
330 0 4355 2793 3651 10.6491 329
331 0 4343 2793 3643 12.4222 330
332 0 4331 2789 3631 9.31371 331
333 0 4319 2785 3631 6 332
334 0 4303 2789 3627 6 333
335 0 4295 2789 3627 6 334
336 0 4283 2793 3627 9.31371 335
337 0 4267 2801 3619 6 336
338 2 4451.75 2832.49 3720.98 18.7525 324
339 0 4447 2857 3731 6.94427 338
340 0 4447 2865 3731 2 339
341 0 4447 2877 3731 9.31371 340
342 0 4447 2889 3739 9.31371 341
343 0 4443 2905 3739 6 342
344 0 4439 2913 3747 6 343
345 0 4447 2929 3751 6.94427 344
346 0 4447 2945 3755 6.94427 345
347 0 4447 2957 3759 10 346
348 0 4463 2973 3767 9.31371 347
349 0 4491 2825 3727 6.94427 338
350 0 4499 2829 3731 3.65685 349
351 0 4511 2829 3731 9.31371 350
352 0 4527 2825 3735 3.65685 351
353 0 4531 2825 3735 2 352
354 0 4623 2653 3639 6 315
355 0 4635 2653 3623 6 354
356 0 4639 2657 3619 6 355
357 0 4647 2661 3611 10 356
358 0 4655 2657 3603 6 357
359 0 4663 2645 3595 6 358
360 0 4679 2641 3587 6.94427 359
361 0 4683 2629 3575 6 360
362 0 4687 2617 3563 6 361
363 0 4687 2617 3555 2 362
364 0 4687 2617 3547 6 363
365 0 4687 2617 3539 6 364
366 0 4691 2613 3531 2 365
367 0 4691 2613 3527 2 366
368 0 4687 2657 3579 6 360
369 0 4687 2673 3575 6 368
370 0 4687 2681 3567 6 369
371 0 4603 2657 3667 6 314
372 0 4599 2669 3683 6 371
373 0 4595 2673 3691 3.65685 372
374 0 4591 2677 3695 3.65685 373
375 0 4591 2685 3703 6 374
376 0 4591 2693 3711 2 375
377 0 4591 2701 3719 6 376
378 0 4595 2705 3727 9.31371 377
379 0 4599 2713 3735 3.65685 378
380 0 4599 2717 3735 2 379
381 0 4639 2525 3763 6 110
382 0 4635 2517 3771 6 381
383 0 4631 2513 3779 6 382
384 0 4631 2513 3787 3.65685 383
385 0 4631 2509 3795 3.65685 384
386 0 4631 2509 3799 3.65685 385
387 0 4627 2505 3803 3.65685 386
388 0 4627 2505 3811 6 387
389 0 4627 2505 3819 6 388
390 0 4627 2505 3831 2 389
391 0 4627 2501 3835 3.65685 390
392 0 4627 2501 3843 3.65685 391
393 0 4627 2501 3847 2 392
394 0 4627 2501 3851 2 393
395 0 4627 2501 3855 3.65685 394
396 0 4631 2501 3867 6 395
397 0 4639 2509 3879 6 396
398 0 4639 2517 3887 6 397
399 0 4643 2521 3903 6 398
400 0 4643 2521 3911 6 399
401 0 4639 2529 3919 6 400
402 0 4639 2545 3923 6 401
403 0 4639 2561 3931 6 402
404 0 4635 2561 3943 9.31371 403
405 0 4631 2565 3951 6.94427 404
406 0 4623 2577 3963 6.94427 405
407 0 4615 2577 3971 6 406
408 0 4603 2585 3975 6.94427 407
409 0 4595 2597 3979 10 408
410 0 4583 2613 3967 2 409
411 0 4583 2613 3963 2 410
412 0 4647 2513 3731 9.31371 109
413 0 4655 2493 3727 6 412
414 0 4659 2473 3723 6 413
415 0 4663 2457 3723 6 414
416 0 4671 2441 3727 6.94427 415
417 0 4671 2433 3731 2 416
418 0 4671 2429 3739 6.94427 417
419 0 4687 2429 3755 6 418
420 0 4691 2425 3763 6.94427 419
421 0 4695 2425 3771 3.65685 420
422 0 4699 2425 3779 6 421
423 0 4703 2425 3787 3.65685 422
424 0 4703 2433 3795 3.65685 423
425 0 4699 2437 3803 6 424
426 0 4699 2449 3815 6.94427 425
427 0 4703 2449 3823 6 426
428 0 4675 2421 3719 6 417
429 0 4683 2425 3699 6 428
430 0 4691 2413 3687 6 429
431 0 4695 2397 3671 10 430
432 0 4687 2381 3659 6 431
433 0 4687 2373 3659 6 432
434 0 4687 2365 3667 3.65685 433
435 0 4683 2361 3667 2 434
436 0 4703 2621 3735 10.6491 108
437 0 4715 2641 3735 9.31371 436
438 0 4727 2657 3731 12.4222 437
439 0 4727 2681 3727 6 438
440 0 4723 2693 3727 9.31371 439
441 0 4723 2705 3723 6 440
442 0 4723 2717 3719 9.31371 441
443 0 4723 2729 3719 6 442
444 0 4727 2745 3719 10 443
445 0 4731 2757 3715 12.4222 444
446 0 4731 2773 3715 6.94427 445
447 0 4739 2801 3715 10.6491 446
448 0 4739 2833 3715 6 447
449 0 4743 2853 3719 6.94427 448
450 0 4743 2861 3723 6.94427 449
451 0 4747 2873 3731 14 450
452 0 4743 2897 3739 10 451
453 0 4743 2921 3743 10 452
454 0 4747 2941 3743 12.4222 453
455 0 4747 2973 3739 9.31371 454
456 0 4735 3005 3727 12.4222 455
457 0 4727 3029 3711 12.4222 456
458 0 4715 3053 3703 14.4924 457
459 2 4715 3081 3699 14 458
460 0 4707 3137 3707 9.31371 459
461 0 4703 3169 3707 14.4924 460
462 0 4711 3193 3707 9.31371 461
463 0 4711 3213 3707 6 462
464 0 4711 3226 3707 6.33333 463
465 0 4711 3237 3707 10 464
466 0 4699 3253 3703 6.94427 465
467 0 4695 3261 3703 6.94427 466
468 0 4687 3273 3699 12.4222 467
469 0 4687 3289 3683 9.31371 468
470 0 4687 3301 3671 6 469
471 0 4683 3309 3659 6 470
472 0 4683 3321 3643 6 471
473 0 4683 3337 3623 6.94427 472
474 0 4683 3353 3603 9.31371 473
475 0 4675 3353 3591 6.94427 474
476 0 4663 3353 3579 9.31371 475
477 0 4651 3353 3571 9.31371 476
478 0 4643 3353 3563 6 477
479 0 4671 3277 3707 6 468
480 0 4663 3281 3707 6 479
481 0 4655 3289 3715 6.94427 480
482 0 4643 3305 3719 9.31371 481
483 0 4639 3317 3727 12.4222 482
484 0 4727 3229 3723 6 464
485 0 4735 3225 3739 6 484
486 0 4735 3221 3751 3.65685 485
487 0 4735 3221 3759 6 486
488 0 4735 3217 3767 6 487
489 0 4731 3201 3787 14 488
490 0 4723 3185 3807 6 489
491 0 4711 3085 3679 14 459
492 0 4707 3085 3655 3.65685 491
493 0 4707 3085 3651 3.65685 492
494 0 4707 3085 3643 6 493
495 0 4703 3085 3635 3.65685 494
496 0 4695 3085 3627 3.65685 495
497 0 4691 3085 3623 3.65685 496
498 0 4683 3085 3615 6 497
499 0 4675 3089 3607 9.31371 498
500 0 4663 3089 3607 3.65685 499
501 0 4659 3093 3607 2 500
502 0 4715 2761 3699 3.65685 445
503 0 4711 2765 3695 6 502
504 0 4711 2773 3683 6 503
505 0 4707 2777 3679 2 504
506 0 4707 2781 3675 2 505
507 0 4707 2785 3671 3.65685 506
508 0 4707 2785 3667 2 507
509 0 4707 2793 3659 6 508
510 0 4699 2797 3651 6.94427 509
511 0 4687 2809 3655 10 510
512 0 4675 2829 3643 6 511
513 0 4799 2437 3871 21.3238 104
514 0 4843 2437 3859 24.8328 513
515 0 4883 2441 3835 18 514
516 0 4927 2453 3815 19.5407 515
517 0 4971 2457 3795 18 516
518 2 4999.61 2472.52 3786.39 16.1986 517
519 0 5007 2493 3787 6.94427 518
520 0 5011 2505 3787 9.31371 519
521 0 5019 2517 3795 9.31371 520
522 0 5019 2529 3795 6.94427 521
523 0 5032.24 2588.2 3799.98 32.4898 522
524 0 5033.21 2630.91 3812.79 30.2221 523
525 0 5031 2685 3831 6.94427 524
526 0 5031 2701 3831 6 525
527 0 5035 2709 3835 9.31371 526
528 0 5039 2721 3835 6 527
529 0 5047 2733 3831 6 528
530 0 5051 2745 3831 6.94427 529
531 0 5055 2757 3823 9.31371 530
532 0 5055 2769 3823 6 531
533 0 5071 2793 3823 14 532
534 0 5079 2813 3811 6 533
535 0 5091 2821 3807 6 534
536 0 5103 2833 3803 6 535
537 0 5115 2845 3799 6.94427 536
538 0 5131 2857 3799 6.94427 537
539 0 5139 2861 3807 10 538
540 0 5147 2865 3823 9.31371 539
541 0 5143 2873 3827 6 540
542 0 5139 2881 3835 6 541
543 0 5135 2885 3839 3.65685 542
544 0 5135 2893 3843 6 543
545 0 5139 2897 3847 2 544
546 0 5143 2901 3847 2 545
547 0 4995 2637 3831 6.94427 524
548 0 4971 2649 3831 6.94427 547
549 0 4955 2653 3827 6 548
550 0 4947 2653 3827 6.94427 549
551 0 5067 2617 3775 6 523
552 0 5075 2617 3759 6 551
553 0 5083 2617 3751 6 552
554 0 5027 2441 3775 18 518
555 2 5064 2419 3764 25 554
556 0 5147 2421 3751 18 555
557 0 5215 2417 3759 38 556
558 0 5227 2377 3755 10 557
559 0 5231 2369 3747 6 558
560 0 5231 2365 3735 9.31371 559
561 0 5235 2369 3719 6.94427 560
562 0 5243 2373 3703 6 561
563 0 5259 2381 3687 6 562
564 0 5259 2385 3671 6 563
565 0 5263 2393 3663 2 564
566 0 5263 2393 3659 2 565
567 0 5263 2397 3655 2 566
568 0 5263 2401 3651 2 567
569 0 5263 2405 3647 2 568
570 0 5243 2393 3799 22 557
571 0 5255 2377 3815 6.94427 570
572 0 5259 2369 3823 3.65685 571
573 0 5263 2365 3827 2 572
574 0 5251 2445 3767 14 557
575 0 5255 2457 3759 6 574
576 0 5255 2465 3751 3.65685 575
577 0 5255 2469 3747 2 576
578 0 5255 2473 3743 2 577
579 0 5051 2393 3779 6 555
580 0 5039 2377 3779 6.94427 579
581 0 5019 2365 3783 6 580
582 0 5011 2361 3783 6.94427 581
583 0 5003 2361 3775 9.31371 582
584 0 4999 2361 3763 2 583
585 0 4999 2361 3759 3.65685 584
586 0 4999 2361 3755 3.65685 585
587 0 4995 2357 3751 6 586
588 0 4983 2357 3735 6.94427 587
589 0 4975 2353 3719 6 588
590 0 4971 2349 3703 6 589
591 0 4971 2341 3695 6.94427 590
592 0 4979 2333 3691 6.94427 591
593 0 4983 2317 3687 6 592
594 0 4987 2301 3691 6.94427 593
595 0 4991 2285 3699 3.65685 594
596 0 4995 2273 3707 9.31371 595
597 0 5003 2265 3715 6 596
598 0 4715 2381 3895 6.94427 103
599 0 4703 2377 3891 6 598
600 0 4687 2377 3891 12.4222 599
601 0 4667 2357 3879 9.31371 600
602 0 4655 2361 3863 6 601
603 0 4651 2365 3855 6 602
604 0 4647 2373 3847 3.65685 603
605 0 4647 2373 3839 3.65685 604
606 0 4643 2377 3835 6 605
607 0 4627 2377 3823 6.94427 606
608 0 4611 2373 3823 6 607
609 0 4595 2377 3819 9.31371 608
610 0 4587 2377 3807 9.31371 609
611 0 4579 2373 3799 6 610
612 0 4559 2377 3795 6.94427 611
613 0 4547 2377 3791 2 612
614 0 4507 2521 4695 9.31371 89
615 0 4495 2517 4695 6 614
616 0 4487 2521 4691 6 615
617 0 4483 2529 4691 2 616
618 0 4483 2533 4691 2 617
619 2 4313.67 2146.96 5589.04 36.0155 72
620 0 4339 2061 5627 14 619
621 0 4355 2041 5643 15.8885 620
622 0 4383 2021 5683 22.3311 621
623 0 4431 2017 5727 26 622
624 0 4471.6 2009 5763.2 23.3327 623
625 0 4495 2009 5771 12.4222 624
626 0 4515 2021 5775 14.4924 625
627 0 4519 2037 5779 10 626
628 0 4519 2049 5791 10.6491 627
629 0 4527 2073 5795 10.6491 628
630 2 4531.57 2086.14 5800.71 12.0762 629
631 0 4535 2101 5819 9.31371 630
632 0 4531 2133 5843 19.5407 631
633 0 4567 2165 5863 18 632
634 2 4602.58 2190.35 5876.35 18.9569 633
635 2 4651.71 2193 5906.18 11.339 634
636 0 4679 2193 5911 6.94427 635
637 0 4707 2193 5915 10 636
638 0 4731 2193 5915 14 637
639 0 4755 2197 5923 10 638
640 0 4771 2201 5939 10.6491 639
641 0 4779 2201 5951 14 640
642 0 4803 2221 5975 10 641
643 0 4823 2225 5983 10.6491 642
644 0 4851 2257 5987 12.4222 643
645 0 4863 2269 5987 12.4222 644
646 0 4875 2273 5999 6.94427 645
647 0 4883 2281 5999 2 646
648 0 4887 2281 5999 2 647
649 0 4743 2193 5899 6.94427 638
650 0 4743 2193 5891 3.65685 649
651 0 4747 2193 5887 3.65685 650
652 0 4751 2197 5883 3.65685 651
653 0 4763 2189 5871 9.31371 652
654 0 4783 2181 5855 10.6491 653
655 0 4795 2193 5843 6.94427 654
656 0 4803 2205 5835 6.94427 655
657 0 4807 2217 5827 9.31371 656
658 0 4815 2221 5831 3.65685 657
659 0 4819 2221 5827 2 658
660 0 4799 2169 5855 6 654
661 0 4815 2169 5859 6 660
662 0 4823 2169 5863 6 661
663 0 4659 2181 5887 6 635
664 0 4663 2173 5875 6 663
665 0 4667 2161 5859 6 664
666 0 4671 2157 5855 6 665
667 0 4671 2157 5847 6 666
668 0 4683 2153 5835 6 667
669 0 4687 2149 5831 6 668
670 0 4695 2149 5831 2 669
671 0 4699 2149 5831 2 670
672 0 4583 2217 5855 6 634
673 0 4575 2221 5847 6 672
674 0 4567 2225 5831 9.31371 673
675 0 4559 2229 5823 6.94427 674
676 0 4539 2105 5791 6.94427 630
677 0 4543 2117 5783 6 676
678 0 4547 2121 5779 3.65685 677
679 0 4547 2129 5775 3.65685 678
680 0 4547 2133 5775 2 679
681 0 4539 2017 5783 9.31371 626
682 0 4551 2025 5795 9.31371 681
683 0 4563 2025 5795 6 682
684 0 4579 2025 5795 6 683
685 0 4591 2025 5799 9.31371 684
686 0 4611 2029 5799 10 685
687 0 4631 2037 5795 10.6491 686
688 0 4623 2057 5779 9.31371 687
689 0 4611 2077 5771 6.94427 688
690 0 4603 2097 5755 6.94427 689
691 0 4599 2105 5751 6.94427 690
692 0 4599 2117 5751 2 691
693 0 4603 2121 5751 2 692
694 0 4651 2029 5811 9.31371 687
695 0 4663 2013 5819 9.31371 694
696 0 4675 1993 5827 6 695
697 0 4679 1989 5831 6 696
698 0 4687 1985 5839 2 697
699 0 4475 1981 5779 10.6491 624
700 0 4471 1961 5799 14 699
701 0 4463 1937 5823 14 700
702 0 4437.32 1891.13 5853.52 24.3812 701
703 0 4424.54 1857.7 5874.3 32.1491 702
704 2 4415.84 1842.47 5889.53 37.1172 703
705 0 4386.58 1840.47 5919.42 25.5609 704
706 0 4371 1821 5935 9.31371 705
707 0 4367 1813 5947 6 706
708 0 4355 1809 5963 10 707
709 0 4339 1813 5979 12.4222 708
710 0 4327 1813 5983 12.4222 709
711 0 4315 1821 5995 6 710
712 0 4303 1829 6003 6 711
713 0 4287 1837 6015 10.6491 712
714 0 4267 1837 6019 6 713
715 0 4259 1837 6027 9.31371 714
716 0 4251 1837 6035 6.94427 715
717 0 4239 1845 6035 9.31371 716
718 0 4231 1841 6043 6 717
719 0 4223 1841 6047 6 718
720 0 4211 1845 6047 9.31371 719
721 0 4195 1849 6055 10 720
722 0 4183 1853 6051 6.94427 721
723 0 4171 1857 6039 6 722
724 0 4163 1861 6031 6 723
725 0 4147 1865 6015 6 724
726 0 4135 1869 6011 6 725
727 0 4123 1865 6003 6 726
728 0 4167 1853 6067 6.94427 722
729 0 4151 1857 6083 9.31371 728
730 0 4135 1857 6099 6 729
731 0 4131 1857 6107 6.94427 730
732 0 4323 1869 5919 6.94427 705
733 0 4315 1869 5919 3.65685 732
734 0 4307 1873 5915 6 733
735 0 4447 1849 5915 3.65685 704
736 0 4455 1857 5923 9.31371 735
737 0 4475 1861 5923 14 736
738 0 4443 1801 5879 22 703
739 0 4463 1785 5887 6 738
740 0 4467 1785 5895 2 739
741 0 4463 1781 5899 2 740
742 0 4415 1845 5843 37.3954 702
743 0 4391 1793 5807 14 742
744 0 4367 1785 5807 3.65685 743
745 0 4363 1781 5807 2 744
746 0 4255 2149 5591 14.4924 619
747 0 4239 2157 5587 9.31371 746
748 0 4207 2257 5623 26.2843 71
749 0 4187 2297 5627 9.31371 748
750 0 4187 2313 5627 9.31371 749
751 0 4175 2329 5619 10 750
752 0 4163 2349 5615 9.31371 751
753 0 4151 2369 5603 6.94427 752
754 0 4151 2385 5603 6 753
755 0 4155 2405 5603 10 754
756 0 4147 2417 5603 6 755
757 0 4143 2429 5603 6 756
758 0 4147 2445 5611 6 757
759 0 4147 2453 5611 6 758
760 0 4151 2469 5611 12.4222 759
761 0 4167 2481 5599 3.65685 760
762 0 4175 2485 5599 3.65685 761
763 0 4179 2489 5595 6 762
764 0 4187 2489 5587 6 763
765 0 4191 2497 5579 3.65685 764
766 0 4203 2509 5567 14 765
767 0 4211 2525 5551 9.31371 766
768 0 4215 2533 5547 6 767
769 0 4219 2553 5547 6.94427 768
770 0 4235 2557 5543 6.94427 769
771 0 4135 2481 5623 6 760
772 0 4131 2481 5635 6 771
773 0 4127 2481 5651 6 772
774 0 4131 2481 5667 6 773
775 0 4139 2477 5683 9.31371 774
776 0 4147 2477 5691 6.94427 775
777 0 4155 2477 5695 2 776
778 0 4159 2477 5695 2 777
779 0 4163 2477 5695 2 778
780 0 4199 2325 5631 6.94427 750
781 0 4207 2329 5639 3.65685 780
782 0 4215 2337 5647 3.65685 781
783 0 4219 2337 5647 3.65685 782
784 0 4223 2341 5651 6 783
785 0 4231 2349 5655 6 784
786 0 4235 2365 5667 6 785
787 0 4235 2373 5671 6 786
788 0 4219 2257 5675 6 70
789 0 4215 2269 5691 6 788
790 0 4211 2273 5707 6 789
791 0 4203 2289 5723 6 790
792 0 4199 2301 5723 6 791
793 0 4191 2317 5731 9.31371 792
794 0 4187 2337 5739 10 793
795 0 4191 2349 5747 6 794
796 0 4027 2253 5843 6.94427 64
797 0 4019 2257 5843 6 796
798 0 4011 2253 5835 6 797
799 0 3991 2245 5823 6 798
800 0 3979 2241 5815 10 799
801 0 3955 2241 5803 10 800
802 0 3931 2241 5803 10 801
803 0 3903 2237 5795 10 802
804 0 3879 2233 5799 9.31371 803
805 2 3851.94 2229.24 5803 13.7647 804
806 0 3835 2237 5803 10 805
807 0 3815 2257 5799 10 806
808 0 3811 2281 5787 9.31371 807
809 0 3795 2305 5779 18 808
810 0 3775 2309 5775 6 809
811 0 3759 2313 5771 6 810
812 0 3743 2317 5767 6 811
813 0 3731 2325 5759 6.94427 812
814 0 3719 2337 5747 9.31371 813
815 0 3723 2345 5743 6 814
816 0 3723 2357 5731 6 815
817 0 3711 2365 5719 6.94427 816
818 0 3703 2365 5715 6 817
819 0 3695 2365 5715 2 818
820 0 3687 2361 5715 6 819
821 0 3671 2369 5715 6.94427 820
822 0 3663 2373 5711 9.31371 821
823 0 3647 2385 5699 6 822
824 0 3631 2389 5695 6 823
825 0 3619 2393 5691 6.94427 824
826 0 3603 2401 5679 14 825
827 0 3587 2401 5675 6.94427 826
828 0 3567 2401 5655 6.94427 827
829 0 3563 2397 5647 6 828
830 0 3855 2209 5791 6 805
831 0 3855 2201 5787 6 830
832 0 3859 2201 5771 6 831
833 0 3859 2197 5763 3.65685 832
834 0 3851 2189 5755 6.94427 833
835 0 3847 2185 5743 6 834
836 0 3847 2185 5735 6 835
837 0 3831 2181 5719 6 836
838 0 3823 2173 5715 6 837
839 0 3815 2165 5707 10 838
840 0 3819 2161 5695 6.94427 839
841 0 3835 2157 5675 9.31371 840
842 0 3839 2153 5663 6 841
843 0 3843 2145 5655 6 842
844 0 3843 2129 5643 6 843
845 0 3843 2113 5639 6 844
846 0 3851 2101 5639 6.94427 845
847 0 3875 2225 6439 10.6491 48
848 0 3887 2229 6443 10 847
849 0 3899 2225 6443 3.65685 848
850 0 3903 2221 6447 2 849
851 2 3690.48 2038.85 7262.77 8.76903 25
852 0 3675 2041 7263 6.94427 851
853 0 3659 2033 7259 10.6491 852
854 0 3651 2041 7259 6.94427 853
855 0 3643 2061 7263 9.31371 854
856 0 3639 2069 7267 9.31371 855
857 0 3695 2061 7271 6 851
858 0 3699 2073 7271 9.31371 857
859 0 3703 2089 7255 6 858
860 0 3751 2005 7291 6 24
861 0 3767 2005 7291 6 860
862 0 3783 2009 7291 6 861
863 0 3791 2009 7291 6 862
864 0 3799 2009 7291 2 863
865 0 3803 2005 7287 3.65685 864
866 0 3807 2001 7283 2 865
