# Generated by NeuTu (https://github.com/janelia-flyem/NeuTu)
1 0 3558 2072 6150 6.94427 -1
2 0 3542 2068 6154 14 1
3 0 3510 2064 6162 9.31371 2
4 0 3502 2064 6170 6 3
5 0 3494 2060 6170 6 4
6 0 3478 2048 6186 6 5
7 0 3466 2028 6202 6 6
8 0 3466 2020 6210 6 7
9 0 3470 2016 6214 3.65685 8
10 0 3470 2012 6222 6 9
11 0 3474 2000 6234 6 10
12 0 3482 1984 6250 10 11
13 0 3478 1976 6262 6 12
14 0 3462 1956 6282 6.94427 13
15 0 3458 1956 6294 9.31371 14
16 0 3446 1952 6306 6 15
17 0 3438 1944 6314 6 16
18 0 3426 1928 6330 9.31371 17
19 0 3430 1924 6346 9.31371 18
20 0 3442 1924 6358 6.94427 19
21 0 3450 1928 6366 6.94427 20
22 0 3450 1928 6378 6 21
23 0 3414 1924 6314 6.94427 18
24 0 3410 1920 6298 6.94427 23
25 0 3402 1916 6290 3.65685 24
26 0 3398 1916 6290 2 25
