# Generated by NeuTu (https://github.com/janelia-flyem/NeuTu)
1 0 3445 2343 6000 2 -1
2 0 3449 2339 6000 3.65685 1
3 0 3457 2335 6000 6.94427 2
4 0 3465 2323 6012 6 3
5 0 3469 2307 6016 6.94427 4
6 0 3481 2299 6020 6 5
7 0 3497 2295 6020 6.94427 6
8 0 3513 2287 6028 6.94427 7
9 0 3521 2279 6036 6 8
10 0 3533 2267 6048 6.94427 9
11 0 3549 2255 6064 6.94427 10
12 0 3565 2251 6084 6.94427 11
13 0 3585 2255 6104 6 12
14 0 3597 2259 6108 6.94427 13
15 0 3613 2279 6124 6.94427 14
16 0 3621 2287 6128 3.65685 15
17 0 3621 2291 6128 3.65685 16
18 0 3621 2295 6128 2 17
