# Generated by NeuTu (https://github.com/janelia-flyem/NeuTu)
1 0 3605 2620 6764 2 -1
2 0 3609 2624 6760 3.65685 1
3 0 3609 2628 6752 6 2
4 0 3609 2628 6736 6.94427 3
5 0 3609 2616 6716 6 4
6 0 3605 2608 6708 6 5
7 0 3601 2600 6696 6 6
8 0 3597 2600 6684 6 7
9 0 3601 2600 6672 6 8
10 0 3601 2592 6656 6 9
11 0 3601 2592 6640 6 10
12 0 3597 2592 6632 6 11
13 0 3593 2596 6628 3.65685 12
14 0 3589 2596 6620 6 13
15 0 3581 2600 6608 6 14
16 0 3573 2612 6596 6.94427 15
17 0 3573 2628 6576 6.94427 16
18 0 3573 2636 6568 10 17
19 0 3569 2636 6548 6 18
20 0 3569 2640 6532 6 19
21 0 3565 2648 6516 6.94427 20
22 0 3557 2656 6504 6.94427 21
23 0 3553 2668 6484 9.31371 22
24 0 3549 2672 6468 6.94427 23
25 0 3541 2684 6452 3.65685 24
26 0 3541 2692 6448 6.94427 25
27 0 3541 2700 6440 3.65685 26
28 0 3545 2708 6420 9.31371 27
29 0 3553 2720 6404 6.94427 28
30 0 3557 2728 6392 6 29
31 0 3561 2740 6380 6.94427 30
32 0 3561 2756 6364 6 31
33 0 3561 2772 6352 6.94427 32
34 0 3561 2780 6344 6 33
35 0 3561 2784 6328 6 34
36 0 3569 2792 6312 6 35
37 0 3581 2804 6292 6.94427 36
38 0 3585 2808 6276 6 37
39 0 3581 2812 6268 3.65685 38
40 0 3581 2820 6260 6 39
41 0 3577 2824 6252 6.94427 40
42 0 3565 2824 6240 6 41
43 0 3549 2824 6224 6 42
44 0 3541 2824 6220 6 43
