# Generated by NeuTu (https://github.com/janelia-flyem/NeuTu)
1 0 5513 2893 1437 6 -1
2 0 5513 2901 1437 2 1
3 0 5505 2925 1441 12.4222 2
4 0 5469 2949 1445 21.3238 3
5 0 5421 2969 1441 22.3311 4
6 0 5377 2973 1445 14 5
7 0 5345 2977 1449 14.4924 6
8 0 5309 2989 1453 14.4924 7
9 0 5281 3001 1457 12.4222 8
10 0 5249 3009 1469 14 9
11 0 5233 3013 1465 10 10
12 0 5201 3021 1465 14.9706 11
13 0 5161 3065 1453 31.9411 12
14 0 5097 3093 1421 29.241 13
15 0 5053 3089 1381 19.5407 14
16 0 5033 3081 1381 10 15
17 0 5013 3081 1389 9.31371 16
18 0 5001 3089 1401 14 17
19 0 4973 3085 1413 9.31371 18
20 0 4949 3069 1433 18 19
21 0 4925 3045 1457 12.4222 20
22 0 4905 3025 1493 12.4222 21
23 0 4889 3009 1517 14.4924 22
24 0 4869 2993 1541 12.4222 23
25 0 4853 2985 1569 14.4924 24
26 0 4841 2973 1601 10.6491 25
27 0 4841 2973 1617 12.4222 26
28 0 4837 2961 1629 10 27
29 0 4837 2957 1649 10 28
30 0 4821 2961 1673 10 29
31 0 4805 2961 1693 12.4222 30
32 0 4793 2965 1729 10.6491 31
33 0 4789 2965 1741 12.4222 32
34 0 4785 2961 1773 9.31371 33
35 0 4789 2969 1797 10.6491 34
36 0 4789 2977 1821 9.31371 35
37 0 4789 2981 1845 10 36
38 0 4785 2981 1865 9.31371 37
39 0 4785 2973 1893 15.8885 38
40 0 4769 2969 1925 12.4222 39
41 0 4753 2961 1957 10.6491 40
42 0 4753 2957 1969 10 41
43 0 4753 2957 1989 14.4924 42
44 0 4737 2953 2025 10 43
45 0 4737 2949 2045 10 44
46 0 4733 2949 2057 12.4222 45
47 0 4721 2949 2069 10 46
48 0 4717 2949 2093 10 47
49 0 4721 2965 2121 14 48
50 0 4721 2965 2145 9.31371 49
51 0 4721 2969 2181 14 50
52 0 4709 2973 2217 12.4222 51
53 0 4689 2981 2241 12.4222 52
54 0 4669 2973 2273 10.6491 53
55 0 4661 2965 2297 9.31371 54
56 0 4639.47 2950.53 2336.65 18.951 55
57 2 4637 2968.2 2383.4 12.677 56
58 0 4641 2973 2405 9.31371 57
59 0 4641 2973 2429 10 58
60 0 4641 2973 2453 14 59
61 0 4625 2969 2477 10 60
62 0 4617 2969 2501 10.6491 61
63 0 4613 2981 2533 12.4222 62
64 0 4609 2989 2557 9.31371 63
65 2 4609 2995 2575 10 64
66 0 4605 3005 2585 6 65
67 0 4601 3013 2605 9.31371 66
68 0 4593 3017 2617 14 67
69 0 4589 3021 2645 14.4924 68
70 0 4585 3017 2677 12.4222 69
71 0 4577 3017 2701 9.31371 70
72 0 4573 3017 2725 10.6491 71
73 0 4565 3013 2749 9.31371 72
74 0 4561 3017 2761 6.94427 73
75 0 4561 3025 2789 10.6491 74
76 0 4557 3029 2839.67 31.037 75
77 0 4537 3021 2881 22.3311 76
78 2 4524.33 3008.33 2893.67 18.9023 77
79 0 4497.67 2989.67 2916.33 14.9706 78
80 2 4490.33 2982.33 2923.67 14.9706 79
81 0 4457 2961 2969 15.8885 80
82 0 4449 2949 3005 18 81
83 0 4449 2937 3029 14.4924 82
84 0 4449 2925 3069 21.3238 83
85 0 4445 2921 3133 22 84
86 0 4421 2921 3157 14.9706 85
87 0 4393 2913 3189 19.5407 86
88 0 4377 2913 3233 18 87
89 0 4365 2917 3265 14 88
90 0 4357 2921 3309 12.4222 89
91 0 4345 2913 3357 18 90
92 0 4333 2917 3397 18 91
93 0 4333 2917 3417 14.9706 92
94 0 4337 2893 3469 14.4924 93
95 0 4337 2877 3509 15.8885 94
96 0 4341 2873 3553 14 95
97 0 4345 2873 3585 14 96
98 0 4337 2873 3617 10.6491 97
99 0 4333 2869 3645 10.6491 98
100 0 4325 2861 3669 10.6491 99
101 0 4317 2861 3693 12.4222 100
102 0 4309 2857 3729 12.4222 101
103 0 4301 2853 3757 12.4222 102
104 0 4297 2853 3781 10 103
105 0 4293 2845 3805 10.6491 104
106 0 4289 2837 3833 10.6491 105
107 0 4289 2833 3861 12.4222 106
108 0 4297 2825 3897 12.4222 107
109 0 4297 2809 3921 12.4222 108
110 0 4289 2805 3957 14 109
111 0 4289 2789 4005 15.8885 110
112 0 4285 2777 4049 14.4924 111
113 0 4281 2773 4081 12.4222 112
114 0 4285 2769 4105 10.6491 113
115 0 4281 2769 4117 12.4222 114
116 0 4273 2769 4145 9.31371 115
117 0 4265 2769 4173 14 116
118 0 4257 2757 4209 18 117
119 0 4257 2745 4265 26.2843 118
120 0 4261 2729 4321 14.4924 119
121 0 4261 2721 4353 9.31371 120
122 0 4261 2725 4377 10 121
123 0 4257 2733 4401 10.6491 122
124 0 4245 2733 4433 12.4222 123
125 0 4233 2733 4477 22 124
126 0 4221 2729 4541 19.5407 125
127 0 4237 2705 4581 12.4222 126
128 0 4261 2693 4613 12.4222 127
129 0 4273 2689 4625 9.31371 128
130 0 4285 2693 4649 14 129
131 0 4301 2693 4689 14 130
132 0 4305 2717 4733 21.3238 131
133 0 4305 2721 4765 10.6491 132
134 0 4301 2725 4777 12.4222 133
135 0 4309 2753 4789 30.249 134
136 0 4309 2773 4817 26 135
137 0 4281 2769 4861 10 136
138 0 4261 2761 4881 12.4222 137
139 0 4249 2757 4893 10.6491 138
140 0 4217 2741 4921 18 139
141 0 4173 2725 4953 18 140
142 0 4161 2721 4989 10.6491 141
143 0 4157 2709 5025 14 142
144 0 4153 2693 5057 15.8885 143
145 0 4137 2673 5121 26.2843 144
146 0 4129 2657 5169 19.5407 145
147 0 4125 2657 5209 10 146
148 0 4125 2657 5233 10 147
149 0 4129 2657 5261 10.6491 148
150 0 4133 2649 5293 12.4222 149
151 0 4137 2633 5325 18 150
152 0 4145 2609 5377 26.8444 151
153 0 4153 2589 5425 15.8885 152
154 0 4149 2581 5469 12.4222 153
155 0 4133 2573 5493 12.4222 154
156 0 4121 2569 5525 14.4924 155
157 0 4105 2557 5561 10.6491 156
158 0 4101 2557 5585 9.31371 157
159 0 4101 2557 5609 9.31371 158
160 0 4105 2549 5637 12.4222 159
161 0 4101 2541 5661 12.4222 160
162 0 4093 2529 5685 12.4222 161
163 0 4085 2513 5709 12.4222 162
164 0 4077 2513 5745 10.6491 163
165 0 4069 2509 5773 10.6491 164
166 0 4049 2497 5809 14 165
167 0 4021 2485 5837 21.3238 166
168 0 4005 2481 5865 28.4631 167
169 0 4001 2493 5921 14.4924 168
170 0 4005 2497 5953 10 169
171 0 3993 2497 5981 10.6491 170
172 0 3981 2493 5993 10 171
173 0 3961 2489 6009 10.6491 172
174 0 3941 2477 6025 9.31371 173
175 0 3925 2465 6041 9.31371 174
176 0 3921 2461 6065 9.31371 175
177 0 3917 2457 6085 9.31371 176
178 0 3917 2449 6105 6.94427 177
179 0 3921 2437 6125 6 178
180 0 3925 2433 6141 6.94427 179
181 0 3925 2429 6157 6.94427 180
182 0 3925 2425 6177 6 181
183 0 3925 2425 6185 6 182
184 0 3925 2425 6197 9.31371 183
185 0 3925 2429 6225 9.31371 184
186 0 3925 2433 6249 9.31371 185
187 0 3925 2437 6273 10.6491 186
188 0 3925 2437 6297 9.31371 187
189 0 3921 2437 6321 9.31371 188
190 0 3909 2441 6349 12.4222 189
191 0 3893 2437 6385 12.4222 190
192 0 3889 2437 6413 9.31371 191
193 0 3881 2429 6429 9.31371 192
194 0 3873 2429 6465 12.4222 193
195 0 3865 2421 6505 14 194
196 0 3865 2393 6545 18 195
197 2 3865 2371.4 6593.8 22.2317 196
198 2 3865 2369 6635 21.4749 197
199 0 3865 2389 6701 10 198
200 0 3861 2393 6725 10 199
201 0 3857 2397 6753 10 200
202 0 3853 2405 6781 14 201
203 0 3849 2397 6821 14 202
204 0 3841 2397 6849 12.4222 203
205 0 3833 2381 6881 18 204
206 0 3825 2373 6921 18 205
207 0 3829 2369 6965 14.4924 206
208 0 3829 2365 7009 14 207
209 0 3829 2353 7033 12.4222 208
210 0 3829 2349 7061 12.4222 209
211 0 3817 2341 7093 14.9706 210
212 0 3809 2333 7113 19.5407 211
213 0 3801 2341 7149 18 212
214 0 3789 2345 7185 14 213
215 0 3765 2341 7225 14 214
216 0 3749 2349 7257 14 215
217 0 3745 2361 7297 14.9706 216
218 0 3741 2389 7341 22 217
219 0 3749 2405 7357 15.8885 218
220 0 3757 2425 7385 21.3238 219
221 2 3741 2485 7413 36.2507 220
222 2 3741 2493 7413 38.0059 221
223 2 3741 2499 7413 39.3224 222
224 0 3729 2565 7385 69.218 223
225 2 3737 2589 7369 63.8063 224
226 2 3748.57 2623.71 7345.86 55.9787 225
227 2 3754.64 2633.46 7335.6 50.5391 226
228 2 3757.63 2637.94 7330.62 47.8127 227
229 2 3763.93 2647.4 7320.12 42.0571 228
230 2 3770.35 2657.02 7309.42 36.2005 229
231 0 3773 2661 7305 33.7771 230
232 0 3797 2669 7281 19.5407 231
233 0 3813 2673 7257 24.8328 232
234 2 3815.38 2682.51 7230.86 32.7753 233
235 2 3816.43 2686.74 7219.22 36.3107 234
236 2 3827.66 2699.66 7173.91 42.2171 235
237 2 3830.75 2705.67 7164.33 40.6399 236
238 2 3832.94 2711.51 7158.49 38.038 237
239 0 3841 2733 7137 28.4631 238
240 0 3845 2737 7109 15.8885 239
241 2 3854.52 2737 7086.79 13.1394 240
242 0 3857 2745 7005 18 241
243 0 3869 2729 6969 14.4924 242
244 0 3869 2713 6945 12.4222 243
245 0 3853 2697 6929 15.8885 244
246 2 3837 2672.59 6894.07 32.2327 245
247 2 3837 2667.54 6846.54 32.9352 246
248 2 3837 2683.28 6804.02 22.285 247
249 0 3837 2689 6741 24.8328 248
250 0 3857 2689 6721 18 249
251 0 3869 2685 6693 22 250
252 0 3863.42 2712.16 6606.77 31.0343 251
253 0 3861 2717 6585 33.7771 252
254 2 3861 2724.76 6553.94 38.5034 253
255 0 3861 2729 6537 41.0813 254
256 0 3861 2705 6449 26.8444 255
257 2 3841.2 2690.85 6429.2 30.6155 256
258 0 3833 2685 6421 32.176 257
259 2 3835.78 2679.43 6398.74 25.097 258
260 2 3836.71 2677.58 6391.32 22.7374 259
261 2 3839.89 2679.89 6371.63 19.1053 260
262 0 3829 2685 6345 23.2982 261
263 2 3832.86 2683.71 6335.98 20.4625 262
264 0 3853 2681 6305 9.31371 263
265 0 3857 2685 6281 9.31371 264
266 0 3853 2685 6261 10 265
267 0 3849 2685 6225 15.8885 266
268 0 3845 2685 6189 12.4222 267
269 0 3849 2685 6157 10 268
270 0 3849 2685 6133 10 269
271 0 3853 2689 6121 12.4222 270
272 0 3853 2693 6093 10 271
273 0 3853 2693 6065 10 272
274 0 3861 2693 6041 9.31371 273
275 0 3861 2689 6013 12.4222 274
276 0 3861 2689 5985 9.31371 275
277 0 3865 2693 5945 12.4222 276
278 0 3869 2705 5921 14 277
279 2 3876.2 2705 5879.4 24.1495 278
280 2 3888.11 2682.78 5854.78 34.7979 279
281 2 3908.5 2630.39 5790.77 38.8045 280
282 2 3920.65 2635.99 5768.03 35.0734 281
283 2 3927.35 2640.01 5755.97 32.9366 282
284 0 3933 2665 5713 19.5407 283
285 0 3941 2693 5681 15.8885 284
286 0 3949 2713 5653 9.31371 285
287 0 3953 2717 5641 12.4222 286
288 0 3945 2729 5609 32.176 287
289 0 3917 2765 5589 39.1825 288
290 2 3901.78 2801.54 5579.87 27.3301 289
291 2 3879.73 2837.18 5559.73 26.6421 290
292 0 3829 2885 5541 10.6491 291
293 0 3797 2893 5545 14 292
294 0 3769 2897 5549 9.31371 293
295 0 3753 2909 5549 10.6491 294
296 0 3741 2909 5553 12.4222 295
297 0 3729 2913 5553 10 296
298 0 3697 2917 5545 12.4222 297
299 0 3681 2905 5545 15.8885 298
300 0 3653 2909 5557 14 299
301 0 3629 2893 5569 12.4222 300
302 0 3609 2889 5581 9.31371 301
303 0 3593 2877 5593 10 302
304 0 3577 2869 5593 6.94427 303
305 0 3561 2853 5593 6.94427 304
306 0 3545 2837 5597 6.94427 305
307 0 3529 2829 5597 10 306
308 0 3517 2817 5597 15.8885 307
309 0 3485 2805 5597 6 308
310 0 3477 2793 5601 9.31371 309
311 0 3477 2789 5613 6 310
312 0 3481 2793 5617 2 311
313 0 3485 2793 5617 2 312
314 0 3489 2793 5617 2 313
315 2 3928.84 2831.88 5553 17.1518 291
316 0 3973 2809 5541 18 315
317 0 3981 2793 5549 9.31371 316
318 0 3937 2833 5529 10.6491 315
319 0 3937 2825 5521 10.6491 318
320 0 3941 2805 5513 19.5407 319
321 0 3925 2757 5553 42 290
322 0 3961 2745 5529 37.3954 321
323 0 3973 2685 5525 14 322
324 0 3961 2649 5529 10 323
325 0 3957 2621 5529 10 324
326 0 3965 2601 5529 18 325
327 0 3961 2581 5537 14 326
328 0 3961 2809 5569 18 289
329 0 3977 2821 5569 3.65685 328
330 0 3981 2821 5569 2 329
331 0 3945 2601 5781 33.7771 283
332 0 3973 2581 5773 6.94427 331
333 0 3985 2581 5769 2 332
334 0 3897 2589 5761 15.8885 282
335 0 3905 2573 5765 9.31371 334
336 0 3949 2681 5805 12.4222 281
337 0 3961 2681 5817 14 336
338 0 3973 2669 5817 12.4222 337
339 0 3989 2673 5817 6 338
340 0 3997 2681 5825 6 339
341 0 3901 2725 5873 12.4222 280
342 0 3909 2733 5881 6.94427 341
343 0 3921 2741 5893 6 342
344 0 3929 2741 5893 6 343
345 0 3941 2737 5905 6.94427 344
346 0 3949 2741 5913 6 345
347 0 3949 2745 5921 2 346
348 0 3949 2749 5925 2 347
349 0 3949 2753 5929 2 348
350 0 3949 2757 5933 2 349
351 0 3897 2721 5897 6.94427 279
352 0 3913 2725 5909 3.65685 351
353 0 3917 2729 5909 3.65685 352
354 0 3921 2733 5909 2 353
355 0 3805 2693 6305 10 263
356 0 3797 2693 6273 12.4222 355
357 0 3801 2689 6241 14.4924 356
358 0 3801 2669 6209 18.3961 357
359 0 3805 2661 6353 18 262
360 0 3809 2641 6361 12.4222 359
361 0 3821 2621 6373 14 360
362 0 3837 2613 6365 10 361
363 0 3853 2609 6349 10 362
364 0 3857 2605 6325 6.94427 363
365 0 3853 2609 6317 2 364
366 0 3849 2609 6313 2 365
367 0 3861 2701 6397 19.5407 261
368 0 3885 2705 6401 22.3311 367
369 0 3901 2701 6385 9.31371 368
370 0 3925 2717 6365 6.94427 369
371 0 3937 2725 6357 10 370
372 0 3953 2741 6337 6.94427 371
373 0 3957 2753 6325 12.4222 372
374 0 3981 2789 6293 18 373
375 0 3989 2801 6281 10 374
376 0 3841 2637 6397 10 260
377 0 3837 2617 6397 12.4222 376
378 0 3845 2609 6389 6.94427 377
379 0 3853 2609 6389 6 378
380 0 3793 2705 6409 18 259
381 0 3785 2721 6417 6.94427 380
382 0 3781 2737 6417 6.94427 381
383 0 3777 2749 6417 9.31371 382
384 0 3777 2769 6421 6 383
385 0 3777 2785 6421 10.6491 384
386 0 3777 2793 6429 9.31371 385
387 2 3814.13 2682.64 6451.67 20.5263 258
388 0 3801 2681 6473 12.4222 387
389 0 3809 2689 6493 18 388
390 0 3801 2681 6509 12.4222 389
391 0 3825 2717 6465 14 387
392 0 3813 2717 6477 14 391
393 0 3801 2725 6481 3.65685 392
394 0 3797 2729 6481 2 393
395 0 3845 2729 6425 14.9706 257
396 0 3825 2757 6437 18 395
397 0 3817 2753 6453 14.4924 396
398 0 3913 2773 6549 15.8885 255
399 2 3958.48 2769 6551.18 23.7986 398
400 2 3998.77 2783.72 6545.64 24.2764 399
401 0 4049 2817 6517 21.3238 400
402 0 4081 2829 6509 10 401
403 0 4093 2833 6509 6.94427 402
404 0 4101 2833 6517 9.31371 403
405 0 4109 2833 6525 6 404
406 0 4121 2841 6529 9.31371 405
407 0 4149 2853 6525 6.94427 406
408 0 4169 2865 6509 6.94427 407
409 0 4189 2873 6497 10 408
410 0 4225 2881 6501 6.94427 409
411 0 4237 2889 6501 6.94427 410
412 0 4249 2893 6497 9.31371 411
413 0 4273 2893 6509 12.4222 412
414 0 4289 2897 6533 6 413
415 0 4037 2829 6477 18 401
416 0 4041 2837 6457 10.6491 415
417 0 4045 2837 6433 9.31371 416
418 0 4049 2833 6421 6 417
419 0 4049 2833 6409 6 418
420 0 4053 2833 6389 10 419
421 0 4053 2833 6365 10 420
422 0 4045 2833 6345 9.31371 421
423 0 4041 2821 6329 6.94427 422
424 0 4037 2813 6321 6.94427 423
425 0 4037 2801 6309 12.4222 424
426 0 4037 2785 6285 9.31371 425
427 0 4045 2785 6277 3.65685 426
428 0 4049 2785 6277 2 427
429 0 3981 2801 6529 10 400
430 0 3977 2801 6497 10.6491 429
431 0 3969 2801 6489 9.31371 430
432 0 3961 2805 6481 3.65685 431
433 0 3957 2805 6481 2 432
434 0 3949 2769 6525 6.94427 399
435 0 3953 2781 6513 15.8885 434
436 0 3957 2797 6509 6 435
437 0 3809 2669 6541 14 255
438 0 3801 2669 6553 6.94427 437
439 0 3793 2673 6561 6 438
440 0 3881 2769 6577 19.5407 254
441 0 3905 2769 6601 18 440
442 0 3925 2761 6597 14 441
443 0 3817 2673 6597 12.4222 253
444 0 3797 2657 6585 6 443
445 0 3917 2733 6605 12.4222 252
446 0 3929 2733 6609 6.94427 445
447 0 3849 2637 6697 9.31371 251
448 0 3857 2617 6709 6 447
449 0 3861 2605 6713 6 448
450 0 3865 2593 6717 10 449
451 0 3877 2597 6721 3.65685 450
452 0 3881 2597 6725 2 451
453 0 3813 2709 6821 18 248
454 0 3813 2729 6821 9.31371 453
455 2 3796.98 2705.11 6864.92 29.8188 247
456 0 3767.22 2721.89 6847.22 22.7836 455
457 0 3745 2733 6825 12.4222 456
458 0 3729 2753 6801 9.31371 457
459 0 3713 2745 6777 6.94427 458
460 0 3693 2745 6757 14 459
461 0 3677 2745 6745 10 460
462 0 3669 2737 6729 6.94427 461
463 0 3725 2721 6849 6.94427 456
464 0 3709 2725 6845 9.31371 463
465 0 3697 2721 6841 6 464
466 0 3685 2721 6841 10 465
467 0 3669 2725 6841 2 466
468 0 3813 2733 6881 14 455
469 0 3829 2757 6893 10 468
470 0 3841 2757 6901 6 469
471 0 3809 2713 6921 14.4924 246
472 0 3813 2729 6925 10 471
473 0 3813 2745 6925 14 472
474 0 3825 2753 6917 9.31371 473
475 0 3841 2753 6917 2 474
476 0 3853 2761 7093 2 241
477 0 3853 2765 7093 3.65685 476
478 0 3849 2773 7085 6 477
479 0 3849 2777 7077 6 478
480 0 3849 2785 7073 2 479
481 0 3849 2789 7073 2 480
482 0 3861 2761 7153 18 239
483 0 3857 2777 7161 9.31371 482
484 0 3833 2785 7165 12.4222 483
485 0 3809 2793 7173 3.65685 484
486 0 3805 2793 7177 2 485
487 0 3805 2741 7193 18.3961 238
488 0 3813 2761 7193 10.6491 487
489 0 3825 2769 7185 10.6491 488
490 0 3881 2689 7173 12.4222 237
491 0 3893 2689 7177 10 490
492 0 3901 2689 7185 3.65685 491
493 0 3901 2685 7189 2 492
494 0 3901 2685 7193 2 493
495 0 3813 2645 7165 14 236
496 0 3817 2625 7149 10.6491 495
497 0 3817 2609 7129 12.4222 496
498 0 3825 2605 7105 3.65685 497
499 0 3825 2605 7101 2 498
500 0 3857 2677 7249 14.4924 235
501 0 3885 2685 7273 12.4222 500
502 0 3897 2685 7281 6.94427 501
503 0 3913 2689 7293 6.94427 502
504 0 3921 2701 7305 6.94427 503
505 0 3925 2705 7325 14 504
506 0 3921 2717 7349 9.31371 505
507 0 3921 2733 7361 3.65685 506
508 0 3917 2737 7361 2 507
509 2 3778.84 2677.76 7232.7 20.0371 234
510 0 3753 2677 7233 18 509
511 0 3733 2673 7229 10.6491 510
512 0 3709 2669 7225 10 511
513 0 3681 2661 7221 6.94427 512
514 0 3769 2693 7257 19.5407 509
515 0 3745 2701 7281 6.94427 514
516 2 3830.44 2648.59 7263.97 11.9016 233
517 0 3837 2629 7265 6 516
518 0 3841 2621 7265 6 517
519 0 3849 2609 7261 10 518
520 0 3845 2597 7265 9.31371 519
521 0 3829 2637 7293 12.4222 516
522 0 3841 2625 7293 10 521
523 0 3841 2617 7285 2 522
524 0 3841 2613 7285 2 523
525 0 3841 2609 7285 2 524
526 0 3733 2705 7301 9.31371 231
527 0 3721 2705 7305 6 526
528 0 3717 2709 7309 3.65685 527
529 0 3729 2637 7285 14 230
530 0 3725 2629 7273 14.4924 529
531 2 3759.81 2688.81 7344.44 34.8831 229
532 2 3757.36 2713.38 7358.87 30.6268 531
533 2 3757 2733.66 7368.14 20.4828 532
534 0 3757 2765 7377 14.4924 533
535 0 3749 2785 7385 20.6274 534
536 0 3749 2817 7405 12.4222 535
537 0 3757 2809 7421 10.6491 536
538 0 3765 2805 7433 6 537
539 0 3745 2741 7341 14 533
540 0 3717 2749 7321 29.241 539
541 0 3701 2781 7293 9.31371 540
542 0 3761 2741 7413 14 532
543 0 3745 2761 7417 10 542
544 0 3745 2773 7421 10.6491 543
545 0 3737 2781 7421 6.94427 544
546 0 3769 2741 7329 14.9706 531
547 0 3777 2749 7317 9.31371 546
548 0 3777 2761 7317 3.65685 547
549 0 3777 2765 7321 2 548
550 0 3825 2601 7329 6.94427 228
551 0 3829 2593 7321 6 550
552 0 3825 2585 7317 3.65685 551
553 0 3821 2581 7317 2 552
554 2 3739.53 2687.87 7384.76 36.3753 227
555 0 3709 2713 7413 24.8328 554
556 2 3645.85 2720.39 7432.39 29.6483 555
557 2 3624.79 2731.81 7446.51 18.2101 556
558 0 3605 2737 7469 10.6491 557
559 0 3601 2753 7485 6.94427 558
560 0 3601 2761 7493 6.94427 559
561 0 3601 2777 7509 14.9706 560
562 0 3601 2797 7541 12.4222 561
563 0 3605 2817 7561 10 562
564 0 3605 2833 7577 6 563
565 0 3605 2837 7593 6.94427 564
566 0 3601 2841 7601 6 565
567 2 3612.78 2742.69 7417.75 27.2038 557
568 0 3581 2769 7405 21.3238 567
569 0 3565 2797 7389 3.65685 568
570 0 3561 2801 7389 2 569
571 0 3609 2789 7437 9.31371 567
572 0 3601 2793 7433 2 571
573 0 3597 2797 7433 2 572
574 0 3649 2673 7401 14 556
575 0 3681 2757 7373 30.249 555
576 0 3677 2745 7345 29.241 575
577 0 3657 2713 7313 6.94427 576
578 0 3645 2717 7293 23.2982 577
579 0 3625 2709 7273 9.31371 578
580 0 3713 2785 7373 20.6274 575
581 0 3709 2805 7377 6 580
582 0 3745 2645 7353 50 554
583 0 3825 2593 7361 15.8885 226
584 0 3841 2597 7349 2 583
585 0 3845 2597 7345 2 584
586 0 3827 2549 7377 26.2036 225
587 0 3861 2549 7377 24.8328 586
588 0 3893 2561 7405 18 587
589 0 3925 2577 7421 14.4924 588
590 0 3941 2585 7421 10 589
591 0 3953 2589 7417 12.4222 590
592 0 3973 2609 7421 6.94427 591
593 0 3889 2553 7353 10 587
594 0 3893 2557 7341 6 593
595 0 3893 2553 7329 10.6491 594
596 0 3893 2553 7313 9.31371 595
597 0 3905 2565 7301 10.6491 596
598 0 3913 2585 7301 14 597
599 2 3813.1 2536.28 7351.55 19.6633 586
600 0 3793 2525 7333 14 599
601 0 3781 2513 7329 6 600
602 0 3777 2501 7321 6.94427 601
603 0 3773 2493 7313 6 602
604 0 3793 2497 7353 12.4222 599
605 0 3785 2481 7353 10 604
606 0 3781 2469 7357 2 605
607 0 3781 2465 7357 2 606
608 2 3620.33 2536.33 7362.33 16 224
609 0 3617 2520.36 7348.52 14 608
610 0 3625 2473 7301 12.4222 609
611 0 3605 2457 7285 6.94427 610
612 0 3613 2533 7317 9.31371 609
613 0 3613 2545 7293 12.4222 612
614 0 3613 2525 7377 14 608
615 0 3617 2497 7369 10.6491 614
616 0 3617 2477 7361 9.31371 615
617 0 3621 2465 7357 3.65685 616
618 0 3625 2461 7357 2 617
619 0 3635.27 2636.9 7352.46 23.4672 224
620 0 3657 2665 7329 14 619
621 0 3617 2669 7373 14 619
622 0 3605 2689 7385 2 621
623 0 3605 2693 7385 2 622
624 0 3705 2517 7513 31.9411 223
625 0 3677 2525 7557 43.607 624
626 2 3683.13 2539.3 7575.39 33.2335 625
627 0 3689 2553 7593 23.2982 626
628 2 3692.56 2560.11 7632.11 25.6998 627
629 0 3679.8 2569 7676.6 29.5851 628
630 0 3673 2569 7697 37.3954 629
631 2 3684.27 2580.27 7730.82 26.6906 630
632 0 3685 2581 7733 26 631
633 0 3661 2577 7757 34 632
634 0 3653 2529 7809 18 633
635 2 3676.18 2513.55 7832.18 18 634
636 0 3717 2497 7825 14.9706 635
637 0 3733 2497 7821 6.94427 636
638 0 3693 2549 7853 9.31371 635
639 0 3697 2557 7857 3.65685 638
640 0 3697 2561 7861 2 639
641 2 3653.84 2582.73 7772.75 29.4616 633
642 0 3641 2593 7801 21.3238 641
643 0 3657 2577 7833 6.94427 642
644 0 3669 2569 7845 9.31371 643
645 0 3629 2633 7789 26 641
646 0 3629 2661 7797 6 645
647 0 3677 2541 7761 18 632
648 0 3689 2513 7781 6.94427 647
649 0 3697 2505 7789 3.65685 648
650 0 3701 2505 7789 2 649
651 0 3709 2541 7733 23.2982 631
652 0 3717 2517 7725 14 651
653 0 3721 2501 7721 2 652
654 0 3721 2497 7721 2 653
655 0 3721 2493 7721 2 654
656 0 3629 2569 7717 6.94427 630
657 0 3617 2577 7725 6.94427 656
658 0 3609 2593 7729 10 657
659 0 3693 2513 7705 10 629
660 0 3685 2505 7717 10 659
661 0 3681 2473 7753 23.6125 660
662 0 3673 2421 7769 19.5407 661
663 0 3657 2405 7773 14.9706 662
664 0 3641 2401 7773 6.94427 663
665 0 3633 2397 7777 6 664
666 0 3737 2565 7629 12.4222 628
667 0 3753 2577 7629 9.31371 666
668 0 3761 2581 7625 3.65685 667
669 0 3765 2585 7621 6 668
670 2 3779.41 2582.59 7608.18 7.31865 669
671 0 3789 2569 7601 10 670
672 0 3801 2565 7589 14.4924 671
673 0 3821 2569 7577 14.4924 672
674 0 3833 2549 7577 10 673
675 0 3833 2529 7577 14 674
676 0 3845 2521 7577 9.31371 675
677 0 3789 2613 7593 15.8885 670
678 0 3797 2641 7593 3.65685 677
679 0 3797 2645 7593 2 678
680 0 3665 2589 7609 15.8885 627
681 0 3649 2605 7605 14 680
682 2 3653.98 2551.92 7576.33 22.6153 626
683 0 3633 2561 7577 14.9706 682
684 0 3601 2589 7565 14 683
685 0 3581 2589 7549 6.94427 684
686 0 3573 2585 7541 6.94427 685
687 0 3553 2589 7533 18 686
688 0 3537 2597 7521 9.31371 687
689 0 3529 2605 7509 6.94427 688
690 0 3521 2613 7501 6 689
691 0 3637 2553 7609 14.4924 682
692 0 3653 2529 7633 26.2843 691
693 0 3665 2505 7621 6.94427 692
694 0 3665 2497 7613 6 693
695 0 3717 2505 7585 14.4924 625
696 0 3725 2481 7601 12.4222 695
697 0 3709 2461 7601 6.94427 696
698 0 3709 2449 7609 2 697
699 0 3709 2445 7609 2 698
700 0 3785 2493 7453 12.4222 222
701 0 3797 2469 7449 6 700
702 0 3793 2457 7449 3.65685 701
703 0 3793 2453 7449 2 702
704 0 3709 2453 7433 19.5407 221
705 0 3705 2425 7421 3.65685 704
706 0 3709 2421 7417 2 705
707 0 3881 2345 6613 14.4924 198
708 0 3893 2337 6601 10 707
709 0 3885 2345 6561 9.31371 197
710 0 3901 2333 6553 6 709
711 0 3909 2333 6549 2 710
712 0 3913 2333 6549 2 711
713 0 3993 2509 6001 6 172
714 0 3993 2517 6013 6 713
715 0 3989 2521 6021 3.65685 714
716 0 3989 2525 6025 2 715
717 0 4313 2933 3417 6 93
718 0 4309 2949 3421 6 717
719 0 4305 2965 3429 6.94427 718
720 0 4305 2981 3445 6 719
721 0 4309 2989 3453 6 720
722 0 4489 2993 2881 12.4222 80
723 0 4481 3001 2869 9.31371 722
724 0 4517 3009 2929 14.9706 79
725 0 4537 3029 2933 19.5407 724
726 0 4561 3053 2961 15.8885 725
727 0 4565 3105 2997 24.8328 726
728 2 4569 3162 3050 28.0093 727
729 0 4557 3177 3081 24.8328 728
730 0 4529 3165 3113 18 729
731 0 4489.42 3147.74 3146.26 21.6419 730
732 0 4459 3145 3149 27.2105 731
733 2 4439 3145 3149 34.1811 732
734 2 4421.95 3163.06 3167.06 27.3183 733
735 0 4405 3193 3173 18 734
736 2 4394.44 3230.92 3173 20.7026 735
737 0 4393 3273 3165 28.4631 736
738 0 4413 3313 3145 18 737
739 0 4421 3341 3133 14.4924 738
740 2 4427.48 3371.8 3108.36 24.9173 739
741 0 4449 3397 3085 23.6125 740
742 0 4477 3437 3065 18 741
743 0 4497 3461 3057 10.6491 742
744 0 4521 3473 3045 12.4222 743
745 0 4553 3485 3033 14 744
746 2 4581.45 3483.36 3024.55 18 745
747 0 4601 3469 3005 12.4222 746
748 0 4621 3461 2981 10 747
749 0 4641 3469 2957 10.6491 748
750 2 4662.35 3490.35 2932.53 18.3185 749
751 0 4673.21 3505.21 2907.74 21.9278 750
752 0 4677 3509 2885 20.6274 751
753 0 4673 3525 2869 9.31371 752
754 0 4677 3541 2857 6.94427 753
755 0 4689 3557 2849 10 754
756 0 4697 3569 2825 9.31371 755
757 0 4702.7 3563.3 2791.91 12.4222 756
758 0 4709 3557 2773 6.94427 757
759 0 4721 3557 2757 6 758
760 0 4733 3569 2737 12.4222 759
761 0 4741 3581 2705 10 760
762 0 4741 3581 2693 6 761
763 0 4749 3581 2685 9.31371 762
764 0 4753 3577 2661 6.94427 763
765 0 4749 3573 2641 6.94427 764
766 0 4745 3573 2625 6.94427 765
767 0 4745 3573 2609 6.94427 766
768 0 4749 3565 2601 9.31371 767
769 0 4749 3561 2577 9.31371 768
770 0 4749 3561 2565 6 769
771 0 4749 3561 2549 6 770
772 0 4759.13 3557 2518.6 9.67973 771
773 0 4761 3561 2497 9.31371 772
774 0 4765 3565 2489 6 773
775 0 4765 3573 2477 6 774
776 0 4761 3581 2465 6 775
777 0 4761 3581 2457 6 776
778 0 4761 3593 2441 6 777
779 0 4761 3597 2425 6.94427 778
780 0 4761 3609 2409 6.94427 779
781 0 4761 3617 2393 10.6491 780
782 0 4761 3617 2381 6.94427 781
783 0 4761 3609 2373 3.65685 782
784 0 4761 3609 2365 6 783
785 0 4757 3605 2361 3.65685 784
786 0 4757 3605 2357 3.65685 785
787 0 4757 3605 2349 6 786
788 0 4761 3605 2341 6 787
789 0 4761 3601 2329 3.65685 788
790 0 4761 3601 2325 2 789
791 0 4761 3601 2321 3.65685 790
792 0 4761 3597 2313 3.65685 791
793 0 4765 3597 2309 2 792
794 0 4765 3597 2297 6 793
795 0 4773 3597 2289 6 794
796 0 4777 3597 2273 6 795
797 0 4781 3593 2265 9.31371 796
798 0 4789 3593 2253 6 797
799 0 4793 3597 2237 6 798
800 0 4797 3601 2233 3.65685 799
801 0 4801 3601 2225 3.65685 800
802 0 4805 3601 2217 6 801
803 0 4813 3605 2205 6.94427 802
804 0 4825 3609 2193 9.31371 803
805 0 4845 3609 2165 6.94427 804
806 0 4853 3605 2157 9.31371 805
807 0 4849 3617 2137 10.6491 806
808 0 4845 3621 2125 6 807
809 0 4777 3541 2521 6 772
810 0 4777 3529 2521 6 809
811 0 4769 3509 2521 6.94427 810
812 0 4765 3493 2525 6 811
813 0 4761 3485 2525 6 812
814 0 4681 3569 2781 6 757
815 0 4673 3569 2769 6.94427 814
816 0 4669 3573 2757 6 815
817 0 4665 3581 2745 6 816
818 0 4661 3581 2729 6 817
819 0 4653 3585 2713 6.94427 818
820 0 4645 3585 2701 6 819
821 0 4633 3585 2689 6.94427 820
822 0 4613 3581 2685 10 821
823 0 4601 3581 2685 9.31371 822
824 0 4593 3573 2685 6 823
825 0 4657 3497 2865 6.94427 752
826 0 4645 3473 2845 9.31371 825
827 0 4637 3461 2829 6.94427 826
828 0 4633 3445 2809 6.94427 827
829 2 4625.67 3437.67 2801.67 6.07869 828
830 0 4617 3429 2801 6 829
831 0 4609 3417 2793 6.94427 830
832 0 4597 3401 2789 9.31371 831
833 0 4585 3381 2781 6.94427 832
834 0 4569 3365 2773 9.31371 833
835 0 4565 3353 2765 12.4222 834
836 0 4581 3341 2753 6.94427 835
837 0 4589 3333 2741 6.94427 836
838 0 4601 3321 2733 6 837
839 0 4645 3433 2781 9.31371 829
840 0 4649 3421 2765 10.6491 839
841 0 4657 3417 2757 9.31371 840
842 0 4657 3425 2745 6.94427 841
843 0 4649 3429 2733 6 842
844 0 4717 3513 2893 18.3961 751
845 0 4749 3533 2869 10 844
846 2 4775.67 3551.67 2850.33 12.4222 845
847 0 4817 3581 2817 12.4222 846
848 0 4837 3589 2801 10 847
849 0 4849 3589 2785 10 848
850 0 4865 3581 2769 9.31371 849
851 0 4885 3565 2749 12.4222 850
852 0 4901 3553 2745 18.3961 851
853 0 4941 3561 2721 14 852
854 0 4949 3569 2709 6.94427 853
855 2 4961 3565 2687 10.1082 854
856 0 4949 3577 2673 3.65685 855
857 0 4941 3585 2673 3.65685 856
858 0 4937 3589 2669 3.65685 857
859 0 4933 3593 2665 6 858
860 0 4925 3597 2665 2 859
861 0 4921 3597 2665 2 860
862 0 4969 3545 2685 10 855
863 0 4969 3537 2677 10 862
864 0 4977 3529 2665 2 863
865 0 4977 3525 2661 2 864
866 0 4977 3521 2657 2 865
867 0 4781 3529 2837 6 846
868 0 4777 3517 2821 6.94427 867
869 0 4777 3509 2813 3.65685 868
870 0 4777 3505 2805 6 869
871 0 4777 3501 2797 3.65685 870
872 0 4777 3497 2789 6 871
873 0 4769 3489 2781 6 872
874 0 4765 3485 2777 3.65685 873
875 0 4765 3481 2773 3.65685 874
876 0 4761 3477 2769 3.65685 875
877 0 4761 3477 2761 3.65685 876
878 0 4757 3473 2757 3.65685 877
879 0 4753 3473 2749 6 878
880 0 4737 3473 2753 6 879
881 0 4725 3461 2753 6.94427 880
882 0 4725 3445 2757 6 881
883 0 4725 3429 2761 6 882
884 0 4721 3421 2765 2 883
885 0 4721 3417 2765 2 884
886 0 4717 3413 2765 3.65685 885
887 0 4717 3409 2765 2 886
888 0 4665 3469 2917 10 750
889 0 4657 3457 2901 6.94427 888
890 0 4637 3453 2901 6 889
891 0 4613 3497 3061 18.3961 746
892 0 4625 3497 3085 15.8885 891
893 0 4641 3505 3117 10.6491 892
894 0 4646.62 3513.76 3136.14 11.4099 893
895 0 4633 3533 3157 6 894
896 0 4629 3537 3161 3.65685 895
897 0 4629 3541 3173 6 896
898 0 4629 3549 3181 6 897
899 0 4637 3561 3185 6 898
900 0 4649 3573 3189 6.94427 899
901 0 4657 3585 3185 12.4222 900
902 0 4661 3609 3181 10 901
903 2 4672.57 3612.86 3188.71 7.05341 902
904 0 4681 3609 3193 3.65685 903
905 0 4685 3605 3197 6 904
906 0 4701 3613 3205 6 905
907 0 4705 3621 3209 6.94427 906
908 0 4701 3637 3209 6 907
909 0 4693 3649 3201 6 908
910 0 4689 3657 3197 9.31371 909
911 0 4689 3669 3197 6 910
912 0 4689 3689 3197 6.94427 911
913 0 4681 3701 3185 6 912
914 0 4677 3705 3177 6 913
915 0 4673 3701 3173 6 914
916 0 4721 3609 3225 9.31371 907
917 0 4717 3593 3237 9.31371 916
918 0 4721 3577 3253 10.6491 917
919 0 4725 3565 3253 6 918
920 0 4661 3625 3205 6 903
921 0 4653 3625 3229 9.31371 920
922 0 4653 3625 3241 6.94427 921
923 0 4649 3613 3249 6 922
924 0 4649 3605 3253 3.65685 923
925 0 4645 3601 3253 2 924
926 0 4645 3597 3253 2 925
927 0 4657 3629 3161 6 902
928 0 4653 3637 3153 6.94427 927
929 0 4653 3665 3149 10.6491 928
930 0 4665 3665 3145 2 929
931 0 4669 3665 3145 2 930
932 0 4617 3545 3205 9.31371 898
933 0 4609 3541 3221 6.94427 932
934 0 4609 3533 3229 6 933
935 0 4609 3525 3237 9.31371 934
936 0 4605 3517 3241 3.65685 935
937 0 4601 3513 3245 2 936
938 0 4641 3497 3153 6.94427 894
939 0 4637 3485 3165 9.31371 938
940 0 4637 3469 3169 6.94427 939
941 0 4629 3461 3177 6 940
942 0 4633 3473 3097 9.31371 892
943 0 4633 3461 3101 6 942
944 0 4633 3453 3109 6 943
945 2 4633 3445.46 3116.54 9.12132 944
946 0 4641 3449 3133 6 945
947 0 4645 3453 3149 6 946
948 0 4613 3441 3109 6.94427 945
949 0 4605 3437 3105 9.31371 948
950 0 4597 3433 3101 3.65685 949
951 0 4593 3429 3097 2 950
952 0 4457 3377 3061 6.94427 741
953 0 4457 3373 3045 6 952
954 0 4449 3365 3029 9.31371 953
955 0 4441 3369 3017 12.4222 954
956 0 4449 3365 2989 6.94427 955
957 0 4449 3373 2973 9.31371 956
958 0 4457 3381 2953 10.6491 957
959 0 4461 3389 2929 14 958
960 0 4473 3405 2905 10.6491 959
961 0 4493 3425 2893 6.94427 960
962 0 4509 3441 2877 9.31371 961
963 0 4517 3449 2869 6.94427 962
964 0 4521 3457 2861 9.31371 963
965 0 4525 3469 2849 6.94427 964
966 0 4525 3489 2829 6.94427 965
967 0 4525 3497 2821 9.31371 966
968 0 4525 3501 2801 6 967
969 0 4525 3501 2785 6 968
970 0 4521 3505 2761 12.4222 969
971 0 4505 3501 2741 10 970
972 0 4477 3489 2729 6.94427 971
973 0 4469 3485 2729 6.94427 972
974 2 4455.59 3477 2715.59 9.45162 973
975 0 4441 3485 2697 14 974
976 0 4429 3493 2657 10.8167 975
977 0 4429 3493 2645 6 976
978 0 4441 3501 2629 9.31371 977
979 0 4457 3509 2617 6.94427 978
980 0 4469 3525 2613 6 979
981 0 4477 3533 2597 6 980
982 0 4481 3533 2581 6 981
983 0 4489 3537 2573 6 982
984 0 4497 3545 2565 6.94427 983
985 0 4505 3553 2549 6 984
986 0 4413 3505 2645 6.94427 976
987 0 4405 3505 2641 3.65685 986
988 0 4401 3509 2637 3.65685 987
989 0 4393 3505 2621 9.31371 988
990 0 4393 3497 2613 6 989
991 0 4397 3489 2597 6 990
992 0 4409 3497 2577 9.31371 991
993 0 4417 3497 2569 10 992
994 0 4425 3497 2557 6 993
995 0 4429 3501 2553 2 994
996 0 4429 3505 2549 2 995
997 0 4445 3457 2733 6 974
998 0 4441 3449 2741 6 997
999 0 4437 3441 2749 6 998
1000 0 4429 3425 2765 10 999
1001 0 4417 3409 2785 6.94427 1000
1002 0 4417 3405 2797 6 1001
1003 0 4465 3401 2885 6.94427 960
1004 0 4457 3401 2873 6.94427 1003
1005 0 4453 3401 2861 6.94427 1004
1006 0 4445 3401 2849 10 1005
1007 0 4437 3397 2833 9.31371 1006
1008 0 4425 3389 2825 2 1007
1009 0 4421 3389 2821 2 1008
1010 0 4421 3377 3017 6 955
1011 0 4397 3381 3025 12.4222 1010
1012 0 4385 3393 3033 10 1011
1013 0 4381 3397 3045 6.94427 1012
1014 0 4397 3381 3121 6.94427 740
1015 0 4389 3385 3121 2 1014
1016 0 4385 3389 3117 2 1015
1017 0 4385 3393 3113 3.65685 1016
1018 0 4385 3397 3109 3.65685 1017
1019 0 4385 3401 3101 6 1018
1020 0 4385 3401 3093 2 1019
1021 0 4385 3401 3085 6 1020
1022 0 4385 3401 3073 9.31371 1021
1023 0 4377 3409 3065 6.94427 1022
1024 0 4373 3417 3065 3.65685 1023
1025 0 4369 3421 3069 2 1024
1026 0 4369 3425 3073 2 1025
1027 0 4361 3289 3157 9.31371 737
1028 2 4357.24 3304.06 3157 12.2394 1027
1029 0 4365 3353 3153 27.1204 1028
1030 0 4325 3385 3153 10 1029
1031 2 4295 3385 3153 10 1030
1032 2 4277.76 3377.38 3156.81 10.6182 1031
1033 0 4265 3365 3161 12.4222 1032
1034 0 4277 3361 3173 6 1033
1035 0 4285 3365 3189 9.31371 1034
1036 0 4289 3377 3193 10 1035
1037 0 4289 3389 3197 6 1036
1038 0 4289 3401 3201 10 1037
1039 0 4283.14 3423.41 3198.86 8.66946 1038
1040 0 4297 3441 3205 6.94427 1039
1041 2 4304.53 3452.29 3212.53 6.94427 1040
1042 0 4305 3465 3225 6.94427 1041
1043 0 4305 3481 3225 6 1042
1044 0 4305 3493 3237 9.31371 1043
1045 0 4309 3505 3233 6 1044
1046 0 4317 3525 3233 6 1045
1047 0 4325 3533 3233 3.65685 1046
1048 0 4329 3537 3237 6 1047
1049 0 4341 3553 3233 6 1048
1050 0 4349 3565 3237 6 1049
1051 0 4357 3581 3237 6 1050
1052 0 4365 3589 3245 6.94427 1051
1053 0 4365 3597 3257 6 1052
1054 0 4357 3581 3277 6.94427 1053
1055 0 4349 3573 3289 9.31371 1054
1056 0 4349 3577 3301 6 1055
1057 0 4309 3437 3229 6.94427 1041
1058 0 4313 3429 3241 9.31371 1057
1059 0 4321 3429 3257 6 1058
1060 0 4321 3429 3265 6 1059
1061 0 4325 3437 3273 6 1060
1062 0 4329 3441 3277 3.65685 1061
1063 0 4329 3445 3281 3.65685 1062
1064 0 4329 3449 3281 2 1063
1065 0 4265 3437 3201 6.94427 1039
1066 0 4250.14 3449.57 3207.29 10.0745 1065
1067 0 4233 3465 3193 6 1066
1068 0 4229 3477 3177 6 1067
1069 0 4257 3453 3229 9.31371 1066
1070 0 4265 3445 3249 6 1069
1071 0 4237 3345 3153 9.31371 1033
1072 0 4225 3341 3153 3.65685 1071
1073 0 4209 3341 3157 6.94427 1072
1074 0 4197 3337 3161 10 1073
1075 0 4189 3337 3153 6 1074
1076 0 4269 3397 3145 6 1032
1077 0 4265 3409 3145 6.94427 1076
1078 0 4261 3417 3137 6 1077
1079 0 4261 3433 3133 6 1078
1080 0 4261 3441 3125 6 1079
1081 0 4249 3433 3117 6 1080
1082 0 4237 3429 3117 6 1081
1083 0 4221 3429 3121 6 1082
1084 0 4213 3425 3129 6.94427 1083
1085 0 4193 3425 3137 6.94427 1084
1086 0 4173 3429 3149 6.94427 1085
1087 0 4161 3425 3165 6 1086
1088 0 4153 3425 3181 6 1087
1089 0 4149 3425 3197 6 1088
1090 0 4145 3421 3213 6 1089
1091 0 4137 3421 3229 6 1090
1092 0 4133 3421 3237 2 1091
1093 0 4129 3421 3249 6 1092
1094 0 4129 3425 3257 3.65685 1093
1095 0 4133 3429 3261 2 1094
1096 0 4133 3429 3265 2 1095
1097 0 4273 3453 3109 6.94427 1080
1098 2 4289.71 3453 3096.29 9.86338 1097
1099 0 4301 3457 3085 6 1098
1100 0 4301 3461 3077 6 1099
1101 0 4297 3465 3069 3.65685 1100
1102 0 4289 3465 3065 6 1101
1103 0 4281 3465 3061 6 1102
1104 0 4273 3465 3049 9.31371 1103
1105 0 4265 3461 3041 3.65685 1104
1106 0 4261 3457 3037 2 1105
1107 0 4289 3473 3085 6 1098
1108 0 4305 3477 3085 6 1107
1109 0 4321 3477 3081 6 1108
1110 0 4337 3481 3069 6 1109
1111 0 4293 3401 3137 9.31371 1031
1112 0 4297 3413 3129 10 1111
1113 0 4317 3417 3117 6 1112
1114 0 4333 3421 3113 6 1113
1115 0 4341 3425 3113 2 1114
1116 0 4345 3425 3113 2 1115
1117 0 4349 3425 3113 2 1116
1118 0 4341 3305 3169 9.31371 1028
1119 0 4329 3297 3181 6.94427 1118
1120 0 4313 3281 3185 6.94427 1119
1121 0 4301 3273 3189 6.94427 1120
1122 0 4285 3261 3189 6.94427 1121
1123 0 4277 3253 3189 6.94427 1122
1124 0 4265 3249 3201 9.31371 1123
1125 0 4257 3249 3221 6.94427 1124
1126 0 4257 3249 3229 3.65685 1125
1127 0 4261 3253 3233 6 1126
1128 0 4269 3257 3249 6 1127
1129 0 4385 3233 3205 10 736
1130 0 4393 3249 3221 10.6491 1129
1131 0 4389 3249 3245 6.94427 1130
1132 0 4385 3241 3257 6.94427 1131
1133 0 4385 3241 3273 6.94427 1132
1134 0 4365 3233 3289 6.94427 1133
1135 0 4349 3221 3293 6 1134
1136 0 4341 3217 3297 9.31371 1135
1137 0 4321 3213 3297 9.31371 1136
1138 0 4309 3213 3297 6 1137
1139 0 4385 3149 3157 14 734
1140 0 4361 3169 3165 9.31371 1139
1141 0 4341 3181 3145 9.31371 1140
1142 0 4333 3185 3129 14 1141
1143 0 4337 3189 3113 3.65685 1142
1144 0 4337 3193 3109 3.65685 1143
1145 0 4337 3193 3105 2 1144
1146 0 4337 3193 3101 2 1145
1147 0 4341 3197 3097 6 1146
1148 0 4341 3193 3077 6 1147
1149 0 4345 3189 3061 6 1148
1150 0 4345 3185 3045 6.94427 1149
1151 0 4341 3181 3033 10.6491 1150
1152 0 4361 3177 3017 10 1151
1153 0 4377 3177 3013 6 1152
1154 2 4400.4 3181 3001.2 12.2668 1153
1155 0 4409 3189 2993 9.31371 1154
1156 0 4405 3197 2985 6 1155
1157 0 4401 3213 2969 6 1156
1158 0 4401 3221 2961 6 1157
1159 0 4397 3225 2953 9.31371 1158
1160 0 4405 3237 2937 9.31371 1159
1161 0 4401 3245 2929 6 1160
1162 0 4433 3181 2985 9.31371 1155
1163 0 4449 3185 2965 9.31371 1162
1164 0 4453 3185 2953 6 1163
1165 0 4409 3165 3009 6 1154
1166 0 4413 3153 3021 6 1165
1167 0 4413 3149 3029 6 1166
1168 0 4417 3145 3033 3.65685 1167
1169 0 4417 3145 3037 3.65685 1168
1170 0 4417 3145 3041 2 1169
1171 0 4321 3185 3025 6 1151
1172 0 4313 3185 3025 6.94427 1171
1173 0 4301 3197 3021 9.31371 1172
1174 0 4301 3209 3013 6.94427 1173
1175 0 4309 3193 3129 9.31371 1142
1176 0 4297 3201 3129 6.94427 1175
1177 0 4285 3201 3141 6 1176
1178 0 4277 3205 3149 9.31371 1177
1179 0 4257 3213 3153 6.94427 1178
1180 0 4241 3209 3157 6 1179
1181 0 4433 3081 3157 10 733
1182 0 4429 3073 3165 6 1181
1183 0 4425 3073 3177 10 1182
1184 0 4417 3065 3185 6 1183
1185 0 4405 3061 3201 6 1184
1186 0 4405 3061 3217 6 1185
1187 0 4413 3065 3229 6 1186
1188 0 4425 3157 3181 23.2982 732
1189 0 4417 3157 3229 9.31371 1188
1190 0 4409 3161 3237 6 1189
1191 0 4481 3137 3189 22 731
1192 0 4485 3137 3237 22.3311 1191
1193 0 4497 3137 3265 30.249 1192
1194 2 4494.08 3137 3288.38 17.2217 1193
1195 0 4493 3133 3345 15.8885 1194
1196 0 4481 3129 3373 12.4222 1195
1197 0 4463.11 3116.37 3406.89 14 1196
1198 2 4417.59 3105.12 3448.41 21.226 1197
1199 2 4391.5 3098.85 3472.35 27.6646 1198
1200 2 4382.6 3111 3491.8 40.9712 1199
1201 2 4377.11 3115.57 3507.34 49.1444 1200
1202 2 4368.27 3122.94 3532.41 62.3237 1201
1203 2 4365.46 3125.29 3540.37 66.5125 1202
1204 2 4364.09 3126.43 3544.26 68.5558 1203
1205 2 4363.4 3127 3546.2 69.5774 1204
1206 0 4361 3129 3553 73.1532 1205
1207 2 4395.99 3103.56 3600.71 61.1046 1206
1208 2 4441 3073 3625 46 1207
1209 0 4453 3065 3629 42 1208
1210 2 4462.87 3070.26 3630.97 39.508 1209
1211 0 4537 3125 3641 20.6274 1210
1212 0 4569 3157 3641 21.3238 1211
1213 2 4594.33 3184.26 3640.52 32.2565 1212
1214 2 4625.14 3226.28 3637.71 61.9724 1213
1215 0 4633 3237 3637 69.5542 1214
1216 2 4632.28 3249.91 3635.57 66.0475 1215
1217 0 4629 3309 3629 50 1216
1218 2 4629.84 3311.95 3628.16 49.2041 1217
1219 2 4640.3 3348.54 3617.7 39.3219 1218
1220 0 4654.38 3401 3581.55 38.4019 1219
1221 2 4663.76 3401 3558.1 20.1818 1220
1222 0 4673 3401 3533 10 1221
1223 0 4677 3405 3517 6.94427 1222
1224 0 4677 3409 3509 6.94427 1223
1225 0 4685 3425 3493 14 1224
1226 2 4692.52 3432.52 3474.21 18.1296 1225
1227 2 4697.93 3430.53 3460.67 18.3961 1226
1228 2 4716.69 3421 3398.54 15.7811 1227
1229 0 4733 3441 3377 15.8885 1228
1230 0 4737 3478.92 3359.56 17.3307 1229
1231 0 4737 3501 3337 6 1230
1232 0 4745 3509 3321 9.31371 1231
1233 0 4736.47 3516.73 3300.2 9.79583 1232
1234 0 4725 3505 3273 6 1233
1235 0 4733 3505 3257 6.94427 1234
1236 0 4733 3509 3245 10 1235
1237 0 4725 3517 3237 6.94427 1236
1238 0 4721 3501 3221 9.31371 1237
1239 0 4713 3497 3213 6 1238
1240 0 4705 3497 3205 6 1239
1241 0 4701 3493 3201 3.65685 1240
1242 0 4693 3489 3197 9.31371 1241
1243 0 4693 3477 3193 6 1242
1244 0 4693 3461 3193 6 1243
1245 0 4693 3453 3193 6 1244
1246 0 4697 3441 3205 6.94427 1245
1247 0 4697 3429 3205 6 1246
1248 0 4761 3497 3229 9.31371 1236
1249 0 4769 3489 3221 6 1248
1250 0 4769 3481 3213 6 1249
1251 0 4745 3537 3289 10 1233
1252 0 4757 3549 3297 6.94427 1251
1253 0 4765 3553 3301 6.94427 1252
1254 0 4777 3557 3309 2 1253
1255 2 4737 3507.26 3368.33 14.6265 1230
1256 0 4729 3521 3377 9.31371 1255
1257 0 4713 3529 3377 6.94427 1256
1258 2 4705.44 3537.89 3372.11 6.83935 1257
1259 0 4709 3545 3365 6 1258
1260 0 4709 3545 3349 6 1259
1261 0 4709 3549 3337 9.31371 1260
1262 0 4697 3569 3333 6.94427 1261
1263 0 4693 3585 3349 6 1262
1264 0 4689 3597 3369 6.94427 1263
1265 0 4689 3605 3373 6 1264
1266 0 4689 3621 3377 12.4222 1265
1267 0 4701 3625 3389 6.94427 1266
1268 0 4709 3625 3389 6 1267
1269 0 4693 3553 3377 10.6491 1258
1270 0 4681 3549 3385 6.94427 1269
1271 0 4669 3533 3397 9.31371 1270
1272 0 4761 3513 3365 6.94427 1255
1273 2 4775.3 3527.3 3361.42 13.2517 1272
1274 0 4793 3529 3365 12.4222 1273
1275 0 4805 3525 3365 6.94427 1274
1276 0 4821 3521 3365 6 1275
1277 0 4833 3513 3369 6.94427 1276
1278 0 4853 3505 3381 6.94427 1277
1279 0 4861 3505 3385 3.65685 1278
1280 0 4865 3509 3385 2 1279
1281 0 4757 3537 3353 6.94427 1273
1282 0 4737 3549 3357 9.31371 1281
1283 0 4729 3557 3361 6 1282
1284 0 4733 3393 3397 10 1228
1285 0 4737 3381 3397 6 1284
1286 0 4737 3373 3397 6 1285
1287 0 4745 3365 3397 6.94427 1286
1288 0 4753 3345 3413 10 1287
1289 0 4765 3321 3425 6.94427 1288
1290 0 4769 3305 3425 9.31371 1289
1291 0 4773 3293 3425 10 1290
1292 0 4781 3281 3421 6 1291
1293 0 4737 3413 3469 12.4222 1227
1294 0 4753 3401 3481 9.31371 1293
1295 0 4669 3457 3465 3.65685 1226
1296 2 4665 3478 3462 10.3153 1295
1297 0 4653 3505 3433 10.6491 1296
1298 0 4645 3513 3425 6.94427 1297
1299 2 4629.24 3524.76 3409.35 9.31371 1298
1300 0 4617 3541 3397 6.94427 1299
1301 0 4605 3561 3381 9.31371 1300
1302 0 4601 3577 3373 6.94427 1301
1303 0 4597 3593 3369 6 1302
1304 2 4597 3623.79 3357.3 9.13467 1303
1305 0 4605 3629 3349 6 1304
1306 0 4605 3629 3341 6 1305
1307 0 4609 3633 3337 6 1306
1308 0 4609 3633 3321 6 1307
1309 0 4601 3633 3309 6.94427 1308
1310 0 4593 3633 3293 6 1309
1311 0 4597 3629 3285 9.31371 1310
1312 0 4597 3625 3269 10 1311
1313 0 4601 3617 3261 6.94427 1312
1314 0 4613 3605 3253 9.31371 1313
1315 0 4593 3633 3381 6.94427 1304
1316 0 4609 3641 3397 10 1315
1317 0 4621 3649 3401 3.65685 1316
1318 0 4625 3649 3401 2 1317
1319 0 4629 3509 3393 6 1299
1320 0 4625 3509 3377 6 1319
1321 0 4621 3513 3373 6 1320
1322 0 4621 3521 3365 9.31371 1321
1323 0 4617 3521 3341 6 1322
1324 0 4617 3517 3321 6 1323
1325 0 4625 3517 3305 6 1324
1326 0 4625 3517 3289 6 1325
1327 0 4625 3525 3269 9.31371 1326
1328 0 4629 3533 3261 9.31371 1327
1329 0 4645 3473 3445 6.94427 1296
1330 0 4633 3489 3429 9.31371 1329
1331 0 4629 3493 3421 9.31371 1330
1332 0 4705.24 3419.82 3570.18 12.4222 1221
1333 0 4713 3425 3565 12.4222 1332
1334 0 4729 3433 3561 6.94427 1333
1335 0 4741 3441 3553 10 1334
1336 0 4745 3453 3537 6 1335
1337 0 4745 3469 3533 6 1336
1338 0 4737 3481 3525 10 1337
1339 0 4741 3501 3509 10.6491 1338
1340 0 4741 3509 3501 10 1339
1341 0 4737 3517 3493 6 1340
1342 0 4733 3521 3485 9.31371 1341
1343 0 4725 3529 3469 3.65685 1342
1344 0 4725 3533 3465 2 1343
1345 0 4745 3533 3513 6 1340
1346 0 4745 3541 3513 6 1345
1347 0 4753 3545 3513 3.65685 1346
1348 0 4757 3545 3509 2 1347
1349 0 4721 3433 3537 12.4222 1333
1350 0 4733 3421 3529 15.8885 1349
1351 0 4749 3421 3521 9.31371 1350
1352 0 4721 3405 3549 6.94427 1332
1353 0 4729 3401 3545 6 1352
1354 0 4741 3401 3545 10 1353
1355 0 4753 3397 3541 6 1354
1356 0 4757 3393 3537 6 1355
1357 0 4641 3461 3549 9.31371 1220
1358 0 4649 3477 3525 12.4222 1357
1359 0 4657 3489 3513 6.94427 1358
1360 0 4661 3501 3513 6.94427 1359
1361 0 4649 3505 3517 6 1360
1362 0 4645 3513 3529 6 1361
1363 0 4637 3521 3537 6 1362
1364 0 4637 3529 3537 6 1363
1365 0 4633 3533 3541 6 1364
1366 0 4633 3541 3541 6 1365
1367 0 4633 3553 3541 9.31371 1366
1368 0 4629 3565 3529 6.94427 1367
1369 0 4625 3573 3521 9.31371 1368
1370 0 4625 3585 3513 6 1369
1371 0 4621 3601 3501 6 1370
1372 0 4617 3609 3493 6 1371
1373 0 4621 3625 3477 6.94427 1372
1374 0 4625 3633 3469 6.94427 1373
1375 0 4629 3633 3461 6 1374
1376 0 4629 3641 3453 6 1375
1377 0 4633 3641 3437 6.94427 1376
1378 0 4629 3653 3421 6 1377
1379 0 4633 3661 3417 3.65685 1378
1380 0 4633 3665 3413 2 1379
1381 0 4677 3509 3497 6.94427 1360
1382 0 4689 3521 3481 9.31371 1381
1383 0 4697 3529 3457 9.31371 1382
1384 0 4701 3537 3433 9.31371 1383
1385 0 4697 3545 3425 6 1384
1386 0 4689 3553 3417 6 1385
1387 0 4633 3377 3653 40.5206 1219
1388 0 4637 3421 3653 12.4222 1387
1389 0 4649 3437 3673 6.94427 1388
1390 0 4581 3337 3645 6 1218
1391 0 4569 3337 3657 14 1390
1392 0 4557 3357 3665 6 1391
1393 2 4626.84 3339.22 3654.9 41.4861 1217
1394 0 4625 3365 3677 34.2215 1393
1395 0 4645 3433 3725 18 1394
1396 0 4634.46 3456.17 3729 13.9406 1395
1397 0 4621 3473 3729 22 1396
1398 2 4602.38 3509.85 3725 27.9052 1397
1399 2 4601.59 3510.51 3725 27.9838 1398
1400 2 4590.77 3519.52 3725 29.0642 1399
1401 2 4561.79 3528.42 3727.47 36.2154 1400
1402 2 4547.18 3532.4 3728.8 39.9609 1401
1403 0 4493 3549 3757 10 1402
1404 0 4473 3549 3769 10.6491 1403
1405 0 4461 3553 3777 14 1404
1406 0 4457 3553 3793 6.94427 1405
1407 0 4453 3561 3809 6 1406
1408 0 4449 3561 3821 3.65685 1407
1409 0 4445 3565 3825 3.65685 1408
1410 0 4441 3573 3833 6 1409
1411 0 4425 3585 3841 6.94427 1410
1412 0 4417 3593 3841 9.31371 1411
1413 0 4405 3593 3841 6 1412
1414 0 4389 3589 3837 6 1413
1415 0 4377 3581 3841 6 1414
1416 0 4361 3581 3837 6 1415
1417 0 4341 3581 3829 9.31371 1416
1418 0 4325 3593 3817 6.94427 1417
1419 0 4321 3605 3801 6 1418
1420 0 4321 3605 3781 6 1419
1421 0 4317 3609 3777 6 1420
1422 0 4313 3609 3769 3.65685 1421
1423 0 4309 3613 3765 2 1422
1424 0 4553 3597 3725 23.2982 1402
1425 0 4529 3621 3729 21.3238 1424
1426 0 4505 3621 3729 18 1425
1427 0 4485 3593 3717 6 1426
1428 0 4577 3569 3753 14.9706 1401
1429 0 4605 3581 3765 12.4222 1428
1430 0 4613 3593 3777 6 1429
1431 0 4621 3601 3785 6 1430
1432 0 4533 3501 3689 18 1400
1433 0 4569 3513 3677 23.2982 1399
1434 0 4569 3521 3637 10 1433
1435 0 4565 3525 3617 10.6491 1434
1436 0 4565 3541 3597 9.31371 1435
1437 0 4569 3545 3585 6.94427 1436
1438 0 4577 3545 3573 9.31371 1437
1439 0 4577 3545 3553 9.31371 1438
1440 0 4577 3545 3541 6 1439
1441 0 4577 3557 3513 9.31371 1440
1442 0 4565 3561 3489 9.31371 1441
1443 0 4565 3561 3469 6 1442
1444 0 4561 3561 3457 9.31371 1443
1445 0 4545 3557 3433 6.94427 1444
1446 0 4537 3561 3425 6 1445
1447 0 4529 3561 3425 6 1446
1448 0 4513 3557 3409 6 1447
1449 0 4505 3557 3401 9.31371 1448
1450 0 4497 3553 3393 9.31371 1449
1451 0 4617 3529 3689 12.4222 1398
1452 0 4629 3553 3681 6.94427 1451
1453 0 4645 3577 3677 9.31371 1452
1454 0 4641 3589 3677 6 1453
1455 0 4593 3449 3729 9.31371 1397
1456 0 4585 3441 3721 9.31371 1455
1457 0 4585 3433 3709 6 1456
1458 0 4625 3481 3745 23.6125 1396
1459 0 4637 3501 3753 12.4222 1458
1460 0 4645 3509 3761 12.4222 1459
1461 0 4657 3509 3773 6.94427 1460
1462 0 4657 3509 3785 6 1461
1463 0 4661 3513 3789 6 1462
1464 0 4661 3513 3797 3.65685 1463
1465 0 4665 3517 3801 3.65685 1464
1466 0 4669 3517 3805 3.65685 1465
1467 0 4677 3521 3813 6.94427 1466
1468 0 4685 3517 3825 2 1467
1469 0 4625 3381 3709 24.8328 1394
1470 0 4589 3377 3725 15.8885 1469
1471 0 4581 3389 3717 10.6491 1470
1472 0 4677 3321 3697 30.249 1393
1473 0 4701 3341 3705 14.9706 1472
1474 0 4713 3353 3709 14 1473
1475 0 4725 3365 3713 6.94427 1474
1476 0 4733 3369 3717 9.31371 1475
1477 0 4741 3389 3725 6 1476
1478 0 4741 3397 3725 6 1477
1479 0 4737 3409 3725 9.31371 1478
1480 0 4721 3425 3721 9.31371 1479
1481 0 4713 3445 3725 6.94427 1480
1482 0 4709 3465 3729 6 1481
1483 0 4701 3481 3741 6 1482
1484 0 4697 3497 3745 6 1483
1485 0 4701 3513 3749 6 1484
1486 0 4705 3521 3753 6 1485
1487 0 4709 3541 3749 6.94427 1486
1488 0 4709 3557 3737 6 1487
1489 0 4709 3569 3733 6 1488
1490 0 4713 3581 3729 6 1489
1491 0 4717 3597 3725 6 1490
1492 0 4725 3605 3733 6 1491
1493 0 4729 3605 3749 6 1492
1494 0 4733 3609 3753 6 1493
1495 0 4733 3609 3765 6 1494
1496 0 4733 3609 3773 6 1495
1497 0 4721 3609 3793 6 1496
1498 0 4721 3609 3801 3.65685 1497
1499 0 4721 3609 3805 3.65685 1498
1500 0 4725 3613 3809 2 1499
1501 0 4725 3613 3813 2 1500
1502 2 4713.52 3309 3751.43 17.0385 1472
1503 0 4729 3305 3773 9.31371 1502
1504 0 4733 3297 3781 6 1503
1505 0 4737 3293 3785 6 1504
1506 0 4737 3293 3793 6 1505
1507 0 4741 3297 3797 6 1506
1508 0 4741 3293 3813 6 1507
1509 0 4749 3277 3825 9.31371 1508
1510 0 4753 3269 3833 6.94427 1509
1511 0 4749 3257 3841 6.94427 1510
1512 0 4741 3237 3841 6 1511
1513 0 4737 3229 3841 6 1512
1514 0 4733 3217 3841 9.31371 1513
1515 0 4729 3201 3833 6.94427 1514
1516 0 4725 3185 3829 6 1515
1517 0 4725 3169 3829 6.94427 1516
1518 0 4729 3145 3829 6.94427 1517
1519 0 4733 3129 3829 6 1518
1520 0 4737 3121 3829 6 1519
1521 0 4745 3113 3825 2 1520
1522 0 4749 3113 3825 2 1521
1523 0 4705 3337 3757 14 1502
1524 0 4713 3353 3761 6 1523
1525 0 4633 3297 3577 35.9473 1216
1526 0 4589 3329 3561 12.4222 1525
1527 0 4577 3329 3537 9.31371 1526
1528 0 4577 3325 3525 6 1527
1529 2 4633.28 3235.6 3631.7 65.9574 1215
1530 0 4637 3217 3561 18 1529
1531 0 4625 3197 3537 14.4924 1530
1532 0 4617 3201 3509 12.4222 1531
1533 0 4613 3221 3485 10 1532
1534 0 4613 3245 3457 10 1533
1535 0 4613 3265 3445 18 1534
1536 0 4625 3277 3425 22 1535
1537 0 4661.89 3260.11 3389.44 24.8426 1536
1538 2 4672.63 3249.37 3385.15 29.0944 1537
1539 0 4676.54 3219.15 3375.62 17.4273 1538
1540 2 4673.23 3205.94 3365.7 10.4932 1539
1541 0 4681 3197 3349 10 1540
1542 0 4701 3197 3329 9.31371 1541
1543 0 4705 3197 3317 12.4222 1542
1544 0 4713 3213 3305 12.4222 1543
1545 2 4715.48 3229.95 3275.1 13.0476 1544
1546 0 4721 3237 3257 6 1545
1547 0 4729 3241 3245 6 1546
1548 0 4737 3249 3241 10 1547
1549 0 4737 3253 3213 6.94427 1548
1550 2 4745.89 3261.89 3204.56 6.94427 1549
1551 0 4761 3277 3193 6.94427 1550
1552 0 4769 3285 3185 6.94427 1551
1553 0 4777 3301 3181 6 1552
1554 0 4781 3305 3177 6 1553
1555 0 4741 3265 3185 6.94427 1550
1556 0 4737 3269 3173 6.94427 1555
1557 0 4729 3265 3165 3.65685 1556
1558 0 4725 3265 3161 2 1557
1559 0 4741 3229 3281 9.31371 1545
1560 0 4749 3221 3281 6.94427 1559
1561 0 4757 3213 3281 9.31371 1560
1562 0 4761 3197 3281 6 1561
1563 0 4761 3181 3281 6 1562
1564 0 4765 3165 3273 6 1563
1565 0 4765 3149 3269 6 1564
1566 0 4765 3133 3269 6 1565
1567 0 4761 3129 3265 6 1566
1568 0 4737 3213 3309 10.6491 1544
1569 0 4753 3213 3329 6 1568
1570 0 4749 3201 3337 6 1569
1571 0 4753 3181 3345 6.94427 1570
1572 0 4753 3173 3345 6 1571
1573 0 4753 3165 3345 6 1572
1574 0 4745 3153 3333 6.94427 1573
1575 0 4741 3145 3325 9.31371 1574
1576 0 4733 3141 3321 6 1575
1577 0 4717 3129 3321 6.94427 1576
1578 0 4713 3121 3321 3.65685 1577
1579 0 4709 3117 3325 2 1578
1580 0 4757 3169 3369 9.31371 1572
1581 0 4753 3173 3393 10 1580
1582 0 4745 3181 3401 6 1581
1583 0 4669 3185 3377 6.94427 1540
1584 0 4665 3169 3385 6.94427 1583
1585 0 4661 3157 3389 6.94427 1584
1586 0 4657 3149 3389 3.65685 1585
1587 0 4649 3141 3389 6.94427 1586
1588 0 4641 3133 3389 6.94427 1587
1589 0 4641 3121 3389 9.31371 1588
1590 0 4633 3113 3389 6.94427 1589
1591 0 4625 3085 3393 10.6491 1590
1592 2 4606.09 3073.36 3396.64 10.059 1591
1593 0 4585 3049 3421 6.94427 1592
1594 0 4577 3041 3421 6 1593
1595 0 4573 3025 3421 6.94427 1594
1596 0 4565 3013 3421 6.94427 1595
1597 0 4557 3001 3417 6 1596
1598 0 4553 2997 3413 3.65685 1597
1599 0 4553 2993 3413 3.65685 1598
1600 0 4549 2989 3413 2 1599
1601 0 4589 3065 3373 10 1592
1602 0 4577 3069 3361 6.94427 1601
1603 0 4577 3077 3345 6 1602
1604 0 4581 3081 3337 2 1603
1605 0 4581 3085 3333 2 1604
1606 0 4645 3073 3393 10.6491 1591
1607 0 4657 3061 3397 12.4222 1606
1608 0 4665 3045 3405 6 1607
1609 0 4673 3029 3413 6.94427 1608
1610 0 4685 3005 3417 10.6491 1609
1611 0 4693 2997 3421 6 1610
1612 0 4709 3213 3381 6.94427 1539
1613 0 4725 3225 3377 6 1612
1614 0 4737 3229 3365 6.94427 1613
1615 0 4737 3229 3357 6 1614
1616 0 4737 3229 3349 2 1615
1617 0 4741 3229 3345 2 1616
1618 0 4745 3233 3341 2 1617
1619 0 4717 3277 3421 9.31371 1538
1620 0 4725 3277 3429 6 1619
1621 0 4733 3277 3437 6 1620
1622 0 4741 3269 3445 6.94427 1621
1623 0 4749 3261 3457 6.94427 1622
1624 0 4753 3257 3477 6.94427 1623
1625 0 4753 3257 3485 6.94427 1624
1626 0 4761 3249 3493 6 1625
1627 0 4777 3245 3497 6 1626
1628 0 4701 3269 3369 10.6491 1537
1629 0 4713 3273 3361 9.31371 1628
1630 0 4733 3269 3361 10 1629
1631 0 4749 3269 3357 14 1630
1632 0 4773 3265 3373 6 1631
1633 0 4797 3269 3373 9.31371 1632
1634 0 4821 3285 3377 9.31371 1633
1635 0 4837 3293 3385 6.94427 1634
1636 0 4849 3305 3389 6.94427 1635
1637 0 4853 3313 3389 6.94427 1636
1638 0 4861 3321 3381 6 1637
1639 0 4865 3325 3377 2 1638
1640 0 4865 3329 3377 2 1639
1641 0 4653 3257 3349 6 1537
1642 0 4653 3257 3333 6 1641
1643 0 4657 3261 3329 6 1642
1644 0 4657 3261 3313 6.94427 1643
1645 0 4673 3261 3293 6.94427 1644
1646 0 4681 3257 3281 10 1645
1647 0 4669 3245 3269 6.94427 1646
1648 0 4661 3237 3261 6 1647
1649 0 4605 3297 3413 6.94427 1536
1650 0 4585 3297 3417 6 1649
1651 0 4581 3289 3425 6 1650
1652 0 4581 3289 3433 6 1651
1653 2 4745.37 3246.71 3630.71 22.9782 1529
1654 2 4771 3249 3633 14.6476 1653
1655 0 4793 3257 3625 6.94427 1654
1656 0 4805 3265 3625 9.31371 1655
1657 0 4817 3277 3625 6.94427 1656
1658 0 4825 3285 3625 3.65685 1657
1659 0 4829 3289 3625 3.65685 1658
1660 0 4837 3297 3629 6.94427 1659
1661 0 4841 3313 3633 6 1660
1662 0 4853 3329 3633 6.94427 1661
1663 0 4865 3341 3645 6.94427 1662
1664 0 4873 3369 3649 10.6491 1663
1665 0 4873 3381 3649 6 1664
1666 0 4873 3393 3653 9.31371 1665
1667 0 4865 3401 3665 9.31371 1666
1668 0 4857 3401 3673 6 1667
1669 0 4845 3409 3681 6.94427 1668
1670 0 4845 3425 3685 6 1669
1671 0 4833 3437 3685 6 1670
1672 0 4813 3445 3681 6.94427 1671
1673 0 4773 3261 3649 9.31371 1654
1674 0 4785 3261 3661 14.4924 1673
1675 0 4781 3257 3677 6 1674
1676 0 4773 3253 3681 2 1675
1677 0 4769 3253 3681 2 1676
1678 0 4765 3276 3600 19.6018 1653
1679 2 4765 3294.6 3593.8 13.2427 1678
1680 0 4789 3333 3573 10.6491 1679
1681 0 4789 3345 3565 6 1680
1682 0 4765 3289 3569 6 1679
1683 0 4769 3297 3557 6 1682
1684 0 4769 3297 3549 3.65685 1683
1685 0 4769 3293 3545 2 1684
1686 0 4781 3273 3581 9.31371 1678
1687 0 4793 3281 3561 10.6491 1686
1688 0 4797 3289 3549 6.94427 1687
1689 0 4693 3217 3645 30.249 1214
1690 0 4709 3205 3669 30 1689
1691 0 4697 3157 3681 12.4222 1690
1692 0 4593 3181 3697 6 1213
1693 0 4597 3185 3713 6 1692
1694 0 4601 3189 3721 6.94427 1693
1695 0 4601 3189 3729 3.65685 1694
1696 0 4597 3193 3745 9.31371 1695
1697 0 4589 3205 3777 18 1696
1698 0 4597 3233 3793 6 1697
1699 0 4593 3249 3793 6 1698
1700 0 4585 3269 3813 6 1699
1701 0 4581 3269 3829 6 1700
1702 0 4581 3277 3837 6 1701
1703 0 4581 3285 3845 9.31371 1702
1704 0 4581 3289 3857 3.65685 1703
1705 0 4585 3289 3861 2 1704
1706 0 4497 3037 3601 10.6491 1210
1707 0 4501 3045 3585 15.8885 1706
1708 0 4505 3049 3569 14.4924 1707
1709 0 4509 3057 3553 3.65685 1708
1710 0 4509 3061 3553 2 1709
1711 2 4450.06 3051.29 3634.88 37.4985 1209
1712 0 4441 3009 3653 23.6125 1711
1713 0 4441 3009 3677 14 1712
1714 0 4453 3009 3693 15.8885 1713
1715 0 4461 3001 3717 26 1714
1716 2 4461 2988.08 3736.38 19.5385 1715
1717 0 4449 2977 3753 14 1716
1718 0 4445 2981 3769 6.94427 1717
1719 0 4445 2981 3777 6 1718
1720 0 4449 2985 3781 6 1719
1721 0 4449 2985 3789 6.94427 1720
1722 0 4453 2989 3797 3.65685 1721
1723 0 4453 2989 3801 3.65685 1722
1724 0 4449 2985 3821 12.4222 1723
1725 0 4457 2961 3853 14 1724
1726 0 4469 2949 3873 14 1725
1727 0 4473 2925 3889 9.31371 1726
1728 0 4469 2921 3897 3.65685 1727
1729 0 4469 2917 3905 6 1728
1730 0 4469 2917 3913 3.65685 1729
1731 0 4465 2913 3925 6 1730
1732 0 4469 2913 3945 6 1731
1733 0 4469 2913 3953 3.65685 1732
1734 0 4469 2917 3957 3.65685 1733
1735 0 4473 2925 3965 6.94427 1734
1736 0 4485 2929 3969 10 1735
1737 0 4497 2925 3969 6.94427 1736
1738 0 4509 2925 3953 3.65685 1737
1739 0 4509 2925 3949 3.65685 1738
1740 0 4505 2929 3945 2 1739
1741 0 4505 2929 3941 2 1740
1742 0 4493 2981 3741 12.4222 1716
1743 0 4505 2965 3757 6.94427 1742
1744 0 4505 2957 3765 6 1743
1745 0 4493 3045 3729 9.31371 1715
1746 0 4509 3049 3741 14 1745
1747 0 4525 3069 3765 9.31371 1746
1748 0 4529 3073 3773 9.31371 1747
1749 0 4417 3021 3681 9.31371 1712
1750 0 4413 3025 3701 10 1749
1751 0 4385 3033 3709 10 1750
1752 0 4369 3033 3717 6 1751
1753 0 4361 3037 3725 2 1752
1754 0 4357 3037 3725 2 1753
1755 0 4521 3001 3649 14.4924 1711
1756 0 4533 3009 3637 14 1755
1757 0 4389 3025 3641 18 1208
1758 0 4381 3005 3649 21.3238 1757
1759 0 4361 2993 3653 14 1758
1760 0 4377 3161 3653 23.6125 1207
1761 0 4341 3177 3661 6.94427 1760
1762 0 4329 3185 3661 12.4222 1761
1763 0 4317 3209 3657 10 1762
1764 0 4313 3221 3649 6.94427 1763
1765 0 4313 3229 3637 2 1764
1766 0 4369 3193 3613 14 1206
1767 0 4361 3209 3613 10.6491 1766
1768 0 4357 3221 3613 12.4222 1767
1769 0 4357 3233 3609 9.31371 1768
1770 2 4357 3243.16 3615.77 7.30754 1769
1771 2 4343.27 3266.73 3626.73 9.59881 1770
1772 0 4333 3281 3629 9.31371 1771
1773 0 4325 3297 3629 14 1772
1774 0 4309 3325 3617 12.4222 1773
1775 0 4297 3349 3601 9.31371 1774
1776 0 4353 3245 3649 12.4222 1771
1777 0 4361 3233 3657 6 1776
1778 0 4357 3257 3605 6.94427 1770
1779 0 4353 3273 3601 6.94427 1778
1780 0 4349 3289 3601 6 1779
1781 0 4349 3301 3597 2 1780
1782 2 4298.86 3141.67 3520.7 47.3912 1205
1783 0 4221 3169 3497 14.4924 1782
1784 0 4209 3193 3481 9.31371 1783
1785 0 4209 3193 3469 3.65685 1784
1786 0 4205 3189 3465 2 1785
1787 0 4225 3121 3557 24.8328 1782
1788 0 4201 3129 3565 14.9706 1787
1789 0 4185 3129 3565 3.65685 1788
1790 0 4181 3129 3565 2 1789
1791 2 4358.77 3133.77 3545.17 65.9613 1204
1792 2 4303.45 3207.91 3547.54 40.9944 1791
1793 2 4294.33 3218.33 3542.33 38.5006 1792
1794 0 4285 3229 3537 35.9473 1793
1795 0 4289 3261 3489 6 1794
1796 0 4293 3261 3473 6 1795
1797 0 4301 3261 3465 9.31371 1796
1798 0 4297 3257 3449 9.31371 1797
1799 0 4301 3261 3429 9.31371 1798
1800 0 4301 3261 3417 6 1799
1801 0 4297 3265 3413 6 1800
1802 2 4297 3286.37 3406.32 9.34164 1801
1803 0 4301 3309 3401 14.4924 1802
1804 0 4301 3333 3401 14 1803
1805 0 4297 3349 3397 10 1804
1806 0 4294.31 3366.24 3386.38 11.4047 1805
1807 0 4305 3389 3373 10 1806
1808 0 4313 3421 3377 14 1807
1809 0 4305 3433 3381 9.31371 1808
1810 0 4297 3449 3385 10.6491 1809
1811 0 4289 3469 3381 6 1810
1812 0 4293 3485 3381 6 1811
1813 0 4301 3501 3381 9.31371 1812
1814 0 4309 3513 3377 6.94427 1813
1815 0 4317 3521 3369 9.31371 1814
1816 0 4317 3533 3369 6 1815
1817 0 4325 3549 3369 6.94427 1816
1818 0 4333 3557 3361 6.94427 1817
1819 0 4341 3561 3361 6 1818
1820 0 4349 3565 3365 2 1819
1821 0 4349 3565 3369 2 1820
1822 0 4329 3433 3365 9.31371 1808
1823 0 4337 3441 3357 9.31371 1822
1824 0 4341 3453 3357 6 1823
1825 0 4285 3373 3357 6 1806
1826 0 4285 3373 3349 6 1825
1827 0 4297 3381 3333 10.6491 1826
1828 2 4304.56 3377.22 3325.44 10.0361 1827
1829 0 4305 3369 3317 10 1828
1830 0 4309 3345 3321 10 1829
1831 0 4305 3333 3321 12.4222 1830
1832 0 4297 3317 3317 6 1831
1833 0 4297 3389 3313 9.31371 1828
1834 0 4293 3397 3305 6 1833
1835 0 4285 3405 3297 6.94427 1834
1836 0 4277 3405 3289 10 1835
1837 0 4269 3405 3281 6 1836
1838 0 4313 3345 3421 10.6491 1804
1839 0 4317 3365 3417 9.31371 1838
1840 0 4321 3373 3409 9.31371 1839
1841 0 4325 3377 3401 6 1840
1842 0 4301 3277 3385 9.31371 1802
1843 0 4301 3281 3361 9.31371 1842
1844 0 4301 3281 3349 10 1843
1845 0 4297 3277 3337 6.94427 1844
1846 0 4221 3253 3537 19.5407 1794
1847 0 4245 3269 3569 22.3311 1793
1848 0 4253 3305 3565 10 1847
1849 0 4261 3317 3569 9.31371 1848
1850 0 4265 3333 3593 9.31371 1849
1851 2 4240.87 3219.54 3595.03 47.3234 1792
1852 0 4233 3221 3601 48.1199 1851
1853 0 4197 3249 3625 9.31371 1852
1854 0 4192.66 3249.11 3645.57 10.6998 1853
1855 0 4181 3253 3665 12.4222 1854
1856 2 4144.67 3274.61 3681 26.3334 1855
1857 0 4157 3317 3665 27.1204 1856
1858 0 4173 3365 3677 18 1857
1859 0 4177 3385 3677 10 1858
1860 0 4185 3397 3681 9.31371 1859
1861 0 4189 3405 3697 9.31371 1860
1862 0 4189 3417 3705 6.94427 1861
1863 0 4201 3433 3729 10.6491 1862
1864 0 4209 3433 3737 9.31371 1863
1865 2 4148.56 3264.5 3701.62 24.6991 1856
1866 2 4145.75 3261.73 3716.93 26.3945 1865
1867 2 4147.6 3250.58 3736.62 24.7406 1866
1868 0 4149 3245 3769 12.4222 1867
1869 0 4145 3253 3785 9.31371 1868
1870 0 4137 3269 3793 15.8885 1869
1871 0 4145 3293 3809 6 1870
1872 0 4149 3305 3825 6 1871
1873 0 4189 3237 3737 10 1867
1874 0 4201 3233 3733 6.94427 1873
1875 0 4213 3233 3729 10 1874
1876 0 4225 3233 3729 6 1875
1877 0 4245 3237 3721 6.94427 1876
1878 0 4253 3233 3717 6.94427 1877
1879 0 4257 3225 3709 6 1878
1880 0 4113 3273 3749 15.8885 1866
1881 0 4125 3281 3757 10.6491 1880
1882 0 4129 3293 3757 6 1881
1883 2 4126.25 3273.68 3704.38 27.5 1865
1884 2 4094.64 3286.68 3708.3 31.468 1883
1885 0 4061 3269 3693 14.9706 1884
1886 0 4037 3241 3709 9.31371 1885
1887 0 4025 3225 3709 3.65685 1886
1888 0 4021 3221 3705 6 1887
1889 0 4017 3213 3697 6 1888
1890 0 4105 3325 3721 14 1884
1891 0 4117 3357 3729 10.6491 1890
1892 2 4121.34 3287.14 3700 25.7424 1883
1893 0 4109 3321 3689 21.3238 1892
1894 0 4109 3353 3697 9.31371 1893
1895 0 4113 3361 3705 10.6491 1894
1896 0 4113 3373 3705 6.94427 1895
1897 0 4109 3381 3701 2 1896
1898 0 4109 3385 3701 2 1897
1899 0 4101 3261 3653 14.9706 1892
1900 0 4085 3257 3653 6.94427 1899
1901 0 4077 3261 3645 3.65685 1900
1902 0 4073 3261 3641 2 1901
1903 0 4181 3229 3677 9.31371 1855
1904 0 4181 3221 3685 6 1903
1905 0 4181 3201 3685 6 1904
1906 0 4181 3185 3685 6 1905
1907 0 4165 3161 3689 9.31371 1906
1908 0 4157 3153 3693 3.65685 1907
1909 0 4153 3149 3697 2 1908
1910 0 4205 3269 3653 6.94427 1854
1911 0 4213 3277 3653 6.94427 1910
1912 0 4221 3285 3661 6 1911
1913 0 4233 3293 3673 6 1912
1914 0 4237 3297 3677 3.65685 1913
1915 0 4241 3297 3677 3.65685 1914
1916 0 4245 3297 3677 2 1915
1917 2 4179.05 3228.71 3562.47 36.19 1852
1918 0 4137 3233 3549 34 1917
1919 2 4131.9 3229.94 3540.84 29.1456 1918
1920 2 4117.61 3221.37 3517.98 15.5531 1919
1921 0 4117 3209 3505 6 1920
1922 0 4117 3205 3493 6.94427 1921
1923 0 4109 3201 3485 6.94427 1922
1924 0 4101 3201 3477 3.65685 1923
1925 2 4091.06 3191.06 3464.09 8.97014 1924
1926 0 4081 3181 3457 9.31371 1925
1927 0 4065 3173 3457 6.94427 1926
1928 0 4049 3153 3449 6 1927
1929 0 4041 3141 3445 6.94427 1928
1930 0 4029 3133 3433 6.94427 1929
1931 0 4021 3129 3425 3.65685 1930
1932 0 4021 3125 3425 2 1931
1933 0 4081 3213 3469 10 1925
1934 0 4073 3225 3477 6 1933
1935 0 4117 3237 3505 6.94427 1920
1936 0 4125 3237 3497 6 1935
1937 0 4133 3233 3489 10 1936
1938 0 4141 3237 3461 9.31371 1937
1939 0 4133 3241 3453 6 1938
1940 0 4121 3241 3437 6 1939
1941 0 4121 3241 3429 6 1940
1942 0 4121 3257 3413 6 1941
1943 0 4121 3269 3401 6.94427 1942
1944 0 4117 3273 3393 6 1943
1945 0 4117 3269 3537 18.3961 1919
1946 0 4125 3297 3521 10.6491 1945
1947 0 4117 3309 3505 9.31371 1946
1948 0 4125 3325 3489 9.31371 1947
1949 0 4125 3337 3481 6.94427 1948
1950 0 4129 3345 3473 9.31371 1949
1951 0 4137 3345 3461 6 1950
1952 0 4089 3261 3529 6.94427 1945
1953 0 4081 3253 3521 6 1952
1954 0 4073 3249 3505 6.94427 1953
1955 2 4110.98 3285.03 3560.15 27.3515 1918
1956 0 4109 3317 3561 23.2982 1955
1957 2 4106.02 3347.48 3538.52 7.01519 1956
1958 0 4101 3349 3529 6 1957
1959 0 4093 3357 3521 10 1958
1960 0 4085 3357 3513 9.31371 1959
1961 0 4125 3357 3525 6 1957
1962 0 4125 3361 3517 6 1961
1963 0 4141 3293 3561 12.4222 1955
1964 0 4153 3309 3545 12.4222 1963
1965 0 4173 3313 3525 6 1964
1966 0 4101 3173 3581 14 1918
1967 0 4089 3161 3593 9.31371 1966
1968 0 4085 3161 3605 6 1967
1969 0 4185 3205 3509 9.31371 1917
1970 0 4189 3197 3501 3.65685 1969
1971 0 4189 3193 3501 2 1970
1972 0 4221 3141 3613 15.8885 1851
1973 0 4201 3133 3589 2 1972
1974 0 4197 3133 3589 2 1973
1975 2 4309.91 3102.23 3494.87 37.3 1791
1976 2 4308.07 3101.05 3492.98 36.221 1975
1977 0 4273 3065 3445 9.31371 1976
1978 0 4269 3065 3433 6 1977
1979 0 4265 3065 3417 6 1978
1980 0 4257 3057 3409 6.94427 1979
1981 0 4253 3057 3397 9.31371 1980
1982 0 4249 3049 3389 6.94427 1981
1983 0 4249 3045 3373 6 1982
1984 0 4249 3037 3353 6 1983
1985 0 4249 3025 3337 6 1984
1986 0 4253 3021 3333 6 1985
1987 0 4253 3013 3325 3.65685 1986
1988 0 4253 3013 3317 6 1987
1989 0 4253 3013 3309 6 1988
1990 0 4253 3001 3297 9.31371 1989
1991 0 4241 2985 3289 6 1990
1992 0 4237 2977 3293 2 1991
1993 0 4237 2973 3297 2 1992
1994 0 4309 3041 3489 12.4222 1976
1995 0 4301 3041 3465 9.31371 1994
1996 0 4305 3045 3457 2 1995
1997 0 4309 3049 3453 2 1996
1998 0 4305 3141 3461 14 1975
1999 0 4301 3153 3445 14 1998
2000 0 4301 3149 3425 10.6491 1999
2001 0 4305 3149 3409 14.4924 2000
2002 0 4317 3153 3393 12.4222 2001
2003 0 4329 3153 3389 6.94427 2002
2004 0 4341 3153 3377 9.31371 2003
2005 0 4353 3165 3361 10 2004
2006 0 4361 3189 3365 6 2005
2007 0 4365 3197 3365 2 2006
2008 0 4365 3201 3365 2 2007
2009 0 4453 3177 3565 10 1203
2010 0 4461 3185 3561 6 2009
2011 0 4457 3201 3545 9.31371 2010
2012 0 4453 3209 3525 6.94427 2011
2013 0 4289 3097 3533 48.5964 1202
2014 0 4249 3069 3525 14 2013
2015 0 4225 3077 3517 12.4222 2014
2016 0 4205 3077 3517 18 2015
2017 0 4169 3061 3501 10 2016
2018 0 4169 3049 3501 6 2017
2019 0 4169 3037 3501 6 2018
2020 0 4389 3185 3489 22 1201
2021 0 4393 3213 3485 18 2020
2022 0 4401 3225 3473 10.6491 2021
2023 0 4413 3237 3457 9.31371 2022
2024 0 4421 3241 3449 6 2023
2025 0 4381 3073 3525 33.7771 1200
2026 0 4405 3049 3537 10.6491 2025
2027 0 4409 3037 3537 9.31371 2026
2028 0 4421 3025 3521 3.65685 2027
2029 0 4421 3021 3517 2 2028
2030 0 4377 3061 3469 10 1199
2031 0 4369 3049 3465 6.94427 2030
2032 0 4357 3033 3449 9.31371 2031
2033 0 4345 3013 3449 6.94427 2032
2034 0 4333 3005 3449 9.31371 2033
2035 0 4413 3077 3433 6 1198
2036 0 4421 3073 3433 6 2035
2037 0 4437 3061 3421 6 2036
2038 0 4441 3045 3417 10 2037
2039 0 4441 3037 3409 6.94427 2038
2040 0 4449 3025 3393 6 2039
2041 0 4441 3025 3381 2 2040
2042 0 4477 3113 3429 14 1197
2043 0 4497 3109 3457 6 2042
2044 0 4505 3157 3309 10 1194
2045 0 4505 3157 3321 10 2044
2046 0 4509 3165 3333 6 2045
2047 2 4528.1 3117.56 3265 18.3441 1193
2048 0 4541.44 3100.89 3261.11 14.3486 2047
2049 0 4557 3097 3265 9.31371 2048
2050 0 4569 3093 3265 10.6491 2049
2051 0 4581 3085 3253 6.94427 2050
2052 2 4586.68 3083.11 3247.32 6.94427 2051
2053 0 4593 3081 3241 6.94427 2052
2054 0 4597 3069 3225 6 2053
2055 0 4585 3061 3209 6 2054
2056 0 4577 3053 3201 6.94427 2055
2057 0 4573 3045 3193 6.94427 2056
2058 0 4561 3029 3193 6 2057
2059 0 4553 3029 3189 6.94427 2058
2060 0 4541 3029 3185 2 2059
2061 0 4537 3029 3185 2 2060
2062 2 4601.04 3084.32 3258.69 6.94427 2052
2063 0 4609 3085 3265 6.94427 2062
2064 0 4613 3085 3281 6.94427 2063
2065 0 4621 3085 3289 3.65685 2064
2066 0 4621 3085 3297 6 2065
2067 0 4633 3085 3309 6 2066
2068 0 4641 3089 3317 6.94427 2067
2069 0 4649 3093 3317 6.94427 2068
2070 0 4657 3101 3325 6.94427 2069
2071 0 4665 3109 3325 3.65685 2070
2072 0 4669 3109 3325 2 2071
2073 0 4617 3081 3245 6 2062
2074 0 4637 3077 3233 10 2073
2075 0 4653 3077 3233 6 2074
2076 0 4665 3077 3233 6 2075
2077 0 4673 3081 3237 6 2076
2078 0 4577 3085 3281 6.94427 2050
2079 0 4581 3081 3289 3.65685 2078
2080 0 4585 3081 3301 6 2079
2081 0 4589 3089 3313 6 2080
2082 0 4537 3077 3249 9.31371 2048
2083 0 4537 3065 3249 6 2082
2084 0 4537 3053 3249 10.6491 2083
2085 0 4545 3041 3237 10 2084
2086 0 4545 3041 3225 10 2085
2087 0 4549 3049 3217 6 2086
2088 0 4541 3125 3241 6 2047
2089 0 4549 3117 3233 6 2088
2090 0 4553 3117 3217 6 2089
2091 0 4549 3117 3201 6 2090
2092 0 4481 3101 3277 6.94427 1193
2093 0 4465 3085 3273 6.94427 2092
2094 0 4445 3077 3265 9.31371 2093
2095 0 4437 3073 3257 6 2094
2096 0 4425 3069 3249 6.94427 2095
2097 0 4509 3189 3277 10.6491 1193
2098 0 4513 3209 3273 6 2097
2099 0 4513 3225 3269 6.94427 2098
2100 0 4521 3233 3269 2 2099
2101 0 4525 3233 3269 2 2100
2102 0 4597 3181 3041 12.4222 728
2103 0 4617 3201 3037 14.9706 2102
2104 0 4641 3237 3025 12.4222 2103
2105 0 4654.32 3276.53 3025.88 18 2104
2106 0 4665 3305 3033 18 2105
2107 0 4685.73 3325.49 3049.49 12.5477 2106
2108 0 4738.44 3344.08 3071.36 17.4696 2107
2109 0 4781 3381 3097 14.4924 2108
2110 0 4797 3389 3133 12.4222 2109
2111 0 4808.42 3390.03 3156.87 21.0708 2110
2112 0 4821 3385 3177 35.7359 2111
2113 2 4840.76 3379.35 3196.76 36.9073 2112
2114 0 4849 3377 3205 37.3954 2113
2115 2 4847.98 3380.05 3215.18 31.0386 2114
2116 0 4841 3397 3257 6.94427 2115
2117 0 4833 3405 3265 6 2116
2118 0 4833 3409 3277 3.65685 2117
2119 0 4829 3413 3281 6 2118
2120 0 4821 3421 3297 6 2119
2121 0 4821 3421 3309 6 2120
2122 0 4813 3425 3317 10 2121
2123 0 4801 3449 3329 9.31371 2122
2124 0 4793 3469 3333 10 2123
2125 0 4789 3489 3329 6 2124
2126 0 4789 3497 3325 6.94427 2125
2127 0 4785 3505 3321 3.65685 2126
2128 0 4785 3509 3321 2 2127
2129 0 4857 3357 3249 10 2115
2130 0 4853 3357 3261 9.31371 2129
2131 0 4841 3357 3277 15.8885 2130
2132 0 4849 3369 3297 6 2131
2133 0 4853 3369 3305 6 2132
2134 0 4841 3381 3321 9.31371 2133
2135 2 4858.29 3364.23 3206.16 33.3939 2114
2136 0 4881 3333 3209 23.6125 2135
2137 0 4865 3301 3237 10.6491 2136
2138 0 4853 3285 3241 6 2137
2139 0 4849 3269 3241 6.94427 2138
2140 0 4845 3257 3241 10.6491 2139
2141 0 4841 3245 3253 12.4222 2140
2142 0 4837 3225 3269 9.31371 2141
2143 0 4849 3205 3265 6 2142
2144 0 4849 3205 3257 3.65685 2143
2145 0 4853 3201 3253 2 2144
2146 0 4913 3317 3189 18.3961 2135
2147 0 4873 3401 3165 18 2113
2148 0 4861 3405 3149 6 2147
2149 0 4861 3413 3141 3.65685 2148
2150 0 4865 3417 3141 2 2149
2151 0 4865 3421 3141 2 2150
2152 0 4777 3389 3197 10 2112
2153 0 4761 3389 3205 10 2152
2154 0 4757 3389 3221 12.4222 2153
2155 0 4765 3377 3233 9.31371 2154
2156 0 4761 3373 3245 6.94427 2155
2157 0 4805 3421 3181 12.4222 2111
2158 0 4801 3433 3181 6.94427 2157
2159 0 4797 3445 3177 6.94427 2158
2160 0 4801 3453 3169 6.94427 2159
2161 0 4805 3465 3161 2 2160
2162 0 4793 3405 3085 10.6491 2109
2163 0 4805 3405 3077 6 2162
2164 0 4761 3325 3069 6 2108
2165 0 4777 3313 3065 6.94427 2164
2166 0 4785 3301 3053 6.94427 2165
2167 0 4793 3293 3049 6 2166
2168 0 4797 3285 3053 6 2167
2169 0 4805 3285 3053 6 2168
2170 0 4809 3281 3057 6 2169
2171 0 4817 3273 3065 10 2170
2172 2 4831.62 3259.76 3070.31 9.43642 2171
2173 0 4837 3249 3073 6.94427 2172
2174 0 4829 3241 3081 6.94427 2173
2175 0 4821 3237 3089 2 2174
2176 0 4817 3237 3093 2 2175
2177 0 4825 3249 3045 6 2172
2178 0 4821 3253 3041 6 2177
2179 0 4813 3261 3033 2 2178
2180 0 4801 3301 3033 6 2167
2181 0 4801 3301 3025 6 2180
2182 0 4797 3285 3009 6.94427 2181
2183 0 4789 3277 3001 9.31371 2182
2184 0 4685 3357 3041 10 2107
2185 0 4677 3365 3041 10.6491 2184
2186 0 4669 3377 3029 6.94427 2185
2187 0 4665 3381 3021 9.31371 2186
2188 0 4669 3385 3013 6 2187
2189 0 4669 3385 2997 6 2188
2190 0 4669 3389 2981 6.94427 2189
2191 0 4673 3397 2957 6 2190
2192 0 4673 3401 2945 6 2191
2193 0 4677 3409 2933 9.31371 2192
2194 0 4681 3409 2921 3.65685 2193
2195 0 4685 3405 2917 6 2194
2196 0 4693 3397 2909 6.94427 2195
2197 0 4693 3385 2893 6.94427 2196
2198 0 4689 3385 2885 6 2197
2199 0 4681 3293 3001 3.65685 2105
2200 0 4685 3293 3001 2 2199
2201 0 4689 3293 3001 3.65685 2200
2202 0 4693 3293 2997 3.65685 2201
2203 0 4697 3297 2993 6 2202
2204 0 4709 3297 2977 6 2203
2205 0 4725 3297 2973 6.94427 2204
2206 0 4745 3285 2973 6.94427 2205
2207 0 4761 3269 2981 9.31371 2206
2208 0 4765 3265 2989 9.31371 2207
2209 0 4593 3125 2993 10 727
2210 0 4605 3125 2989 10 2209
2211 0 4617 3129 2989 6 2210
2212 0 4633 3141 2985 6 2211
2213 0 4641 3145 2981 6 2212
2214 0 4517 3017 2849 24.8328 78
2215 0 4489 3021 2821 24.8328 2214
2216 0 4485 3045 2789 6.94427 2215
2217 0 4489 3053 2785 3.65685 2216
2218 0 4493 3061 2785 3.65685 2217
2219 0 4497 3069 2785 6 2218
2220 0 4501 3077 2785 6 2219
2221 0 4505 3089 2793 6 2220
2222 0 4509 3097 2793 3.65685 2221
2223 0 4509 3105 2801 6.94427 2222
2224 0 4521 3121 2797 6.94427 2223
2225 0 4529 3129 2801 3.65685 2224
2226 0 4537 3137 2801 6 2225
2227 0 4545 3149 2801 6 2226
2228 0 4545 3157 2797 6 2227
2229 2 4552.56 3164.56 2793.22 9.12961 2228
2230 0 4561 3169 2785 6 2229
2231 0 4573 3169 2769 6 2230
2232 0 4581 3169 2757 6.94427 2231
2233 0 4581 3165 2741 9.31371 2232
2234 0 4577 3161 2733 6 2233
2235 0 4541 3181 2801 6 2229
2236 0 4537 3197 2805 6 2235
2237 0 4541 3205 2801 2 2236
2238 0 4541 3209 2797 2 2237
2239 0 4573 3041 2877 31.9411 77
2240 0 4601 3081 2901 2 2239
2241 0 4612.21 3090.61 2903.39 7.98367 2240
2242 0 4625 3093 2897 6 2241
2243 0 4629 3077 2893 6 2242
2244 0 4629 3065 2885 6 2243
2245 0 4633 3061 2889 6 2244
2246 0 4637 3057 2893 3.65685 2245
2247 0 4633 3053 2897 2 2246
2248 0 4613 3105 2921 6.94427 2241
2249 0 4613 3113 2929 6.94427 2248
2250 0 4609 3121 2929 6.94427 2249
2251 0 4605 3129 2937 3.65685 2250
2252 0 4605 3133 2937 2 2251
2253 2 4574.35 3092.89 2837 19.7899 76
2254 0 4565 3121 2837 9.31371 2253
2255 0 4549 3145 2837 9.31371 2254
2256 0 4521 3165 2829 12.4222 2255
2257 0 4509 3177 2829 12.4222 2256
2258 2 4497.44 3190.78 2817.44 14.7549 2257
2259 0 4469 3197 2797 10 2258
2260 0 4457 3201 2789 10.6491 2259
2261 0 4413 3209 2793 15.8885 2260
2262 2 4393.24 3207.82 2786.18 12.8973 2261
2263 0 4373 3225 2769 6 2262
2264 0 4357 3249 2753 15.8885 2263
2265 2 4338.65 3271.02 2730.98 32.5063 2264
2266 0 4337 3273 2729 34 2265
2267 2 4344.05 3287.1 2700.81 34.7736 2266
2268 0 4365 3281 2661 18 2267
2269 0 4357 3277 2641 6.94427 2268
2270 0 4349 3285 2625 9.31371 2269
2271 0 4345 3289 2617 6.94427 2270
2272 0 4333 3307 2593 13 2271
2273 0 4325 3329 2557 9.31371 2272
2274 0 4325 3341 2557 6 2273
2275 0 4329 3353 2557 9.31371 2274
2276 0 4337 3361 2549 9.31371 2275
2277 0 4345 3361 2541 3.65685 2276
2278 0 4349 3361 2537 3.65685 2277
2279 0 4353 3357 2533 6 2278
2280 0 4369 3361 2521 6 2279
2281 0 4381 3369 2501 9.31371 2280
2282 0 4385 3385 2481 9.31371 2281
2283 0 4389 3401 2481 6 2282
2284 0 4393 3417 2477 6 2283
2285 0 4393 3425 2473 6 2284
2286 0 4401 3433 2465 6.94427 2285
2287 0 4405 3453 2457 6.94427 2286
2288 2 4412.11 3467.22 2446.78 9.84749 2287
2289 0 4417 3477 2433 6 2288
2290 0 4417 3477 2425 6 2289
2291 0 4413 3481 2417 9.31371 2290
2292 0 4409 3481 2405 9.31371 2291
2293 0 4413 3473 2397 3.65685 2292
2294 0 4413 3473 2393 3.65685 2293
2295 0 4409 3473 2389 2 2294
2296 0 4409 3473 2385 2 2295
2297 0 4409 3473 2381 2 2296
2298 0 4409 3473 2377 2 2297
2299 0 4409 3473 2373 2 2298
2300 0 4417 3477 2461 6.94427 2288
2301 0 4417 3489 2481 6.94427 2300
2302 0 4413 3493 2489 6 2301
2303 0 4325 3329 2593 6.94427 2272
2304 0 4321 3341 2593 9.31371 2303
2305 0 4317 3349 2589 6.94427 2304
2306 0 4309 3365 2589 9.31371 2305
2307 0 4313 3389 2597 6 2306
2308 0 4313 3405 2597 6 2307
2309 0 4313 3421 2597 6 2308
2310 0 4313 3429 2601 2 2309
2311 0 4313 3437 2601 6 2310
2312 0 4313 3453 2601 6 2311
2313 0 4317 3469 2601 6 2312
2314 0 4317 3485 2605 6 2313
2315 0 4317 3493 2605 3.65685 2314
2316 0 4321 3497 2605 2 2315
2317 0 4397 3257 2701 10 2267
2318 0 4409 3257 2701 6 2317
2319 0 4425 3261 2701 6.94427 2318
2320 0 4433 3269 2709 6 2319
2321 0 4437 3273 2713 6 2320
2322 0 4437 3281 2717 3.65685 2321
2323 0 4441 3285 2721 6 2322
2324 0 4449 3297 2733 6 2323
2325 0 4453 3317 2733 6.94427 2324
2326 0 4461 3333 2729 6 2325
2327 2 4333.34 3320.53 2743.62 19.3763 2266
2328 0 4345 3341 2753 9.31371 2327
2329 0 4353 3357 2761 6 2328
2330 0 4353 3373 2769 6.94427 2329
2331 0 4361 3405 2773 18 2330
2332 0 4377 3449 2769 10.6491 2331
2333 0 4385 3457 2765 6 2332
2334 0 4389 3461 2769 2 2333
2335 0 4393 3461 2769 2 2334
2336 0 4301 3301 2765 14.9706 2327
2337 0 4277 3285 2781 9.31371 2336
2338 0 4309 3245 2729 14.4924 2265
2339 0 4289 3221 2725 6.94427 2338
2340 0 4289 3201 2705 6 2339
2341 0 4281 3193 2689 6 2340
2342 0 4377 3189 2781 12.4222 2262
2343 0 4365 3185 2781 6.94427 2342
2344 0 4345 3173 2781 10 2343
2345 0 4337 3173 2773 10 2344
2346 0 4325 3169 2773 6 2345
2347 0 4477 3217 2841 12.4222 2258
2348 0 4461 3225 2841 9.31371 2347
2349 0 4441 3229 2841 10 2348
2350 0 4425 3225 2857 9.31371 2349
2351 0 4409 3217 2861 6.94427 2350
2352 0 4393 3213 2865 6.94427 2351
2353 0 4377 3209 2865 6 2352
2354 0 4357 3197 2865 6.94427 2353
2355 0 4341 3181 2877 6 2354
2356 0 4337 3181 2885 6 2355
2357 0 4329 3173 2893 6.94427 2356
2358 0 4321 3165 2901 9.31371 2357
2359 0 4317 3157 2909 6 2358
2360 0 4509 3185 2805 9.31371 2257
2361 0 4505 3181 2797 3.65685 2360
2362 0 4505 3173 2793 6 2361
2363 0 4505 3165 2797 6 2362
2364 0 4509 3161 2793 6 2363
2365 0 4509 3153 2793 3.65685 2364
2366 0 4513 3149 2793 2 2365
2367 0 4601 3123 2849 8.76142 2253
2368 0 4601 3133 2849 6 2367
2369 0 4597 3141 2849 6 2368
2370 0 4589 3149 2841 6.94427 2369
2371 0 4577 3165 2837 6 2370
2372 0 4569 3173 2837 2 2371
2373 0 4565 3173 2837 2 2372
2374 0 4613 3125 2861 6 2367
2375 0 4617 3121 2869 3.65685 2374
2376 0 4621 3117 2873 6 2375
2377 0 4625 3113 2881 6 2376
2378 0 4633 3113 2889 2 2377
2379 0 4637 3113 2893 2 2378
2380 2 4609 2982.66 2577.14 9.64502 65
2381 0 4609 2973 2581 9.31371 2380
2382 0 4621 2961 2581 6.94427 2381
2383 0 4629 2949 2581 10 2382
2384 0 4629 2937 2585 9.31371 2383
2385 0 4629 2929 2597 3.65685 2384
2386 0 4629 2925 2601 2 2385
2387 0 4629 2921 2605 3.65685 2386
2388 0 4629 2917 2605 3.65685 2387
2389 0 4625 2913 2605 2 2388
2390 0 4585 2973 2573 6 2380
2391 0 4573 2969 2577 9.31371 2390
2392 0 4565 2969 2585 6 2391
2393 0 4557 2965 2597 6 2392
2394 0 4545 2965 2601 2 2393
2395 0 4617 2961 2377 10 57
2396 0 4597 2969 2369 3.65685 2395
2397 0 4589 2977 2361 3.65685 2396
2398 0 4589 2985 2353 3.65685 2397
2399 0 4585 2997 2333 9.31371 2398
2400 0 4581 3001 2325 6 2399
2401 0 4637 2921 2313 24.8328 56
2402 0 4665 2901 2285 10 2401
2403 0 4661 2893 2257 6.94427 2402
2404 0 4661 2889 2249 6 2403
2405 0 4669 2881 2241 6.94427 2404
2406 0 4673 2877 2233 6 2405
2407 0 3897 2929 5577 2 -1
2408 0 3897 2933 5577 2 2407
2409 0 3897 2937 5577 2 2408
2410 0 3893 2941 5577 2 2409
2411 0 3901 2941 5565 2 2409
2412 0 3905 2945 5565 2 2411
2413 0 3845 3109 5909 2 -1
2414 0 3849 3109 5909 2 2413
