# Generated by NeuTu (https://github.com/janelia-flyem/NeuTu)
1 0 3824 2839 6418 2 -1
2 0 3824 2843 6422 3.65685 1
3 0 3820 2851 6426 9.31371 2
4 0 3816 2863 6426 6 3
5 0 3816 2875 6426 10 4
6 0 3812 2899 6422 9.31371 5
7 2 3816 2921 6400 14.1421 6
8 0 3816 2923 6398 14.9706 7
9 0 3820 2923 6382 10.6491 8
10 0 3816 2915 6358 6 9
11 0 3812 2903 6342 6 10
12 0 3804 2891 6326 6.94427 11
13 0 3796 2875 6318 6.94427 12
14 0 3788 2863 6306 6 13
15 0 3780 2851 6294 14.4924 14
16 0 3788 2843 6274 10 15
17 0 3808 2843 6246 18.3961 16
18 0 3892 2863 6194 62.4981 17
19 2 3895.39 2867.89 6193.25 58.31 18
20 2 3922.76 2907.43 6187.17 24.482 19
21 0 3944.76 2957.05 6197.73 32.1655 20
22 0 3968 2971 6214 51.8145 21
23 2 3993.74 2952.28 6239.74 60.1126 22
24 2 3995.18 2951.24 6241.18 60.5761 23
25 2 4000.35 2947.47 6246.35 62.245 24
26 0 4012 2939 6258 66 25
27 2 4015.93 2934.09 6263.4 61.5789 26
28 2 4035.58 2909.53 6290.42 39.4737 27
29 2 4040.86 2902.93 6297.68 33.5368 28
30 2 4061.42 2885.06 6319.42 24.4351 29
31 2 4076.67 2870.33 6334.67 22.598 30
32 2 4100.44 2842.56 6391.78 18.022 31
33 0 4116 2835 6442 21.3238 32
34 0 4136 2819 6478 18 33
35 2 4150.05 2803.82 6506.21 22.2462 34
36 0 4157.64 2756.81 6558.92 28.165 35
37 0 4180.8 2719 6660.4 18.3016 36
38 0 4172 2743 6734 23.2982 37
39 2 4167.56 2769.69 6809.64 40.0217 38
40 2 4177.38 2771 6837.45 37.7158 39
41 2 4174.09 2771 6896.94 44.8948 40
42 2 4172.61 2771 6903.37 46.2655 41
43 2 4170.81 2767.42 6912.56 45.0451 42
44 2 4166.56 2754.68 6935.93 38.7001 43
45 2 4159.72 2739.3 6957.7 34.6427 44
46 2 4148.39 2718.89 6978.11 34.0185 45
47 2 4144.75 2712.35 6984.65 33.8183 46
48 0 4122.55 2693.31 7011.93 24.7591 47
49 2 4103.87 2671.51 7036.85 23.8091 48
50 0 4064 2611 7102 21.3238 49
51 0 4040 2583 7130 20.6274 50
52 2 4032.75 2561.58 7151.42 18.9014 51
53 0 4020 2539 7190 22.3311 52
54 0 4008 2511 7222 15.8885 53
55 0 4004 2495 7258 18 54
56 0 4008 2487 7302 19.5407 55
57 0 3992.69 2462.03 7340.62 18.9031 56
58 0 3996 2435 7394 14.4924 57
59 0 4004 2435 7426 20.6274 58
60 0 4024 2443 7462 18 59
61 0 4032 2451 7494 14 60
62 0 4044 2467 7534 18 61
63 0 4052 2483 7566 18 62
64 0 4068 2507 7590 22.3311 63
65 0 4084 2531 7622 42.7214 64
66 0 4128 2571 7670 24.8328 65
67 0 4156 2595 7714 18 66
68 0 4160 2599 7762 18 67
69 2 4163.15 2599 7797.77 15.2344 68
70 0 4180 2615 7854 18 69
71 0 4204 2639 7890 21.3238 70
72 2 4239.93 2676.54 7915.54 23.4169 71
73 2 4251.54 2684.77 7924.36 24.4149 72
74 0 4296 2703 7962 23.2982 73
75 0 4324 2695 7998 12.4222 74
76 0 4340 2679 7998 6.94427 75
77 0 4348 2671 7998 9.31371 76
78 0 4360 2667 7998 6 77
79 0 4228 2691 7950 10 73
80 0 4228 2695 7970 6 79
81 0 4224 2695 7990 6 80
82 0 4220 2699 7998 2 81
83 0 4216 2699 7998 2 82
84 0 4192 2651 7930 18 72
85 0 4148 2575 7790 10.6491 69
86 0 4136 2563 7790 10.6491 85
87 0 4136 2539 7786 6 86
88 0 4016 2439 7326 6.94427 57
89 0 4032 2443 7318 9.31371 88
90 0 4044 2463 7306 6 89
91 0 4020 2555 7130 6.94427 52
92 0 4004 2539 7130 6.94427 91
93 0 3996 2527 7130 6.94427 92
94 0 3996 2511 7130 6 93
95 0 3992 2499 7130 10.6491 94
96 0 3984 2495 7138 6.94427 95
97 0 3976 2487 7142 6.94427 96
98 0 3972 2479 7146 2 97
99 0 3972 2475 7146 2 98
100 0 4080 2671 7006 10 49
101 0 4068 2667 7006 6 100
102 0 4052 2659 7010 6 101
103 0 4100 2683 6990 6.94427 48
104 0 4092 2675 6982 6 103
105 0 4088 2675 6966 6 104
106 0 4084 2679 6950 6 105
107 0 4080 2675 6934 6 106
108 0 4076 2667 6918 6.94427 107
109 0 4076 2663 6906 9.31371 108
110 0 4084 2659 6898 6.94427 109
111 0 4080 2651 6886 6 110
112 0 4076 2635 6870 6 111
113 0 4068 2631 6862 9.31371 112
114 0 4068 2631 6850 9.31371 113
115 0 4060 2631 6842 6 114
116 0 4052 2635 6834 6 115
117 0 4048 2643 6826 6.94427 116
118 0 4040 2643 6814 6 117
119 0 4032 2643 6806 6 118
120 0 4024 2643 6802 3.65685 119
121 0 4020 2639 6798 6 120
122 0 4012 2639 6794 3.65685 121
123 0 4008 2643 6790 2 122
124 0 4168 2747 6990 27.1204 47
125 0 4168 2767 7010 10 124
126 0 4160 2767 7034 6.94427 125
127 0 4160 2767 7042 3.65685 126
128 0 4156 2767 7050 6 127
129 0 4148 2767 7058 3.65685 128
130 0 4140 2763 7066 6.94427 129
131 0 4128 2767 7074 14 130
132 0 4124 2767 7090 14 131
133 0 4116 2771 7106 6 132
134 0 4112 2775 7122 6 133
135 0 4112 2783 7130 2 134
136 0 4112 2787 7130 2 135
137 0 4128 2699 6926 9.31371 46
138 0 4120 2699 6918 6.94427 137
139 2 4204.7 2780.01 6965.43 47.6431 45
140 2 4230.59 2788.65 6966 45.0599 139
141 0 4256 2795 6966 41.0813 140
142 2 4260.25 2798.72 6966 38.2219 141
143 0 4288 2823 6966 19.5407 142
144 0 4284 2847 6978 6.94427 143
145 0 4276 2855 6986 6 144
146 0 4264 2863 7002 9.31371 145
147 0 4252 2859 7022 6.94427 146
148 0 4244 2859 7030 6 147
149 0 4236 2863 7038 9.31371 148
150 0 4232 2867 7046 6.94427 149
151 0 4228 2871 7054 9.31371 150
152 0 4220 2871 7074 9.31371 151
153 0 4208 2875 7102 9.31371 152
154 0 4208 2879 7118 6.94427 153
155 0 4208 2879 7130 6 154
156 0 4216 2883 7142 6.94427 155
157 0 4232 2899 7154 6.94427 156
158 0 4236.89 2916.78 7167.78 9.31371 157
159 0 4240 2923 7174 9.31371 158
160 0 4236 2923 7186 6 159
161 0 4236 2931 7194 3.65685 160
162 0 4236 2939 7210 6.94427 161
163 0 4240 2955 7226 6 162
164 0 4240 2975 7242 6 163
165 0 4244 2987 7246 6.94427 164
166 0 4256 2999 7258 6.94427 165
167 0 4264 3019 7274 10 166
168 0 4280 3039 7282 9.31371 167
169 0 4284 3043 7274 6 168
170 0 4288 3043 7254 6 169
171 0 4284 3043 7246 6 170
172 0 4276 3059 7222 12.4222 171
173 0 4272 3063 7210 10 172
174 2 4276.32 3042.68 7304.11 9.31371 168
175 0 4264 3043 7318 6 174
176 0 4252 3035 7330 6.94427 175
177 0 4248 3035 7338 6 176
178 0 4284 3059 7310 3.65685 174
179 0 4284 3063 7314 3.65685 178
180 0 4284 3063 7322 6 179
181 0 4276 3059 7334 6 180
182 0 4252 2931 7162 6.94427 158
183 0 4264 2939 7150 6.94427 182
184 0 4268 2939 7138 6.94427 183
185 0 4260 2947 7122 10.6491 184
186 0 4256 2951 7110 6 185
187 0 4252 2955 7094 6 186
188 0 4248 2967 7082 6 187
189 0 4312 2843 6962 9.31371 143
190 0 4324 2863 6962 9.31371 189
191 0 4332 2867 6954 6 190
192 0 4340 2875 6946 6 191
193 0 4344 2879 6938 6 192
194 0 4316 2815 6926 12.4222 142
195 0 4332 2815 6918 10 194
196 0 4344 2815 6910 12.4222 195
197 0 4356 2819 6898 9.31371 196
198 0 4356 2823 6886 2 197
199 0 4356 2823 6882 3.65685 198
200 0 4360 2823 6874 3.65685 199
201 0 4360 2827 6866 6 200
202 0 4356 2827 6854 3.65685 201
203 0 4352 2827 6846 6 202
204 0 4348 2827 6834 6 203
205 0 4344 2831 6830 6 204
206 0 4344 2831 6822 6 205
207 0 4340 2839 6810 6.94427 206
208 0 4336 2851 6794 3.65685 207
209 0 4336 2855 6790 3.65685 208
210 0 4336 2859 6782 6 209
211 0 4336 2859 6766 6 210
212 0 4328 2863 6754 6 211
213 0 4324 2871 6742 6.94427 212
214 0 4320 2875 6734 6 213
215 0 4376 2807 6926 9.31371 196
216 0 4392 2795 6942 2 215
217 0 4392 2791 6942 2 216
218 0 4300 2771 7006 12.4222 141
219 0 4320 2767 7006 6 218
220 0 4332 2767 7006 6 219
221 0 4344 2771 7010 12.4222 220
222 0 4344 2787 7010 6 221
223 0 4344 2807 7006 10.6491 222
224 0 4344 2819 6994 15.8885 223
225 0 4340 2823 6978 12.4222 224
226 0 4356 2763 7022 6.94427 221
227 0 4368 2755 7034 6.94427 226
228 0 4376 2747 7042 6 227
229 0 4380 2743 7046 6 228
230 0 4380 2743 7058 6 229
231 0 4260 2775 7014 39.7612 140
232 0 4272 2763 7066 6.94427 231
233 0 4272 2759 7074 6 232
234 0 4264 2739 7094 14.9706 233
235 0 4260 2731 7122 10 234
236 0 4252 2723 7130 6.94427 235
237 0 4240 2707 7154 10.6491 236
238 0 4232 2707 7178 6 237
239 0 4224 2703 7186 2 238
240 2 4169.39 2826.65 6952.14 22.4713 139
241 0 4164 2835 6950 18.3961 240
242 0 4144 2847 6942 6.94427 241
243 0 4140 2855 6938 6.94427 242
244 0 4132 2863 6930 3.65685 243
245 0 4124 2867 6922 6 244
246 0 4120 2871 6918 6 245
247 0 4112 2871 6918 6 246
248 0 4100 2891 6926 9.31371 247
249 0 4088 2907 6938 3.65685 248
250 0 4084 2911 6938 3.65685 249
251 0 4076 2919 6938 6 250
252 0 4076 2931 6930 2 251
253 0 4132 2827 6962 9.31371 241
254 0 4116 2827 6954 6.94427 253
255 0 4100 2835 6950 6 254
256 0 4080 2835 6946 6.94427 255
257 0 4072 2839 6942 2 256
258 0 4068 2839 6942 2 257
259 0 4184 2863 6970 14 240
260 0 4196 2875 6982 6 259
261 0 4200 2879 6986 3.65685 260
262 0 4204 2879 6986 3.65685 261
263 0 4208 2879 6986 2 262
264 0 4232 2799 6902 39.1825 44
265 0 4260 2827 6886 6.94427 264
266 0 4268 2835 6882 6 265
267 0 4272 2847 6882 6 266
268 0 4272 2855 6882 6 267
269 0 4284 2879 6882 12.4222 268
270 0 4300 2895 6866 6.94427 269
271 0 4316 2907 6854 6 270
272 0 4324 2915 6850 6 271
273 0 4324 2923 6850 6 272
274 0 4332 2931 6842 6 273
275 0 4340 2939 6830 9.31371 274
276 0 4348 2947 6822 9.31371 275
277 0 4352 2959 6822 6.94427 276
278 0 4356 2967 6814 10 277
279 0 4352 2983 6814 2 278
280 0 4260 2779 6874 6.94427 264
281 0 4280 2779 6874 6 280
282 0 4296 2767 6874 6 281
283 0 4308 2759 6878 6.94427 282
284 0 4312 2751 6890 6 283
285 0 4320 2743 6894 6.94427 284
286 0 4320 2727 6910 6.94427 285
287 0 4320 2715 6926 6 286
288 0 4320 2707 6934 6 287
289 0 4316 2703 6938 3.65685 288
290 0 4312 2699 6942 3.65685 289
291 0 4308 2695 6942 2 290
292 2 4146.81 2720.87 6845.48 31.4874 43
293 0 4120 2707 6814 9.31371 292
294 0 4108 2707 6802 6.94427 293
295 0 4108 2707 6794 3.65685 294
296 0 4108 2707 6786 3.65685 295
297 0 4104 2703 6782 6 296
298 0 4092 2703 6770 6.94427 297
299 0 4076 2691 6742 18 298
300 0 4068 2703 6710 9.31371 299
301 0 4120 2699 6858 14 292
302 0 4104 2691 6870 10 301
303 0 4084 2687 6866 3.65685 302
304 0 4080 2687 6862 2 303
305 0 4112 2715 6898 9.31371 42
306 0 4100 2703 6902 6.94427 305
307 0 4084 2699 6902 10 306
308 0 4064 2707 6890 12.4222 307
309 0 4056 2731 6882 10 308
310 0 4056 2739 6874 6 309
311 0 4060 2743 6866 6 310
312 0 4056 2763 6850 9.31371 311
313 0 4064 2771 6842 6 312
314 2 4111.3 2767.2 6878.94 11.0878 41
315 0 4108 2775 6866 6.94427 314
316 0 4108 2783 6854 6.94427 315
317 0 4104 2787 6838 6.94427 316
318 0 4096 2783 6830 3.65685 317
319 0 4092 2787 6830 2 318
320 0 4100 2735 6870 6 314
321 0 4096 2727 6862 6 320
322 0 4092 2719 6862 2 321
323 0 4092 2715 6862 2 322
324 0 4218.79 2792.7 6775.21 19.2084 40
325 0 4228 2799 6750 6 324
326 0 4228 2799 6742 6 325
327 0 4224 2803 6738 6 326
328 0 4228 2807 6734 3.65685 327
329 0 4236 2815 6730 9.31371 328
330 0 4248 2831 6722 6.94427 329
331 0 4260 2843 6722 9.31371 330
332 0 4260 2855 6714 6.94427 331
333 0 4252 2863 6710 6.94427 332
334 0 4252 2875 6706 10.6491 333
335 0 4252 2899 6706 6 334
336 0 4256 2915 6706 6.94427 335
337 0 4256 2935 6710 6 336
338 0 4240 2807 6786 15.8885 324
339 0 4248 2835 6790 6.94427 338
340 0 4248 2847 6790 6.94427 339
341 0 4248 2855 6786 2 340
342 0 4248 2859 6786 2 341
343 0 4164 2799 6774 30 39
344 0 4136 2823 6742 6 343
345 0 4128 2827 6730 6.94427 344
346 2 4125.33 2832.33 6712.67 10.4327 345
347 2 4124.44 2834.11 6710.89 10.577 346
348 0 4120 2847 6702 14 347
349 0 4104 2867 6702 6 348
350 0 4080.79 2884.61 6696.39 7.8953 349
351 0 4064 2891 6682 6.94427 350
352 0 4048 2891 6674 6 351
353 0 4040 2891 6666 9.31371 352
354 0 4036 2891 6654 6 353
355 0 4036 2899 6638 6 354
356 0 4032 2907 6630 6 355
357 0 4028 2915 6614 6 356
358 0 4032 2919 6610 6 357
359 0 4032 2923 6594 6 358
360 0 4040 2927 6586 6 359
361 0 4040 2923 6578 6 360
362 0 4080 2891 6714 6 350
363 0 4080 2887 6722 2 362
364 0 4084 2887 6730 6 363
365 0 4116 2847 6722 6 347
366 0 4108 2851 6726 3.65685 365
367 0 4100 2855 6726 6.94427 366
368 0 4084 2867 6734 6.94427 367
369 0 4076 2867 6734 6 368
370 0 4068 2879 6738 6.94427 369
371 0 4052 2895 6738 6.94427 370
372 0 4044 2899 6734 6 371
373 0 4036 2895 6726 3.65685 372
374 0 4036 2895 6722 2 373
375 0 4128 2815 6690 6.94427 346
376 0 4132 2791 6678 12.4222 375
377 0 4128 2759 6662 6 376
378 0 4176 2675 6662 10 37
379 0 4180 2659 6666 6 378
380 0 4188 2639 6666 6.94427 379
381 0 4188 2623 6666 6 380
382 0 4172 2611 6662 6 381
383 0 4164 2607 6650 6.94427 382
384 0 4164 2607 6634 6.94427 383
385 0 4164 2607 6618 6 384
386 0 4124 2719 6562 10 36
387 0 4116 2707 6570 6 386
388 0 4120 2703 6586 6.94427 387
389 0 4120 2703 6598 9.31371 388
390 0 4120 2691 6610 6 389
391 0 4120 2679 6622 6.94427 390
392 0 4120 2675 6638 3.65685 391
393 0 4116 2675 6646 6 392
394 0 4120 2679 6650 3.65685 393
395 0 4124 2679 6650 2 394
396 0 4176 2827 6514 10 35
397 0 4194.4 2840.2 6518 9.31371 396
398 0 4228 2847 6518 9.31371 397
399 2 4260.73 2851.73 6493.48 31.7305 398
400 2 4261.95 2852.95 6491.28 32.373 399
401 0 4276 2867 6466 39.7612 400
402 0 4292 2871 6390 29.241 401
403 2 4292 2899.62 6349.08 23.9992 402
404 0 4300 2907 6314 9.31371 403
405 0 4312 2903 6298 10 404
406 2 4322.79 2904.7 6279.21 11.67 405
407 0 4344 2911 6258 12.4222 406
408 0 4352 2919 6242 19.5407 407
409 0 4356 2935 6226 14 408
410 0 4356 2947 6218 6 409
411 0 4356 2955 6210 6 410
412 0 4356 2955 6202 6 411
413 0 4372 2959 6186 6 412
414 0 4376 2963 6182 3.65685 413
415 0 4376 2963 6174 6 414
416 0 4380 2979 6154 10 415
417 0 4384 2975 6130 6.94427 416
418 0 4392 2967 6118 6.94427 417
419 0 4400 2959 6106 6 418
420 0 4404 2943 6094 6 419
421 0 4404 2927 6094 6 420
422 0 4408 2923 6090 6 421
423 0 4408 2915 6090 6 422
424 0 4412 2911 6086 6 423
425 0 4324 2883 6270 6.94427 406
426 0 4332 2875 6270 3.65685 425
427 0 4336 2867 6270 6 426
428 0 4348 2851 6282 9.31371 427
429 0 4360 2835 6286 6.94427 428
430 0 4368 2827 6286 9.31371 429
431 0 4372 2815 6290 6.94427 430
432 0 4372 2807 6290 2 431
433 0 4372 2803 6290 2 432
434 0 4248 2915 6342 12.4222 403
435 0 4236 2923 6334 6 434
436 2 4336.91 2848.64 6471.64 16.7472 401
437 0 4356 2863 6482 9.31371 436
438 0 4364 2871 6490 9.31371 437
439 0 4364 2871 6514 6.94427 438
440 0 4356 2875 6526 6.94427 439
441 0 4364 2827 6454 6.94427 436
442 0 4372 2811 6450 10 441
443 0 4372 2799 6446 10 442
444 0 4316 2823 6514 10.6491 400
445 2 4323.33 2815.67 6521.33 9.42499 444
446 0 4332 2807 6526 6.94427 445
447 0 4348 2803 6526 6 446
448 0 4364 2791 6542 6.94427 447
449 0 4376 2783 6550 9.31371 448
450 0 4392 2771 6558 9.31371 449
451 0 4408 2767 6570 6 450
452 0 4416 2767 6570 6 451
453 0 4308 2827 6542 6.94427 445
454 0 4296 2827 6550 6.94427 453
455 0 4288 2831 6554 6 454
456 0 4232 2839 6466 12.4222 399
457 0 4212 2831 6442 6 456
458 0 4192 2851 6534 6.94427 397
459 0 4188 2855 6542 6 458
460 0 4180 2855 6550 9.31371 459
461 0 4168 2851 6562 3.65685 460
462 0 4160 2847 6578 9.31371 461
463 0 4156 2843 6590 12.4222 462
464 0 4168 2847 6610 6 463
465 0 4172 2847 6626 6 464
466 0 4084 2815 6374 10 32
467 0 4076 2791 6374 6 466
468 0 4072 2775 6374 6 467
469 0 4068 2759 6378 6 468
470 0 4068 2743 6378 6 469
471 0 4072 2731 6382 9.31371 470
472 0 4068 2723 6386 6 471
473 0 4064 2707 6390 6.94427 472
474 0 4060 2699 6398 6 473
475 0 4060 2687 6402 9.31371 474
476 0 4060 2675 6406 6 475
477 0 4048 2659 6418 6.94427 476
478 0 4024 2663 6430 6 477
479 0 4008 2663 6434 6 478
480 0 3992 2671 6446 6 479
481 0 3980 2671 6454 9.31371 480
482 0 3972 2667 6458 3.65685 481
483 0 3964 2659 6462 9.31371 482
484 0 3952 2659 6462 10 483
485 0 3940 2663 6454 3.65685 484
486 0 3932 2663 6450 6 485
487 0 3920 2663 6434 6 486
488 0 3916 2663 6418 6 487
489 0 3916 2651 6402 6 488
490 0 3920 2643 6394 9.31371 489
491 0 3932 2631 6382 6.94427 490
492 0 3936 2627 6366 6.94427 491
493 0 4088 2863 6302 10.6491 31
494 0 4104 2855 6290 6 493
495 0 4112 2851 6286 6 494
496 0 4120 2851 6278 10.6491 495
497 0 4124 2859 6266 9.31371 496
498 0 4040 2911 6342 6 30
499 0 4048 2907 6350 6 498
500 0 4060 2899 6358 6 499
501 0 4064 2895 6362 2 500
502 0 4068 2895 6366 2 501
503 0 4080 2919 6270 15.8885 29
504 0 4116 2911 6270 14.9706 503
505 0 4132 2907 6270 14.4924 504
506 0 4144 2919 6270 10 505
507 0 4144 2931 6274 6 506
508 0 4140 2939 6282 3.65685 507
509 0 4140 2939 6290 6 508
510 0 4140 2947 6302 6.94427 509
511 0 4140 2947 6318 6 510
512 0 4000 2907 6338 6 28
513 0 4000 2907 6350 6 512
514 0 4000 2903 6362 10 513
515 0 4000 2919 6378 6.94427 514
516 0 3992 2939 6378 6 515
517 0 3980 2955 6382 6.94427 516
518 0 3968 2963 6390 9.31371 517
519 0 3964 2975 6406 9.31371 518
520 0 3960 2975 6418 3.65685 519
521 0 3960 2975 6426 3.65685 520
522 0 3960 2975 6430 3.65685 521
523 0 3956 2979 6434 6 522
524 0 3956 2979 6442 6 523
525 0 3956 2971 6450 3.65685 524
526 0 3956 2963 6458 6.94427 525
527 0 3964 2947 6466 9.31371 526
528 0 3968 2943 6482 9.31371 527
529 0 3968 2939 6494 6 528
530 0 3972 2931 6510 6 529
531 0 3972 2931 6518 3.65685 530
532 0 3972 2931 6526 6 531
533 0 3972 2931 6534 3.65685 532
534 0 3972 2927 6546 6 533
535 0 3976 2927 6562 6.94427 534
536 0 3968 2919 6570 9.31371 535
537 0 3956 2919 6582 6.94427 536
538 0 3952 2911 6586 3.65685 537
539 0 3952 2907 6586 2 538
540 0 3984 2967 6370 10 517
541 0 3984 2979 6370 10 540
542 0 3996 2991 6386 6.94427 541
543 0 4004 2995 6390 3.65685 542
544 0 4008 2999 6394 6 543
545 0 4016 3003 6398 6 544
546 0 3996 2879 6370 6 514
547 0 3992 2867 6378 6 546
548 0 3984 2855 6390 6.94427 547
549 0 3980 2855 6410 6 548
550 0 3980 2867 6426 6 549
551 0 3988 2875 6430 6.94427 550
552 0 4012 2879 6438 12.4222 551
553 0 4016 2891 6438 6.94427 552
554 0 3972 2975 6298 3.65685 27
555 0 3972 2975 6306 6 554
556 0 3964 2983 6318 14 555
557 0 3952 2987 6338 18 556
558 0 3928 2983 6358 6 557
559 0 3912 2987 6374 6.94427 558
560 0 3896 2999 6390 6.94427 559
561 0 3870.46 3018.69 6398 13.2718 560
562 0 3852 3023 6394 6 561
563 0 3844 3027 6386 6.94427 562
564 0 3832 3047 6374 6.94427 563
565 0 3832 3055 6374 6 564
566 0 3828 3067 6374 10 565
567 0 3832 3083 6358 6.94427 566
568 0 3848 3027 6430 6 561
569 0 3844 3027 6438 3.65685 568
570 0 3840 3027 6442 3.65685 569
571 0 3836 3023 6446 2 570
572 0 3836 3023 6450 2 571
573 0 4072 2971 6254 10 27
574 0 4084 2979 6254 6 573
575 0 4096 2991 6262 6.94427 574
576 0 4104 2987 6266 6 575
577 0 4012 2883 6202 31.9411 26
578 0 3988 2847 6186 18 577
579 0 3956 2827 6178 35.9473 578
580 0 3980 2799 6162 10 579
581 0 3992 2791 6158 6.94427 580
582 0 4004 2779 6142 6 581
583 0 4008 2779 6130 9.31371 582
584 0 4016 2775 6118 6.94427 583
585 0 4024 2767 6102 10 584
586 0 4024 2747 6110 9.31371 585
587 0 4020 2723 6130 10.6491 586
588 2 4006 2705 6140 7.53663 587
589 0 3984 2691 6146 6.94427 588
590 0 3972 2675 6158 6 589
591 0 3968 2667 6166 9.31371 590
592 0 3972 2659 6174 9.31371 591
593 0 3976 2659 6186 3.65685 592
594 0 3976 2659 6190 3.65685 593
595 0 3976 2659 6198 6 594
596 0 4000 2695 6126 6 588
597 0 3992 2683 6114 3.65685 596
598 0 3988 2679 6110 6 597
599 0 3988 2679 6102 3.65685 598
600 0 3984 2675 6098 6 599
601 0 3976 2675 6086 2 600
602 0 3976 2675 6082 2 601
603 0 3932 2823 6230 24.8328 579
604 0 3960 2803 6254 14 603
605 0 3988 2799 6238 6 604
606 0 3996 2787 6222 6 605
607 0 4004 2775 6210 9.31371 606
608 0 4004 2763 6194 6 607
609 0 4048 2915 6170 10.6491 25
610 0 4064 2927 6154 9.31371 609
611 0 4080 2943 6134 12.4222 610
612 0 4100 2947 6126 10.6491 611
613 0 4120 2955 6110 23.6125 612
614 0 4104 2987 6082 12.4222 613
615 0 4100 3003 6066 14 614
616 0 4088 3019 6054 10.6491 615
617 0 4076 3031 6046 12.4222 616
618 0 4060 3047 6026 6.94427 617
619 0 4048 3063 6010 9.31371 618
620 0 4020 3087 5990 20.6274 619
621 0 4004 3103 5986 15.8885 620
622 0 3976 3103 5986 6 621
623 0 3968 3099 5990 2 622
624 0 3968 3095 5990 2 623
625 2 4043.25 2994.7 6201.88 21.8289 24
626 0 4076 3027 6182 3.65685 625
627 0 4084 3031 6174 9.31371 626
628 0 4088 3043 6166 6.94427 627
629 0 4100 3051 6158 6 628
630 0 4112 3055 6150 9.31371 629
631 0 4124 3043 6134 3.65685 630
632 0 4128 3039 6130 6 631
633 0 4140 3035 6118 6.94427 632
634 0 4148 3035 6110 9.31371 633
635 0 4156 3039 6102 6.94427 634
636 0 4168 3043 6102 6 635
637 0 4180 3047 6094 9.31371 636
638 0 4180 3047 6082 6 637
639 0 4196 3051 6062 6.94427 638
640 0 4200 3055 6046 6 639
641 0 4204 3063 6038 6 640
642 0 4212 3071 6030 6 641
643 0 4220 3075 6022 6 642
644 0 4228 3083 6018 6 643
645 0 4236 3087 6010 9.31371 644
646 0 4256 3103 5994 6.94427 645
647 0 4256 3111 5978 6 646
648 0 4204 3055 6026 3.65685 641
649 0 4204 3047 6018 6.94427 648
650 0 4208 3043 6010 3.65685 649
651 0 4208 3039 6002 6 650
652 0 4068 3015 6222 9.31371 625
653 0 4088 3023 6226 10 652
654 0 4092 3015 6238 3.65685 653
655 0 4088 3011 6242 6 654
656 0 4092 3003 6246 6 655
657 0 4032 3023 6226 9.31371 23
658 0 4028 3035 6226 6 657
659 0 4028 3051 6230 6 658
660 0 4028 3063 6246 6 659
661 0 4036 3067 6262 6.94427 660
662 0 4040 3067 6274 9.31371 661
663 0 4048 3067 6290 6 662
664 0 4064 3075 6306 6 663
665 0 4072 3075 6318 6.94427 664
666 0 4080 3071 6338 6.94427 665
667 0 4084 3071 6346 6 666
668 0 3916 3019 6202 6.94427 22
669 0 3904 3023 6190 6 668
670 0 3900 3031 6182 9.31371 669
671 0 3900 3027 6170 6 670
672 0 3900 3023 6154 6 671
673 0 3900 3023 6146 6 672
674 0 3896 3019 6138 9.31371 673
675 0 3896 3015 6114 9.31371 674
676 0 3892 3023 6102 6 675
677 0 3888 3031 6094 6 676
678 0 3884 3035 6090 6 677
679 0 3884 3047 6086 6.94427 678
680 0 3892 3055 6078 10.6491 679
681 0 3900 3063 6070 10 680
682 0 3944 3007 6158 18 21
683 0 3948 2999 6138 14.4924 682
684 0 3944 2991 6126 6.94427 683
685 0 3940 2987 6118 6 684
686 0 3904 2899 6122 23.2982 20
687 0 3876 2899 6086 10 686
688 0 3864 2891 6066 3.65685 687
689 0 3860 2887 6062 6 688
690 0 3856 2887 6046 6 689
691 0 3856 2883 6038 6 690
692 0 3852 2875 6030 2 691
693 0 3852 2875 6026 2 692
694 0 3948 2843 6118 9.31371 19
695 0 3944 2851 6098 9.31371 694
696 0 3940 2859 6090 9.31371 695
697 0 3936 2867 6074 3.65685 696
698 0 3932 2871 6070 6 697
699 0 3936 2867 6054 6.94427 698
700 0 3940 2855 6042 14.4924 699
701 0 3936 2851 6026 14.4924 700
702 0 3808 2811 6142 19.5407 18
703 0 3796 2791 6122 10 702
704 0 3780 2771 6102 12.4222 703
705 0 3768 2747 6078 14 704
706 0 3768 2751 6062 6.94427 705
707 0 3780 2759 6050 6 706
708 0 3796 2771 6046 9.31371 707
709 0 3804 2775 6050 6 708
710 0 3888 2803 6118 6.94427 18
711 0 3892 2791 6106 9.31371 710
712 0 3884 2795 6086 3.65685 711
713 0 3880 2791 6082 2 712
714 0 3756 2847 6322 10 15
715 0 3744 2851 6350 10.6491 714
716 0 3736 2847 6370 18 715
717 0 3720 2823 6394 6.94427 716
718 2 3720 2812.05 6404.95 13.8318 717
719 0 3704 2815 6426 10 718
720 0 3692 2815 6434 9.31371 719
721 0 3696 2807 6442 3.65685 720
722 0 3696 2803 6446 3.65685 721
723 0 3696 2799 6446 2 722
724 0 3728 2791 6378 10 718
725 0 3724 2783 6366 6.94427 724
726 0 3716 2779 6366 6 725
727 0 3712 2775 6370 2 726
728 0 3712 2771 6370 2 727
729 0 3836 2943 6382 9.31371 9
730 0 3856 2955 6386 6 729
731 0 3876 2967 6386 6.94427 730
732 0 3884 2975 6386 3.65685 731
733 0 3888 2979 6386 2 732
734 0 3888 2983 6386 2 733
735 0 3836 2935 6410 9.31371 8
736 0 3856 2943 6430 9.31371 735
737 0 3856 2947 6442 6 736
738 0 3860 2955 6450 6 737
739 0 3856 2959 6454 6 738
740 0 3788 2911 6402 10.6491 7
741 0 3772 2907 6414 6 740
742 0 3760 2907 6426 6 741
743 0 3752 2907 6426 6.94427 742
744 0 3744 2907 6434 6 743
