# Generated by NeuTu (https://github.com/janelia-flyem/NeuTu)
1 0 3436 2857 2275 2 -1
2 0 3436 2861 2287 6.94427 1
3 0 3432 2861 2303 6 2
4 0 3428 2861 2319 6 3
5 0 3428 2861 2327 2 4
6 0 3428 2861 2331 2 5
7 0 3428 2861 2335 2 6
8 0 3428 2861 2339 2 7
9 0 3428 2861 2343 2 8
10 0 3428 2861 2347 3.65685 9
11 0 3424 2857 2351 3.65685 10
12 0 3420 2857 2359 3.65685 11
13 0 3420 2857 2367 3.65685 12
14 0 3416 2857 2371 3.65685 13
15 0 3416 2853 2379 3.65685 14
16 0 3420 2849 2391 6 15
17 0 3420 2845 2403 6 16
18 0 3420 2841 2419 6 17
19 0 3416 2837 2435 6 18
20 0 3408 2837 2443 6 19
