# Generated by NeuTu (https://github.com/janelia-flyem/NeuTu)
1 0 3440 2843 6429 10 -1
2 0 3448 2859 6441 6 1
3 0 3448 2875 6441 6 2
4 0 3452 2891 6445 6 3
5 0 3444 2911 6445 6.94427 4
6 0 3444 2927 6441 14.4924 5
7 0 3452 2939 6429 9.31371 6
8 0 3464 2943 6409 6 7
9 0 3468 2943 6401 3.65685 8
10 0 3472 2943 6393 6 9
11 0 3476 2947 6389 6 10
12 0 3476 2955 6389 6 11
13 0 3480 2963 6381 6 12
14 0 3488 2971 6373 6 13
15 0 3492 2975 6355 6 14
16 0 3492 2975 6349 6 15
17 0 3492 2983 6341 6 16
18 0 3492 2963 6353 6 15
19 0 3492 2951 6357 6 18
20 0 3484 2943 6369 6 19
