# Generated by NeuTu (https://github.com/janelia-flyem/NeuTu)
1 0 3866 2833 6705 2 -1
2 0 3866 2829 6701 2 1
3 0 3862 2821 6697 6 2
4 0 3858 2805 6685 9.31371 3
5 0 3854 2801 6677 6 4
6 0 3850 2797 6661 6 5
7 0 3846 2793 6657 3.65685 6
8 0 3842 2789 6649 6.94427 7
9 0 3842 2789 6633 6.94427 8
10 0 3842 2793 6617 6.94427 9
11 0 3846 2801 6609 6 10
12 0 3846 2809 6589 9.31371 11
13 0 3842 2817 6581 10 12
14 0 3830 2817 6577 6.94427 13
15 0 3818 2821 6577 10 14
16 0 3798 2813 6589 6.94427 15
17 0 3782 2801 6605 6.94427 16
18 0 3778 2785 6621 3.65685 17
19 0 3778 2785 6625 3.65685 18
20 0 3774 2781 6629 2 19
21 0 3774 2781 6633 3.65685 20
22 0 3770 2781 6641 3.65685 21
23 0 3770 2781 6645 3.65685 22
24 0 3766 2777 6649 6 23
25 0 3754 2781 6665 6.94427 24
26 0 3746 2789 6677 10 25
27 0 3726 2777 6681 6.94427 26
28 0 3714 2769 6681 6 27
29 0 3698 2761 6681 6.94427 28
30 0 3690 2753 6681 6.94427 29
31 0 3682 2741 6681 2 30
32 0 3750 2801 6693 6.94427 26
33 0 3750 2805 6701 6.94427 32
34 0 3750 2801 6725 9.31371 33
35 2 3853.31 2817 6569.69 8.27142 13
36 0 3874 2817 6549 6 35
37 0 3886 2821 6529 10 36
38 0 3890 2821 6517 6 37
39 0 3890 2821 6505 6 38
40 0 3886 2825 6497 6 39
41 0 3882 2829 6489 3.65685 40
42 0 3878 2833 6485 6 41
43 0 3850 2849 6581 6 35
44 0 3850 2857 6589 6 43
45 0 3850 2865 6597 3.65685 44
46 0 3850 2873 6605 3.65685 45
47 0 3850 2873 6613 3.65685 46
48 0 3850 2877 6621 3.65685 47
49 0 3850 2877 6629 6 48
50 0 3850 2885 6645 6 49
