# Generated by NeuTu (https://github.com/janelia-flyem/NeuTu)
1 0 3980 2856 6287 6 -1
2 0 3980 2864 6299 10 1
3 0 4000 2868 6319 6 2
4 0 4004 2872 6323 3.65685 3
5 0 4012 2880 6331 3.65685 4
6 0 4020 2888 6339 3.65685 5
7 0 4024 2888 6343 3.65685 6
8 0 4032 2884 6351 6.94427 7
9 0 4052 2880 6379 14.4924 8
10 0 4052 2888 6407 6 9
11 0 4052 2896 6415 6 10
12 0 4048 2904 6423 3.65685 11
13 0 4040 2908 6427 6 12
14 0 4032 2912 6431 6 13
15 0 4012 2900 6435 10.6491 14
16 0 3992 2880 6443 3.65685 15
17 0 3976 2868 6443 9.31371 16
18 0 3960 2864 6455 9.31371 17
19 0 3952 2856 6463 6.94427 18
20 0 3944 2856 6475 6 19
21 0 3928 2856 6491 6.94427 20
22 0 3908 2856 6495 6 21
23 0 3896 2852 6495 9.31371 22
24 0 3880 2836 6507 6.94427 23
25 0 3872 2828 6515 3.65685 24
26 0 3868 2828 6519 2 25
27 0 3868 2828 6523 2 26
28 0 3864 2828 6531 6 27
29 0 3856 2824 6539 6 28
30 0 3852 2820 6547 6 29
