# Generated by NeuTu (https://github.com/janelia-flyem/NeuTu)
1 0 3450 3326 6008 6 -1
2 0 3466 3330 6004 6 1
3 0 3482 3334 6004 6.94427 2
4 0 3494 3338 6016 6 3
5 0 3506 3338 6028 6.94427 4
6 0 3522 3330 6036 6 5
7 0 3538 3326 6048 6 6
8 0 3550 3322 6056 6 7
9 0 3562 3318 6068 6 8
10 0 3570 3318 6072 6 9
11 0 3578 3310 6072 3.65685 10
12 0 3586 3302 6080 6.94427 11
13 0 3598 3302 6088 6.94427 12
14 0 3610 3294 6092 6.94427 13
15 0 3622 3290 6092 6.94427 14
16 0 3634 3286 6100 2 15
17 0 3638 3286 6100 2 16
