# Generated by NeuTu (https://github.com/janelia-flyem/NeuTu)
1 0 3705 3392 6144 6 -1
2 0 3705 3392 6136 6 1
3 0 3705 3404 6120 6.94427 2
4 0 3697 3408 6112 6 3
5 0 3697 3408 6104 6.94427 4
6 0 3685 3416 6088 6.94427 5
7 0 3677 3424 6080 9.31371 6
8 0 3677 3428 6068 6 7
9 0 3681 3440 6052 6.94427 8
10 0 3689 3456 6040 6 9
11 0 3693 3464 6028 6 10
12 0 3689 3468 6020 6 11
13 0 3689 3472 6008 3.65685 12
14 0 3689 3480 6000 6 13
15 0 3693 3488 6000 3.65685 14
16 0 3701 3496 6000 3.65685 15
17 0 3705 3500 6000 2 16
