# Generated by NeuTu (https://github.com/janelia-flyem/NeuTu)
1 0 3757 3657 6278 2 -1
2 0 3753 3657 6278 2 1
3 0 3745 3661 6286 6 2
4 0 3737 3665 6294 6 3
5 0 3733 3669 6298 3.65685 4
6 0 3729 3673 6302 3.65685 5
7 0 3729 3677 6306 3.65685 6
8 0 3725 3681 6310 6 7
9 0 3713 3681 6318 6.94427 8
10 0 3705 3677 6326 6 9
11 0 3697 3677 6326 6 10
12 0 3685 3669 6334 6 11
13 0 3669 3661 6350 6 12
14 0 3661 3653 6358 6 13
15 0 3661 3649 6366 3.65685 14
16 0 3657 3645 6370 6 15
17 0 3649 3637 6378 6 16
18 0 3645 3625 6390 6.94427 17
19 0 3637 3613 6398 6.94427 18
20 0 3625 3605 6398 6.94427 19
21 0 3605 3605 6394 3.65685 20
22 0 3601 3609 6398 2 21
