# Generated by NeuTu (https://github.com/janelia-flyem/NeuTu)
1 0 3533 3444 6395 6 -1
2 0 3533 3436 6403 6 1
3 0 3537 3440 6411 6 2
4 0 3553 3440 6415 6 3
5 0 3565 3440 6407 6.94427 4
6 0 3577 3444 6411 10.6491 5
7 0 3593 3440 6419 6 6
8 0 3597 3432 6427 6 7
9 0 3597 3424 6427 6 8
10 0 3589 3416 6427 9.31371 9
11 0 3585 3404 6427 6 10
12 0 3581 3396 6423 6.94427 11
13 0 3573 3388 6427 3.65685 12
14 0 3565 3380 6427 6 13
15 0 3553 3360 6431 6.94427 14
16 0 3541 3356 6427 6.94427 15
17 0 3533 3360 6423 6.94427 16
18 0 3525 3364 6415 9.31371 17
19 0 3523.85 3358.85 6401.85 4.47335 18
20 0 3517 3352 6395 9.31371 19
21 0 3509 3344 6391 6.94427 20
22 0 3493 3332 6383 9.31371 21
23 0 3481 3316 6375 6.94427 22
24 0 3477 3308 6367 6 23
25 0 3473 3304 6363 2 24
26 0 3469 3304 6363 2 25
27 0 3533 3356 6395 6 19
28 0 3541 3360 6395 6.94427 27
29 0 3549 3372 6387 6 28
30 0 3553 3376 6383 6 29
31 0 3529 3364 6439 3.65685 17
32 0 3529 3364 6447 3.65685 31
33 0 3529 3364 6455 6.94427 32
34 0 3521 3364 6459 3.65685 33
35 0 3517 3360 6463 2 34
