# Generated by NeuTu (https://github.com/janelia-flyem/NeuTu)
1 0 4247 1950 6505 6 -1
2 0 4255 1958 6513 9.31371 1
3 0 4263 1974 6513 10 2
4 0 4271 1994 6501 3.65685 3
5 0 4271 1998 6501 3.65685 4
6 0 4267 2006 6493 9.31371 5
7 0 4267 2014 6485 6.94427 6
8 2 4280.82 2028.55 6463.18 13.1479 7
9 0 4319 2034 6453 12.4222 8
10 2 4348.28 2036.96 6449 14.7649 9
11 0 4371 2054 6453 12.4222 10
12 0 4383 2054 6477 10 11
13 0 4387 2054 6493 6 12
14 0 4391 2054 6513 6 13
15 0 4391 2054 6521 3.65685 14
16 0 4391 2054 6525 3.65685 15
17 0 4391 2054 6533 6 16
18 0 4387 2042 6553 6.94427 17
19 0 4387 2034 6573 9.31371 18
20 0 4379 2026 6597 12.4222 19
21 0 4387 2026 6621 6.94427 20
22 0 4387 2022 6637 6.94427 21
23 0 4375 2042 6417 12.4222 11
24 0 4367 2022 6405 9.31371 23
25 0 4367 2014 6397 6 24
26 0 4363 2014 6389 6 25
27 0 4359 2018 6385 2 26
28 0 4359 2022 6385 2 27
29 0 4327 2038 6421 12.4222 10
30 0 4319 2046 6413 6 29
31 0 4319 2046 6405 6 30
32 0 4315 2050 6401 2 31
33 0 4315 2054 6401 2 32
34 0 4263 2026 6449 9.31371 8
35 0 4255 2022 6441 10.6491 34
36 0 4247 2026 6433 6.94427 35
37 0 4231 2030 6425 9.31371 36
38 0 4219 2034 6417 10 37
39 0 4207 2038 6405 6.94427 38
40 0 4199 2042 6397 3.65685 39
41 0 4195 2042 6397 2 40
