# Generated by NeuTu (https://github.com/janelia-flyem/NeuTu)
1 0 4389 2133 6386 2 -1
2 0 4389 2137 6386 2 1
3 0 4389 2125 6414 2 1
4 0 4389 2125 6418 2 3
5 0 4389 2125 6422 2 4
6 0 4389 2125 6426 2 5
7 0 4385 2121 6434 6 6
8 0 4377 2109 6454 12.4222 7
9 0 4373 2101 6466 14 8
10 0 4369 2089 6478 10.6491 9
11 0 4357 2057 6498 14.4924 10
12 0 4313 2017 6518 32.4093 11
13 0 4281 2005 6554 10 12
14 0 4269 2001 6574 10 13
15 0 4261 1989 6594 9.31371 14
16 0 4265 1981 6614 9.31371 15
17 0 4269 1977 6634 6 16
18 0 4269 1977 6642 6 17
19 0 4265 1969 6658 10.6491 18
20 0 4257 1969 6670 14 19
21 0 4233 1969 6694 9.31371 20
22 0 4213 1981 6714 10 21
23 2 4213 1988.71 6733.28 12.3356 22
24 0 4221 1985 6782 28.4631 23
25 0 4213 1981 6826 12.4222 24
26 0 4205 1977 6850 6.94427 25
27 0 4201 1973 6866 6.94427 26
28 0 4189 1957 6882 9.31371 27
29 0 4189 1941 6898 10.6491 28
30 0 4173 1921 6902 3.65685 29
31 0 4169 1917 6902 3.65685 30
32 0 4161 1909 6898 6.94427 31
33 0 4145 1897 6894 6 32
34 0 4137 1897 6894 6 33
35 0 4129 1893 6890 9.31371 34
36 0 4121 1885 6882 9.31371 35
37 0 4117 1881 6874 6 36
38 0 4109 1869 6862 6.94427 37
39 0 4093 1865 6858 6 38
40 0 4085 1857 6854 6.94427 39
41 0 4065 1853 6834 6.94427 40
42 0 4065 1853 6818 6 41
43 0 4050.94 1849.69 6795.94 9.31175 42
44 0 4041 1853 6786 6 43
45 0 4037 1853 6778 6 44
46 0 4033 1849 6774 3.65685 45
47 0 4033 1845 6770 3.65685 46
48 0 4029 1841 6766 3.65685 47
49 0 4029 1841 6762 3.65685 48
50 0 4025 1837 6758 3.65685 49
51 0 4025 1833 6754 3.65685 50
52 0 4025 1829 6750 2 51
53 0 4061 1849 6778 6 43
54 0 4057 1841 6766 6 53
55 0 4053 1837 6762 6 54
56 0 4049 1829 6754 2 55
57 0 4181 1997 6734 9.31371 23
58 0 4173 2005 6730 6 57
59 0 4165 2005 6726 3.65685 58
60 0 4161 2009 6726 2 59
61 2 4318.37 2000.89 6501.89 24.9704 12
62 0 4353 2029 6490 6.94427 61
63 0 4361 2029 6490 2 62
64 0 4369 2029 6490 6.94427 63
65 0 4377 2025 6482 10 64
66 0 4385 2029 6458 6 65
67 0 4385 2033 6450 3.65685 66
68 0 4389 2037 6446 2 67
69 0 4389 2041 6446 2 68
70 0 4333 1977 6478 12.4222 61
71 0 4345 1977 6466 10.6491 70
72 2 4357.24 1983.12 6470.08 10.3179 71
73 0 4381 1993 6478 10 72
74 0 4385 1993 6490 6 73
75 0 4385 1993 6502 6.94427 74
76 0 4389 1989 6510 6 75
77 0 4393 1981 6518 2 76
78 0 4393 1977 6518 2 77
79 0 4377 1985 6446 12.4222 72
80 0 4381 1993 6434 10 79
81 0 4385 2009 6430 6 80
82 0 4385 2017 6430 3.65685 81
83 0 4389 2021 6430 2 82
84 0 4361 1961 6446 9.31371 71
85 0 4361 1945 6418 10 84
86 0 4365 1937 6394 10 85
87 0 4377 1933 6374 10.6491 86
88 0 4377 1933 6346 10 87
89 0 4377 1933 6310 12.4222 88
90 2 4370.95 1940.26 6303.95 11.4824 89
91 0 4357 1957 6290 9.31371 90
92 0 4337 1969 6278 10 91
93 0 4325 1981 6266 14 92
94 0 4325 1997 6254 9.31371 93
95 0 4325 1997 6238 6.94427 94
96 0 4321 2005 6222 10 95
97 2 4305.26 2031.71 6179.55 26.3366 96
98 0 4321 2049 6146 23.2982 97
99 0 4313 2041 6122 12.4222 98
100 0 4321 2049 6110 3.65685 99
101 0 4325 2049 6110 3.65685 100
102 0 4329 2053 6110 2 101
103 0 4333 2053 6110 2 102
104 2 4289.15 2024.4 6179.71 20.3734 97
105 0 4257 2009 6178 10 104
106 0 4253 1989 6178 3.65685 105
107 0 4249 1985 6174 2 106
108 0 4265 2053 6162 18 104
109 0 4249 2065 6158 6.94427 108
110 0 4241 2073 6162 2 109
111 0 4241 2077 6162 2 110
112 2 4376.65 1933.41 6279.48 12.3686 90
113 0 4381 1905 6250 10 112
114 0 4381 1889 6234 10 113
115 0 4361 1885 6214 6 114
116 0 4377 1957 6266 6.94427 112
117 0 4369 1965 6258 10 116
118 0 4361 1965 6250 6 117
119 0 4381 1913 6290 10 89
120 2 4381 1899 6276 10 119
121 0 4381 1877 6286 6 120
122 0 4381 1869 6286 6 121
123 0 4381 1857 6286 10 122
124 0 4381 1889 6266 10 120
125 0 4381 1877 6262 6 124
126 0 4381 1857 6262 10 125
127 0 4353 1841 6262 18 126
128 0 4329 1869 6250 9.31371 127
129 0 4313 1881 6242 6 128
130 0 4281 1885 6238 9.31371 129
131 0 4273 1893 6238 6 130
132 0 4318.06 1818.06 6283.25 16.1748 127
133 0 4289 1817 6278 9.31371 132
134 0 4269 1801 6274 6.94427 133
135 0 4261 1793 6274 3.65685 134
136 0 4261 1789 6274 2 135
137 0 4285 1785 6314 12.4222 132
138 0 4277 1769 6318 18 137
139 0 4237 1753 6318 10 138
140 0 4225 1749 6318 6 139
141 0 4217 1749 6318 6 140
142 0 4209 1745 6314 2 141
143 0 4205 1745 6314 2 142
