# Generated by NeuTu (https://github.com/janelia-flyem/NeuTu)
1 0 4241 1745 6407 2 -1
2 0 4237 1745 6411 2 1
3 0 4233 1745 6415 2 2
4 0 4233 1745 6419 2 3
5 0 4233 1745 6423 2 4
6 0 4229 1753 6431 6 5
7 0 4225 1761 6443 6 6
8 2 4225 1764.79 6450.58 6.89443 7
9 0 4229 1769 6459 9.31371 8
10 0 4225 1785 6475 6.94427 9
11 0 4213 1805 6491 6.94427 10
12 0 4201 1813 6491 2 11
13 0 4197 1813 6491 3.65685 12
14 0 4193 1813 6495 2 13
15 0 4205 1757 6443 10 8
16 0 4201 1765 6435 6 15
17 0 4197 1773 6427 6 16
