# Generated by NeuTu (https://github.com/janelia-flyem/NeuTu)
1 0 4108 2109 6059 2 -1
2 0 4104 2105 6059 3.65685 1
3 0 4096 2097 6059 6 2
4 0 4088 2077 6047 10 3
5 0 4084 2061 6047 15.8885 4
6 0 4100 2041 6059 9.31371 5
7 0 4112 2025 6067 6 6
8 0 4116 2009 6079 9.31371 7
9 0 4124 2009 6103 9.31371 8
10 0 4120 2005 6115 6 9
11 0 4124 2001 6119 6 10
12 0 4112 1993 6135 6 11
13 0 4104 1989 6143 6 12
14 0 4096 1981 6151 6 13
15 0 4088 1973 6159 6.94427 14
16 0 4072 1961 6175 6.94427 15
17 0 4056 1949 6187 6 16
18 0 4044 1949 6195 6 17
19 0 4028 1969 6195 6 18
20 0 4028 1977 6195 2 19
21 0 4028 1981 6195 2 20
