# Generated by NeuTu (https://github.com/janelia-flyem/NeuTu)
1 0 4111 1801 6410 6.94427 -1
2 0 4103 1801 6402 6 1
3 0 4095 1805 6402 6 2
4 0 4087 1801 6394 6 3
5 0 4079 1801 6386 6 4
6 0 4067 1797 6374 9.31371 5
7 0 4047 1797 6350 9.31371 6
8 0 4035 1789 6338 6 7
9 0 4023 1785 6338 6 8
10 0 4011 1777 6342 6 9
11 0 4003 1777 6342 6 10
12 0 3999 1773 6338 6 11
13 0 3983 1773 6338 6 12
14 0 3963 1773 6330 9.31371 13
15 0 3951 1781 6318 6.94427 14
16 0 3943 1785 6302 6.94427 15
17 0 3935 1793 6294 6 16
18 0 3931 1797 6286 3.65685 17
19 0 3931 1801 6278 6 18
20 0 3923 1809 6266 6 19
21 0 3919 1821 6262 6.94427 20
22 0 3911 1833 6258 6.94427 21
23 0 3899 1845 6254 6 22
