# Generated by NeuTu (https://github.com/janelia-flyem/NeuTu)
1 0 4171 2179 6372 2 -1
2 0 4167 2179 6372 2 1
3 0 4159 2183 6372 6 2
4 0 4131 2183 6364 12.4222 3
5 0 4107 2175 6356 6 4
6 0 4099 2175 6356 6.94427 5
7 2 4083.44 2159.44 6348.22 9.31371 6
8 0 4059 2147 6348 6 7
9 0 4043 2135 6336 6.94427 8
10 0 4027 2131 6332 9.31371 9
11 0 4011 2123 6320 9.31371 10
12 0 3999 2123 6308 6 11
13 0 3987 2123 6308 2 12
14 0 4099 2155 6336 6 7
15 0 4115 2163 6328 6 14
16 0 4131 2163 6320 6 15
17 0 4139 2163 6312 6 16
18 0 4147 2159 6308 9.31371 17
19 0 4159 2155 6304 2 18
20 0 4163 2155 6304 2 19
