# Generated by NeuTu (https://github.com/janelia-flyem/NeuTu)
1 0 3883 2497 6744 2 -1
2 0 3883 2497 6740 2 1
3 0 3883 2497 6736 2 2
4 0 3887 2493 6728 6 3
5 0 3887 2493 6720 6 4
6 0 3903 2481 6704 9.31371 5
7 0 3911 2481 6696 10.6491 6
8 2 3958.98 2478.82 6688 32.594 7
9 2 3979.34 2476.9 6687.9 41.8097 8
10 2 3981.03 2476.39 6687.39 40.858 9
11 2 4001.2 2470.34 6681.34 29.5332 10
12 0 4039 2465 6672 12.4222 11
13 0 4059 2481 6652 12.4222 12
14 0 4079 2497 6632 12.4222 13
15 0 4091 2509 6616 18 14
16 0 4099 2521 6600 14 15
17 0 4167 2545 6560 50 16
18 2 4176.94 2542.51 6556.69 45.0885 17
19 2 4202.64 2536.09 6548.12 32.3886 18
20 0 4243 2537 6548 18 19
21 0 4281.67 2541 6562.67 14.2736 20
22 0 4295 2537 6580 12.4222 21
23 0 4319 2537 6608 18 22
24 2 4329.58 2544.05 6625.63 16.1386 23
25 0 4339 2561 6644 18 24
26 2 4351 2569 6664 11.0527 25
27 0 4351 2569 6676 6.94427 26
28 0 4347 2573 6692 6.94427 27
29 0 4335 2577 6716 9.31371 28
30 0 4335 2585 6724 6.94427 29
31 0 4335 2605 6720 6 30
32 0 4331 2621 6716 6 31
33 0 4335 2633 6712 6 32
34 0 4339 2645 6712 9.31371 33
35 0 4359 2661 6712 6.94427 34
36 0 4371 2669 6712 9.31371 35
37 0 4383 2681 6712 6.94427 36
38 0 4391 2689 6712 3.65685 37
39 0 4391 2693 6712 2 38
40 0 4391 2705 6712 6 39
41 0 4391 2721 6724 6 40
42 0 4319 2577 6740 10 30
43 0 4319 2573 6752 10.6491 42
44 0 4311 2573 6764 3.65685 43
45 0 4303 2565 6772 6.94427 44
46 0 4287 2553 6776 9.31371 45
47 0 4279 2545 6776 9.31371 46
48 0 4271 2541 6780 3.65685 47
49 0 4267 2537 6784 2 48
50 0 4263 2537 6788 2 49
51 0 4375 2585 6660 14.9706 26
52 0 4387 2597 6668 9.31371 51
53 0 4319 2521 6632 9.31371 24
54 0 4307 2497 6640 6 53
55 0 4307 2481 6656 6 54
56 0 4319 2477 6672 6.94427 55
57 0 4327 2477 6680 3.65685 56
58 0 4331 2477 6680 2 57
59 0 4291 2529 6544 6.94427 21
60 0 4283 2517 6540 10 59
61 0 4275 2497 6544 6 60
62 0 4267 2489 6544 2 61
63 0 4263 2489 6544 2 62
64 0 4183 2485 6544 12.4222 19
65 0 4183 2473 6532 6.94427 64
66 0 4179 2453 6524 6.94427 65
67 0 4167 2425 6528 10 66
68 0 4163 2417 6536 6 67
69 0 4167 2409 6544 9.31371 68
70 0 4163 2405 6552 6 69
71 0 4159 2397 6564 6 70
72 0 4155 2385 6576 6 71
73 0 4147 2369 6584 6 72
74 0 4147 2361 6592 6 73
75 0 4199 2545 6600 14 18
76 0 4219 2545 6624 6.94427 75
77 0 4223 2549 6640 6 76
78 0 4227 2557 6652 6 77
79 0 4231 2565 6660 6 78
80 2 4167.83 2550.81 6539.26 41.8383 17
81 2 4169.67 2563.71 6493.19 23.7078 80
82 0 4171 2573 6460 10.6491 81
83 0 4171 2573 6448 10 82
84 2 4189.35 2590.53 6429.65 15.6011 83
85 0 4207 2597 6428 6.94427 84
86 0 4227 2589 6424 10 85
87 0 4255 2593 6420 10 86
88 0 4267 2609 6408 3.65685 87
89 0 4279 2617 6400 9.31371 88
90 2 4286.33 2609.67 6392.67 9.31371 89
91 0 4287 2597 6384 6 90
92 0 4291 2589 6376 9.31371 91
93 2 4291 2582 6355 9.82843 92
94 0 4283 2581 6340 6.94427 93
95 0 4275 2577 6332 6 94
96 0 4267 2569 6328 3.65685 95
97 0 4263 2565 6324 6 96
98 0 4259 2561 6320 6 97
99 0 4255 2557 6316 3.65685 98
100 0 4251 2557 6316 3.65685 99
101 0 4247 2553 6312 3.65685 100
102 0 4243 2549 6312 2 101
103 0 4299 2569 6364 6 93
104 0 4299 2549 6372 9.31371 103
105 0 4295 2541 6380 9.31371 104
106 0 4291 2533 6384 2 105
107 0 4291 2529 6384 2 106
108 0 4307 2613 6404 6.94427 90
109 0 4327 2613 6404 6.94427 108
110 0 4335 2617 6408 6 109
111 0 4271 2641 6404 6.94427 89
112 0 4259 2653 6404 6 111
113 0 4243 2665 6408 6.94427 112
114 0 4235 2677 6408 6.94427 113
115 0 4227 2685 6408 3.65685 114
116 0 4223 2689 6404 2 115
117 0 4207 2573 6432 6.94427 84
118 0 4219 2561 6424 6 117
119 0 4235 2557 6416 9.31371 118
120 0 4247 2557 6404 9.31371 119
121 0 4123 2597 6460 20.6274 81
122 0 4127 2597 6436 6 121
123 0 4123 2593 6428 2 122
124 0 4123 2589 6428 2 123
125 0 4115 2605 6536 26 80
126 0 4083 2637 6528 10.6491 125
127 0 4067 2645 6496 10.6491 126
128 0 4055 2657 6476 3.65685 127
129 0 4051 2657 6472 2 128
130 0 4203 2589 6576 18 17
131 0 4219 2601 6588 10.6491 130
132 0 4215 2605 6608 9.31371 131
133 0 4215 2609 6620 3.65685 132
134 0 4215 2613 6624 3.65685 133
135 0 4211 2613 6636 9.31371 134
136 0 4207 2613 6648 6 135
137 0 4207 2613 6664 6 136
138 0 4207 2617 6672 6 137
139 0 3979 2437 6712 18 11
140 0 3979 2417 6720 6.94427 139
141 0 3995 2401 6720 6.94427 140
142 0 4003 2393 6724 6.94427 141
143 0 4015 2385 6724 2 142
144 0 3991 2505 6744 12.4222 10
145 0 3995 2505 6756 9.31371 144
146 0 4003 2513 6764 6 145
147 0 4003 2513 6772 6.94427 146
148 0 3967 2453 6732 18 9
149 0 3959 2433 6760 10 148
150 0 3959 2425 6768 6 149
151 0 3919 2497 6664 9.31371 8
152 0 3903 2509 6652 3.65685 151
153 0 3899 2509 6652 2 152
