# Generated by NeuTu (https://github.com/janelia-flyem/NeuTu)
1 0 3927 2262 6256 2 -1
2 0 3923 2258 6256 3.65685 1
3 0 3923 2254 6264 6 2
4 0 3927 2254 6276 3.65685 3
5 0 3927 2254 6284 6.94427 4
6 0 3919 2254 6296 6.94427 5
7 0 3911 2250 6312 6 6
8 0 3907 2246 6316 6 7
9 0 3907 2246 6324 6 8
10 0 3899 2242 6336 6 9
11 0 3895 2242 6344 6 10
12 0 3895 2242 6352 3.65685 11
13 0 3895 2242 6360 6 12
14 0 3895 2242 6368 3.65685 13
15 0 3895 2246 6376 6 14
16 0 3895 2246 6384 3.65685 15
17 0 3895 2246 6392 3.65685 16
18 0 3895 2246 6396 3.65685 17
19 0 3895 2246 6404 6 18
20 0 3895 2242 6420 6 19
21 0 3895 2242 6428 6 20
22 0 3891 2242 6436 2 21
23 0 3891 2242 6440 2 22
24 0 3891 2242 6444 2 23
