# Generated by NeuTu (https://github.com/janelia-flyem/NeuTu)
1 0 3927 3153 6235 6 -1
2 0 3935 3153 6243 10 1
3 0 3943 3153 6259 6.94427 2
4 0 3959 3149 6275 3.65685 3
5 0 3963 3149 6283 3.65685 4
6 0 3967 3149 6295 6 5
7 0 3971 3145 6299 6 6
8 0 3971 3145 6315 6 7
9 0 3971 3145 6323 6 8
10 0 3967 3137 6335 6 9
11 0 3967 3137 6343 6 10
12 0 3971 3133 6347 6 11
13 0 3971 3133 6355 6 12
14 0 3975 3129 6359 6 13
15 0 3979 3129 6375 6 14
16 0 3979 3129 6391 6 15
17 0 3983 3125 6399 6 16
18 0 3991 3121 6407 2 17
