# Generated by NeuTu (https://github.com/janelia-flyem/NeuTu)
1 0 4083 2742 6378 2 -1
2 0 4083 2738 6378 3.65685 1
3 0 4087 2734 6374 3.65685 2
4 0 4087 2734 6370 3.65685 3
5 0 4083 2730 6366 6 4
6 0 4071 2730 6350 6 5
7 0 4067 2730 6334 6 6
8 0 4067 2730 6326 3.65685 7
9 0 4067 2726 6318 3.65685 8
10 0 4071 2722 6314 6 9
11 0 4075 2722 6298 6 10
12 0 4079 2722 6290 6 11
13 0 4079 2722 6282 3.65685 12
14 0 4079 2722 6274 6 13
15 0 4079 2718 6266 6 14
16 0 4083 2714 6262 2 15
17 0 4083 2710 6258 2 16
