# Generated by NeuTu (https://github.com/janelia-flyem/NeuTu)
1 0 4087 2901 6441 6 -1
2 0 4075 2905 6437 10.6491 1
3 0 4067 2889 6413 9.31371 2
4 0 4059 2873 6397 6.94427 3
5 0 4055 2865 6389 9.31371 4
6 0 4051 2853 6389 6 5
7 0 4043 2837 6385 6 6
8 0 4043 2829 6377 6 7
9 0 4039 2821 6369 3.65685 8
10 0 4035 2817 6365 3.65685 9
11 0 4027 2817 6357 3.65685 10
12 0 4023 2817 6353 3.65685 11
13 0 4015 2813 6345 6.94427 12
14 0 4007 2809 6337 6 13
15 0 4007 2805 6317 6 14
16 0 4007 2797 6301 6.94427 15
17 0 4003 2797 6289 6 16
