# Generated by NeuTu (https://github.com/janelia-flyem/NeuTu)
1 0 2518 4204 1549 2 -1
2 0 2518 4208 1553 2 1
3 0 2526 4216 1561 6.94427 2
4 0 2534 4220 1577 6 3
5 0 2550 4220 1593 6 4
6 0 2558 4224 1601 6 5
7 0 2562 4224 1617 6 6
8 0 2566 4228 1633 6 7
9 0 2574 4228 1649 6 8
10 0 2582 4228 1661 6.94427 9
11 0 2586 4236 1677 6 10
12 0 2590 4244 1689 6 11
13 0 2594 4256 1709 6 12
14 0 2594 4256 1721 6 13
15 0 2594 4260 1733 3.65685 14
16 0 2594 4260 1741 6 15
17 0 2594 4264 1757 6 16
18 0 2594 4264 1765 3.65685 17
19 0 2594 4264 1773 3.65685 18
20 0 2590 4268 1777 2 19
