# Generated by NeuTu (https://github.com/janelia-flyem/NeuTu)
1 0 2215 2751 5898 2 -1
2 0 2215 2747 5902 3.65685 1
3 0 2215 2743 5902 3.65685 2
4 0 2211 2739 5906 6 3
5 0 2211 2723 5914 6 4
6 0 2227 2707 5918 6.94427 5
7 0 2247 2691 5926 10 6
8 0 2267 2675 5938 6.94427 7
9 0 2271 2659 5938 9.31371 8
10 0 2267 2647 5938 6 9
11 0 2271 2643 5934 3.65685 10
12 0 2271 2635 5934 6 11
13 0 2271 2627 5934 6 12
14 0 2267 2623 5930 6 13
15 0 2263 2615 5930 3.65685 14
16 0 2259 2607 5934 6 15
17 0 2259 2599 5934 6 16
18 0 2255 2591 5926 10 17
19 0 2239 2579 5914 9.31371 18
20 0 2223 2583 5914 6 19
21 0 2207 2583 5902 6 20
22 0 2195 2587 5902 6.94427 21
23 0 2183 2607 5906 6.94427 22
24 0 2175 2619 5906 9.31371 23
25 0 2159 2635 5894 6 24
26 0 2147 2647 5890 6 25
27 0 2139 2655 5878 6.94427 26
28 0 2135 2659 5862 6 27
29 0 2123 2659 5846 6 28
30 0 2111 2659 5830 6 29
31 0 2103 2663 5822 6 30
32 0 2095 2667 5814 9.31371 31
33 0 2107 2679 5798 2 32
34 0 2107 2683 5798 2 33
35 0 2087 2687 5814 2 32
36 0 2083 2687 5810 2 35
37 0 2079 2691 5806 6 36
38 0 2067 2695 5790 6 37
39 0 2051 2711 5782 14 38
40 0 2039 2711 5770 10.6491 39
41 0 2039 2719 5746 9.31371 40
42 0 2039 2727 5726 6.94427 41
43 2 2043 2738.38 5706.92 10.5464 42
44 0 2035 2747 5682 6 43
45 0 2031 2747 5666 6 44
46 0 2035 2747 5646 3.65685 45
47 0 2035 2747 5642 3.65685 46
48 0 2035 2743 5638 2 47
49 0 2035 2743 5634 2 48
50 0 2035 2743 5622 6 49
51 0 2031 2735 5614 6.94427 50
52 0 2023 2735 5598 3.65685 51
53 0 2015 2743 5590 3.65685 52
54 0 2011 2747 5586 3.65685 53
55 0 2011 2751 5582 3.65685 54
56 0 2007 2751 5578 2 55
57 0 2011 2747 5598 3.65685 53
58 0 2011 2747 5606 3.65685 57
59 0 2011 2747 5614 3.65685 58
60 0 2011 2747 5618 3.65685 59
61 0 2011 2747 5626 6 60
62 0 2015 2743 5634 3.65685 61
63 0 2015 2743 5638 2 62
64 0 2015 2743 5642 2 63
65 0 2019 2739 5646 2 64
66 0 2065 2735 5706 6 43
67 0 2087 2731 5706 6 66
68 2 2105.2 2734.4 5710 6.80263 67
69 0 2115 2743 5718 6 68
70 0 2123 2755 5722 10 69
71 0 2143 2763 5738 6 70
72 0 2151 2763 5738 6 71
73 0 2159 2763 5734 6 72
74 0 2163 2767 5730 3.65685 73
75 0 2171 2767 5722 6 74
76 0 2179 2763 5706 6 75
77 0 2187 2771 5698 6.94427 76
78 0 2195 2775 5682 10 77
79 0 2199 2779 5666 6 78
80 0 2199 2791 5650 6 79
81 0 2203 2795 5646 6 80
82 0 2203 2799 5638 3.65685 81
83 0 2207 2803 5634 6 82
84 0 2207 2811 5622 6 83
85 0 2207 2811 5614 6 84
86 0 2211 2815 5610 3.65685 85
87 0 2211 2819 5602 3.65685 86
88 0 2211 2819 5594 3.65685 87
89 0 2219 2827 5586 3.65685 88
90 0 2227 2835 5578 3.65685 89
91 0 2231 2835 5574 3.65685 90
92 0 2231 2839 5570 2 91
93 0 2159 2767 5750 6 72
94 0 2159 2767 5766 6 93
95 0 2159 2767 5782 6 94
96 0 2159 2767 5790 6 95
97 0 2159 2775 5798 6 96
98 0 2175 2779 5738 9.31371 93
99 0 2179 2791 5726 6.94427 98
100 0 2183 2795 5718 2 99
101 0 2183 2795 5714 2 100
102 0 2111 2739 5694 9.31371 68
103 0 2119 2759 5670 14 102
104 0 2119 2771 5646 10 103
105 0 2127 2767 5634 6 104
106 0 2131 2763 5618 6 105
107 0 2135 2763 5610 6.94427 106
108 0 2147 2763 5606 6.94427 107
109 0 2159 2779 5598 6 108
110 0 2075 2731 5722 6 66
111 0 2079 2727 5730 9.31371 110
112 0 2087 2723 5738 6.94427 111
113 0 2095 2731 5746 3.65685 112
114 0 2099 2735 5746 3.65685 113
115 0 2103 2739 5750 3.65685 114
116 0 2107 2743 5754 6 115
117 0 2115 2743 5762 6 116
118 0 2123 2747 5770 3.65685 117
119 0 2127 2751 5774 6 118
120 0 2139 2759 5786 6 119
121 0 2143 2767 5794 2 120
122 0 2143 2771 5798 2 121
123 0 2099 2711 5758 2 112
124 0 2099 2707 5758 2 123
125 0 2103 2703 5758 2 124
126 2 2056.07 2716.07 5787.07 11.0179 39
127 0 2071 2727 5778 6.94427 126
128 0 2079 2727 5778 6 127
129 0 2091 2735 5786 6.94427 128
130 0 2095 2743 5798 10.6491 129
131 0 2107 2743 5814 10.6491 130
132 0 2115 2743 5822 6 131
133 0 2123 2743 5826 6 132
134 0 2127 2747 5830 3.65685 133
135 2 2134.33 2750.33 5837.33 3.65685 134
136 0 2143 2759 5846 9.31371 135
137 0 2143 2763 5858 12.4222 136
138 0 2127 2775 5866 6.94427 137
139 0 2119 2787 5866 2 138
140 0 2119 2791 5866 2 139
141 0 2115 2795 5866 2 140
142 0 2139 2755 5826 6 135
143 0 2147 2767 5826 9.31371 142
144 0 2147 2775 5818 10 143
145 0 2139 2783 5814 3.65685 144
146 0 2135 2783 5814 3.65685 145
147 0 2131 2787 5810 6 146
148 0 2127 2791 5806 3.65685 147
149 0 2127 2795 5802 3.65685 148
150 0 2123 2799 5798 2 149
151 2 2061.85 2721.85 5792.85 7.62321 126
152 0 2055 2719 5818 6 151
153 0 2055 2719 5834 6 152
154 2 2045.67 2713.67 5856.67 12.9949 153
155 2 2043.33 2711.33 5861.33 14.3052 154
156 2 2033.74 2707.91 5877.43 11.5276 155
157 0 2019 2711 5894 10 156
158 0 2003 2719 5914 6.94427 157
159 0 2003 2719 5922 6 158
160 2 2009.22 2711.89 5940.22 9.84749 159
161 0 2019 2707 5954 10 160
162 0 2027 2711 5970 6.94427 161
163 2 2027.82 2715 5998.71 10.6491 162
164 2 2017.77 2718.08 6014.31 10.1498 163
165 0 1999 2723 6038 12.4222 164
166 0 1999 2723 6054 6 165
167 0 2003 2723 6066 6 166
168 0 2007 2723 6082 6 167
169 0 2003 2719 6086 3.65685 168
170 0 2007 2719 6094 6 169
171 0 2011 2715 6114 6 170
172 0 2011 2715 6122 6 171
173 0 2011 2707 6130 6 172
174 0 2019 2707 6150 6.94427 173
175 0 2027 2711 6158 6.94427 174
176 0 2031 2707 6182 6 175
177 0 2031 2703 6194 6 176
178 0 2031 2699 6202 6 177
179 0 2031 2699 6210 3.65685 178
180 0 2031 2695 6218 6 179
181 0 2031 2695 6226 6 180
182 0 2031 2695 6234 3.65685 181
183 0 2035 2695 6242 6 182
184 0 2039 2691 6250 3.65685 183
185 0 2039 2691 6258 3.65685 184
186 0 2039 2687 6270 6 185
187 0 2039 2679 6278 3.65685 186
188 0 2039 2675 6278 2 187
189 0 2039 2671 6278 2 188
190 0 2031 2727 6018 6 164
191 0 2035 2731 6034 6 190
192 0 2031 2731 6054 3.65685 191
193 0 2031 2727 6058 2 192
194 0 2031 2727 6062 2 193
195 0 2031 2727 6066 2 194
196 0 2047 2727 6010 6 163
197 0 2051 2731 6014 3.65685 196
198 0 2055 2731 6026 6 197
199 0 2055 2731 6034 6 198
200 0 2055 2731 6042 3.65685 199
201 0 2055 2727 6054 6 200
202 0 2055 2727 6070 6 201
203 0 2055 2727 6086 6.94427 202
204 0 2063 2727 6102 6 203
205 0 2059 2727 6122 6 204
206 0 2055 2727 6130 6 205
207 0 2051 2727 6138 3.65685 206
208 0 2051 2723 6146 3.65685 207
209 0 2051 2723 6154 3.65685 208
210 0 2055 2723 6158 2 209
211 0 2003 2723 5954 6 160
212 0 2003 2731 5974 6 211
213 0 2003 2731 5990 6 212
214 0 1995 2735 5998 6 213
215 0 1975 2735 6006 6 214
216 0 1967 2739 6002 6 215
217 0 2043 2723 5890 6 156
218 0 2043 2727 5898 6 217
219 0 2043 2727 5906 3.65685 218
220 0 2039 2731 5910 3.65685 219
221 0 2039 2731 5914 3.65685 220
222 0 2035 2731 5918 2 221
223 0 2059 2687 5866 10 155
224 0 2063 2679 5858 6.94427 223
225 0 2063 2731 5874 6.94427 154
226 0 2071 2735 5882 10.6491 225
227 0 2067 2735 5906 6.94427 226
228 0 2067 2735 5926 6 227
229 0 2067 2739 5942 6 228
230 0 2067 2743 5958 6.94427 229
231 0 2067 2743 5970 6.94427 230
232 0 2083 2747 5986 6.94427 231
233 0 2087 2751 6002 6.94427 232
234 0 2087 2751 6018 6.94427 233
235 0 2091 2751 6034 6 234
236 0 2087 2751 6042 3.65685 235
237 0 2079 2751 6050 6 236
238 0 2079 2751 6058 6 237
239 0 2071 2747 6066 2 238
240 0 2071 2747 6070 2 239
241 0 2071 2747 6074 2 240
242 0 2071 2731 5802 3.65685 151
243 0 2075 2731 5806 3.65685 242
244 0 2083 2735 5814 6 243
245 0 2091 2739 5822 10 244
246 0 2091 2739 5850 10.6491 245
247 2 2091 2736.2 5870.4 10.2485 246
248 0 2111 2735 5870 6 247
249 0 2119 2743 5874 3.65685 248
250 0 2127 2751 5882 10 249
251 0 2139 2747 5882 6 250
252 0 2095 2735 5886 6.94427 247
253 0 2103 2739 5894 6 252
254 0 2095 2739 5910 6.94427 253
255 0 2095 2739 5926 3.65685 254
256 0 2095 2743 5934 6 255
257 0 2095 2747 5946 3.65685 256
258 0 2099 2747 5950 2 257
259 0 2103 2747 5954 2 258
260 0 2119 2747 5898 6.94427 253
261 0 2127 2755 5910 10.6491 260
262 0 2118.43 2776.14 5916.29 9.41175 261
263 0 2109.93 2791.53 5951.6 10.154 262
264 0 2103 2795 5962 6.94427 263
265 0 2091 2809 5980 6.7082 264
266 0 2091 2815 5986 6 265
267 0 2087 2827 6010 9.31371 266
268 0 2075 2843 6034 14.4924 267
269 2 2054.83 2838.3 6052.09 13.5918 268
270 2 2037.61 2835.43 6060.7 9.87661 269
271 0 2023 2823 6074 6.94427 270
272 2 2012 2823 6085 6.94427 271
273 0 2003 2819 6094 6.94427 272
274 0 2003 2819 6102 6 273
275 0 1999 2815 6106 6 274
276 0 1999 2815 6122 6 275
277 0 1999 2815 6138 6 276
278 0 1995 2811 6150 6.94427 277
279 0 1991 2811 6158 6 278
280 0 1987 2811 6170 9.31371 279
281 0 1983 2807 6178 9.31371 280
282 0 1971 2799 6182 6 281
283 0 1967 2795 6190 6 282
284 0 1967 2795 6198 3.65685 283
285 0 1959 2795 6214 6.94427 284
286 0 1955 2803 6230 6.94427 285
287 0 1955 2803 6246 3.65685 286
288 0 1951 2799 6250 6 287
289 0 1947 2799 6262 6 288
290 0 1943 2799 6278 6 289
291 0 1935 2795 6294 6 290
292 0 1935 2799 6302 6 291
293 0 1935 2799 6310 3.65685 292
294 0 1935 2799 6318 3.65685 293
295 0 1935 2799 6322 3.65685 294
296 0 1939 2803 6326 3.65685 295
297 0 1939 2803 6330 2 296
298 0 1939 2803 6334 2 297
299 0 1987 2807 6194 6.94427 281
300 0 1987 2803 6210 6 299
301 0 1983 2803 6218 6 300
302 0 1971 2807 6158 9.31371 280
303 0 1963 2807 6166 6.94427 302
304 0 1951 2799 6170 6 303
305 0 1947 2795 6174 3.65685 304
306 0 1927 2783 6178 10.6491 305
307 0 1927 2779 6190 6.94427 306
308 0 1927 2779 6206 6 307
309 0 1927 2783 6222 6 308
310 0 1927 2787 6238 6.94427 309
311 0 1927 2791 6258 6 310
312 0 1927 2759 6194 6 307
313 0 1927 2751 6202 3.65685 312
314 0 1931 2747 6206 3.65685 313
315 0 1931 2743 6214 3.65685 314
316 0 1931 2739 6222 3.65685 315
317 0 1931 2739 6230 3.65685 316
318 0 1935 2735 6234 3.65685 317
319 0 1939 2735 6238 2 318
320 0 1939 2763 6174 2 306
321 0 1939 2759 6174 2 320
322 0 1939 2755 6174 2 321
323 0 1939 2751 6174 2 322
324 0 1943 2747 6178 3.65685 323
325 0 1943 2743 6178 3.65685 324
326 0 1939 2739 6182 2 325
327 0 1939 2735 6182 2 326
328 0 1983 2819 6098 3.65685 273
329 0 1979 2815 6102 6 328
330 0 1975 2811 6106 6 329
331 0 1967 2807 6110 3.65685 330
332 0 1963 2803 6114 3.65685 331
333 0 1955 2799 6114 3.65685 332
334 0 1951 2795 6114 3.65685 333
335 0 1947 2791 6114 2 334
336 0 1943 2791 6114 2 335
337 0 1975 2807 6118 6 330
338 0 1971 2807 6126 6 337
339 0 1963 2807 6134 3.65685 338
340 0 1959 2803 6138 3.65685 339
341 0 1955 2803 6142 3.65685 340
342 0 1951 2803 6142 2 341
343 0 2023 2819 6094 6.94427 272
344 0 2023 2815 6114 6.94427 343
345 0 2019 2815 6134 6 344
346 0 2019 2815 6150 6 345
347 0 2019 2811 6166 6 346
348 0 2015 2811 6174 3.65685 347
349 0 2011 2815 6178 2 348
350 0 2023 2835 6050 10.6491 270
351 2 2001.67 2828.33 6055.33 7.33333 350
352 0 1995 2823 6062 6 351
353 0 1987 2823 6062 2 352
354 0 1983 2823 6062 3.65685 353
355 0 1975 2815 6070 3.65685 354
356 0 1971 2815 6074 3.65685 355
357 0 1967 2811 6078 2 356
358 0 1963 2811 6078 2 357
359 0 1987 2831 6046 3.65685 351
360 0 1983 2831 6046 2 359
361 0 1975 2831 6042 6.94427 360
362 0 1975 2835 6034 6.94427 361
363 0 2051 2823 6082 6 269
364 0 2051 2819 6094 6 363
365 0 2051 2815 6110 6 364
366 0 2051 2811 6122 3.65685 365
367 0 2051 2811 6126 3.65685 366
368 0 2047 2815 6130 3.65685 367
369 0 2043 2815 6134 2 368
370 0 2075 2831 5986 9.31371 265
371 0 2071 2835 5994 6 370
372 0 2055 2835 6010 6 371
373 0 2043 2835 6014 2 372
374 0 2039 2835 6018 3.65685 373
375 0 2035 2831 6022 2 374
376 0 2103 2787 5978 3.65685 264
377 0 2103 2787 5986 6 376
378 0 2099 2791 5990 3.65685 377
379 0 2099 2791 5998 3.65685 378
380 0 2095 2787 6002 2 379
381 0 2084.87 2817.4 5946 8.20797 263
382 0 2075 2835 5946 6 381
383 0 2063 2843 5946 6 382
384 2 2050.29 2851.71 5930.94 6.38882 383
385 0 2045.93 2855.53 5916.4 6.53452 384
386 0 2039 2859 5906 10 385
387 0 2031 2875 5890 10 386
388 0 2031 2883 5882 6 387
389 0 2031 2883 5874 6 388
390 0 2031 2887 5862 10 389
391 0 2031 2891 5850 9.31371 390
392 0 2047 2903 5834 9.31371 391
393 0 2063 2907 5814 6 392
394 0 2071 2915 5806 6 393
395 0 2027 2859 5922 6 385
396 0 2007 2871 5922 6 395
397 0 1995 2879 5926 6.94427 396
398 0 1987 2879 5934 3.65685 397
399 0 1983 2879 5934 2 398
400 0 2039 2851 5938 6 384
401 0 2031 2851 5938 6.94427 400
402 0 2003 2847 5958 6.94427 401
403 0 1995 2851 5962 6 402
404 0 1987 2859 5958 6 403
405 0 2079 2827 5962 9.31371 381
406 0 2067 2835 5970 6.94427 405
407 0 2055 2835 5982 6 406
408 0 2047 2835 5982 2 407
409 0 2039 2839 5982 6 408
410 0 2015.21 2836.26 5982 7.52485 409
411 0 2007 2839 5982 3.65685 410
412 0 2003 2839 5978 3.65685 411
413 0 1995 2839 5978 6.94427 412
414 0 1987 2847 5978 6.94427 413
415 0 1975 2851 5994 6 414
416 0 1999 2839 6002 6 410
417 0 1995 2839 6010 6 416
418 0 1987 2831 6014 2 417
419 0 2103 2791 5914 3.65685 262
420 0 2095 2799 5914 6 419
421 0 2083 2811 5914 6 420
422 0 2079 2815 5918 6 421
423 0 2151 2743 5922 6.94427 261
424 0 2171 2727 5930 10 423
425 0 2171 2711 5930 10 424
426 0 2171 2699 5938 6 425
427 0 2171 2691 5946 9.31371 426
428 0 2163 2675 5962 9.31371 427
429 0 2146.33 2658.33 5978.67 10.5378 428
430 0 2131 2643 5994 6 429
431 0 2123 2631 5994 6.94427 430
432 0 2119 2611 6006 6.94427 431
433 0 2123 2603 6014 6 432
434 0 2119 2599 6018 6 433
435 0 2115 2595 6022 3.65685 434
436 0 2115 2591 6026 3.65685 435
437 0 2111 2587 6030 3.65685 436
438 0 2107 2583 6038 6 437
439 0 2099 2571 6050 6 438
440 2 2092.33 2560.33 6063.33 6.94427 439
441 0 2083 2543 6090 6 440
442 0 2083 2535 6098 6 441
443 0 2075 2507 6118 15.8885 442
444 0 2051 2487 6122 6.94427 443
445 0 2099 2543 6066 6 440
446 0 2099 2535 6074 3.65685 445
447 0 2099 2531 6074 3.65685 446
448 0 2099 2523 6082 6 447
449 0 2107 2515 6094 6 448
450 0 2135 2643 5962 6.94427 429
451 0 2127 2635 5958 6.94427 450
452 0 2127 2623 5942 6 451
453 0 2127 2627 5922 6.94427 452
454 0 2115 2635 5906 6.94427 453
455 0 2127 2755 5934 10 261
456 0 2127 2759 5958 10 455
457 0 2123 2763 5970 10 456
458 0 2123 2767 5986 6 457
459 0 2123 2771 5994 6.94427 458
460 0 2123 2775 6010 14 459
461 0 2120.79 2771.69 6042.41 12.8966 460
462 0 2107 2783 6058 6.94427 461
463 0 2107 2783 6070 9.31371 462
464 0 2095 2783.71 6088.82 7.36241 463
465 0 2095 2787 6102 9.31371 464
466 0 2095 2787 6114 6.94427 465
467 0 2095 2787 6126 9.31371 466
468 0 2087 2791 6134 6 467
469 0 2079 2799 6142 6.94427 468
470 0 2067 2803 6150 6 469
471 0 2059 2807 6154 3.65685 470
472 0 2055 2807 6158 3.65685 471
473 0 2047 2807 6162 6 472
474 0 2039 2811 6170 3.65685 473
475 0 2035 2815 6174 2 474
476 0 2031 2815 6178 2 475
477 0 2083 2799 6094 6 464
478 0 2075 2807 6102 6.94427 477
479 0 2071 2811 6110 6 478
480 0 2115 2759 6066 10 461
481 0 2111 2751 6090 9.31371 480
482 0 2115 2739 6118 12.4222 481
483 2 2115 2739 6142 13.6964 482
484 0 2095 2739 6142 6 483
485 0 2087 2739 6142 6 484
486 0 2083 2735 6138 3.65685 485
487 0 2079 2731 6138 3.65685 486
488 0 2075 2727 6142 2 487
489 0 2071 2723 6146 2 488
490 0 2067 2719 6150 2 489
491 2 2115 2739 6148 14.652 483
492 0 2111 2759 6154 6.94427 491
493 0 2103 2767 6162 6 492
494 0 2099 2775 6170 10.6491 493
495 0 2091 2783 6178 6 494
496 0 2083 2791 6186 6.94427 495
497 0 2079 2799 6194 10 496
498 0 2067 2799 6214 9.31371 497
499 2 2056.14 2804.43 6226.29 6.60703 498
500 0 2051 2807 6234 6 499
501 0 2047 2811 6238 3.65685 500
502 0 2043 2815 6246 6 501
503 0 2043 2815 6254 6 502
504 0 2031 2821 6270 8 503
505 0 2015 2811 6274 6.94427 504
506 0 1995 2811 6278 6 505
507 0 1987 2811 6290 6 506
508 0 1987 2811 6298 6 507
509 0 1991 2807 6302 6 508
510 0 1987 2807 6326 6 509
511 0 1987 2807 6342 9.31371 510
512 0 1987 2807 6354 9.31371 511
513 2 1977 2797 6364 9.31371 512
514 0 1979 2783 6402 6.94427 513
515 0 1983 2779 6418 6 514
516 0 1987 2783 6426 6 515
517 0 1987 2783 6434 3.65685 516
518 0 1991 2783 6438 3.65685 517
519 0 1995 2783 6442 2 518
520 0 1995 2783 6446 2 519
521 0 1995 2783 6450 2 520
522 0 1995 2799 6386 6 513
523 0 1995 2799 6402 6 522
524 0 2003 2803 6414 6 523
525 0 2007 2807 6418 6 524
526 2 2037.5 2815.59 6283 9.08293 504
527 0 2043 2807 6306 9.31371 526
528 0 2043 2803 6318 6.94427 527
529 0 2047 2803 6330 9.31371 528
530 0 2059 2807 6350 6 529
531 0 2067 2803 6366 6 530
532 0 2067 2795 6374 2 531
533 0 2067 2795 6378 2 532
534 0 2063 2791 6386 6 533
535 0 2019 2807 6294 3.65685 526
536 0 2019 2807 6298 3.65685 535
537 0 2015 2803 6302 3.65685 536
538 0 2015 2803 6310 6 537
539 0 2015 2803 6318 3.65685 538
540 0 2011 2799 6322 6 539
541 0 2007 2799 6334 3.65685 540
542 0 2007 2795 6338 2 541
543 0 2055 2799 6250 3.65685 500
544 0 2055 2799 6258 3.65685 543
545 0 2055 2799 6266 3.65685 544
546 0 2055 2799 6274 3.65685 545
547 0 2059 2795 6278 2 546
548 2 2041.27 2813.6 6215.63 6.89961 499
549 0 2031 2815 6210 6 548
550 0 2019 2811 6210 6 549
551 0 2007 2815 6222 6 550
552 0 1999 2815 6230 6 551
553 0 1995 2811 6234 3.65685 552
554 0 1991 2811 6238 3.65685 553
555 0 1987 2807 6242 6 554
556 0 1979 2811 6250 3.65685 555
557 0 1975 2815 6254 3.65685 556
558 0 1971 2819 6254 3.65685 557
559 0 1963 2823 6262 6 558
560 0 1955 2823 6270 3.65685 559
561 0 1951 2823 6274 2 560
562 0 2031 2815 6230 2 548
563 0 2027 2815 6230 2 562
564 0 2019 2815 6238 6 563
565 0 2011 2815 6246 6.94427 564
566 0 2003 2811 6254 2 565
567 0 2003 2811 6258 2 566
568 0 2103 2775 6142 6.94427 492
569 0 2091 2787 6154 6.94427 568
570 0 2083 2795 6162 6 569
571 0 2111 2739 6166 10.6491 491
572 0 2095 2731 6170 6 571
573 0 2087 2727 6174 6 572
574 0 2079 2719 6174 3.65685 573
575 0 2075 2719 6174 2 574
576 0 2071 2719 6174 2 575
577 0 2067 2719 6174 2 576
578 0 2063 2719 6174 2 577
579 0 2059 2719 6174 2 578
580 0 2055 2719 6170 3.65685 579
581 2 2111 2739 6174 9.75884 571
582 0 2107 2759 6178 6 581
583 0 2103 2767 6186 9.31371 582
584 0 2099 2767 6206 6.94427 583
585 0 2099 2775 6230 9.31371 584
586 0 2099.55 2779.55 6251.64 6.81551 585
587 0 2103 2783 6278 6 586
588 0 2103 2783 6286 6 587
589 0 2111 2775 6294 6.94427 588
590 0 2107 2771 6310 6.94427 589
591 0 2095 2767 6334 9.31371 590
592 0 2103 2759 6362 12.4222 591
593 0 2095 2759 6374 6.94427 592
594 0 2087 2759 6382 6 593
595 0 2079 2759 6382 6 594
596 0 2075 2763 6386 3.65685 595
597 0 2071 2767 6386 3.65685 596
598 0 2067 2771 6390 6 597
599 0 2063 2783 6406 6 598
600 2 2055.54 2790.46 6413.46 6.88102 599
601 0 2047 2799 6422 9.31371 600
602 0 2027 2815 6426 6 601
603 0 2019 2823 6434 6 602
604 0 2011 2823 6442 3.65685 603
605 0 2007 2823 6450 3.65685 604
606 0 1999 2815 6458 3.65685 605
607 0 1995 2811 6462 2 606
608 0 2059 2783 6430 6.94427 600
609 0 2059 2779 6446 6 608
610 0 2063 2775 6454 6 609
611 0 2067 2771 6462 2 610
612 0 2067 2771 6466 2 611
613 0 2067 2771 6470 2 612
614 0 2083 2755 6394 3.65685 594
615 0 2075 2755 6402 3.65685 614
616 0 2075 2755 6410 3.65685 615
617 0 2071 2751 6414 3.65685 616
618 0 2067 2751 6418 2 617
619 0 2067 2751 6422 2 618
620 0 2087 2779 6258 6 586
621 0 2079 2779 6274 6 620
622 0 2079 2775 6286 3.65685 621
623 0 2079 2771 6290 3.65685 622
624 0 2079 2767 6294 2 623
625 2 2104.46 2732.46 6187.82 7.37528 581
626 0 2107 2743 6202 6 625
627 0 2111 2743 6214 3.65685 626
628 0 2111 2743 6222 3.65685 627
629 0 2111 2747 6230 6 628
630 0 2116 2756 6244 6 629
631 0 2123 2771 6262 6 630
632 0 2127 2767 6274 6.94427 631
633 0 2131 2759 6282 6.94427 632
634 0 2123 2743 6254 6 630
635 0 2127 2743 6266 3.65685 634
636 0 2127 2739 6270 3.65685 635
637 0 2127 2735 6274 2 636
638 0 2127 2735 6278 2 637
639 0 2127 2731 6282 2 638
640 2 2093.56 2724.71 6199.44 8.80854 625
641 0 2075 2719 6194 6.47214 640
642 0 2063 2719 6194 2 641
643 0 2059 2719 6194 3.65685 642
644 0 2055 2715 6190 6 643
645 0 2063 2719 6218 6 641
646 0 2059 2719 6226 6 645
647 0 2055 2715 6230 2 646
648 0 2055 2711 6234 2 647
649 0 2093.27 2719 6224.8 9.31371 640
650 0 2075 2723 6238 6 649
651 0 2067 2723 6250 6 650
652 0 2063 2715 6270 6.94427 651
653 0 2063 2711 6286 6 652
654 0 2063 2711 6294 6 653
655 0 2059 2707 6298 6 654
656 0 2055 2703 6302 3.65685 655
657 2 2052.11 2703 6311.79 5.35237 656
658 0 2047 2695 6322 2 657
659 0 2047 2691 6322 2 658
660 0 2043 2687 6326 3.65685 659
661 0 2039 2683 6330 6 660
662 0 2039 2679 6346 6 661
663 0 2039 2679 6358 6 662
664 0 2043 2675 6374 6 663
665 0 2043 2667 6386 2 664
666 0 2043 2663 6386 2 665
667 0 2067 2707 6314 6 657
668 0 2067 2707 6330 6 667
669 0 2067 2707 6342 2 668
670 0 2067 2703 6346 3.65685 669
671 0 2063 2699 6350 2 670
672 0 2047 2695 6302 2 656
673 0 2047 2691 6306 2 672
674 0 2043 2687 6306 2 673
675 0 2035 2679 6306 6 674
676 0 2035 2671 6306 6 675
677 0 2031 2659 6298 6 676
678 0 2027 2655 6294 2 677
679 0 2027 2651 6294 2 678
680 0 2103 2711 6254 6.94427 649
681 2 2103 2710.2 6263.6 6.94427 680
682 0 2119 2715 6274 6 681
683 0 2119 2715 6282 3.65685 682
684 0 2119 2715 6290 3.65685 683
685 0 2119 2715 6294 3.65685 684
686 0 2123 2719 6298 2 685
687 0 2127 2723 6302 2 686
688 0 2127 2727 6306 3.65685 687
689 0 2127 2727 6310 3.65685 688
690 0 2123 2731 6314 2 689
691 0 2103 2703 6278 6.94427 681
692 0 2103 2699 6298 6 691
693 0 2103 2699 6314 6 692
694 0 2103 2699 6322 6 693
695 0 2111 2707 6322 3.65685 694
696 0 2119 2715 6330 3.65685 695
697 0 2123 2719 6334 6 696
698 0 2123 2727 6334 6 697
699 0 2123 2739 6334 2 698
700 0 2123 2743 6334 2 699
701 0 2099 2699 6342 6.94427 694
702 2 2099 2699 6354 7.73408 701
703 0 2115 2715 6354 6.94427 702
704 0 2127 2731 6362 14.9706 703
705 0 2143 2735 6354 10 704
706 0 2155 2735 6350 12.4222 705
707 0 2171 2715 6350 10 706
708 0 2171 2703 6350 10 707
709 0 2163 2695 6346 3.65685 708
710 0 2159 2691 6346 2 709
711 0 2099 2699 6362 9.31371 702
712 0 2079 2699 6370 6 711
713 0 2071 2695 6382 6 712
714 0 2067 2691 6386 2 713
715 0 2063 2691 6386 3.65685 714
716 0 2059 2691 6390 2 715
717 0 2055 2691 6390 2 716
718 0 2051 2691 6390 2 717
719 0 2067 2691 6398 6 713
720 2 2060.55 2687.78 6401.22 4.11099 719
721 0 2051 2679 6402 3.65685 720
722 0 2043 2675 6402 6 721
723 0 2055 2687 6418 6 720
724 0 2051 2683 6422 3.65685 723
725 0 2043 2679 6422 3.65685 724
726 0 2039 2679 6422 2 725
727 0 2035 2679 6422 2 726
728 0 2031 2679 6422 2 727
729 0 2103 2699 6382 6.94427 711
730 0 2107 2723 6390 10.6491 729
731 0 2095 2743 6402 3.65685 730
732 0 2095 2743 6410 6 731
733 0 2091 2747 6414 3.65685 732
734 0 2091 2747 6418 3.65685 733
735 0 2091 2747 6426 6 734
736 0 2083 2751 6434 2 735
737 0 2079 2751 6434 2 736
738 0 2075 2751 6434 2 737
739 0 2071 2751 6438 2 738
740 2 2103 2699 6396 6.94427 729
741 0 2087 2691 6402 6 740
742 0 2083 2687 6410 9.31371 741
743 0 2075 2691 6442 10 742
744 0 2059 2687 6470 10 743
745 0 2055 2679 6502 10 744
746 0 2055 2679 6514 6 745
747 0 2051 2683 6530 6.94427 746
748 0 2103 2707 6418 6.94427 740
749 0 2107 2711 6446 14 748
750 0 2095 2731 6446 6.94427 749
751 0 2087 2743 6454 6 750
752 0 2079 2747 6454 2 751
753 0 2075 2751 6454 2 752
754 0 2071 2755 6454 3.65685 753
755 0 2067 2755 6454 2 754
756 2 2104.68 2707.53 6451.79 14 749
757 0 2091 2727 6466 10 756
758 0 2087 2735 6474 9.31371 757
759 0 2079 2739 6482 3.65685 758
760 0 2075 2743 6482 2 759
761 0 2071 2743 6482 2 760
762 0 2095 2699 6482 14 756
763 0 2095 2699 6551.33 23.9048 762
764 0 2075 2679 6554 6.94427 763
765 0 2063 2671 6554 10 764
766 0 2047 2679 6570 6.94427 765
767 0 2031 2691 6562 3.65685 766
768 0 2027 2691 6562 2 767
769 2 2085.9 2699 6587.24 20.2315 763
770 0 2071 2675 6586 6.94427 769
771 0 2051 2671 6586 6 770
772 0 2043 2667 6594 9.31371 771
773 0 2039 2659 6602 6 772
774 0 2035 2655 6606 6 773
775 0 2031 2651 6610 3.65685 774
776 0 2031 2647 6610 3.65685 775
777 0 2027 2643 6614 6 776
778 0 2023 2639 6618 6 777
779 0 2079 2691 6618 18 769
780 2 2075.2 2702.41 6652.22 14.1978 779
781 0 2075 2703 6670 9.31371 780
782 0 2071 2707 6702 6 781
783 2 2068.42 2709.58 6712.58 4.49022 782
784 0 2063 2715 6718 3.65685 783
785 0 2059 2723 6726 6 784
786 0 2059 2727 6742 6 785
787 0 2055 2739 6758 6.94427 786
788 0 2040.6 2751 6777.2 11.1788 787
789 2 2025.93 2750.47 6795.6 8.8709 788
790 0 2019 2747 6806 6 789
791 0 2019 2747 6814 3.65685 790
792 0 2015 2743 6822 6 791
793 0 2011 2743 6838 6 792
794 0 2007 2747 6842 6 793
795 0 2007 2747 6858 6 794
796 0 2007 2747 6866 6 795
797 0 1999 2747 6870 3.65685 796
798 0 1983 2751 6870 6.94427 797
799 0 1971 2747 6886 6 798
800 0 1971 2747 6894 6 799
801 0 1967 2747 6902 3.65685 800
802 0 1963 2751 6906 3.65685 801
803 0 1951 2763 6918 10 802
804 0 1947 2763 6938 6.94427 803
805 0 1943 2763 6954 3.65685 804
806 0 1943 2763 6962 6 805
807 0 1943 2763 6974 6 806
808 0 1939 2759 6994 10.6491 807
809 0 2003 2747 6882 6.94427 797
810 2 1997.06 2753.06 6896.91 9.02986 809
811 0 1987 2743 6914 3.65685 810
812 0 1983 2743 6914 2 811
813 0 1975 2743 6922 6 812
814 0 1975 2743 6938 6 813
815 0 1971 2751 6950 6.94427 814
816 0 1963 2755 6954 3.65685 815
817 0 1959 2751 6958 2 816
818 0 2011 2759 6914 9.31371 810
819 0 2015 2759 6926 6.94427 818
820 0 2011 2751 6934 3.65685 819
821 0 2007 2747 6938 2 820
822 0 2003 2743 6938 2 821
823 0 1999 2739 6942 6 822
824 0 1995 2735 6938 6 823
825 0 2011 2767 6790 6 789
826 0 2003 2767 6790 3.65685 825
827 0 1999 2763 6794 6 826
828 0 1991 2755 6806 6 827
829 0 1991 2751 6814 3.65685 828
830 0 1991 2747 6822 6 829
831 2 1976.6 2747 6833.2 6 830
832 0 1967 2743 6830 3.65685 831
833 0 1963 2739 6830 2 832
834 0 1963 2735 6830 2 833
835 0 1979 2743 6850 3.65685 831
836 0 1971 2747 6854 6 835
837 0 1963 2747 6854 6 836
838 0 2027 2767 6778 6.94427 788
839 0 2015 2775 6766 6 838
840 0 2015 2771 6754 2 839
841 0 2071 2703 6730 6 783
842 0 2068.86 2700.86 6752.41 8.21036 841
843 0 2059 2683 6782 6.94427 842
844 0 2051 2671 6798 6.94427 843
845 0 2047 2659 6818 6.94427 844
846 0 2043 2655 6838 6.94427 845
847 0 2039 2647 6846 10 846
848 2 2049.18 2656.27 6867.27 12.4222 847
849 0 2051 2695 6882 14 848
850 0 2035 2719 6882 6.94427 849
851 0 2031 2727 6882 6 850
852 0 2027 2735 6886 2 851
853 0 2027 2739 6890 2 852
854 0 2027 2735 6894 2 853
855 0 2035 2639 6898 18 848
856 2 2054.64 2658.11 6937.29 26 855
857 0 2043 2695 6950 6 856
858 0 2035 2713 6958 6 857
859 0 2035 2719 6958 6 858
860 0 2035 2727 6958 2 859
861 0 2035 2731 6958 2 860
862 2 2033.67 2733.67 6960.67 3.64809 861
863 0 2031 2739 6966 6.94427 862
864 0 2019 2739 6970 2 863
865 0 2011 2739 6970 6 864
866 0 1999 2739 6970 6.94427 865
867 0 1987 2751 6974 9.31371 866
868 0 1967 2747 6978 6 867
869 0 1951 2747 6974 6 868
870 0 2031 2739 6950 6 862
871 0 2031 2751 6950 9.31371 870
872 0 2039 2759 6958 2 871
873 0 2039 2763 6958 2 872
874 0 2039 2767 6958 3.65685 873
875 0 2039 2771 6954 2 874
876 0 2035 2715 6970 3.65685 858
877 0 2035 2719 6974 2 876
878 0 2039 2727 6982 6 877
879 0 2039 2735 6990 6.94427 878
880 0 2031 2735 6998 3.65685 879
881 0 2027 2735 6998 2 880
882 0 2023 2735 6998 2 881
883 0 2019 2735 6998 2 882
884 0 2043 2667 6982 9.31371 856
885 2 2040 2674 7000 6.23607 884
886 0 2031 2675 7026 6 885
887 0 2027 2679 7038 6 886
888 0 2027 2679 7054 6.94427 887
889 0 2019 2675 7062 2 888
890 0 2015 2675 7062 2 889
891 0 2039 2695 7002 6 885
892 0 2035 2699 6998 3.65685 891
893 0 2035 2707 6998 6 892
894 0 2039 2711 6994 6 893
895 0 2043 2695 6922 6.94427 856
896 0 2035 2711 6922 6 895
897 0 2031 2715 6918 6 896
898 0 2031 2723 6910 3.65685 897
899 0 2031 2727 6910 2 898
900 0 2059 2719 6758 6 842
901 0 2055 2723 6762 6 900
902 0 2055 2723 6770 6 901
903 0 2051 2727 6774 6 902
904 0 2051 2727 6782 6 903
905 0 2043 2727 6790 3.65685 904
906 0 2039 2723 6798 6 905
907 0 2035 2723 6806 3.65685 906
908 0 2035 2719 6814 6 907
909 0 2035 2719 6822 6 908
910 0 2039 2711 6830 6 909
911 0 2039 2703 6830 2 910
912 0 2039 2699 6830 2 911
913 0 2039 2695 6830 2 912
914 0 2039 2691 6826 3.65685 913
915 0 2039 2687 6822 2 914
916 0 2035 2731 6826 6 909
917 0 2035 2735 6838 6 916
918 0 2035 2739 6858 6.94427 917
919 0 2023 2747 6874 6 918
920 0 2059 2715 6678 6 781
921 0 2055 2719 6682 2 920
922 0 2055 2723 6682 2 921
923 0 2051 2727 6686 3.65685 922
924 0 2047 2731 6690 3.65685 923
925 0 2047 2739 6698 6 924
926 0 2047 2743 6714 6.94427 925
927 0 2047 2751 6730 6.94427 926
928 0 2039 2755 6746 6 927
929 0 2087 2711 6678 6.94427 781
930 0 2091 2715 6698 6.94427 929
931 0 2095 2715 6714 6 930
932 0 2063 2679 6666 3.65685 780
933 0 2059 2679 6666 2 932
934 0 2055 2675 6670 3.65685 933
935 0 2047 2675 6674 6.94427 934
936 0 2031 2671 6686 6 935
937 0 2023 2671 6702 6 936
938 0 2019 2675 6718 6.94427 937
939 0 2063 2675 6622 6 779
940 0 2055 2667 6622 6 939
941 0 2043 2667 6634 9.31371 940
942 0 2023 2659 6646 9.31371 941
943 0 2007 2651 6678 9.31371 942
944 0 1995 2655 6698 10 943
945 0 1995 2659 6710 9.31371 944
946 2 1995 2667.83 6734.07 15.7881 945
947 0 1983 2647 6746 12.4222 946
948 0 1971 2639 6758 6 947
949 0 1963 2631 6778 6 948
950 0 1959 2627 6786 3.65685 949
951 0 1959 2627 6790 3.65685 950
952 0 1955 2627 6794 2 951
953 2 1995 2673.16 6754.97 20.8639 946
954 0 1982 2697 6732 6.7082 953
955 2 1980.33 2713.67 6715.33 6 954
956 0 1983 2727 6702 6 955
957 0 1979 2735 6694 6.94427 956
958 0 1978.18 2734.18 6676.37 6.19275 957
959 0 1975 2731 6670 6.94427 958
960 0 1971 2735 6658 6 959
961 0 1971 2743 6650 6 960
962 0 1967 2755 6638 6 961
963 0 1959 2763 6626 6 962
964 0 1959 2763 6618 6 963
965 0 1951 2767 6610 9.31371 964
966 2 1951 2770.21 6597.15 6.65224 965
967 0 1959 2771 6586 6 966
968 0 1963 2767 6574 10 967
969 0 1955 2779 6554 10 968
970 0 1951 2775 6542 6.94427 969
971 0 1939 2779 6522 10 970
972 0 1927 2791 6502 9.31371 971
973 0 1923.14 2807.29 6481.57 9.19536 972
974 0 1927 2815 6470 6 973
975 0 1927 2819 6454 6.94427 974
976 0 1923 2819 6434 6.94427 975
977 0 1919 2815 6418 6 976
978 0 1919 2811 6402 6 977
979 0 1919 2811 6394 3.65685 978
980 0 1919 2815 6382 6 979
981 0 1915 2819 6366 6 980
982 0 1907 2819 6350 6 981
983 0 1899 2815 6334 6 982
984 0 1895 2811 6322 6 983
985 0 1895 2811 6314 3.65685 984
986 0 1895 2807 6306 3.65685 985
987 0 1891 2803 6302 2 986
988 0 1891 2803 6298 2 987
989 0 1891 2803 6294 2 988
990 0 1891 2803 6290 2 989
991 0 1891 2803 6286 2 990
992 0 1891 2799 6282 2 991
993 0 1891 2795 6278 2 992
994 0 1903 2799 6462 3.65685 973
995 0 1903 2799 6458 3.65685 994
996 0 1895 2799 6450 6 995
997 0 1891 2799 6442 2 996
998 0 1891 2799 6438 2 997
999 0 1943 2755 6570 6.94427 968
1000 0 1927 2739 6586 6.94427 999
1001 0 1919 2731 6594 6 1000
1002 0 1915 2727 6598 3.65685 1001
1003 0 1911 2727 6598 3.65685 1002
1004 0 1907 2723 6602 2 1003
1005 0 1931 2775 6586 10 966
1006 0 1931 2779 6570 6 1005
1007 0 1927 2783 6550 6.94427 1006
1008 0 1923 2783 6542 6.94427 1007
1009 0 1975 2735 6630 6.94427 961
1010 0 1975 2739 6622 6.94427 1009
1011 0 1979 2739 6614 3.65685 1010
1012 0 1983 2739 6594 6.94427 1011
1013 0 1983 2743 6586 6 1012
1014 0 1979 2747 6582 3.65685 1013
1015 0 1979 2751 6578 3.65685 1014
1016 0 1971 2743 6674 3.65685 958
1017 0 1967 2747 6670 3.65685 1016
1018 0 1963 2751 6666 6 1017
1019 0 1959 2755 6662 6 1018
1020 0 1951 2755 6662 6 1019
1021 0 1943 2759 6654 6 1020
1022 0 1931 2759 6642 9.31371 1021
1023 0 1919 2759 6634 12.4222 1022
1024 0 1899 2751 6610 6 1023
1025 0 1899 2751 6594 6 1024
1026 0 1899 2751 6578 6 1025
1027 0 1899 2751 6570 6 1026
1028 0 1895 2755 6562 2 1027
1029 0 1895 2755 6558 2 1028
1030 0 1895 2755 6554 2 1029
1031 0 1895 2759 6550 2 1030
1032 0 1895 2763 6546 2 1031
1033 0 1991 2719 6726 6 955
1034 0 1987 2735 6730 6 1033
1035 0 1987 2735 6742 6 1034
1036 0 1979 2691 6722 3.65685 954
1037 0 1979 2691 6718 3.65685 1036
1038 0 1975 2699 6710 6 1037
1039 0 1971 2699 6690 6 1038
1040 0 1971 2699 6682 6 1039
1041 0 1975 2711 6666 6 1040
1042 2 1975.82 2706.18 6656.37 5.1835 1041
1043 0 1979 2703 6650 2 1042
1044 0 1979 2699 6646 2 1043
1045 0 1979 2715 6642 6 1042
1046 0 1983 2711 6634 6 1045
1047 0 1987 2711 6626 3.65685 1046
1048 0 1991 2707 6622 2 1047
1049 0 1995 2667 6790 14 953
1050 0 1991 2663 6806 10 1049
1051 0 1987.48 2662.05 6835.9 10.4901 1050
1052 0 1983 2675 6850 6 1051
1053 0 1983 2675 6866 6 1052
1054 0 1979 2675 6882 6 1053
1055 0 1979 2675 6890 6 1054
1056 0 1983 2683 6902 6 1055
1057 0 1975 2679 6910 6 1056
1058 0 1991 2651 6862 9.31371 1051
1059 0 1991 2647 6890 12.4222 1058
1060 2 2007 2633.6 6930.2 21.5763 1059
1061 0 1991 2655 6938 6.94427 1060
1062 0 1975 2667 6942 10 1061
1063 0 1951 2675 6958 6 1062
1064 0 1947 2671 6962 6 1063
1065 2 2007 2628.51 6952.92 22.4912 1060
1066 0 1991 2651 6974 6.94427 1065
1067 0 1975 2663 6970 6.94427 1066
1068 0 1967 2667 6970 6 1067
1069 2 2007 2627.32 6960.05 22.1053 1065
1070 0 2031 2627 6978 14.4924 1069
1071 0 2039 2643 7002 3.65685 1070
1072 0 2039 2647 7006 2 1071
1073 0 2039 2647 7010 2 1072
1074 0 2001.13 2617.4 6995.33 20.6884 1069
1075 2 1966.29 2647.47 7010.47 13.585 1074
1076 0 1955 2655 7018 6.94427 1075
1077 0 1947 2659 7026 6.94427 1076
1078 0 1943 2651 7042 9.31371 1077
1079 0 1943 2643 7062 9.31371 1078
1080 0 1947 2643 7074 6.94427 1079
1081 0 1955 2635 7082 6 1080
1082 0 1959 2639 7090 6 1081
1083 0 1959 2639 7098 3.65685 1082
1084 0 1959 2639 7106 3.65685 1083
1085 0 1963 2639 7114 3.65685 1084
1086 0 1967 2643 7114 2 1085
1087 0 1951 2663 7002 9.31371 1075
1088 0 1947 2667 6990 6 1087
1089 0 1943 2667 6982 6 1088
1090 0 1935 2659 6974 2 1089
1091 2 1999 2611 7026 18.6667 1074
1092 0 2023 2607 7046 14 1091
1093 0 2027 2607 7066 12.4222 1092
1094 0 2035 2615 7074 9.31371 1093
1095 0 2039 2627 7074 6 1094
1096 0 2039 2635 7074 2 1095
1097 0 2039 2639 7074 2 1096
1098 0 2043 2643 7070 2 1097
1099 0 1999 2611 7030 18 1091
1100 0 1963 2607 7042 10 1099
1101 0 1935 2615 7054 12.4222 1100
1102 0 1927 2627 7054 10 1101
1103 0 1987 2607 7084.67 18.8217 1099
1104 0 2023 2607 7098 14 1103
1105 0 2035 2619 7110 12.4222 1104
1106 0 2043 2643 7098 9.31371 1105
1107 0 2039 2659 7082 6 1106
1108 0 2035 2667 7078 6 1107
1109 0 2027 2675 7078 3.65685 1108
1110 0 2023 2679 7078 3.65685 1109
1111 0 2019 2683 7078 2 1110
1112 0 2019 2687 7078 2 1111
1113 0 2015 2691 7074 2 1112
1114 0 2011 2695 7070 3.65685 1113
1115 0 2011 2695 7062 3.65685 1114
1116 0 2007 2699 7058 2 1115
1117 0 2007 2699 7054 2 1116
1118 2 1989.52 2609.52 7106.59 18.5706 1103
1119 0 1959 2607 7106 6.94427 1118
1120 0 1943 2603 7106 6 1119
1121 0 1931 2611 7098 6 1120
1122 0 1927 2615 7094 6 1121
1123 2 1993.09 2612.04 7117.65 17.7246 1118
1124 0 1971 2611 7134 6 1123
1125 0 1955 2607 7150 6.94427 1124
1126 2 2007.24 2619 7143.68 16.5459 1123
1127 0 2023 2639 7142 6.94427 1126
1128 0 2023 2651 7138 2 1127
1129 0 2023 2655 7138 2 1128
1130 0 2019 2659 7134 2 1129
1131 0 2019 2663 7130 2 1130
1132 0 2015 2667 7126 3.65685 1131
1133 0 2015 2667 7118 3.65685 1132
1134 0 2015 2667 7114 3.65685 1133
1135 0 2019 2663 7110 2 1134
1136 2 2007.96 2619 7148.72 18.518 1126
1137 0 2051 2615 7150 14 1136
1138 0 2063 2607 7146 6 1137
1139 0 2063 2599 7146 2 1138
1140 0 2063 2595 7146 2 1139
1141 0 2059 2591 7146 3.65685 1140
1142 0 2055 2587 7146 2 1141
1143 0 2011 2619 7170 26.8444 1136
1144 0 2019 2651 7178 10.6491 1143
1145 0 2019 2663 7178 10 1144
1146 0 2019 2671 7170 6 1145
1147 0 2019 2687 7154 6 1146
1148 0 2015 2695 7134 6 1147
1149 0 2015 2695 7114 6 1148
1150 0 2015 2695 7106 6 1149
1151 0 2007 2699 7098 2 1150
1152 0 2003 2699 7098 2 1151
1153 2 2010.02 2619 7178.78 28.2017 1143
1154 0 1959 2595 7182 9.31371 1153
1155 0 1947 2599 7182 3.65685 1154
1156 0 1939 2607 7182 9.31371 1155
1157 0 1935 2615 7186 6 1156
1158 2 2009.1 2619 7187.12 29.4911 1153
1159 0 1975 2643 7178 6.94427 1158
1160 0 1975 2647 7170 6 1159
1161 0 1967 2647 7162 3.65685 1160
1162 0 1967 2647 7154 3.65685 1161
1163 0 1963 2647 7150 3.65685 1162
1164 0 1959 2647 7142 6 1163
1165 0 1951 2659 7130 3.65685 1164
1166 0 1951 2663 7122 6 1165
1167 0 1943 2679 7106 6 1166
1168 0 1943 2679 7098 3.65685 1167
1169 0 1947 2675 7094 2 1168
1170 2 2007.93 2619 7197.66 31.1199 1158
1171 0 2019 2667 7202 14.4924 1170
1172 0 2019 2683 7198 6.94427 1171
1173 0 2011 2691 7194 3.65685 1172
1174 0 2007 2695 7194 3.65685 1173
1175 0 2003 2699 7194 2 1174
1176 0 1999 2699 7194 2 1175
1177 0 1995 2699 7194 2 1176
1178 0 1991 2699 7194 2 1177
1179 0 2007 2619 7206 32.4093 1170
1180 0 1971 2643 7198 9.31371 1179
1181 0 1951 2651 7194 2 1180
1182 0 1951 2655 7194 2 1181
1183 0 1951 2659 7190 2 1182
1184 0 1947 2663 7186 6 1183
1185 0 1947 2671 7178 6 1184
1186 0 1943 2675 7174 3.65685 1185
1187 0 1943 2675 7166 3.65685 1186
1188 0 1943 2675 7162 3.65685 1187
1189 0 1943 2675 7158 2 1188
1190 2 2005.61 2621.78 7217.13 29.774 1179
1191 0 1975 2639 7214 6.94427 1190
1192 0 1967 2647 7214 9.31371 1191
1193 0 1955 2651 7214 6 1192
1194 0 1951 2655 7210 2 1193
1195 0 1947 2659 7210 2 1194
1196 0 1943 2663 7210 3.65685 1195
1197 0 1939 2671 7206 6.94427 1196
1198 0 1931 2679 7210 3.65685 1197
1199 0 1927 2679 7210 3.65685 1198
1200 0 1923 2679 7210 2 1199
1201 2 2004.8 2623.41 7223.62 28.2367 1190
1202 0 2039 2591 7254 9.31371 1201
1203 0 2043 2575 7254 2 1202
1204 0 2043 2571 7254 2 1203
1205 2 2003.75 2625.49 7231.97 26.2603 1201
1206 2 2018.45 2651.08 7245.74 19.9526 1205
1207 0 2027 2675 7262 10 1206
1208 0 2023 2687 7274 6.94427 1207
1209 0 2015 2695 7282 3.65685 1208
1210 0 2011 2695 7286 2 1209
1211 0 2007 2695 7286 2 1210
1212 0 2019 2683 7230 6.94427 1206
1213 0 2015 2691 7230 6.94427 1212
1214 0 2007 2695 7238 3.65685 1213
1215 0 2003 2699 7242 2 1214
1216 0 1999 2699 7246 2 1215
1217 2 2003.2 2626.59 7236.38 25.2171 1205
1218 0 1967 2643 7246 6 1217
1219 0 1955 2647 7250 9.31371 1218
1220 0 1939 2663 7246 6 1219
1221 0 1935 2671 7242 3.65685 1220
1222 0 1935 2675 7234 6 1221
1223 0 1931 2679 7226 3.65685 1222
1224 0 1927 2683 7222 2 1223
1225 2 2003 2621.15 7267.23 23.7114 1217
1226 0 2023 2663 7290 9.31371 1225
1227 0 2027 2675 7290 3.65685 1226
1228 0 2031 2679 7294 6 1227
1229 0 2031 2695 7306 6 1228
1230 0 2027 2699 7302 6 1229
1231 0 2023 2703 7306 6 1230
1232 0 2007 2707 7306 9.31371 1231
1233 0 1995 2707 7306 6 1232
1234 0 1987 2707 7306 6 1233
1235 0 1983 2703 7302 3.65685 1234
1236 0 1979 2699 7302 3.65685 1235
1237 0 1975 2695 7298 3.65685 1236
1238 0 1971 2695 7298 2 1237
1239 0 1999 2619 7310 28.4631 1225
1240 0 1975 2643 7310 14 1239
1241 0 1959 2651 7294 6.94427 1240
1242 0 1951 2647 7286 9.31371 1241
1243 0 1943 2655 7282 6 1242
1244 2 2000.53 2620.53 7316.88 28.6117 1239
1245 0 2023 2647 7322 10 1244
1246 0 2027 2667 7326 10 1245
1247 0 2031 2679 7322 3.65685 1246
1248 0 2035 2683 7322 3.65685 1247
1249 0 2039 2691 7326 6 1248
1250 2 2004.21 2624.21 7333.46 28.97 1244
1251 0 1963 2667.4 7360.8 14.1305 1250
1252 0 1963 2683 7366 6.94427 1251
1253 0 1979 2699 7374 6.94427 1252
1254 0 1991 2711 7382 6 1253
1255 0 2003 2715 7382 6 1254
1256 0 2011 2715 7390 6 1255
1257 0 2015 2723 7402 14 1256
1258 0 2015 2743 7402 10.6491 1257
1259 0 2031 2763 7406 3.65685 1258
1260 0 2039 2771 7406 3.65685 1259
1261 0 2043 2775 7406 3.65685 1260
1262 0 2047 2779 7406 2 1261
1263 0 1983 2707 7358 6 1253
1264 0 1991 2719 7358 6.94427 1263
1265 0 2003 2719 7346 6.94427 1264
1266 0 1967 2687 7350 2 1251
1267 0 1971 2691 7346 2 1266
1268 0 1975 2695 7342 6 1267
1269 0 1975 2695 7326 6 1268
1270 0 1971 2691 7318 6 1269
1271 0 1963 2687 7310 2 1270
1272 0 1963 2687 7306 2 1271
1273 2 2008.87 2627 7352.24 28.1117 1250
1274 0 1979 2647 7394 18 1273
1275 0 1975 2655 7426 6 1274
1276 0 1975 2655 7434 6 1275
1277 0 1975 2655 7446 10 1276
1278 0 1983 2659 7454 3.65685 1277
1279 0 1983 2663 7458 2 1278
1280 0 1983 2663 7462 2 1279
1281 0 1983 2663 7466 2 1280
1282 0 1979 2667 7470 3.65685 1281
1283 0 1975 2675 7474 6 1282
1284 0 1979 2691 7490 6 1283
1285 0 1975 2699 7498 6 1284
1286 0 1967 2679 7450 9.31371 1277
1287 0 1967 2691 7454 6 1286
1288 0 1963 2695 7458 2 1287
1289 0 1963 2699 7462 2 1288
1290 0 2027 2663 7350 10 1273
1291 2 2034.71 2674.57 7353.86 6.14286 1290
1292 0 2039 2683 7354 3.65685 1291
1293 0 2047 2703 7354 10 1292
1294 0 2031 2723 7362 6 1293
1295 0 2023 2723 7370 9.31371 1294
1296 0 2043 2679 7370 2 1291
1297 0 2047 2683 7370 3.65685 1296
1298 0 2055 2695 7378 10 1297
1299 0 2043 2707 7382 3.65685 1298
1300 0 2039 2707 7382 2 1299
1301 0 2035 2707 7382 2 1300
1302 2 2024.89 2627 7406.6 19.3481 1273
1303 0 2035 2651 7402 6.94427 1302
1304 0 2043 2667 7402 6 1303
1305 0 2047 2675 7402 3.65685 1304
1306 0 2051 2683 7402 6 1305
1307 0 2051 2691 7398 6 1306
1308 0 2047 2699 7398 3.65685 1307
1309 0 2043 2703 7402 2 1308
1310 0 2043 2627 7430 10.6491 1302
1311 2 2060.27 2640.27 7444.18 13.2384 1310
1312 0 2059 2623 7458 9.31371 1311
1313 0 2055 2607 7470 12.4222 1312
1314 0 2031 2595 7490 10 1313
1315 0 2015 2599 7494 15.8885 1314
1316 0 1995 2575 7498 6.94427 1315
1317 0 1967 2559 7486 10.6491 1316
1318 0 1939 2559 7494 6.94427 1317
1319 0 1931 2567 7498 6.94427 1318
1320 0 1927 2575 7494 3.65685 1319
1321 0 1927 2579 7494 2 1320
1322 0 2007 2623 7494 6.94427 1315
1323 0 1999 2639 7494 6 1322
1324 0 1995 2647 7494 6.94427 1323
1325 2 2063.42 2644.26 7447.26 13.5067 1311
1326 0 2059 2667 7442 6.94427 1325
1327 0 2059 2687 7442 6 1326
1328 0 2055 2695 7442 6.94427 1327
1329 0 2043 2703 7450 6 1328
1330 0 2027 2707 7462 6.94427 1329
1331 0 2019 2707 7466 6 1330
1332 0 2011 2703 7466 2 1331
1333 0 2007 2699 7466 2 1332
1334 2 2067 2656.57 7464.3 8.38095 1325
1335 0 2063 2675 7470 6 1334
1336 0 2063 2683 7478 6 1335
1337 0 2067 2691 7486 10 1336
1338 0 2063 2711 7490 12.4222 1337
1339 0 2051 2719 7490 6.94427 1338
1340 0 2035 2719 7498 6 1339
1341 0 2019 2711 7514 6 1340
1342 0 2015 2707 7518 6 1341
1343 2 2067 2661 7476 6.7082 1334
1344 0 2071 2651 7486 6.94427 1343
1345 0 2079 2643 7498 10 1344
1346 0 2079 2635 7514 6 1345
1347 0 2075 2627 7522 2 1346
1348 0 2075 2627 7526 2 1347
1349 0 2067 2667 7482 6 1343
1350 0 2071 2675 7498 10 1349
1351 0 2079 2683 7510 15.8885 1350
1352 0 2075 2703 7522 14.4924 1351
1353 0 2063 2707 7534 10 1352
1354 2 2050.11 2715.44 7542.89 10 1353
1355 0 2031 2719 7530 9.31371 1354
1356 0 2023 2707 7534 6.94427 1355
1357 0 2015 2703 7534 3.65685 1356
1358 0 2011 2699 7538 2 1357
1359 2 2044.78 2718.11 7548.22 10 1354
1360 0 2059 2739 7554 9.31371 1359
1361 0 2063 2743 7566 12.4222 1360
1362 0 2067 2755 7574 9.31371 1361
1363 0 2075 2763 7574 3.65685 1362
1364 0 2075 2767 7574 2 1363
1365 0 2035 2719 7558 10 1359
1366 0 2019 2715 7570 15.8885 1365
1367 0 1995 2699 7570 9.31371 1366
1368 0 1979 2691 7562 6.94427 1367
1369 0 1975 2683 7554 6.94427 1368
1370 0 1975 2675 7554 6 1369
1371 0 1979 2667 7550 2 1370
1372 0 1979 2663 7550 2 1371
