# Generated by NeuTu (https://github.com/janelia-flyem/NeuTu)
1 0 2207 2301 6811 6.94427 -1
2 0 2199 2301 6803 9.31371 1
3 0 2207 2293 6779 6.94427 2
4 0 2211 2293 6767 6 3
5 0 2211 2293 6759 3.65685 4
6 0 2211 2293 6751 6 5
7 0 2215 2293 6743 6 6
8 0 2215 2297 6735 3.65685 7
9 0 2219 2301 6731 3.65685 8
10 0 2223 2301 6723 3.65685 9
11 0 2227 2305 6719 6 10
12 0 2227 2309 6707 3.65685 11
13 0 2231 2313 6703 6 12
14 0 2231 2313 6695 6 13
15 0 2227 2309 6691 3.65685 14
16 2 2223.27 2305.27 6687.27 5.84304 15
17 0 2199 2301 6687 6.94427 16
18 0 2191 2293 6687 6.94427 17
19 0 2191 2281 6671 6 18
20 0 2191 2277 6663 6.94427 19
21 0 2199 2269 6655 3.65685 20
22 0 2203 2261 6647 6 21
23 0 2203 2261 6639 6 22
24 0 2203 2265 6631 3.65685 23
25 0 2199 2265 6623 6 24
26 0 2187 2261 6611 6.94427 25
27 0 2171 2249 6599 6 26
28 0 2163 2241 6599 3.65685 27
29 0 2159 2237 6599 3.65685 28
30 0 2151 2229 6599 6.94427 29
31 0 2143 2213 6595 9.31371 30
32 0 2151 2201 6583 3.65685 31
33 0 2155 2197 6579 3.65685 32
34 0 2159 2193 6575 2 33
35 0 2163 2193 6571 2 34
36 0 2239 2305 6675 6 16
37 0 2243 2309 6671 3.65685 36
38 0 2251 2309 6663 6.94427 37
39 0 2259 2313 6651 6 38
