# Generated by NeuTu (https://github.com/janelia-flyem/NeuTu)
1 0 2082 2419 6651 6 -1
2 0 2082 2411 6639 10 1
3 0 2086 2403 6631 6 2
4 0 2082 2395 6619 6 3
5 0 2070 2395 6607 6 4
6 0 2062 2395 6603 6 5
7 0 2054 2395 6595 2 6
8 0 2050 2399 6591 6 7
9 0 2034 2399 6587 6 8
10 2 2024 2399 6581 6.7082 9
11 0 2010 2395 6571 6 10
12 0 2002 2391 6563 6 11
13 0 2002 2391 6555 6 12
14 0 2010 2391 6543 2 13
15 0 2038 2403 6567 6 10
16 0 2042 2407 6563 3.65685 15
17 0 2042 2407 6559 3.65685 16
18 0 2042 2411 6555 2 17
19 0 2042 2415 6551 2 18
20 0 2042 2419 6547 2 19
