# Generated by NeuTu (https://github.com/janelia-flyem/NeuTu)
1 0 2172 2237 6926 6 -1
2 0 2176 2237 6906 9.31371 1
3 0 2188 2233 6890 6.94427 2
4 0 2192 2229 6882 6.94427 3
5 0 2196 2225 6866 6 4
6 0 2200 2229 6862 6 5
7 0 2204 2229 6846 6 6
8 0 2204 2233 6838 6 7
9 0 2212 2241 6830 6.94427 8
10 2 2226.67 2244.67 6826.33 11.9657 9
11 0 2240 2253 6826 6.94427 10
12 0 2244 2257 6834 6 11
13 0 2248 2253 6838 3.65685 12
14 0 2252 2249 6842 3.65685 13
15 0 2264 2237 6850 9.31371 14
16 0 2272 2229 6846 6 15
17 0 2276 2217 6842 6 16
18 0 2284 2205 6830 6 17
19 0 2292 2201 6822 6 18
20 0 2296 2197 6818 6 19
21 0 2296 2197 6810 6 20
22 0 2300 2193 6806 2 21
23 0 2304 2193 6802 2 22
24 0 2264 2229 6870 6 15
25 0 2264 2229 6886 6 24
26 0 2276 2237 6890 6 25
27 0 2228 2221 6842 9.31371 10
28 0 2216 2213 6854 6 27
29 0 2212 2209 6858 6 28
30 0 2212 2209 6866 6.94427 29
31 0 2204 2209 6874 3.65685 30
32 0 2200 2209 6874 2 31
33 0 2200 2217 6890 9.31371 4
34 0 2208 2209 6914 10 33
