# Generated by NeuTu (https://github.com/janelia-flyem/NeuTu)
1 0 2209 2004 6981 2 -1
2 0 2213 2004 6981 2 1
3 0 2217 2004 6985 3.65685 2
4 0 2225 2004 6985 6 3
5 0 2241 1988 6985 6.94427 4
6 2 2270.84 1985.62 6989.22 25.3259 5
7 2 2281.43 1991.68 6993.76 30.3858 6
8 0 2294.61 2048.11 7017 32.207 7
9 0 2305 2096 7009 10 8
10 0 2309 2112 7005 10 9
11 0 2309 2124 7005 6.94427 10
12 0 2305 2136 6997 6.94427 11
13 0 2293 2156 6985 9.31371 12
14 0 2285 2168 6973 6.94427 13
15 0 2277 2180 6965 9.31371 14
16 0 2273 2204 6961 10 15
17 2 2267.93 2217.6 6965.53 10.8861 16
18 0 2241 2240 6973 12.4222 17
19 0 2225 2248 6973 14.9706 18
20 0 2201 2260 6961 9.31371 19
21 0 2189 2264 6961 9.31371 20
22 0 2173 2268 6953 14 21
23 0 2145 2284 6953 9.31371 22
24 0 2129 2292 6953 6.94427 23
25 0 2117 2300 6961 9.31371 24
26 0 2105 2312 6965 14.4924 25
27 0 2073 2308 6965 9.31371 26
28 0 2057 2292 6969 6.94427 27
29 0 2045 2280 6973 6.94427 28
30 0 2029 2260 6977 10.6491 29
31 0 2017 2244 6993 6 30
32 0 2017 2236 6993 3.65685 31
33 0 2021 2232 6993 2 32
34 0 2297 2236 6953 12.4222 17
35 0 2317 2252 6937 14.4924 34
36 0 2345 2272 6925 12.4222 35
37 0 2361 2280 6925 10.6491 36
38 0 2377 2288 6921 14.4924 37
39 0 2397 2304 6905 6 38
40 0 2413 2308 6909 6 39
41 0 2281 2024 7065 18 8
42 0 2305 1956 6965 6 7
43 0 2309 1964 6953 9.31371 42
44 0 2313 1972 6945 6 43
45 0 2265 1940 6993 14.4924 6
46 0 2257 1924 6989 6.94427 45
