# Generated by NeuTu (https://github.com/janelia-flyem/NeuTu)
1 0 3048 3470 2150 2 -1
2 0 3048 3474 2154 3.65685 1
3 0 3048 3478 2162 6 2
4 0 3056 3482 2170 6 3
5 0 3064 3490 2178 6 4
6 0 3064 3490 2186 6 5
7 0 3076 3506 2194 6 6
8 2 3079.33 3512.67 2200.67 6.78689 7
9 0 3076 3526 2206 6.94427 8
10 0 3068 3534 2214 3.65685 9
11 0 3068 3542 2218 6 10
12 0 3072 3550 2218 3.65685 11
13 0 3072 3558 2218 6 12
14 0 3076 3574 2222 6 13
15 0 3072 3582 2222 6 14
16 0 3064 3590 2218 2 15
17 0 3064 3590 2214 2 16
18 0 3068 3594 2210 2 17
19 0 3068 3594 2206 2 18
20 0 3068 3594 2202 2 19
21 0 3104 3490 2194 9.31371 8
22 0 3108 3478 2198 6.94427 21
23 0 3112 3470 2198 2 22
24 0 3112 3466 2198 2 23
