# Generated by NeuTu (https://github.com/janelia-flyem/NeuTu)
1 0 2656 3133 6836 2 -1
2 0 2656 3129 6836 3.65685 1
3 0 2660 3113 6848 10 2
4 0 2644 3105 6864 10.6491 3
5 0 2620 3097 6880 10.6491 4
6 0 2604 3093 6884 14.4924 5
7 0 2584 3093 6888 10 6
8 0 2544 3089 6896 21.3238 7
9 0 2516 3077 6916 33.7771 8
10 0 2484 3057 6952 24.8328 9
11 2 2437.23 3020.58 6984.42 41.4145 10
12 2 2412 3013 7008 43.9804 11
13 2 2391.16 3019.95 7028.84 33.5252 12
14 0 2364 3013 7104 10.6491 13
15 0 2360 3017 7128 10.6491 14
16 0 2349.79 3025.74 7154.21 14 15
17 0 2336 3037 7196 9.31371 16
18 0 2324 3045 7212 10.6491 17
19 0 2312 3053 7232 9.31371 18
20 0 2300 3057 7256 14 19
21 0 2280 3053 7296 14 20
22 0 2272 3061 7324 10 21
23 0 2252 3061 7344 6.94427 22
24 0 2220 3049 7368 12.4222 23
25 0 2200 3037 7376 9.31371 24
26 0 2188 3029 7380 12.4222 25
27 0 2164 3021 7384 10 26
28 0 2152 3021 7384 6.94427 27
29 0 2136 3021 7388 10 28
30 0 2108 3017 7404 6.94427 29
31 0 2096 3017 7404 6.94427 30
32 0 2088 3013 7404 3.65685 31
33 0 2056 3009 7400 10 32
34 0 2032 3005 7400 10.6491 33
35 0 1996 3005 7404 18.3961 34
36 0 1960 2993 7396 12.4222 35
37 0 1932 2993 7392 10 36
38 0 1920 2989 7388 6 37
39 0 1904 2989 7384 10 38
40 0 1896 2993 7376 6.94427 39
41 0 2280 3029 7300 9.31371 21
42 0 2276 3001 7316 9.31371 41
43 0 2276 2989 7320 9.31371 42
44 0 2272 2981 7312 2 43
45 0 2272 2977 7312 2 44
46 0 2336 3009 7148 3.65685 16
47 0 2328 3005 7140 6 46
48 0 2320 3001 7132 9.31371 47
49 0 2312 2997 7124 9.31371 48
50 0 2312 2989 7116 6 49
51 0 2436 3013 7060 18 13
52 0 2444 3029 7064 9.31371 51
53 0 2372 2997 6972 18 12
54 0 2356 3005 6968 10 53
55 0 2340 3017 6964 9.31371 54
56 0 2332 3025 6964 9.31371 55
57 0 2316 3029 6952 3.65685 56
58 2 2308.44 3032.78 6944.44 6.76164 57
59 0 2300 3041 6936 6 58
60 0 2292 3045 6936 3.65685 59
61 0 2284 3053 6932 6.94427 60
62 0 2261.54 3074.86 6902.14 19.6189 61
63 0 2260 3097 6880 14 62
64 0 2268 3125 6880 3.65685 63
65 0 2272 3129 6876 2 64
66 0 2236 3061 6884 9.31371 62
67 0 2220 3057 6872 6 66
68 0 2308 3009 6940 6.94427 58
69 0 2312 2981 6948 15.8885 68
70 0 2304 2969 6960 12.4222 69
71 0 2280 2969 6968 6 70
72 0 2268 2969 6972 6.94427 71
73 0 2256 2973 6980 12.4222 72
74 0 2484 3045 6980 21.3238 11
75 0 2492 3049 7016 19.5407 74
76 0 2464 3049 7044 10.6491 75
77 0 2608 3073 6904 10.6491 6
78 0 2620 3061 6940 15.8885 77
