# Generated by NeuTu (https://github.com/janelia-flyem/NeuTu)
1 0 2153 2887 6888 9.31371 -1
2 0 2145 2871 6904 6.94427 1
3 0 2141 2863 6920 6 2
4 0 2141 2855 6928 10 3
5 0 2149 2835 6940 6 4
6 0 2153 2831 6944 6 5
7 0 2157 2819 6944 6 6
8 0 2161 2815 6948 6 7
9 0 2161 2795 6948 6 8
10 0 2161 2787 6952 6 9
11 0 2153 2755 6952 12.4222 10
12 0 2141 2735 6964 10 11
13 2 2141 2726.37 6973.9 8.93907 12
14 0 2141 2715 6992 6 13
15 0 2141 2707 7004 9.31371 14
16 0 2137 2703 7012 6 15
17 0 2137 2703 7028 6 16
18 0 2129 2707 7040 6.94427 17
19 0 2117 2703 7056 6 18
20 0 2109 2699 7068 6 19
21 0 2101 2699 7084 6 20
22 0 2093 2703 7092 6 21
23 0 2089 2703 7100 3.65685 22
24 0 2081 2703 7108 3.65685 23
25 0 2077 2703 7116 6 24
26 0 2069 2699 7128 6 25
27 0 2069 2699 7144 6 26
28 0 2069 2699 7152 6.94427 27
29 0 2061 2703 7160 3.65685 28
30 0 2061 2703 7168 3.65685 29
31 0 2057 2707 7172 6 30
32 0 2049 2715 7180 6 31
33 0 2041 2723 7188 6 32
34 0 2041 2731 7192 6 33
35 0 2157 2715 6964 6 13
36 0 2165 2711 6956 9.31371 35
37 0 2173 2715 6944 6.94427 36
