# Generated by NeuTu (https://github.com/janelia-flyem/NeuTu)
1 0 1888 2659 7527 2 -1
2 0 1888 2663 7531 2 1
3 0 1896 2667 7539 10 2
4 0 1912 2671 7551 18 3
5 0 1948 2687 7575 23.2982 4
6 0 2004 2715 7591 18 5
7 0 2048 2743 7587 10.6491 6
8 0 2076 2763 7587 12.4222 7
9 0 2104 2787 7599 12.4222 8
10 0 2132 2807 7603 14 9
11 0 2160 2843 7607 18 10
12 0 2188 2879 7611 18 11
13 0 2208 2923 7615 12.4222 12
14 0 2224 2963 7615 10.6491 13
15 0 2224 2979 7615 14 14
16 0 2224 3007 7615 10 15
17 0 2220 3035 7615 14 16
18 0 2220 3071 7607 19.5407 17
19 0 2219.67 3146.59 7577.37 45.6027 18
20 2 2217.09 3175.03 7564.44 39.8272 19
21 0 2220 3219 7531 22.3311 20
22 0 2228 3259 7507 15.8885 21
23 0 2240 3283 7487 14.9706 22
24 0 2252 3295 7471 18 23
25 0 2264 3315 7443 14 24
26 0 2272 3331 7419 9.31371 25
27 0 2272 3363 7395 14.4924 26
28 0 2280 3399 7359 18.3961 27
29 0 2280 3415 7347 15.8885 28
30 0 2272 3443 7319 18 29
31 0 2272 3471 7291 18 30
32 0 2292 3507 7255 20.6274 31
33 0 2312 3523 7219 14 32
34 0 2328 3535 7191 12.4222 33
35 0 2344 3547 7163 14 34
36 0 2356 3563 7135 14.9706 35
37 0 2364 3575 7123 18 36
38 0 2376 3587 7095 14.9706 37
39 0 2384 3599 7075 20.6274 38
40 0 2388 3631 7031 15.8885 39
41 0 2388 3651 7007 12.4222 40
42 0 2388 3663 6987 6.94427 41
43 0 2380 3663 6959 14 42
44 0 2380 3663 6943 10.6491 43
45 0 2380 3683 6919 14 44
46 0 2372 3687 6891 10 45
47 0 2372 3687 6879 6 46
48 0 2364 3683 6871 6.94427 47
49 0 2352 3679 6883 6 48
50 0 2344 3671 6891 6.94427 49
51 0 2344 3659 6911 6.94427 50
52 0 2348 3647 6923 6 51
53 0 2352 3635 6935 6 52
54 0 2356 3631 6939 6 53
55 0 2364 3627 6947 9.31371 54
56 0 2384 3611 6955 6 55
57 0 2388 3599 6963 6 56
58 0 2384 3587 6971 6.94427 57
59 0 2371.54 3569.62 6973.62 8.9336 58
60 0 2368 3559 6963 6 59
61 0 2368 3543 6947 6 60
62 0 2372 3535 6939 6 61
63 0 2388 3535 6935 6 62
64 0 2396 3539 6931 6.94427 63
65 0 2404 3547 6931 3.65685 64
66 0 2412 3551 6931 6.94427 65
67 0 2432 3559 6931 10 66
68 0 2436 3547 6923 6.94427 67
69 0 2436 3531 6919 12.4222 68
70 0 2432 3511 6907 10 69
71 0 2440 3499 6903 6 70
72 0 2440 3475 6907 10 71
73 0 2436 3455 6907 6.94427 72
74 0 2428 3443 6911 6.94427 73
75 0 2424 3427 6911 6 74
76 0 2420 3423 6915 6 75
77 0 2420 3407 6915 6 76
78 0 2416 3391 6919 6 77
79 0 2412 3387 6923 6 78
80 0 2408 3383 6927 3.65685 79
81 0 2400 3379 6927 6 80
82 0 2396 3375 6931 3.65685 81
83 0 2392 3371 6927 2 82
84 0 2356 3551 6991 10.6491 59
85 0 2344 3547 6999 6 84
86 0 2332 3539 6999 6.94427 85
87 0 2324 3539 6999 3.65685 86
88 0 2320 3535 6999 2 87
89 0 2376 3671 6851 6.94427 48
90 0 2380 3671 6835 6 89
91 0 2296 3427 7367 10 29
92 0 2312 3439 7379 6.94427 91
93 0 2320 3443 7379 3.65685 92
94 0 2324 3447 7383 6 93
95 0 2200 3243 7563 9.31371 21
96 0 2196 3251 7567 6 95
97 0 2192 3263 7567 6 96
98 0 2188 3267 7559 2 97
99 0 2188 3267 7555 2 98
100 0 2244 3131 7523 14.9706 20
101 0 2256 3119 7511 9.31371 100
102 0 2284 3119 7503 9.31371 101
103 0 2296 3123 7503 2 102
104 0 2300 3123 7503 2 103
105 0 2252 3115 7543 9.31371 19
106 0 2252 3095 7539 3.65685 105
107 0 2256 3091 7535 2 106
108 0 2260 3087 7531 2 107
