# Generated by NeuTu (https://github.com/janelia-flyem/NeuTu)
1 0 2145 3599 6909 6 -1
2 0 2141 3595 6897 9.31371 1
3 0 2129 3599 6897 6 2
4 0 2109 3603 6901 6 3
5 0 2093 3619 6897 6.94427 4
6 0 2081 3635 6893 6.94427 5
7 0 2073 3647 6889 6.94427 6
8 0 2053 3663 6889 9.31371 7
9 0 2029 3679 6897 12.4222 8
10 0 2013 3687 6917 10 9
11 0 2005 3683 6941 9.31371 10
12 0 1997 3679 6949 6 11
13 2 1987 3679 6959 6.94427 12
14 0 1969 3671 6969 10 13
15 0 1949 3667 6977 6.94427 14
16 0 1941 3663 6985 6 15
17 0 1941 3655 6989 6 16
18 0 1941 3643 6997 10 17
19 0 1941 3623 6997 6 18
20 0 1997 3687 6969 6.94427 13
21 0 2013 3687 6985 6 20
22 0 2029 3691 7001 6.94427 21
23 0 2037 3699 7009 2 22
24 0 2041 3699 7009 2 23
