# Generated by NeuTu (https://github.com/janelia-flyem/NeuTu)
1 0 2090 3380 6628 6.94427 -1
2 0 2090 3392 6632 6 1
3 0 2086 3396 6636 2 2
4 0 2082 3400 6640 6 3
5 0 2066 3404 6644 9.31371 4
6 0 2046 3420 6648 3.65685 5
7 0 2038 3424 6648 6.94427 6
8 0 2030 3432 6648 6.94427 7
9 0 2018 3428 6648 6 8
10 0 2006 3424 6660 6 9
11 0 1998 3428 6672 6 10
12 0 1994 3432 6680 6 11
13 0 1974 3428 6680 6 12
14 0 1962 3424 6684 6 13
15 0 1946 3424 6688 6.94427 14
16 0 1930 3432 6704 6.94427 15
17 0 1922 3432 6720 6 16
18 0 1914 3440 6728 6.94427 17
19 0 1902 3448 6744 6 18
20 0 1894 3456 6752 2 19
21 0 1894 3460 6756 2 20
22 0 1894 3464 6756 2 21
