# Generated by NeuTu (https://github.com/janelia-flyem/NeuTu)
1 0 2403 3608 6783 6 -1
2 0 2407 3616 6783 6 1
3 0 2411 3624 6779 9.31371 2
4 0 2419 3636 6767 6 3
5 0 2423 3644 6759 10 4
6 0 2431 3660 6755 10 5
7 0 2419 3668 6767 6 6
8 0 2411 3668 6771 6 7
9 0 2407 3664 6775 3.65685 8
10 0 2387 3660 6779 9.31371 9
11 0 2367 3660 6791 9.31371 10
12 0 2359 3656 6799 9.31371 11
13 0 2359 3656 6811 6.94427 12
14 0 2347 3664 6827 6 13
15 0 2339 3664 6835 6.94427 14
16 0 2331 3656 6839 6 15
17 0 2327 3656 6847 6 16
18 0 2323 3660 6851 2 17
19 0 2319 3660 6851 2 18
