# Generated by NeuTu (https://github.com/janelia-flyem/NeuTu)
1 0 2574 4130 1627 2 -1
2 0 2578 4130 1623 3.65685 1
3 0 2586 4130 1615 6 2
4 0 2594 4138 1607 6.94427 3
5 0 2614 4158 1603 6.94427 4
6 0 2630 4178 1603 9.31371 5
7 0 2646 4198 1603 9.31371 6
8 2 2656.91 4208.91 1615.73 10 7
9 0 2650 4218 1627 9.31371 8
10 0 2642 4222 1635 6 9
11 2 2630.39 4225.87 1642.74 9.2067 10
12 0 2622 4218 1651 6 11
13 0 2622 4210 1659 6.94427 12
14 0 2614 4202 1667 9.31371 13
15 0 2614 4190 1667 6 14
16 0 2610 4178 1667 6 15
17 0 2606 4170 1671 3.65685 16
18 0 2602 4166 1675 6 17
19 0 2646 4242 1647 9.31371 11
20 0 2654 4250 1643 9.31371 19
21 0 2662 4266 1647 6 20
22 0 2682 4230 1599 12.4222 8
23 0 2694 4238 1591 6 22
24 0 2702 4246 1591 2 23
25 0 2706 4246 1591 2 24
