# Generated by NeuTu (https://github.com/janelia-flyem/NeuTu)
1 0 2301 3528 6902 6 -1
2 0 2313 3536 6890 6.94427 1
3 0 2317 3544 6886 9.31371 2
4 0 2317 3556 6886 6 3
5 0 2317 3572 6886 6 4
6 0 2317 3580 6886 6 5
7 0 2313 3596 6886 10 6
8 2 2305.57 3607.14 6889.71 12.2492 7
9 0 2285 3616 6910 6 8
10 0 2269 3620 6926 9.31371 9
11 0 2269 3632 6930 6.94427 10
12 0 2277 3644 6930 6.94427 11
13 0 2285 3656 6926 10 12
14 0 2281 3672 6910 6.94427 13
15 0 2285 3684 6898 6 14
16 0 2261 3600 6946 6.94427 10
17 0 2253 3580 6958 6 16
18 0 2253 3568 6966 6.94427 17
19 0 2249 3560 6970 6 18
20 0 2317 3620 6866 10 8
21 0 2317 3640 6854 6 20
