# Generated by NeuTu (https://github.com/janelia-flyem/NeuTu)
1 0 2034 3419 6956 2 -1
2 0 2038 3415 6956 3.65685 1
3 0 2034 3407 6956 6.94427 2
4 0 2026 3399 6948 6 3
5 0 2010 3399 6948 6.94427 4
6 0 1994 3387 6936 6 5
7 0 1978 3391 6932 6 6
8 0 1970 3391 6928 6 7
9 0 1962 3391 6928 2 8
10 0 1958 3391 6928 2 9
11 0 1950 3391 6928 6 10
12 0 1942 3391 6924 6 11
13 0 1934 3399 6916 6.94427 12
14 2 1930.22 3406.56 6908.44 9.18207 13
15 0 1942 3415 6900 10.6491 14
16 0 1970 3427 6900 6.94427 15
17 0 1974 3443 6896 6 16
18 0 1982 3459 6896 9.31371 17
19 2 1995.54 3469.15 6892.62 9.31371 18
20 0 2002 3483 6884 6.94427 19
21 0 2010 3495 6880 6.94427 20
22 0 2022 3503 6888 6 21
23 0 2030 3503 6896 6 22
24 0 2038 3499 6904 3.65685 23
25 0 2046 3499 6912 6 24
26 0 2066 3507 6932 6 25
27 0 2006 3451 6904 6.94427 19
28 0 2018 3443 6908 6.94427 27
29 0 2034 3443 6908 6.94427 28
30 0 2042 3439 6916 9.31371 29
31 0 2050 3435 6924 6.94427 30
32 0 1918 3391 6904 9.31371 14
33 0 1902 3395 6900 6.94427 32
34 0 1894 3407 6900 2 33
