# Generated by NeuTu (https://github.com/janelia-flyem/NeuTu)
1 0 2394 1886 6995 2 -1
2 0 2394 1890 6991 2 1
3 0 2394 1894 6987 2 2
4 0 2398 1898 6983 6 3
5 0 2406 1906 6975 6 4
6 0 2414 1914 6967 6.94427 5
7 0 2422 1922 6963 9.31371 6
8 0 2438 1938 6959 6 7
9 0 2446 1942 6959 3.65685 8
10 0 2454 1946 6955 6 9
11 0 2466 1958 6951 9.31371 10
12 0 2474 1966 6947 10.6491 11
13 0 2486 1970 6939 6 12
14 0 2498 1974 6935 10 13
15 0 2518 1986 6919 6.94427 14
16 0 2522 1994 6903 6 15
17 0 2534 1990 6891 6 16
18 0 2538 1978 6879 6.94427 17
19 0 2546 1970 6875 3.65685 18
20 0 2550 1966 6871 3.65685 19
21 0 2554 1962 6867 6 20
22 0 2550 1958 6851 6 21
23 0 2546 1958 6843 6 22
24 0 2546 1958 6835 3.65685 23
25 0 2550 1958 6823 6 24
26 0 2550 1966 6815 3.65685 25
27 0 2550 1970 6803 6 26
28 0 2554 1974 6799 3.65685 27
29 0 2558 1978 6795 6 28
30 0 2570 1982 6787 6 29
31 0 2574 1986 6783 3.65685 30
32 0 2582 1994 6783 3.65685 31
33 0 2586 1994 6783 3.65685 32
34 0 2598 2002 6775 6.94427 33
35 0 2618 2006 6767 6.94427 34
36 0 2622 2006 6759 3.65685 35
37 0 2626 2010 6755 6 36
38 0 2630 2014 6751 6 37
39 0 2634 2010 6735 6 38
40 0 2638 2006 6719 6 39
41 0 2634 1998 6707 6.94427 40
42 0 2634 1990 6699 6.94427 41
43 0 2638 1982 6691 6.94427 42
44 0 2650 1978 6679 6 43
45 0 2662 1978 6663 6 44
46 0 2674 1970 6647 6 45
47 0 2678 1966 6631 6 46
48 0 2678 1958 6623 6 47
49 0 2686 1962 6611 6 48
50 0 2686 1962 6595 6 49
51 0 2690 1958 6587 6 50
52 0 2690 1954 6579 3.65685 51
53 0 2694 1950 6575 6 52
54 0 2694 1950 6567 3.65685 53
55 0 2694 1946 6563 3.65685 54
56 0 2694 1946 6559 2 55
57 0 2694 1946 6555 2 56
58 0 2606 1986 6695 6 42
59 0 2590 1986 6687 6 58
60 0 2582 1986 6687 6 59
61 0 2570 1982 6679 6 60
62 0 2566 1978 6675 6 61
63 0 2558 1974 6671 9.31371 62
64 0 2538 1970 6667 6.94427 63
65 0 2522 1962 6663 6.94427 64
66 0 2502 1954 6659 6.94427 65
67 0 2494 1946 6655 6 66
