# Generated by NeuTu (https://github.com/janelia-flyem/NeuTu)
1 0 2857 1828 6682 2 -1
2 0 2853 1828 6682 2 1
3 0 2849 1828 6682 2 2
4 0 2845 1824 6686 6 3
5 0 2833 1816 6702 9.31371 4
6 0 2817 1808 6722 6 5
7 0 2813 1808 6738 6 6
8 0 2801 1796 6746 6.94427 7
9 0 2793 1780 6758 3.65685 8
10 0 2793 1780 6762 3.65685 9
11 0 2793 1780 6770 6 10
12 0 2781 1776 6790 6 11
13 0 2777 1772 6794 6 12
14 0 2777 1772 6802 6 13
15 0 2777 1764 6810 3.65685 14
16 0 2777 1764 6814 3.65685 15
17 0 2773 1764 6818 2 16
