# Generated by NeuTu (https://github.com/janelia-flyem/NeuTu)
1 0 2646 2089 6805 2 -1
2 0 2650 2089 6809 3.65685 1
3 0 2658 2089 6817 10.6491 2
4 0 2670 2097 6837 10 3
5 0 2631.81 2102.34 6869.87 31.5342 4
6 2 2572.78 2108.24 6854.52 27.5556 5
7 0 2542 2109 6849 14.4924 6
8 2 2520.04 2105.86 6845.86 14.1062 7
9 0 2494 2113 6825 6.94427 8
10 0 2478 2129 6825 10.6491 9
11 2 2462.84 2147.53 6812.57 20.3774 10
12 2 2432.86 2157.71 6772.57 23.5723 11
13 0 2422 2141 6753 20.6274 12
14 0 2442 2121 6749 6.94427 13
15 0 2446 2113 6757 9.31371 14
16 0 2442 2113 6769 12.4222 15
17 0 2410 2141 6797 18 12
18 0 2402 2113 6781 10 17
19 0 2402 2105 6773 10 18
20 0 2398 2097 6761 6 19
21 0 2442 2117 6813 6.94427 11
22 0 2446 2113 6797 6 21
23 0 2438 2109 6785 10 22
24 0 2534 2093 6873 18 8
25 0 2550 2073 6889 6.94427 24
26 0 2558 2065 6885 6.94427 25
27 0 2598 2101 6817 14 6
28 0 2614 2097 6809 14.9706 27
29 0 2626 2085 6809 10 28
30 0 2634 2073 6821 6.94427 29
31 2 2627.16 2110.24 6871.89 29.0215 5
32 0 2610 2181 6881 9.31371 31
33 0 2594 2141 6897 12.4222 31
34 0 2590 2153 6889 10.6491 33
