# Generated by NeuTu (https://github.com/janelia-flyem/NeuTu)
1 0 2619 1847 6757 2 -1
2 0 2615 1863 6757 9.31371 1
3 0 2611 1875 6757 6.94427 2
4 0 2603 1887 6757 10 3
5 0 2603 1895 6765 10 4
6 0 2595 1931 6773 10 5
7 0 2591 1951 6785 10 6
8 0 2587 1963 6793 12.4222 7
9 0 2587 1975 6797 6.94427 8
10 0 2591 1991 6813 6 9
11 0 2591 2003 6829 6.94427 10
12 0 2571 2015 6849 9.31371 11
13 0 2575 2031 6861 6.94427 12
14 0 2587 2047 6865 6 13
15 0 2607 2051 6857 9.31371 14
16 0 2619 2055 6857 6 15
17 0 2631 2055 6857 10 16
18 0 2639 2063 6849 6.94427 17
19 0 2647 2071 6837 6.94427 18
20 0 2647 2079 6821 6 19
21 0 2643 2087 6809 6.94427 20
22 0 2639 2095 6801 6 21
23 0 2639 2103 6793 10.6491 22
24 0 2627 2107 6777 6.94427 23
25 0 2615 2103 6765 6 24
26 0 2607 2103 6765 2 25
27 0 2603 2099 6761 2 26
28 0 2647 2063 6877 6 17
29 0 2651 2079 6889 6.94427 28
