# Generated by NeuTu (https://github.com/janelia-flyem/NeuTu)
1 0 2848 2135 6960 2 -1
2 0 2852 2135 6956 3.65685 1
3 0 2852 2131 6944 9.31371 2
4 0 2844 2127 6920 9.31371 3
5 0 2844 2127 6908 6.94427 4
6 0 2824 2123 6888 6 5
7 0 2816 2123 6880 6 6
8 0 2812 2119 6876 3.65685 7
9 0 2804 2115 6868 6.94427 8
10 0 2788 2111 6864 6 9
11 0 2776 2103 6864 6 10
12 0 2760 2099 6860 6 11
13 0 2744 2095 6860 6.94427 12
14 0 2732 2087 6856 6 13
15 0 2724 2079 6856 6.94427 14
16 0 2708 2079 6840 6 15
17 0 2692 2087 6828 6 16
18 0 2680 2095 6816 6 17
19 0 2672 2095 6804 6 18
