# Generated by NeuTu (https://github.com/janelia-flyem/NeuTu)
1 0 2717 2616 7084 2 -1
2 0 2713 2620 7084 3.65685 1
3 0 2705 2616 7084 6.94427 2
4 0 2693 2616 7080 6 3
5 0 2685 2612 7072 6 4
6 0 2669 2600 7072 9.31371 5
7 0 2665 2588 7072 12.4222 6
8 0 2657 2564 7068 9.31371 7
9 0 2657 2552 7064 6 8
10 0 2657 2548 7056 3.65685 9
11 0 2661 2544 7052 6 10
12 0 2669 2540 7040 6 11
13 0 2677 2536 7032 6 12
14 0 2685 2532 7016 6 13
15 0 2689 2528 7004 6.94427 14
16 0 2693 2520 6992 10 15
17 0 2701 2528 6976 6.94427 16
18 0 2709 2536 6968 6.94427 17
