# Generated by NeuTu (https://github.com/janelia-flyem/NeuTu)
1 0 2458 2623 6671 6.94427 -1
2 0 2466 2619 6679 9.31371 1
3 0 2478 2619 6683 6 2
4 0 2494 2623 6675 6.94427 3
5 0 2502 2627 6667 6.94427 4
6 0 2502 2627 6659 6 5
7 0 2506 2619 6655 6 6
8 0 2506 2611 6651 3.65685 7
9 0 2510 2603 6651 6 8
10 0 2514 2595 6647 6 9
11 0 2518 2587 6647 3.65685 10
12 0 2526 2575 6639 6.94427 11
13 0 2538 2567 6635 6 12
14 0 2546 2559 6635 3.65685 13
15 0 2550 2555 6635 3.65685 14
16 0 2558 2547 6635 6.94427 15
17 0 2566 2539 6631 6 16
18 0 2570 2535 6627 3.65685 17
19 0 2570 2531 6623 3.65685 18
20 0 2570 2527 6623 2 19
21 0 2570 2523 6623 2 20
