# Generated by NeuTu (https://github.com/janelia-flyem/NeuTu)
1 0 2895 3849 1609 6 -1
2 0 2915 3857 1613 9.31371 1
3 0 2943 3861 1621 6.94427 2
4 0 2963 3869 1637 6 3
5 0 2971 3873 1645 6 4
6 2 2971 3865.4 1660.2 12.1011 5
7 0 2971 3845 1685 9.31371 6
8 0 2959 3833 1701 3.65685 7
9 0 2959 3825 1709 6 8
10 2 2955 3818.11 1718.79 6.68328 9
11 0 2951 3817 1733 9.31371 10
12 0 2943 3813 1741 6.94427 11
13 0 2935 3813 1741 2 12
14 0 2931 3809 1745 6 13
15 0 2931 3805 1757 3.65685 14
16 0 2931 3797 1765 3.65685 15
17 0 2931 3797 1773 3.65685 16
18 0 2931 3797 1777 2 17
19 0 2931 3797 1789 6 18
20 0 2931 3797 1809 6 19
21 0 2939 3801 1821 6 20
22 0 2943 3805 1825 3.65685 21
23 0 2947 3809 1829 6 22
24 0 2951 3817 1833 2 23
25 0 2951 3821 1837 2 24
26 0 2959 3829 1721 3.65685 10
27 0 2963 3837 1721 3.65685 26
28 0 2967 3841 1721 3.65685 27
29 0 2967 3849 1729 6 28
30 0 2975 3861 1741 3.65685 29
31 0 2979 3865 1741 3.65685 30
32 0 2983 3865 1745 3.65685 31
33 0 2987 3861 1749 2 32
34 0 2947 3857 1653 6.94427 6
35 0 2935 3853 1649 6.94427 34
