# Generated by NeuTu (https://github.com/janelia-flyem/NeuTu)
1 0 2552 2941 6656 6 -1
2 0 2548 2949 6640 6.94427 1
3 0 2544 2949 6624 6 2
4 0 2536 2945 6612 6 3
5 0 2540 2949 6604 2 4
6 0 2540 2949 6600 2 5
7 0 2540 2949 6596 3.65685 6
8 0 2540 2949 6588 3.65685 7
9 0 2540 2949 6584 3.65685 8
10 0 2540 2949 6576 6 9
11 0 2540 2953 6564 6 10
12 0 2540 2949 6556 3.65685 11
13 0 2544 2949 6548 6 12
14 0 2544 2949 6540 3.65685 13
15 0 2548 2949 6532 6 14
16 0 2556 2953 6512 6 15
17 0 2560 2957 6504 3.65685 16
18 0 2564 2961 6500 2 17
