# Generated by NeuTu (https://github.com/janelia-flyem/NeuTu)
1 0 2673 3194 6559 2 -1
2 0 2673 3194 6563 2 1
3 0 2677 3190 6567 3.65685 2
4 0 2681 3186 6571 3.65685 3
5 0 2681 3182 6575 3.65685 4
6 0 2685 3178 6579 6 5
7 0 2685 3170 6587 6 6
8 0 2689 3162 6595 10 7
9 0 2689 3154 6611 6 8
10 0 2693 3154 6619 6 9
11 0 2697 3158 6623 2 10
12 0 2697 3158 6627 2 11
13 0 2697 3158 6631 3.65685 12
14 0 2697 3158 6639 3.65685 13
15 0 2701 3154 6643 6 14
16 0 2705 3150 6647 6 15
17 0 2705 3150 6655 6.94427 16
18 0 2705 3150 6671 6 17
19 0 2705 3150 6679 3.65685 18
20 0 2709 3150 6687 6 19
21 0 2713 3146 6699 6 20
22 0 2713 3130 6715 9.31371 21
23 0 2721 3126 6723 6 22
24 0 2729 3130 6735 6 23
25 0 2733 3122 6739 6.94427 24
26 0 2729 3138 6643 6.94427 17
27 0 2729 3146 6635 3.65685 26
28 0 2729 3146 6631 3.65685 27
29 0 2729 3146 6623 6 28
30 0 2725 3138 6615 3.65685 29
31 0 2725 3138 6611 3.65685 30
32 0 2725 3134 6607 2 31
