# Generated by NeuTu (https://github.com/janelia-flyem/NeuTu)
1 0 2936 3206 6843 2 -1
2 0 2932 3206 6843 3.65685 1
3 0 2920 3202 6835 10 2
4 0 2896 3194 6835 14 3
5 0 2864 3182 6847 9.31371 4
6 0 2852 3186 6855 6 5
7 0 2836 3190 6871 6 6
8 2 2828.62 3190 6882.08 10.2915 7
9 0 2824 3198 6895 6 8
10 0 2824 3214 6907 6 9
11 0 2824 3218 6915 6.94427 10
12 0 2816 3210 6927 6.94427 11
13 0 2816 3202 6939 6 12
14 0 2816 3198 6947 6 13
15 0 2824 3194 6955 2 14
16 0 2828 3194 6959 2 15
17 0 2828 3194 6963 2 16
18 0 2804 3198 6867 10 8
19 0 2796 3198 6859 9.31371 18
