# Generated by NeuTu (https://github.com/janelia-flyem/NeuTu)
1 0 2614 3677 6917 2 -1
2 0 2610 3665 6921 9.31371 1
3 0 2622 3653 6937 10 2
4 0 2626 3649 6949 6.94427 3
5 0 2638 3641 6961 6.94427 4
6 0 2646.29 3616.57 6973.14 10.5168 5
7 0 2654 3605 6977 6.94427 6
8 0 2662 3593 6977 6.94427 7
9 0 2674 3577 6981 6.94427 8
10 0 2682 3565 6989 6 9
11 0 2686 3561 6993 3.65685 10
12 0 2686 3557 6993 3.65685 11
13 0 2690 3553 6997 3.65685 12
14 0 2698 3545 6997 3.65685 13
15 0 2702 3541 6997 2 14
16 0 2706 3541 6997 3.65685 15
17 0 2710 3537 6997 2 16
18 0 2618 3601 6981 9.31371 6
19 0 2606 3597 6993 6.94427 18
20 0 2598 3589 6997 3.65685 19
21 0 2594 3585 6997 3.65685 20
22 0 2586 3581 6997 6 21
