# Generated by NeuTu (https://github.com/janelia-flyem/NeuTu)
1 0 2512 3515 6999 2 -1
2 0 2512 3519 6999 2 1
3 0 2508 3527 6999 6.94427 2
4 0 2496 3543 6991 12.4222 3
5 0 2484 3555 6983 6.94427 4
6 0 2476 3563 6983 6.94427 5
7 0 2464 3571 6967 6 6
8 0 2464 3575 6955 6 7
9 0 2460 3583 6947 6 8
10 0 2456 3587 6931 6 9
11 0 2452 3587 6915 6 10
12 0 2452 3591 6899 6.94427 11
13 0 2456 3599 6891 6 12
14 0 2456 3607 6883 9.31371 13
15 0 2468 3619 6875 9.31371 14
16 0 2476 3631 6867 6.94427 15
17 0 2480 3639 6863 9.31371 16
18 0 2492 3651 6859 6.94427 17
19 0 2500 3667 6859 6.94427 18
20 0 2508 3683 6859 6 19
21 0 2512 3691 6863 3.65685 20
22 0 2516 3695 6867 2 21
