# Generated by NeuTu (https://github.com/janelia-flyem/NeuTu)
1 0 2747 3265 6514 2 -1
2 0 2751 3269 6518 3.65685 1
3 0 2759 3277 6526 9.31371 2
4 0 2767 3289 6538 9.31371 3
5 0 2775 3297 6542 9.31371 4
6 0 2779 3305 6550 6 5
7 0 2783 3317 6558 6 6
8 0 2784.2 3335.4 6558 6 7
9 0 2791 3349 6558 3.65685 8
10 2 2799 3358.2 6557.6 9.38234 9
11 0 2799 3369 6554 10 10
12 0 2795 3389 6554 6 11
13 0 2787 3405 6558 6.94427 12
14 0 2775 3421 6562 6.94427 13
15 0 2767 3441 6566 10 14
16 0 2763 3449 6586 6 15
17 0 2763 3449 6598 6 16
18 0 2767 3453 6602 6 17
19 0 2767 3449 6610 6 18
20 0 2767 3449 6618 3.65685 19
21 0 2771 3445 6622 2 20
22 0 2811 3357 6574 6 10
23 0 2815 3357 6586 6 22
24 0 2815 3353 6602 6 23
25 0 2819 3349 6618 6 24
26 0 2823 3345 6626 6 25
27 0 2783 3329 6582 6 8
28 0 2779 3325 6586 3.65685 27
29 0 2779 3325 6590 2 28
30 0 2779 3325 6594 3.65685 29
31 0 2779 3321 6598 3.65685 30
32 0 2775 3317 6602 3.65685 31
33 0 2771 3317 6610 6 32
34 0 2759 3313 6622 6 33
