# Generated by NeuTu (https://github.com/janelia-flyem/NeuTu)
1 0 2451 3655 6545 2 -1
2 0 2455 3659 6545 3.65685 1
3 0 2463 3663 6545 6.94427 2
4 0 2471 3667 6549 3.65685 3
5 0 2479 3671 6557 10 4
6 0 2495 3671 6573 9.31371 5
7 0 2503 3671 6581 6 6
8 0 2512.2 3667 6591.4 6 7
9 0 2515 3667 6605 6 8
10 0 2515 3679 6617 6.94427 9
11 0 2515 3683 6633 6 10
12 0 2515 3691 6645 2 11
13 0 2515 3691 6649 2 12
14 0 2523 3659 6589 6.94427 8
15 0 2527 3639 6589 6 14
16 0 2527 3631 6589 6.94427 15
17 0 2519 3623 6585 2 16
18 0 2519 3619 6585 2 17
