# Generated by NeuTu (https://github.com/janelia-flyem/NeuTu)
1 0 2642 3573 6753 9.31371 -1
2 0 2646 3585 6749 10.6491 1
3 0 2630 3605 6745 6 2
4 0 2630 3613 6741 6.94427 3
5 0 2626 3625 6721 6 4
6 0 2622 3621 6717 6 5
7 0 2622 3621 6709 6 6
8 0 2618 3613 6697 6 7
9 0 2622 3621 6677 9.31371 8
10 0 2622 3629 6669 9.31371 9
11 0 2622 3629 6653 9.31371 10
12 0 2626 3637 6645 6 11
13 0 2634 3641 6633 6 12
14 0 2642 3657 6613 9.31371 13
15 0 2646 3665 6609 3.65685 14
16 0 2646 3669 6609 3.65685 15
17 0 2646 3673 6609 2 16
