# Generated by NeuTu (https://github.com/janelia-flyem/NeuTu)
1 0 2679 3408 6785 2 -1
2 0 2683 3404 6781 3.65685 1
3 0 2683 3400 6777 3.65685 2
4 0 2679 3392 6777 6 3
5 0 2679 3380 6777 6 4
6 0 2679 3368 6773 9.31371 5
7 0 2679 3360 6781 3.65685 6
8 0 2683 3344 6789 6.94427 7
9 0 2691 3340 6781 3.65685 8
10 0 2695 3340 6777 3.65685 9
11 0 2703 3332 6773 6.94427 10
12 0 2723 3316 6757 6.94427 11
13 0 2727 3316 6749 3.65685 12
14 0 2731 3312 6745 2 13
15 0 2731 3312 6741 3.65685 14
16 0 2735 3312 6733 3.65685 15
17 0 2739 3312 6725 3.65685 16
18 0 2743 3312 6717 3.65685 17
19 0 2751 3316 6709 6 18
20 0 2767 3320 6705 6.94427 19
21 0 2775 3324 6705 6.94427 20
22 0 2783 3332 6705 3.65685 21
23 0 2787 3336 6705 3.65685 22
24 0 2787 3340 6709 2 23
25 0 2671 3332 6797 6 8
26 0 2663 3332 6801 2 25
27 0 2659 3332 6801 3.65685 26
28 0 2651 3340 6805 6.94427 27
29 0 2643 3348 6809 2 28
30 0 2639 3348 6809 2 29
