# Generated by NeuTu (https://github.com/janelia-flyem/NeuTu)
1 0 2876 3547 6781 2 -1
2 0 2876 3551 6781 3.65685 1
3 0 2884 3559 6785 6.94427 2
4 0 2884 3575 6789 6.94427 3
5 0 2868 3587 6797 9.31371 4
6 0 2852 3587 6813 6.94427 5
7 0 2843.33 3586.33 6821.67 3.65685 6
8 0 2840 3583 6825 3.65685 7
9 0 2824 3587 6833 9.31371 8
10 0 2816 3587 6841 6 9
11 0 2796 3587 6845 6 10
12 0 2788 3591 6849 6 11
13 0 2844 3591 6829 3.65685 7
14 0 2848 3595 6833 3.65685 13
15 0 2848 3595 6841 3.65685 14
16 0 2852 3595 6853 6 15
17 0 2860 3591 6865 6 16
