# Generated by NeuTu (https://github.com/janelia-flyem/NeuTu)
1 0 2665 3367 6919 6 -1
2 0 2661 3363 6915 6 1
3 0 2661 3359 6903 6 2
4 0 2661 3359 6895 6 3
5 0 2653 3367 6883 10 4
6 0 2641 3371 6875 14.4924 5
7 2 2627.85 3380.15 6869.85 8.83542 6
8 0 2621 3387 6863 6 7
9 0 2617 3399 6847 6 8
10 0 2617 3399 6839 3.65685 9
11 0 2617 3399 6831 6 10
12 0 2621 3407 6819 6 11
13 0 2621 3419 6803 6 12
14 0 2621 3427 6795 10 13
15 0 2629 3435 6787 10 14
16 0 2641 3435 6787 10 15
17 0 2653 3423 6779 6.94427 16
18 0 2665 3411 6775 6.94427 17
19 0 2621 3379 6891 10.6491 7
20 0 2629 3379 6911 6 19
21 0 2645 3367 6927 6 20
