# Generated by NeuTu (https://github.com/janelia-flyem/NeuTu)
1 0 3309 4003 2167 6.94427 -1
2 0 3309 3995 2179 6 1
3 0 3309 3983 2195 6 2
4 0 3309 3979 2211 6.94427 3
5 0 3305 3975 2219 6 4
6 0 3305 3975 2227 3.65685 5
7 0 3301 3971 2239 6 6
8 0 3293 3963 2259 6 7
9 0 3289 3967 2275 6 8
10 0 3285 3967 2283 3.65685 9
11 0 3285 3963 2291 6 10
12 0 3277 3959 2299 6 11
13 0 3273 3959 2311 9.31371 12
14 0 3265 3955 2319 6 13
15 0 3265 3955 2335 9.31371 14
16 0 3261 3955 2355 6.94427 15
17 0 3261 3959 2371 6.94427 16
18 0 3265 3959 2383 9.31371 17
19 0 3261 3951 2399 9.31371 18
20 0 3261 3955 2411 6 19
21 0 3261 3959 2419 6.94427 20
22 0 3265 3951 2435 6 21
23 0 3261 3951 2451 6 22
24 0 3257 3951 2459 6 23
25 0 3257 3951 2467 3.65685 24
26 0 3253 3947 2471 6 25
27 0 3249 3939 2483 6 26
28 0 3249 3931 2491 6.94427 27
29 0 3253 3931 2499 6 28
30 0 3253 3927 2507 3.65685 29
31 0 3253 3923 2515 6 30
32 0 3249 3919 2519 3.65685 31
33 0 3249 3915 2527 3.65685 32
34 0 3249 3915 2535 6 33
35 0 3245 3915 2547 3.65685 34
36 0 3245 3911 2559 6 35
37 0 3241 3903 2575 6.94427 36
38 0 3237 3891 2591 6.94427 37
39 0 3233 3883 2599 6 38
40 0 3233 3879 2611 9.31371 39
41 0 3225 3867 2619 6.94427 40
42 0 3217 3859 2615 6 41
43 0 3213 3855 2619 3.65685 42
44 0 3213 3847 2623 6 43
45 0 3213 3831 2627 6 44
46 0 3209 3827 2631 2 45
47 0 3205 3823 2631 2 46
