# Generated by NeuTu (https://github.com/janelia-flyem/NeuTu)
1 0 3270 2040 7244 12.4222 -1
2 0 3274 2056 7240 14 1
3 0 3286 2076 7216 15.8885 2
4 0 3310 2048 7204 30 3
5 0 3300.31 1935.1 7236 34.3765 4
6 0 3270 1848 7232 34 5
7 2 3255.1 1840.55 7220.83 37.0354 6
8 2 3253.45 1839.72 7219.59 37.3727 7
9 2 3240.76 1833.38 7210.07 39.9585 8
10 2 3232.54 1829.27 7191.61 33.9656 9
11 2 3223.85 1824.93 7165.56 23.5478 10
12 0 3218 1840 7124 14.4924 11
13 0 3231.73 1835.46 7080.1 20.7694 12
14 0 3201.33 1811.33 7010.67 15.907 13
15 0 3178 1788 6984 12.4222 14
16 2 3167.11 1762.78 6954.78 14 15
17 0 3162 1760 6904 10.6491 16
18 0 3146 1756 6888 9.31371 17
19 0 3138 1752 6884 6 18
20 0 3122 1752 6884 6 19
21 0 3114 1748 6880 2 20
22 0 3110 1748 6876 2 21
23 0 3154 1756 6976 10 16
24 0 3134 1748 6972 2 23
25 0 3130 1748 6972 2 24
26 0 3126 1748 6972 2 25
27 0 3122 1748 6972 2 26
28 0 3118 1748 6972 2 27
29 0 3234 1840 7000 22 14
30 0 3246 1832 7024 12.4222 29
31 0 3274 1820 7080 10.6491 13
32 0 3286 1816 7092 10.6491 31
33 0 3294 1812 7104 6 32
34 0 3258 1868 7164 18 11
35 0 3266 1884 7168 9.31371 34
36 2 3212.81 1824.09 7205.81 32.4178 10
37 2 3185.63 1816.95 7225.39 30.2848 36
38 0 3162 1804 7248 15.8885 37
39 0 3142 1800 7272 14 38
40 0 3130 1820 7300 23.6125 39
41 2 3130.88 1827.02 7306.14 23.6125 40
42 2 3133.54 1848.35 7324.81 23.6125 41
43 2 3134 1863.53 7337.88 19.6544 42
44 0 3134 1880 7352 14 43
45 0 3126 1884 7372 19.5407 44
46 0 3114 1896 7384 14.4924 45
47 2 3095.67 1903.33 7402.33 25.041 46
48 0 3042 1904 7396 6 47
49 0 3034 1904 7392 3.65685 48
50 0 3030 1900 7388 2 49
51 0 3090 1932 7380 10 47
52 0 3078 1936 7372 6 51
53 0 3070 1936 7368 6 52
54 0 3134 1848 7392 14 45
55 0 3126 1832 7400 3.65685 54
56 0 3126 1828 7400 2 55
57 0 3142 1892 7328 14.4924 43
58 0 3134 1904 7340 15.8885 57
59 0 3122 1908 7352 6.94427 58
60 0 3094 1836 7344 9.31371 42
61 0 3082 1832 7356 14 60
62 0 3074 1844 7376 6 61
63 0 3070 1848 7380 3.65685 62
64 0 3070 1852 7380 2 63
65 0 3114 1876 7296 21.3238 41
66 0 3134 1896 7296 18.3961 65
67 0 3126 1932 7320 20.6274 66
68 0 3182 1808 7324 10 40
69 0 3206 1812 7324 12.4222 68
70 0 3218 1812 7332 10 69
71 0 3230 1812 7336 12.4222 70
72 0 3246 1832 7340 3.65685 71
73 0 3250 1836 7340 2 72
74 0 3130 1796 7204 10 37
75 0 3214 1828 7264 14 36
76 0 3202 1832 7276 10 75
77 0 3190 1828 7280 10.6491 76
78 0 3178 1828 7272 6 77
79 0 3234 1828 7276 14 9
80 0 3230 1816 7292 14.4924 79
81 0 3226 1800 7292 6.94427 80
82 0 3226 1792 7296 6 81
83 0 3294 1824 7200 14.4924 8
84 0 3322 1832 7196 14.9706 83
85 0 3330 1856 7208 6 84
86 0 3334 1860 7212 6 85
87 2 3287.92 1883.2 7189.44 23.569 7
88 0 3298 1900 7176 9.31371 87
89 0 3314 1904 7208 14 87
90 0 3334 1888 7208 14 89
91 0 3350 1880 7216 3.65685 90
92 0 3354 1880 7216 2 91
93 0 3278 1816 7292 14.4924 6
94 0 3286 1812 7304 6.94427 93
95 0 3282 1808 7312 6 94
96 0 3274 1804 7320 9.31371 95
97 0 3274 1796 7328 6 96
98 0 3342 1948 7256 9.31371 5
99 0 3358 1956 7272 6.94427 98
100 0 3282 2104 7212 9.31371 3
101 0 3278 2112 7208 6 100
102 0 3274 2116 7212 6 101
