# Generated by NeuTu (https://github.com/janelia-flyem/NeuTu)
1 0 3327 2182 6969 2 -1
2 0 3323 2178 6973 3.65685 1
3 0 3319 2174 6981 6 2
4 0 3319 2158 6997 6 3
5 0 3323 2146 7005 6.94427 4
6 0 3327 2130 7017 10 5
7 0 3327 2122 7025 6.94427 6
8 0 3335 2110 7037 6 7
9 0 3343 2102 7045 6.94427 8
10 0 3367 2090 7057 9.31371 9
11 0 3379 2082 7069 9.31371 10
12 0 3383 2074 7077 6 11
13 0 3383 2066 7085 6 12
14 0 3383 2066 7093 6 13
15 0 3383 2062 7101 3.65685 14
16 0 3387 2058 7105 2 15
17 0 3391 2054 7109 2 16
18 0 3391 2050 7113 2 17
19 0 3395 2046 7117 6 18
20 0 3395 2042 7125 6 19
21 0 3403 2042 7137 6 20
22 0 3407 2046 7141 6 21
23 0 3411 2046 7157 6 22
24 0 3419 2042 7165 3.65685 23
25 0 3423 2042 7169 2 24
26 0 3319 2110 7013 6 7
27 0 3315 2106 7009 3.65685 26
28 0 3307 2098 7001 9.31371 27
29 0 3307 2090 6993 6.94427 28
30 0 3311 2082 6993 2 29
31 0 3311 2078 6993 2 30
