# Generated by NeuTu (https://github.com/janelia-flyem/NeuTu)
1 0 3367 2104 6932 6 -1
2 0 3367 2104 6924 6 1
3 0 3371 2104 6916 3.65685 2
4 0 3371 2104 6908 6 3
5 0 3371 2100 6892 6.94427 4
6 0 3379 2092 6884 6 5
7 0 3383 2092 6876 6.94427 6
8 0 3371 2080 6848 12.4222 7
9 0 3363 2072 6832 18 8
10 0 3312.33 2073.33 6800 18.0093 9
11 0 3291 2044 6800 10.6491 10
12 0 3287 1996 6808 30.9848 11
13 0 3231 1964 6844 26 12
14 2 3179.54 1972.34 6833.22 25.3428 13
15 0 3143 1976 6832 18 14
16 0 3107 2000 6808 14 15
17 0 3091 2028 6780 12.4222 16
18 0 3083 2052 6772 6 17
19 0 3075 2060 6764 6.94427 18
20 0 3071 2076 6748 10 19
21 0 3067 2092 6732 10 20
22 2 3077.77 2092 6709.85 9.41929 21
23 0 3103 2068 6696 9.31371 22
24 0 3115 2052 6688 9.31371 23
25 0 3131 2032 6668 9.31371 24
26 0 3143 2028 6640 10.6491 25
27 0 3151 2028 6616 14.4924 26
28 0 3183 2032 6580 22.3311 27
29 0 3223 2016 6580 9.31371 28
30 0 3239 2016 6568 6.94427 29
31 0 3263 2020 6552 14 30
32 0 3275 2032 6552 9.31371 31
33 0 3283 2040 6544 10 32
34 0 3291 2044 6536 6.94427 33
35 0 3179 2064 6564 10.6491 28
36 0 3183 2076 6552 6.94427 35
37 0 3191 2092 6548 6 36
38 0 3195 2100 6548 3.65685 37
39 0 3199 2108 6548 6 38
40 0 3199 2116 6536 6.94427 39
41 0 3203 2120 6528 3.65685 40
42 0 3203 2120 6524 3.65685 41
43 0 3207 2124 6520 2 42
44 0 3207 2124 6516 2 43
45 0 3063 2112 6704 12.4222 22
46 0 3059 2124 6696 14.4924 45
47 0 3047 2132 6688 10 46
48 0 3027 2144 6672 10.6491 47
49 0 3007 2156 6656 6 48
50 0 3003 2160 6652 6 49
51 0 3175 1932 6828 6.94427 14
52 0 3171 1920 6824 6 51
53 0 3167 1908 6812 6 52
54 0 3167 1892 6808 6 53
55 0 3171 1888 6812 6 54
56 0 3179 1880 6808 6 55
57 0 3187 1876 6808 6.94427 56
58 0 3203 1860 6824 6 57
59 0 3215 1848 6828 6.94427 58
60 0 3231 1828 6832 12.4222 59
61 0 3255 1816 6836 9.31371 60
62 0 3267 1816 6840 6 61
63 0 3275 1812 6844 6.94427 62
64 0 3283 1808 6836 6 63
65 2 3317.73 2092.4 6778.14 24.7395 10
66 0 3323 2108 6736 18.3961 65
67 0 3327 2120 6720 12.4222 66
68 0 3315 2128 6708 6 67
69 0 3311 2132 6704 3.65685 68
70 0 3311 2132 6696 3.65685 69
71 0 3307 2136 6692 2 70
72 0 3307 2136 6688 2 71
73 0 3287 2124 6792 6 65
74 0 3275 2140 6792 6 73
75 0 3271 2148 6796 6 74
