# Generated by NeuTu (https://github.com/janelia-flyem/NeuTu)
1 0 1985 1675 5976 18 -1
2 0 2169 1483 5936 202 1
3 2 2203.77 1476.05 5868.77 195.046 2
4 2 2222.97 1472.21 5831.65 191.206 3
5 2 2227.1 1471.38 5823.67 190.38 4
6 2 2232.91 1470.22 5812.45 189.219 5
7 2 2237.32 1469.34 5803.92 188.337 6
8 2 2252.72 1466.26 5774.14 185.256 7
9 2 2255.62 1465.68 5768.53 184.675 8
10 2 2266.73 1463.45 5747.05 182.454 9
11 0 2289 1459 5704 178 10
12 2 2290.31 1459.44 5697.57 176.393 11
13 2 2291.58 1459.86 5691.4 174.851 12
14 2 2293.5 1460.5 5682.02 172.505 13
15 2 2305.33 1464.44 5624.17 158.041 14
16 2 2312.54 1466.85 5588.9 149.224 15
17 2 2314.99 1467.66 5576.92 146.23 16
18 2 2316.36 1468.12 5570.22 144.555 17
19 2 2318.37 1468.79 5560.4 142.101 18
20 2 2321.71 1469.9 5544.07 138.018 19
21 0 2325 1471 5528 134 20
22 0 2421 1571 5512 50 21
23 0 2457 1607 5512 14 22
24 0 2453 1623 5544 15.8885 22
25 2 2335.04 1455.7 5524.65 125.392 21
26 0 2409 1343 5500 62 25
27 0 2453 1299 5500 18 26
28 0 2409 1343 5572 62 25
29 0 2453 1299 5572 18 28
30 0 2393 1359 5632 78 20
31 0 2449 1303 5632 22 30
32 2 2196.74 1452.23 5639.79 154.882 19
33 2 2150.89 1445.98 5669.71 159.7 32
34 0 1981 1295 5720 14 33
35 0 1981 1619 5608 14 33
36 0 2017 1331 5564 50 32
37 0 1981 1295 5564 14 36
38 2 2207.29 1475.76 5689.42 179.268 18
39 0 2021 1619 5740 54 38
40 0 1981 1659 5740 14 39
41 2 2147.46 1522.93 5595.56 114.104 38
42 0 2021 1583 5544 54 41
43 0 1981 1627 5544 14 42
44 0 2021 1335 5500 54 41
45 0 1981 1295 5500 14 44
46 0 2049 1363 5644 82 17
47 0 1989 1303 5644 22 46
48 0 2437 1595 5608 34 16
49 0 2457 1295 5704 14 15
50 0 2453 1299 5780 18 14
51 0 2145 1467 5832 174.726 13
52 0 1981 1631 5840 14 51
53 0 2453 1651 5740 18 12
54 0 2289 1499 5956 182 11
55 0 2457 1675 5976 14 54
56 0 2145 1459 5904 178 11
57 0 1985 1299 5980 18 56
58 0 2381 1371 5852 90 11
59 0 2445 1307 5852 26 58
60 0 2041 1355 5776 74 10
61 0 1985 1299 5776 18 60
62 0 2389 1363 5912 82 9
63 0 2449 1303 5912 22 62
64 0 2053 1367 5832 86 8
65 0 1989 1303 5832 22 64
66 0 2461 1635 5840 10 7
67 0 2453 1639 5892 18 6
68 0 2389 1363 5984 82 5
69 0 2449 1303 5984 22 68
70 0 1989 1303 5896 22 4
71 0 2381 1607 5932 90 4
72 0 2445 1671 5932 26 71
73 0 1985 1639 5892 18 3
74 0 1985 1687 5932 18 2
