# Generated by NeuTu (https://github.com/janelia-flyem/NeuTu)
1 0 3301 2436 6500 2 -1
2 0 3301 2440 6500 2 1
3 0 3301 2444 6500 3.65685 2
4 0 3301 2448 6500 3.65685 3
5 0 3305 2452 6504 3.65685 4
6 0 3305 2452 6508 2 5
7 0 3305 2452 6512 3.65685 6
8 0 3309 2456 6516 6 7
9 0 3309 2456 6524 3.65685 8
10 0 3309 2456 6532 3.65685 9
11 0 3313 2460 6536 6 10
12 0 3317 2460 6544 3.65685 11
13 0 3313 2476 6564 9.31371 12
14 0 3305 2472 6572 6 13
15 0 3293 2468 6584 6 14
16 0 3285 2464 6588 9.31371 15
17 0 3273 2460 6588 6 16
18 0 3257 2456 6584 6.94427 17
19 0 3249 2448 6576 9.31371 18
20 0 3241 2452 6572 6 19
21 0 3233 2452 6556 6 20
22 0 3225 2460 6544 3.65685 21
23 0 3225 2464 6540 2 22
