# Generated by NeuTu (https://github.com/janelia-flyem/NeuTu)
1 0 3363 2194 6882 2 -1
2 0 3367 2194 6882 2 1
3 0 3375 2202 6882 6.94427 2
4 0 3383 2214 6886 6.94427 3
5 0 3395 2234 6886 6 4
6 0 3399 2250 6886 6.94427 5
7 0 3407 2258 6894 6.94427 6
8 0 3423 2262 6910 6 7
9 0 3431 2254 6918 6 8
10 0 3439 2246 6926 6 9
11 0 3443 2238 6934 6 10
12 0 3443 2230 6934 6 11
13 0 3451 2218 6938 6 12
14 0 3455 2206 6946 6.94427 13
15 0 3459 2186 6946 6.94427 14
16 0 3463 2170 6958 6 15
17 0 3463 2154 6958 6 16
18 0 3467 2146 6966 6 17
19 0 3463 2130 6982 6 18
20 0 3463 2122 6982 6 19
21 0 3459 2118 6986 6 20
22 0 3459 2102 6986 6 21
23 0 3459 2086 6986 6.94427 22
24 0 3455 2078 6982 6 23
25 0 3451 2074 6978 2 24
26 0 3447 2074 6978 2 25
27 0 3399 2270 6886 3.65685 7
28 0 3399 2274 6882 2 27
29 0 3399 2278 6878 3.65685 28
30 0 3407 2286 6870 9.31371 29
31 0 3411 2294 6862 9.31371 30
32 0 3415 2302 6858 6 31
