# Generated by NeuTu (https://github.com/janelia-flyem/NeuTu)
1 0 4168 3466 3320 2 -1
2 0 4168 3470 3320 2 1
3 0 4172 3474 3316 3.65685 2
4 0 4172 3478 3316 2 3
5 0 4172 3482 3316 3.65685 4
6 0 4176 3486 3316 2 5
7 0 4176 3490 3316 2 6
8 0 4168 3506 3312 2 7
9 0 4164 3506 3308 2 8
10 0 4168 3470 3292 2 3
11 0 4172 3470 3292 2 10
12 0 4176 3470 3292 2 11
13 0 4176 3454 3296 2 12
14 0 4172 3454 3300 2 13
15 0 4148 3442 3284 2 14
16 0 4148 3438 3284 2 15
17 0 4128 3434 3324 2 16
18 0 4132 3434 3328 2 17
19 0 4136 3434 3328 2 18
20 0 4180 3450 3300 2 13
21 0 4192 3454 3292 2 20
22 0 4196 3450 3292 2 21
23 0 4200 3450 3292 2 22
24 0 4192 3458 3292 2 21
25 0 4192 3462 3288 2 24
26 0 4196 3486 3280 2 25
27 0 4200 3490 3280 2 26
28 0 4204 3474 3256 2 26
29 0 4200 3470 3256 2 28
30 0 4196 3466 3256 2 29
31 0 4168 3450 3252 2 30
32 0 4164 3454 3248 2 31
33 0 4188 3510 3236 2 28
34 0 4188 3514 3236 2 33
35 0 4192 3518 3240 2 34
36 0 4192 3522 3240 2 35
37 0 4192 3526 3240 2 36
38 0 4196 3530 3240 2 37
39 0 4188 3566 3212 2 38
40 0 4192 3570 3216 2 39
41 0 4188 3590 3212 9.31371 40
42 0 4200 3602 3204 2 41
43 0 4204 3598 3204 2 42
44 0 4208 3594 3204 2 43
45 0 4212 3594 3204 2 44
46 0 4216 3594 3204 2 45
47 0 4220 3594 3204 2 46
48 0 4224 3594 3204 2 47
49 0 4184 3602 3208 6 41
50 0 4168 3618 3212 6.94427 49
51 0 4172 3634 3216 6.94427 50
52 2 4181.1 3667.1 3237.07 32.1294 51
53 0 4154.65 3664.03 3288.74 27.5884 52
54 2 4148.9 3672.65 3308.84 23.8814 53
55 0 4136 3682 3340 18 54
56 2 4144 3671.6 3392.8 34.0674 55
57 2 4144 3660.4 3415.2 40.7496 56
58 2 4152.54 3663.12 3440.49 37.0867 57
59 0 4164 3670 3468 30.249 58
60 2 4166.91 3690.36 3488.36 34.2395 59
61 2 4167.8 3696.59 3494.59 35.4588 60
62 0 4140 3738 3576 41.0813 61
63 2 4134.23 3738.58 3584.65 40.5499 62
64 2 4103.44 3741.66 3630.85 37.712 63
65 2 4100.67 3741.93 3634.99 37.4576 64
66 0 4076.45 3723.42 3673.68 30.9779 65
67 2 4062.04 3729.18 3696.73 19.6116 66
68 0 4048 3738 3712 12.4222 67
69 0 4044 3742 3736 6 68
70 2 4029.88 3742 3750.12 6.72252 69
71 0 4020 3738 3756 9.31371 70
72 0 4008 3726 3768 9.31371 71
73 0 3996 3718 3792 9.31371 72
74 0 3988 3706 3816 6.94427 73
75 0 3976 3698 3832 9.31371 74
76 0 3968 3694 3848 6.94427 75
77 0 3960 3690 3860 6 76
78 0 3952 3682 3876 6 77
79 0 3948 3674 3888 6.94427 78
80 0 3944 3670 3896 3.65685 79
81 0 3944 3662 3904 6 80
82 0 3944 3654 3920 6.94427 81
83 0 3936 3638 3936 6.94427 82
84 0 3920 3622 3944 6 83
85 0 3912 3618 3944 6.94427 84
86 0 3896 3602 3960 6.94427 85
87 0 3888 3594 3968 6 86
88 0 3880 3586 3976 6 87
89 0 3868 3574 3988 6.94427 88
90 0 3856 3566 4000 6 89
91 0 3836 3554 4008 6 90
92 0 3824 3546 4008 6 91
93 0 3812 3538 4012 6.94427 92
94 0 3796 3522 4012 9.31371 93
95 0 3784 3510 4008 6.94427 94
96 0 3768 3494 4008 6.94427 95
97 0 3764 3482 4008 9.31371 96
98 0 3756 3462 4000 6.94427 97
99 0 3748 3434 3992 6.94427 98
100 0 3736 3418 3992 6.94427 99
101 0 3732 3410 3992 6.94427 100
102 0 3724 3402 4000 6 101
103 0 3716 3382 4012 6.94427 102
104 0 3696 3374 4028 6.94427 103
105 0 3688 3366 4036 3.65685 104
106 0 3684 3362 4040 6 105
107 0 3680 3354 4048 6 106
108 0 3676 3346 4056 6 107
109 0 3668 3338 4064 6 108
110 0 3656 3338 4076 9.31371 109
111 0 3640 3322 4084 10 110
112 0 3632 3314 4088 10 111
113 0 3616 3314 4096 6 112
114 0 3608 3314 4096 6.94427 113
115 0 4004 3746 3740 6.94427 71
116 0 3992 3758 3724 9.31371 115
117 0 4048 3742 3764 6 70
118 0 4056 3746 3776 10 117
119 0 4060 3758 3796 6 118
120 0 4060 3770 3808 6 119
121 0 4056 3774 3816 6 120
122 0 4060 3778 3832 6 121
123 0 4056 3790 3844 6 122
124 0 4044 3794 3860 6 123
125 0 4044 3798 3876 6 124
126 0 4044 3802 3884 3.65685 125
127 0 4040 3802 3892 6.94427 126
128 0 4040 3794 3912 6 127
129 0 4040 3794 3920 2 128
130 0 4040 3798 3924 3.65685 129
131 0 4040 3802 3932 6 130
132 0 4032 3802 3948 6 131
133 0 4028 3790 3956 6.94427 132
134 0 4024 3782 3960 9.31371 133
135 0 4016 3774 3968 6.94427 134
136 0 4012 3770 3984 6 135
137 0 4032 3734 3660 14 67
138 0 4016 3726 3656 2 137
139 0 4012 3726 3656 2 138
140 0 4082.21 3668.72 3688.86 18.4852 66
141 0 4092 3650 3704 6.94427 140
142 0 4096 3638 3716 6 141
143 0 4092 3634 3720 6 142
144 0 4092 3630 3736 9.31371 143
145 0 4088 3630 3748 9.31371 144
146 0 4096 3626 3756 6 145
147 0 4100 3634 3684 10 140
148 0 4100 3622 3688 10 147
149 0 4088 3614 3700 14 148
150 0 4080 3626 3708 3.65685 149
151 0 4076 3630 3708 2 150
152 0 4064 3750 3572 15.8885 65
153 0 4060 3762 3556 14 152
154 0 4048 3774 3544 6.94427 153
155 0 4044 3774 3536 6 154
156 0 4032 3766 3524 6.94427 155
157 0 4016 3754 3512 6 156
158 0 4016 3754 3504 6 157
159 0 4008 3750 3500 6 158
160 0 4056 3778 3524 6 155
161 0 4056 3782 3512 6.94427 160
162 0 4060 3786 3504 3.65685 161
163 0 4056 3790 3500 2 162
164 2 4128.12 3793.45 3634.75 51.7548 64
165 2 4134.58 3807.01 3635.77 55.4313 164
166 0 4136 3810 3636 56.2409 165
167 2 4101.11 3835.56 3596.89 41.2036 166
168 0 4072 3854 3540 26.2843 167
169 2 4065.27 3860.73 3519.82 17.5424 168
170 0 4060 3866 3500 12.4222 169
171 0 4052 3890 3468 12.4222 170
172 0 4043.02 3899.47 3437.06 14.4898 171
173 0 4037.2 3912.4 3410 16.9477 172
174 2 4039.27 3916.53 3399.67 15.1355 173
175 0 4062.64 3922 3364.48 18.3389 174
176 2 4069.12 3922 3355.84 19.1709 175
177 0 4098.83 3932.28 3322.31 18.4385 176
178 2 4137.47 3962.21 3274.32 20.7273 177
179 2 4143.47 3972.93 3250.67 14.7388 178
180 0 4148 3982 3228 12.4222 179
181 2 4167.47 3986 3196.88 21.0007 180
182 2 4209.79 3985.11 3172 23.9078 181
183 0 4234.55 3971.45 3171.49 12.6233 182
184 2 4251.61 3954.39 3168.08 13.9691 183
185 0 4260 3942 3172 6 184
186 0 4276 3926 3180 9.31371 185
187 0 4292 3922 3180 9.31371 186
188 0 4308 3922 3180 6 187
189 0 4320 3922 3180 6 188
190 0 4332 3930 3176 6.94427 189
191 0 4340 3946 3164 6 190
192 0 4344 3950 3160 3.65685 191
193 0 4344 3958 3152 3.65685 192
194 0 4348 3962 3148 6 193
195 0 4348 3962 3140 6.94427 194
196 0 4356 3978 3128 6 195
197 0 4364 3994 3120 10.6491 196
198 0 4388 3994 3112 6.94427 197
199 0 4396 3998 3108 9.31371 198
200 0 4408 3998 3100 6 199
201 0 4432 4006 3088 9.31371 200
202 0 4444 4010 3088 10 201
203 0 4460 4018 3100 6.94427 202
204 0 4468 4022 3104 6 203
205 0 4348 4010 3120 9.31371 197
206 0 4344 4022 3120 3.65685 205
207 0 4344 4026 3120 3.65685 206
208 0 4340 4030 3120 2 207
209 0 4340 4034 3120 2 208
210 0 4272 3958 3184 9.31371 184
211 0 4284 3946 3200 9.31371 210
212 0 4300 3942 3204 3.65685 211
213 0 4304 3938 3200 2 212
214 0 4252 3974 3196 9.31371 183
215 0 4260 3966 3208 6 214
216 0 4264 3958 3220 6 215
217 0 4280 3962 3240 9.31371 216
218 0 4288 3970 3240 6.94427 217
219 0 4296 3978 3240 2 218
220 0 4300 3978 3240 2 219
221 2 4218.79 3980.6 3131.44 23.5215 182
222 2 4221.3 3979.35 3120.14 23.4138 221
223 2 4222.93 3978.53 3112.81 23.3441 222
224 0 4224 3974 3072 18 223
225 0 4204 3974 3052 14 224
226 0 4192 3982 3048 6.94427 225
227 2 4184.86 3985.57 3037.29 6.94427 226
228 0 4184 3986 3024 6 227
229 0 4184 3986 3008 6.94427 228
230 0 4196 3986 2992 6 229
231 0 4208 3982 2976 6.94427 230
232 0 4208 3982 2968 6 231
233 0 4204 3982 2956 10 232
234 0 4196 3990 2948 6.94427 233
235 0 4192 4002 2940 10 234
236 0 4188 4014 2936 9.31371 235
237 0 4180 4022 2928 3.65685 236
238 0 4176 4018 2924 2 237
239 0 4168 3982 3044 6 227
240 0 4160 3986 3048 6.94427 239
241 0 4140 3986 3048 6 240
242 0 4184 3950 3100 10.6491 223
243 0 4168 3942 3092 10 242
244 0 4160 3958 3084 6 243
245 0 4152 3974 3080 6 244
246 0 4144 3982 3084 6 245
247 0 4244 4010 3100 14.9706 222
248 0 4280 4010 3080 6.94427 247
249 2 4246.9 4016.59 3128.13 12.8392 221
250 0 4252 4030 3128 6.94427 249
251 0 4252 4038 3128 6 250
252 0 4256 4050 3128 9.31371 251
253 0 4248 4058 3132 6 252
254 0 4240 4058 3132 6 253
255 0 4236 4062 3128 2 254
256 0 4236 4066 3120 6 255
257 0 4248 4082 3116 6.94427 256
258 0 4260 4086 3108 10 257
259 0 4252 4098 3092 6.94427 258
260 0 4240 4102 3092 2 259
261 0 4232 4050 3136 3.65685 254
262 0 4228 4046 3140 6 261
263 0 4228 4038 3148 2 262
264 0 4228 4038 3152 2 263
265 0 4232 4038 3156 3.65685 264
266 0 4236 4034 3160 3.65685 265
267 0 4236 4034 3164 3.65685 266
268 0 4244 4034 3172 9.31371 267
269 0 4256 4038 3176 6 268
270 2 4261.88 4002.18 3130.56 9.382 249
271 0 4272 3994 3132 6.94427 270
272 0 4284 3982 3132 9.31371 271
273 0 4288 3970 3132 6 272
274 0 4288 3954 3132 6.94427 273
275 0 4284 3942 3132 2 274
276 0 4280 4018 3144 6.94427 270
277 0 4296 4030 3140 6.94427 276
278 0 4312 4034 3140 6 277
279 0 4152 3966 3188 6 181
280 0 4148 3962 3184 3.65685 279
281 0 4144 3958 3180 6 280
282 0 4148 3942 3164 6 281
283 0 4148 3934 3164 6.94427 282
284 0 4136 3918 3168 10 283
285 0 4120 3902 3176 6.94427 284
286 0 4100 3902 3176 6.94427 285
287 0 4092 3914 3180 9.31371 286
288 0 4120 3954 3228 6.94427 179
289 0 4100 3942 3232 6.94427 288
290 0 4164 3958 3292 12.4222 178
291 0 4176 3954 3304 15.8885 290
292 0 4192 3950 3304 10 291
293 0 4228 3942 3296 10.6491 292
294 0 4262 3938 3294 9.98141 293
295 0 4288 3938 3272 6.94427 294
296 0 4304 3934 3268 6 295
297 0 4328 3938 3240 9.31371 296
298 0 4336 3942 3236 6 297
299 0 4352 3942 3236 6 298
300 0 4360 3942 3236 6 299
301 0 4376 3942 3236 10 300
302 0 4396 3942 3244 9.31371 301
303 0 4412 3954 3252 9.31371 302
304 0 4420 3962 3256 6.94427 303
305 0 4432 3966 3268 9.31371 304
306 0 4436 3958 3272 6 305
307 0 4448 3946 3272 6 306
308 0 4464 3942 3272 6 307
309 0 4476 3938 3276 6.94427 308
310 0 4492 3934 3276 6.94427 309
311 0 4508 3918 3276 6 310
312 0 4512 3910 3276 6.94427 311
313 0 4516 3906 3268 6 312
314 0 4520 3902 3264 2 313
315 0 4520 3902 3260 2 314
316 0 4428 3982 3280 6 305
317 0 4432 3986 3296 6 316
318 0 4432 3986 3304 6 317
319 0 4424 3990 3312 6 318
320 0 4420 3986 3320 9.31371 319
321 0 4412 3982 3340 6.94427 320
322 0 4412 3982 3348 6 321
323 0 4268 3922 3308 9.31371 294
324 0 4268 3914 3316 6 323
325 0 4252 3894 3332 12.4222 324
326 0 4240 3890 3336 9.31371 325
327 0 4100 3934 3292 12.4222 177
328 0 4088 3942 3276 2 327
329 0 4088 3946 3272 3.65685 328
330 0 4088 3946 3264 6.94427 329
331 0 4088 3946 3256 6 330
332 0 4084 3942 3248 9.31371 331
333 0 4060 3930 3244 9.31371 332
334 0 4044 3922 3260 9.31371 333
335 0 4036 3906 3276 6.94427 334
336 0 4048 3894 3288 6.94427 335
337 0 4064 3890 3300 6 336
338 0 4072 3890 3300 3.65685 337
339 0 4076 3890 3296 2 338
340 0 4040 3910 3332 12.4222 176
341 0 4020 3898 3328 6.94427 340
342 0 4012 3890 3324 3.65685 341
343 0 4008 3886 3320 6 342
344 0 3992 3882 3320 6 343
345 0 3984 3886 3316 6.94427 344
346 0 4100 3914 3380 10.6491 175
347 0 4124 3910 3392 12.4222 346
348 0 4004.18 3911.71 3400 9.31371 174
349 0 3988 3902 3400 9.31371 348
350 0 3960 3898 3428 18 349
351 0 3935.67 3873.67 3470.79 33.8413 350
352 2 3890.05 3843.27 3509.27 40.5286 351
353 2 3869.3 3845.15 3511.15 41.6699 352
354 2 3860.89 3845.92 3511.92 42.1323 353
355 0 3832 3878 3456 14 354
356 0 3832 3898 3432 10 355
357 0 3832 3902 3420 10 356
358 0 3840 3902 3408 6 357
359 0 3852 3914 3392 6 358
360 0 3860 3926 3380 6.94427 359
361 0 3868 3938 3368 9.31371 360
362 0 3872 3942 3352 6.94427 361
363 0 3876 3954 3340 9.31371 362
364 0 3880 3966 3308 10 363
365 0 3880 3970 3288 9.31371 364
366 0 3892 3970 3272 6 365
367 0 3816 3846 3548 14.9706 354
368 0 3804 3846 3560 6.94427 367
369 0 3796 3846 3576 6 368
370 0 3780 3846 3576 6 369
371 0 3764 3846 3572 6 370
372 0 3756 3850 3572 6 371
373 0 3748 3850 3572 3.65685 372
374 0 3744 3854 3568 2 373
375 0 3840 3870 3572 14.4924 354
376 0 3820 3890 3588 6 375
377 0 3844 3850 3588 21.3238 353
378 0 3828 3882 3608 9.31371 377
379 0 3820 3890 3616 3.65685 378
380 0 3820 3894 3620 3.65685 379
381 0 3820 3898 3620 2 380
382 0 3900 3806 3576 20.6274 352
383 0 3904 3802 3616 10.6491 382
384 0 3896 3802 3632 6 383
385 0 3892 3802 3648 6 384
386 0 3884 3798 3656 6 385
387 0 3872 3794 3672 6.94427 386
388 0 3868 3790 3680 9.31371 387
389 0 3960 3882 3520 14 351
390 0 3968 3894 3520 3.65685 389
391 0 3972 3898 3520 2 390
392 0 3992 3906 3384 6.94427 348
393 0 3976 3902 3368 6 392
394 0 3976 3902 3360 6 393
395 0 3968 3906 3348 6 394
396 0 3956 3910 3332 6.94427 395
397 0 3948 3914 3324 9.31371 396
398 0 3943.03 3933.88 3312 8.51002 397
399 0 3940 3954 3312 6 398
400 0 3948 3970 3320 6 399
401 0 3952 3982 3320 6 400
402 0 3960 3998 3316 6.94427 401
403 0 3972 4014 3316 6 402
404 0 3972 4034 3308 6 403
405 0 3972 4050 3308 6 404
406 0 3976 4066 3304 6 405
407 0 3972 4098 3308 10.6491 406
408 0 3972 4122 3316 12.4222 407
409 0 3980 4134 3340 6 408
410 0 3980 4142 3348 6 409
411 0 3984 4138 3356 2 410
412 0 3984 4138 3360 2 411
413 0 3928 3946 3292 10 398
414 0 3916 3954 3268 10.6491 413
415 0 3908 3950 3252 6.94427 414
416 0 3900 3946 3236 6 415
417 0 3900 3950 3228 6 416
418 0 3896 3954 3220 9.31371 417
419 0 3892 3958 3212 6.94427 418
420 0 3888 3966 3200 6.94427 419
421 0 3884 3966 3192 3.65685 420
422 0 3880 3962 3188 2 421
423 0 3880 3962 3184 2 422
424 0 4068 3946 3404 9.31371 173
425 0 4084 3950 3416 6 424
426 0 4044 3878 3420 14 172
427 0 4060 3862 3416 6 426
428 0 4076 3862 3416 6 427
429 0 4092 3870 3412 6 428
430 0 4100 3878 3404 6.94427 429
431 0 4108 3882 3400 9.31371 430
432 0 4124 3886 3400 2 431
433 0 4064 3886 3528 9.31371 169
434 2 4056.24 3917.06 3528 28.6549 433
435 0 4080 3946 3524 35.7359 434
436 2 4102.8 3946 3516.4 29.5698 435
437 2 4160.6 3964.59 3489.7 42.3616 436
438 2 4164.57 3968.86 3486.29 42.3697 437
439 0 4180 4030 3440 14 438
440 0 4180 4042 3428 10.6491 439
441 0 4168 4046 3412 9.31371 440
442 0 4148 4050 3388 10 441
443 0 4124 4054 3372 10 442
444 0 4104 4054 3352 6 443
445 0 4108 4070 3340 6.94427 444
446 0 4112 4082 3328 6.94427 445
447 0 4116 4090 3324 9.31371 446
448 0 4120 4102 3320 2 447
449 0 4120 4106 3320 2 448
450 0 4180 4014 3500 18.3961 438
451 0 4200 4018 3500 6 450
452 0 4208 4010 3504 6 451
453 0 4216 4006 3508 3.65685 452
454 0 4220 4006 3508 3.65685 453
455 0 4224 4002 3508 2 454
456 0 4156 3938 3440 10.6491 437
457 0 4172 3938 3408 10.6491 456
458 0 4176 3938 3384 9.31371 457
459 0 4180 3938 3360 10.6491 458
460 0 4176 3938 3328 14 459
461 0 4120 3950 3548 19.5407 436
462 0 4148 3966 3552 3.65685 461
463 0 4152 3970 3552 2 462
464 0 4080 3958 3476 23.6125 435
465 0 4076 3978 3464 6 464
466 2 4059.07 3914.56 3557.44 25.687 434
467 0 4092 3934 3576 26.2843 466
468 0 4140 3938 3600 12.4222 467
469 0 4024 3890 3556 14.9706 466
470 0 4008 3866 3556 2 469
471 0 4004 3862 3556 2 470
472 0 4092 3854 3512 6 168
473 0 4116 3862 3508 10 472
474 0 4132 3862 3516 12.4222 473
475 0 4160 3882 3516 6.94427 474
476 0 4168 3890 3508 6 475
477 0 4172 3894 3504 3.65685 476
478 0 4176 3894 3504 3.65685 477
479 0 4180 3898 3500 3.65685 478
480 0 4184 3902 3500 2 479
481 0 4048 3850 3600 12.4222 167
482 0 4032 3850 3600 3.65685 481
483 0 4028 3850 3596 2 482
484 2 4202.15 3821.02 3613.95 39.483 166
485 0 4224 3854 3592 14.9706 484
486 0 4236 3870 3588 9.31371 485
487 0 4264 3894 3588 12.4222 486
488 0 4272 3906 3596 9.31371 487
489 0 4252 3758 3620 10.6491 484
490 0 4264 3758 3620 3.65685 489
491 0 4268 3762 3620 2 490
492 0 4084 3834 3648 30.249 166
493 0 4052 3830 3648 22 492
494 0 4032 3846 3652 9.31371 493
495 0 4032 3858 3660 3.65685 494
496 0 4032 3858 3664 3.65685 495
497 0 4036 3858 3668 2 496
498 0 4064 3882 3656 6 492
499 0 4064 3890 3660 6 498
500 0 4064 3898 3656 3.65685 499
501 0 4060 3902 3652 3.65685 500
502 0 4056 3906 3652 2 501
503 0 4080 3862 3680 9.31371 492
504 0 4076 3874 3680 6 503
505 0 4072 3890 3680 6 504
506 0 4172 3810 3688 18 165
507 0 4192 3818 3692 15.8885 506
508 0 4208 3838 3696 6 507
509 0 4208 3846 3696 2 508
510 0 4212 3850 3696 3.65685 509
511 0 4212 3854 3696 2 510
512 0 4100 3822 3680 32.176 164
513 0 4068 3818 3684 26 512
514 0 4056 3794 3688 10.6491 513
515 0 4052 3782 3692 6.94427 514
516 0 4176 3678 3612 38 63
517 0 4172 3614 3636 21.3238 516
518 0 4164 3590 3636 10 517
519 0 4156 3574 3648 6.94427 518
520 0 4148 3566 3656 6 519
521 0 4144 3562 3668 6.94427 520
522 0 4140 3542 3688 6.94427 521
523 0 4124 3530 3704 12.4222 522
524 0 4116 3530 3720 9.31371 523
525 0 4120 3530 3732 3.65685 524
526 0 4124 3534 3736 3.65685 525
527 0 4128 3534 3740 3.65685 526
528 0 4128 3530 3744 2 527
529 2 4196.8 3664.4 3676 20.3569 516
530 0 4212 3634 3724 9.31371 529
531 0 4212 3622 3736 10 530
532 0 4208 3602 3744 6 531
533 0 4204 3586 3752 6.94427 532
534 0 4200 3570 3764 6 533
535 0 4180 3690 3688 10 529
536 0 4172 3694 3696 6 535
537 0 4164 3694 3708 6.94427 536
538 0 4156 3686 3716 6.94427 537
539 0 4156 3674 3732 6 538
540 0 4152 3670 3736 2 539
541 0 4148 3670 3736 2 540
542 0 4168 3694 3560 30.9848 62
543 0 4196 3678 3556 3.65685 542
544 0 4200 3674 3556 2 543
545 0 4216 3686 3500 22 61
546 0 4248 3710 3496 14.9706 545
547 0 4260 3730 3496 20.6274 546
548 0 4268 3750 3492 18 547
549 0 4272 3774 3476 6 548
550 0 4272 3782 3476 6 549
551 0 4268 3798 3460 6 550
552 0 4260 3806 3452 9.31371 551
553 0 4160 3622 3496 34.8782 60
554 0 4212 3586 3508 21.3238 553
555 0 4224 3554 3520 6.94427 554
556 0 4224 3538 3520 6 555
557 0 4224 3522 3524 6.94427 556
558 0 4216 3502 3524 6 557
559 0 4248 3590 3480 10 554
560 0 4252 3602 3468 10.6491 559
561 0 4256 3606 3456 6 560
562 2 4093.87 3608.67 3507.73 34.6101 553
563 0 4064 3590 3504 15.8885 562
564 0 4048 3582 3476 9.31371 563
565 0 4080 3650 3508 12.4222 562
566 0 4068 3662 3500 6.94427 565
567 0 4068 3670 3500 6 566
568 0 4168 3678 3432 28.4631 59
569 0 4196 3686 3408 15.8885 568
570 2 4211.45 3697.59 3400.28 14.5406 569
571 0 4228 3706 3392 10 570
572 2 4245.33 3715.33 3374.67 12.4222 571
573 0 4260 3730 3364 9.31371 572
574 0 4276 3746 3352 9.31371 573
575 2 4287.29 3753.53 3344.47 9.95963 574
576 0 4310.67 3750 3344 10 575
577 0 4328 3746 3340 6.94427 576
578 0 4352 3734 3340 10.6491 577
579 0 4368 3730 3340 14 578
580 0 4396 3730 3336 10 579
581 2 4410.4 3730 3325.2 13.6 580
582 0 4424 3738 3312 10.6491 581
583 0 4444 3754 3284 14 582
584 0 4448 3770 3248 6.94427 583
585 0 4440 3774 3240 10.6491 584
586 0 4436 3794 3244 2 585
587 0 4432 3798 3248 3.65685 586
588 0 4432 3802 3248 2 587
589 0 4428 3726 3340 6 581
590 0 4432 3722 3356 9.31371 589
591 0 4436 3718 3368 6 590
592 0 4436 3714 3384 6 591
593 0 4440 3714 3392 3.65685 592
594 0 4440 3714 3400 6 593
595 0 4440 3718 3412 3.65685 594
596 0 4444 3718 3420 6 595
597 0 4444 3718 3428 6 596
598 0 4436 3714 3432 3.65685 597
599 0 4436 3710 3432 2 598
600 0 4312 3774 3344 10 576
601 0 4316 3786 3348 10 600
602 0 4324 3798 3352 6 601
603 0 4276 3754 3328 6 575
604 0 4272 3758 3312 6 603
605 0 4272 3754 3292 9.31371 604
606 0 4268 3746 3284 6 605
607 0 4268 3734 3272 6 606
608 0 4280 3726 3260 12.4222 607
609 0 4304 3734 3248 10 608
610 0 4316 3738 3244 6 609
611 0 4236 3690 3356 10 572
612 0 4228 3682 3344 6 611
613 0 4228 3682 3336 3.65685 612
614 0 4228 3682 3332 3.65685 613
615 0 4224 3682 3320 9.31371 614
616 0 4216 3674 3296 9.31371 615
617 0 4224 3674 3288 6 616
618 0 4236 3674 3280 6.94427 617
619 0 4248 3674 3272 10 618
620 0 4256 3674 3264 9.31371 619
621 0 4268 3674 3264 6.94427 620
622 0 4280 3678 3256 9.31371 621
623 0 4288 3686 3248 6 622
624 0 4232 3698 3416 12.4222 570
625 0 4232 3694 3428 6 624
626 0 4236 3690 3432 6 625
627 0 4248 3690 3436 10 626
628 0 4260 3694 3448 6.94427 627
629 0 4264 3710 3448 6 628
630 0 4268 3726 3444 6 629
631 0 4148 3598 3420 18 58
632 0 4144 3582 3408 9.31371 631
633 0 4088 3650 3380 10 57
634 0 4080 3646 3372 6.94427 633
635 0 4128 3710 3392 14 56
636 0 4120 3734 3396 10 635
637 0 4112 3742 3396 10.6491 636
638 0 4104 3750 3400 6.94427 637
639 0 4092 3758 3408 9.31371 638
640 0 4072 3778 3428 10.6491 639
641 0 4064 3786 3440 9.31371 640
642 0 4056 3782 3448 6.94427 641
643 0 4132 3642 3304 14 54
644 0 4124 3618 3308 14 643
645 0 4050.67 3547.67 3299.67 49.4898 644
646 2 4034.74 3525.77 3289.71 53.459 645
647 0 4032 3522 3288 54.1427 646
648 2 4028.29 3510.86 3280.57 44.046 647
649 0 4016 3474 3256 10.6491 648
650 0 4020 3466 3248 10 649
651 0 4016 3458 3224 6 650
652 0 4016 3458 3216 6 651
653 2 4027.33 3453.33 3201.33 13.8519 652
654 2 4022.06 3450 3180.24 8.39396 653
655 0 4020 3450 3172 6 654
656 0 4020 3446 3160 6 655
657 0 4020 3446 3152 6 656
658 0 4016 3438 3144 6 657
659 0 4008 3434 3132 6 658
660 0 4008 3434 3116 6.94427 659
661 0 4004 3438 3104 9.31371 660
662 0 4012 3446 3096 6.94427 661
663 0 4028 3462 3092 9.31371 662
664 0 4036 3470 3092 6.94427 663
665 0 4048 3482 3092 9.31371 664
666 0 4072 3486 3084 9.31371 665
667 0 4084 3478 3080 9.31371 666
668 0 4092 3474 3076 6 667
669 0 4108 3470 3068 6.94427 668
670 0 4124 3466 3064 6 669
671 0 4132 3466 3064 2 670
672 0 4136 3462 3064 3.65685 671
673 0 4152 3454 3060 6.94427 672
674 0 4160 3446 3056 6 673
675 0 4168 3446 3048 6 674
676 0 4172 3442 3040 9.31371 675
677 0 4180 3430 3040 6 676
678 0 4184 3418 3040 6 677
679 0 4184 3402 3028 6.94427 678
680 0 4176 3386 3016 6.94427 679
681 0 4176 3374 3012 2 680
682 0 4020 3470 3176 6 654
683 0 4020 3486 3164 6 682
684 0 4020 3502 3156 6 683
685 0 4024 3518 3140 6 684
686 0 4060 3430 3196 18 653
687 0 4076 3438 3188 6 686
688 0 4088 3450 3180 6.94427 687
689 0 4096 3470 3180 10 688
690 0 4096 3482 3176 10 689
691 0 4100 3490 3168 3.65685 690
692 0 4100 3490 3164 2 691
693 0 4040 3446 3264 10.6491 650
694 0 4052 3410 3268 10 693
695 0 4040 3382 3280 10.6491 694
696 0 4036 3374 3272 6 695
697 0 3988 3502 3244 9.31371 648
698 0 3988 3510 3228 9.31371 697
699 0 3984 3510 3216 6 698
700 0 3984 3510 3200 9.31371 699
701 0 3984 3514 3188 10 700
702 0 3984 3530 3172 3.65685 701
703 0 3988 3534 3172 2 702
704 0 3964 3502 3236 6.94427 697
705 0 3956 3494 3228 6.94427 704
706 0 3952 3486 3220 3.65685 705
707 0 3948 3482 3220 2 706
708 0 4056 3466 3308 12.4222 647
709 0 4064 3450 3308 12.4222 708
710 0 4060 3434 3308 6.94427 709
711 0 4052 3426 3300 6 710
712 0 4052 3418 3300 6 711
713 0 4048 3410 3292 6 712
714 0 3972 3494 3336 6.94427 646
715 0 4080 3498 3284 10 645
716 0 4096 3474 3268 10.6491 715
717 0 4164 3698 3268 18 53
718 0 4188 3714 3268 3.65685 717
719 0 4196 3722 3268 6 718
720 0 4204 3726 3264 6 719
721 0 4192 3678 3208 34 52
722 0 4248 3686 3192 14 721
723 0 4260 3694 3192 10.6491 722
724 0 4284 3706 3192 14 723
725 0 4312 3726 3184 14.4924 724
726 2 4336.73 3746.73 3178.18 16.4788 725
727 0 4344 3770 3172 6 726
728 0 4356 3782 3156 9.31371 727
729 0 4356 3794 3156 6 728
730 0 4352 3802 3168 10 729
731 0 4348 3806 3180 9.31371 730
732 0 4344 3802 3188 6 731
733 0 4332 3806 3204 9.31371 732
734 0 4328 3810 3224 6 733
735 0 4320 3810 3240 6 734
736 0 4320 3814 3252 6 735
737 0 4316 3822 3264 6.94427 736
738 0 4312 3822 3284 6 737
739 0 4312 3822 3304 6.94427 738
740 0 4312 3822 3320 6 739
741 0 4344 3718 3160 6 726
742 0 4348 3710 3156 3.65685 741
743 0 4352 3706 3152 6 742
744 0 4352 3698 3144 6 743
745 0 4352 3690 3136 9.31371 744
746 0 4348 3686 3128 6.94427 745
747 0 4336 3678 3112 9.31371 746
748 0 4208 3646 3168 2 721
749 0 4208 3642 3164 2 748
750 0 4216 3638 3160 2 749
751 0 4216 3634 3160 2 750
752 0 4188 3690 3152 18 721
753 0 4184 3690 3104 14 752
754 0 4188 3662 3088 10 753
755 0 4204 3638 3088 6.94427 754
756 0 4216 3630 3080 10 755
757 0 4232.4 3626 3063.2 6.84984 756
758 0 4236 3626 3044 6 757
759 0 4236 3626 3036 3.65685 758
760 0 4244 3626 3024 9.31371 759
761 0 4244 3622 3004 9.31371 760
762 0 4240 3614 2984 6 761
763 0 4232 3614 2972 2 762
764 0 4244 3642 3060 6 757
765 0 4248 3658 3056 6 764
766 0 4252 3674 3052 6 765
767 0 4260 3682 3052 6.94427 766
768 0 4172.48 3690.88 3069.85 20.3662 753
769 0 4192 3710 3040 18 768
770 0 4208 3718 3032 14.4924 769
771 0 4236 3714 3036 6 770
772 0 4228 3722 3008 14 770
773 2 4147.45 3699.02 3025.42 24.993 768
774 0 4184 3718 2988 24.8328 773
775 0 4221.71 3724.77 2971.84 24.8606 774
776 0 4240.97 3731.16 2963.81 30.0572 775
777 0 4261.54 3756.31 2960 25.8723 776
778 2 4271.38 3771.08 2960 23.2358 777
779 2 4285.65 3797.3 2956.78 17.0843 778
780 0 4292 3818 2944 10.6491 779
781 0 4292 3834 2924 10.6491 780
782 0 4300 3842 2904 9.31371 781
783 0 4308 3854 2888 10.6491 782
784 0 4316 3866 2864 10 783
785 0 4324 3886 2844 12.4222 784
786 2 4320 3920 2810 10.9446 785
787 0 4320 3962 2784 10.6491 786
788 0 4316 3970 2764 12.4222 787
789 0 4316 3970 2740 22 788
790 0 4300 4006 2696 28.4631 789
791 2 4288.31 4025.49 2676.51 19.7675 790
792 0 4268 4042 2636 10 791
793 0 4272 4046 2616 6 792
794 0 4276 4050 2600 6 793
795 0 4280 4050 2592 6.94427 794
796 0 4296 4062 2580 6 795
797 0 4304 4066 2572 6 796
798 0 4316 4070 2556 6 797
799 0 4328 4070 2540 6 798
800 0 4332 4066 2524 6 799
801 0 4336 4058 2508 6.94427 800
802 0 4336 4058 2484 9.31371 801
803 0 4340 4054 2472 6.94427 802
804 0 4340 4054 2460 9.31371 803
805 0 4348 4054 2440 6 804
806 0 4348 4054 2428 6.94427 805
807 0 4360 4058 2416 6.94427 806
808 0 4368 4058 2408 10 807
809 0 4380 4050 2392 3.65685 808
810 0 4384 4046 2384 6 809
811 0 4388 4046 2368 6 810
812 0 4388 4046 2360 6 811
813 0 4404 4042 2344 6 812
814 0 4420 4042 2328 6 813
815 0 4428 4046 2316 6.94427 814
816 0 4428 4050 2308 3.65685 815
817 0 4424 4046 2304 6 816
818 0 4436 4046 2288 9.31371 817
819 0 4444 4050 2280 6 818
820 0 4456 4054 2264 6 819
821 0 4464 4058 2256 6 820
822 0 4468 4062 2252 6 821
823 0 4484 4066 2252 6.94427 822
824 0 4492 4074 2252 3.65685 823
825 0 4496 4078 2252 3.65685 824
826 0 4500 4082 2256 6 825
827 0 4512 4090 2264 6 826
828 0 4344 4050 2516 6 801
829 0 4352 4034 2520 6 828
830 0 4356 4026 2520 6 829
831 0 4356 4018 2524 3.65685 830
832 0 4360 4010 2524 6 831
833 0 4360 3994 2540 6.94427 832
834 0 4360 3978 2556 6 833
835 0 4360 3974 2564 6 834
836 0 4360 3970 2572 2 835
837 0 4364 3970 2576 3.65685 836
838 0 4368 3970 2580 2 837
839 2 4301.18 4065.76 2670.82 13.6456 791
840 0 4312 4078 2660 6.94427 839
841 0 4336 4106 2636 23.2982 840
842 2 4342.12 4106 2611.53 28.4231 841
843 0 4372 4086 2540 10 842
844 0 4384 4082 2528 9.31371 843
845 0 4396 4094 2512 9.31371 844
846 0 4412 4094 2496 6.94427 845
847 0 4428 4094 2496 6 846
848 0 4472 4086 2488 14.4924 847
849 0 4492 4074 2500 9.31371 848
850 0 4500 4074 2508 3.65685 849
851 0 4504 4074 2508 2 850
852 0 4344 4150 2616 14.4924 842
853 0 4356 4182 2612 12.4222 852
854 0 4356 4210 2592 6 853
855 0 4352 4226 2584 6.94427 854
856 0 4364 4090 2640 18 841
857 0 4380 4082 2644 10 856
858 0 4404 4078 2648 6 857
859 0 4284 4086 2676 10 839
860 0 4272 4106 2676 10 859
861 0 4252 4110 2676 10 860
862 0 4240 4118 2676 6 861
863 0 4232 4118 2676 6 862
864 0 4220 4118 2688 6 863
865 0 4208 4122 2704 6 864
866 0 4208 4126 2712 6 865
867 0 4204 4126 2720 3.65685 866
868 0 4200 4130 2724 6 867
869 0 4192 4130 2732 6.94427 868
870 2 4189.14 4121.43 2749.71 12.4222 869
871 2 4189.52 4119.9 2751.62 12.4222 870
872 0 4196 4098 2776 9.31371 871
873 0 4196 4090 2784 3.65685 872
874 0 4196 4090 2792 6 873
875 0 4188 4086 2804 6 874
876 0 4176 4078 2816 3.65685 875
877 0 4172 4078 2820 3.65685 876
878 0 4160 4070 2828 6.94427 877
879 0 4152 4062 2836 6 878
880 0 4200 4134 2764 6 871
881 0 4208 4138 2764 3.65685 880
882 0 4216 4146 2764 6.94427 881
883 0 4224 4154 2764 9.31371 882
884 0 4224 4162 2772 6 883
885 0 4232 4170 2780 6 884
886 0 4228 4186 2796 6 885
887 0 4164 4118 2764 6.94427 870
888 0 4152 4106 2772 6.94427 887
889 0 4144 4094 2776 6.94427 888
890 0 4136 4078 2792 9.31371 889
891 0 4208 4114 2684 2 864
892 0 4208 4110 2684 2 891
893 0 4332 3938 2732 14 789
894 0 4344 3930 2732 9.31371 893
895 0 4360 3914 2728 14 894
896 0 4360 3886 2728 6.94427 895
897 0 4352 3874 2728 6 896
898 0 4344 3866 2728 3.65685 897
899 0 4336 3862 2728 6 898
900 0 4328 3854 2728 3.65685 899
901 0 4320 3846 2728 6.94427 900
902 0 4304 3838 2732 6 901
903 0 4288 3838 2736 6 902
904 0 4280 3838 2740 3.65685 903
905 0 4276 3842 2740 2 904
906 0 4344 3906 2788 6.94427 786
907 0 4356 3906 2772 3.65685 906
908 0 4360 3902 2768 2 907
909 0 4300 3822 2996 18 779
910 2 4296.24 3837.76 3021.65 25.797 909
911 0 4300 3834 3048 18 910
912 0 4308 3814 3056 20.6274 911
913 0 4328 3802 3060 14 912
914 0 4344 3810 3060 10 913
915 0 4360 3838 3064 6.94427 914
916 0 4364 3862 3068 10 915
917 0 4360 3878 3064 6.94427 916
918 0 4344 3898 3072 6.94427 917
919 0 4340 3906 3080 6 918
920 0 4356 3798 3076 6 914
921 0 4364 3794 3088 6 920
922 0 4368 3794 3104 6 921
923 0 4372 3798 3112 3.65685 922
924 0 4376 3798 3116 2 923
925 0 4268 3910 3036 18 910
926 0 4256 3930 3036 19.5407 925
927 0 4276 3950 3048 6 926
928 0 4280 3962 3056 6 927
929 0 4280 3970 3056 6 928
930 0 4280 3982 3056 10 929
931 0 4288 3994 3064 6 930
932 0 4300 3754 2944 6.94427 778
933 0 4316 3754 2944 6 932
934 0 4328 3750 2944 6 933
935 0 4336 3746 2932 6 934
936 0 4344 3746 2924 6 935
937 0 4252 3782 2928 9.31371 777
938 0 4252 3790 2908 9.31371 937
939 0 4248 3794 2900 6 938
940 0 4240 3798 2884 6 939
941 0 4236 3802 2868 6 940
942 0 4236 3802 2844 10.6491 941
943 0 4228 3802 2836 6 942
944 0 4216 3794 2820 6.94427 943
945 0 4208 3794 2816 6 944
946 0 4200 3790 2820 2 945
947 0 4196 3790 2820 2 946
948 0 4192 3790 2824 2 947
949 0 4268 3706 2948 6.94427 776
950 0 4276 3694 2936 6 949
951 0 4280 3690 2932 6 950
952 0 4280 3690 2924 6 951
953 0 4284 3694 2920 6 952
954 0 4284 3694 2912 6 953
955 0 4292 3702 2900 6.94427 954
956 0 4300 3710 2888 6 955
957 0 4308 3726 2876 6 956
958 0 4316 3734 2868 6 957
959 0 4324 3742 2864 2 958
960 0 4244 3698 2976 9.31371 775
961 0 4244 3682 2976 6 960
962 0 4244 3666 2976 6 961
963 0 4240 3654 2968 6 962
964 0 4236 3650 2972 6 963
965 0 4236 3642 2980 3.65685 964
966 0 4236 3638 2984 2 965
967 0 4236 3634 2988 2 966
968 0 4140 3702 3012 26 773
969 0 4092 3670 3008 18 968
970 0 4064 3654 3008 12.4222 969
971 0 4048 3646 3008 14.9706 970
972 0 4020 3634 3016 30 971
973 2 4017.18 3634.71 3016 29.2941 972
974 0 3952.44 3655.26 3027.56 24.2814 973
975 2 3939.45 3657.42 3040.55 28.1995 974
976 0 3900 3650 3068 18 975
977 2 3878.19 3638.3 3077.21 16.1642 976
978 0 3856 3642 3092 19.5407 977
979 2 3852.11 3665.34 3115.34 23.1953 978
980 2 3853.06 3666 3119.7 23.5009 979
981 2 3859.02 3666 3140.57 24.6446 980
982 0 3863.88 3673.88 3189.7 18.7937 981
983 0 3868 3686 3232 18 982
984 2 3862.3 3694.55 3241.98 18.5491 983
985 2 3832.27 3713.29 3279.73 18.2744 984
986 0 3828 3714 3284 18 985
987 2 3825.62 3714 3298.27 20.3784 986
988 2 3824.49 3714 3305.08 21.5135 987
989 2 3785.08 3724.92 3379.05 36.6797 988
990 0 3780 3730 3396 42.7214 989
991 2 3709.12 3732.28 3412.3 28.6738 990
992 2 3704.99 3731.25 3414.88 30.1075 991
993 2 3693.12 3728.28 3422.3 34.2293 992
994 2 3659.46 3699.23 3448.08 39.9639 993
995 2 3641.32 3681.01 3470.07 40.0482 994
996 0 3636 3634 3452 14.9706 995
997 0 3644 3614 3436 9.31371 996
998 0 3656 3598 3436 6.94427 997
999 0 3653.47 3579.47 3435.16 9.86914 998
1000 0 3644 3570 3432 6.94427 999
1001 2 3630.74 3561.58 3422.74 11.0537 1000
1002 0 3620 3558 3412 14.4924 1001
1003 0 3620 3546 3384 6 1002
1004 0 3612 3538 3376 6 1003
1005 0 3604 3538 3368 6 1004
1006 0 3604 3526 3356 6 1005
1007 0 3596 3514 3348 6.94427 1006
1008 0 3588 3506 3348 6.94427 1007
1009 0 3572 3494 3352 14.4924 1008
1010 0 3572 3462 3360 6.94427 1009
1011 0 3576 3454 3352 9.31371 1010
1012 0 3576 3442 3352 6 1011
1013 0 3576 3426 3352 6.94427 1012
1014 0 3580 3414 3352 2 1013
1015 0 3584 3402 3352 6 1014
1016 0 3596 3386 3340 10.6491 1015
1017 0 3604 3362 3332 9.31371 1016
1018 0 3608 3358 3324 6.94427 1017
1019 0 3612 3362 3312 6 1018
1020 0 3616 3366 3308 6 1019
1021 0 3620 3366 3292 6 1020
1022 0 3628 3374 3284 6 1021
1023 0 3628 3374 3276 3.65685 1022
1024 0 3632 3374 3268 6.94427 1023
1025 0 3640 3378 3256 9.31371 1024
1026 0 3640 3386 3244 3.65685 1025
1027 0 3644 3386 3236 3.65685 1026
1028 0 3648 3390 3232 3.65685 1027
1029 0 3652 3394 3228 6 1028
1030 0 3660 3398 3220 6 1029
1031 0 3664 3402 3216 3.65685 1030
1032 0 3668 3402 3216 2 1031
1033 0 3680 3402 3216 6 1032
1034 0 3692 3406 3216 10.6491 1033
1035 0 3704 3414 3208 6 1034
1036 0 3724 3414 3196 6 1035
1037 0 3732 3414 3192 6 1036
1038 0 3744 3414 3188 9.31371 1037
1039 0 3764 3390 3192 9.31371 1038
1040 0 3772 3386 3196 6 1039
1041 0 3780 3386 3204 6 1040
1042 0 3620 3542 3428 10.6491 1001
1043 0 3616 3526 3440 6 1042
1044 0 3616 3518 3448 6 1043
1045 0 3624 3486 3476 14 1044
1046 0 3640 3494 3492 10.6491 1045
1047 0 3660 3510 3496 6 1046
1048 0 3676 3522 3500 9.31371 1047
1049 0 3696 3534 3500 9.31371 1048
1050 0 3708 3542 3492 14.4924 1049
1051 0 3740 3542 3480 12.4222 1050
1052 0 3748 3538 3468 10 1051
1053 0 3756 3530 3460 3.65685 1052
1054 0 3760 3526 3456 2 1053
1055 0 3660 3558 3448 9.31371 999
1056 0 3668 3542 3460 6 1055
1057 0 3612 3646 3508 34 995
1058 0 3588 3622 3504 14 1057
1059 0 3584 3614 3492 6.94427 1058
1060 2 3656.22 3716.81 3515.46 54.305 994
1061 2 3653.69 3713.38 3552.32 45.3038 1060
1062 2 3653.49 3712.99 3555.1 44.4445 1061
1063 2 3652.64 3711.27 3567.08 40.7497 1062
1064 0 3662.84 3685.05 3616.51 29.1221 1063
1065 0 3672 3682 3644 26.2843 1064
1066 0 3672 3682 3672 9.31371 1065
1067 0 3672 3666 3704 9.31371 1066
1068 0 3680 3658 3720 12.4222 1067
1069 0 3688 3658 3732 9.31371 1068
1070 0 3688 3670 3748 6 1069
1071 0 3688 3670 3756 6 1070
1072 0 3688 3674 3768 9.31371 1071
1073 0 3680 3682 3772 6.94427 1072
1074 0 3680 3690 3780 9.31371 1073
1075 0 3680 3698 3788 3.65685 1074
1076 0 3680 3702 3788 2 1075
1077 2 3678.55 3657.05 3642.08 29.8223 1064
1078 0 3684 3630 3668 12.4222 1077
1079 0 3680 3618 3688 6 1078
1080 0 3656 3602 3628 9.31371 1077
1081 0 3676 3742 3632 18 1063
1082 0 3692 3758 3652 3.65685 1081
1083 0 3696 3762 3652 2 1082
1084 0 3632 3638 3552 10.6491 1063
1085 0 3620 3614 3544 9.31371 1084
1086 0 3720 3754 3580 14 1063
1087 0 3732 3750 3604 3.65685 1086
1088 0 3736 3746 3608 2 1087
1089 0 3672 3646 3584 26.8444 1062
1090 0 3668 3598 3604 14 1089
1091 0 3664 3574 3604 3.65685 1090
1092 0 3660 3570 3604 2 1091
1093 2 3655.93 3729.16 3555.73 40.0941 1061
1094 0 3672 3806 3572 12.4222 1093
1095 0 3680 3822 3572 14 1094
1096 0 3652 3806 3528 12.4222 1093
1097 0 3664 3818 3528 3.65685 1096
1098 0 3668 3818 3528 2 1097
1099 0 3604 3730 3528 14.9706 1060
1100 0 3576 3722 3532 9.31371 1099
1101 0 3564 3718 3540 9.31371 1100
1102 0 3560 3714 3560 10 1101
1103 0 3560 3710 3584 9.31371 1102
1104 0 3560 3706 3596 9.31371 1103
1105 0 3552 3702 3604 6 1104
1106 0 3540 3698 3616 6 1105
1107 0 3532 3694 3624 6.94427 1106
1108 0 3520 3682 3624 6 1107
1109 2 3509.33 3668.67 3617.33 9.31371 1108
1110 0 3508 3654 3612 6 1109
1111 0 3508 3642 3612 6.94427 1110
1112 0 3504 3634 3608 6 1111
1113 0 3528 3666 3600 10.6491 1109
1114 0 3528 3662 3588 10 1113
1115 0 3544 3718 3532 10 1101
1116 0 3512 3718 3536 10 1115
1117 0 3500 3718 3544 6 1116
1118 0 3484 3714 3548 6.94427 1117
1119 0 3476 3706 3556 6.94427 1118
1120 0 3468 3694 3560 12.4222 1119
1121 0 3460 3670 3584 9.31371 1120
1122 0 3736 3770 3444 18.3961 993
1123 0 3756 3778 3448 2 1122
1124 0 3760 3778 3448 2 1123
1125 0 3724 3698 3464 10.6491 992
1126 0 3712 3674 3476 6 1125
1127 0 3696 3770 3400 22 991
1128 2 3696 3776.8 3379.6 18.6 1127
1129 0 3688 3778 3356 9.31371 1128
1130 0 3688 3774 3340 12.4222 1129
1131 0 3688 3786 3320 6.94427 1130
1132 0 3684 3794 3304 10 1131
1133 0 3672 3806 3292 10.6491 1132
1134 0 3664 3814 3284 10 1133
1135 0 3652 3830 3284 9.31371 1134
1136 0 3648 3838 3288 6 1135
1137 0 3696 3814 3380 21.3238 1128
1138 0 3680 3846 3376 3.65685 1137
1139 0 3680 3850 3376 2 1138
1140 0 3644 3802 3420 18 1127
1141 0 3608 3806 3420 6.94427 1140
1142 0 3592 3798 3420 6.94427 1141
1143 0 3580 3798 3416 10.6491 1142
1144 0 3568 3802 3408 9.31371 1143
1145 0 3628 3818 3436 9.31371 1140
1146 0 3616 3838 3432 6 1145
1147 0 3608 3838 3428 6 1146
1148 0 3784 3706 3468 24.8328 990
1149 2 3788.44 3688.68 3499.96 29.168 1148
1150 2 3791.43 3679.71 3526.86 33.9617 1149
1151 2 3791.89 3678.33 3531.01 34.7019 1150
1152 0 3800 3674 3568 30.249 1151
1153 0 3828 3650 3600 12.4222 1152
1154 0 3844 3646 3604 12.4222 1153
1155 0 3860 3662 3604 9.31371 1154
1156 2 3866.77 3672.15 3604 9.31371 1155
1157 0 3868 3674 3604 9.31371 1156
1158 0 3884 3686 3608 6.94427 1157
1159 0 3888 3702 3624 6 1158
1160 0 3888 3710 3644 6.94427 1159
1161 0 3888 3722 3664 6 1160
1162 0 3884 3726 3676 6 1161
1163 0 3880 3730 3688 6 1162
1164 0 3876 3734 3700 6 1163
1165 0 3872 3734 3708 3.65685 1164
1166 0 3868 3734 3716 6 1165
1167 0 3868 3730 3728 2 1166
1168 0 3864 3726 3732 3.65685 1167
1169 0 3864 3726 3736 2 1168
1170 0 3860 3722 3740 6 1169
1171 0 3860 3718 3748 3.65685 1170
1172 0 3856 3714 3752 6 1171
1173 0 3852 3710 3756 2 1172
1174 0 3852 3706 3764 6 1173
1175 0 3840 3690 3780 9.31371 1174
1176 0 3840 3686 3792 3.65685 1175
1177 0 3844 3682 3796 2 1176
1178 0 3844 3682 3800 2 1177
1179 0 3844 3682 3804 2 1178
1180 0 3856 3682 3616 9.31371 1157
1181 0 3848 3690 3624 6 1180
1182 0 3840 3690 3632 3.65685 1181
1183 0 3836 3690 3632 2 1182
1184 0 3832 3694 3632 2 1183
1185 0 3884 3666 3588 10 1156
1186 0 3892 3662 3580 9.31371 1185
1187 0 3900 3674 3564 6 1186
1188 0 3904 3678 3560 6 1187
1189 2 3798.52 3723.7 3569.7 20.5185 1151
1190 0 3792 3746 3588 6.94427 1189
1191 0 3792 3754 3596 6 1190
1192 0 3796 3762 3604 9.31371 1191
1193 0 3804 3770 3604 6 1192
1194 0 3824 3746 3556 10.6491 1189
1195 0 3832 3754 3556 6.94427 1194
1196 0 3848 3770 3560 6 1195
1197 0 3844 3658 3532 6.94427 1150
1198 0 3852 3650 3536 6 1197
1199 0 3736 3634 3544 26 1149
1200 0 3728 3618 3564 14 1199
1201 0 3800 3678 3464 6 1148
1202 0 3808 3678 3464 6 1201
1203 0 3824 3654 3476 14 1202
1204 0 3824 3642 3484 6.94427 1203
1205 0 3816 3630 3484 2 1204
1206 0 3784 3782 3396 26.8444 990
1207 0 3820 3834 3376 22 1206
1208 0 3832 3858 3376 6 1207
1209 0 3788 3794 3352 21.3238 989
1210 0 3780 3798 3316 6.94427 1209
1211 0 3772 3802 3296 6.94427 1210
1212 0 3772 3810 3284 9.31371 1211
1213 0 3772 3822 3268 6.94427 1212
1214 0 3776 3830 3256 6 1213
1215 0 3776 3838 3248 10 1214
1216 0 3776 3862 3244 6.94427 1215
1217 0 3772 3870 3244 3.65685 1216
1218 0 3776 3874 3244 2 1217
1219 0 3872 3746 3312 15.8885 988
1220 0 3884 3754 3324 14.4924 1219
1221 0 3892 3754 3344 6 1220
1222 0 3900 3754 3352 6 1221
1223 0 3904 3750 3356 3.65685 1222
1224 0 3912 3742 3364 6.94427 1223
1225 0 3928 3738 3376 6 1224
1226 0 3940 3738 3384 6 1225
1227 0 3948 3734 3396 6.94427 1226
1228 0 3948 3722 3412 6.94427 1227
1229 0 3952 3718 3420 9.31371 1228
1230 0 3948 3718 3432 6 1229
1231 0 3948 3722 3448 6 1230
1232 0 3956 3726 3460 6 1231
1233 0 3964 3734 3472 6 1232
1234 0 3976 3730 3484 6 1233
1235 0 3984 3730 3492 6 1234
1236 0 3792 3710 3292 14 987
1237 0 3780 3710 3280 6 1236
1238 0 3856 3746 3296 12.4222 986
1239 0 3856 3762 3280 10 1238
1240 0 3852 3770 3272 6.94427 1239
1241 0 3844 3794 3256 10 1240
1242 0 3836 3806 3240 18 1241
1243 0 3832 3822 3228 10 1242
1244 0 3832 3846 3228 9.31371 1243
1245 0 3828 3862 3220 6.94427 1244
1246 0 3820 3878 3212 6 1245
1247 0 3816 3886 3204 6 1246
1248 0 3816 3894 3204 3.65685 1247
1249 0 3820 3898 3204 3.65685 1248
1250 2 3824 3908 3210 6.7082 1249
1251 0 3824 3914 3216 6 1250
1252 0 3820 3918 3224 9.31371 1251
1253 0 3812 3918 3232 6.94427 1252
1254 0 3800 3914 3244 9.31371 1253
1255 0 3788 3910 3252 6 1254
1256 0 3780 3906 3252 6 1255
1257 0 3772 3890 3256 6 1256
1258 0 3820 3926 3192 9.31371 1250
1259 0 3824 3938 3192 3.65685 1258
1260 0 3828 3942 3188 3.65685 1259
1261 0 3832 3950 3188 6 1260
1262 0 3840 3954 3180 6 1261
1263 0 3848 3962 3172 6 1262
1264 0 3856 3966 3172 3.65685 1263
1265 0 3856 3970 3172 2 1264
1266 0 3860 3974 3172 3.65685 1265
1267 0 3860 3978 3172 2 1266
1268 0 3808 3710 3264 10 985
1269 2 3798.85 3711.15 3254.85 10.5554 1268
1270 0 3785.27 3736.18 3233.27 12.7769 1269
1271 0 3776 3730 3224 6.94427 1270
1272 0 3768 3722 3220 6 1271
1273 0 3738.11 3733.53 3207.53 13.4477 1272
1274 0 3712 3726 3208 6 1273
1275 0 3704 3722 3212 6.94427 1274
1276 0 3692 3718 3216 12.4222 1275
1277 0 3680 3706 3220 10 1276
1278 0 3668 3706 3212 3.65685 1277
1279 0 3668 3706 3204 6 1278
1280 0 3672 3710 3188 6.94427 1279
1281 0 3680 3714 3168 6.94427 1280
1282 0 3688 3722 3156 3.65685 1281
1283 0 3688 3722 3152 3.65685 1282
1284 0 3696 3730 3144 6.94427 1283
1285 0 3708 3730 3136 6 1284
1286 0 3720 3726 3128 10 1285
1287 0 3732 3730 3124 10 1286
1288 0 3732 3758 3184 6 1273
1289 0 3732 3762 3176 6 1288
1290 0 3732 3774 3172 2 1289
1291 0 3776 3750 3216 6 1270
1292 0 3772 3758 3208 6 1291
1293 0 3776 3774 3192 10 1292
1294 0 3776 3774 3180 2 1293
1295 0 3768 3766 3168 12.4222 1294
1296 0 3748 3766 3156 9.31371 1295
1297 0 3796 3686 3240 6.94427 1269
1298 0 3800 3674 3244 6 1297
1299 0 3800 3666 3244 6 1298
1300 0 3804 3662 3248 6 1299
1301 0 3804 3646 3252 6 1300
1302 0 3800 3634 3260 6 1301
1303 0 3796 3626 3268 6 1302
1304 0 3784 3614 3280 6.94427 1303
1305 0 3764 3598 3280 6.94427 1304
1306 0 3756 3578 3292 6 1305
1307 0 3752 3562 3300 6.94427 1306
1308 0 3752 3546 3300 6 1307
1309 0 3748 3530 3300 6 1308
1310 0 3748 3514 3300 10 1309
1311 0 3736 3502 3284 3.65685 1310
1312 0 3732 3506 3280 2 1311
1313 0 3860 3674 3260 10.6491 984
1314 0 3856 3662 3264 10 1313
1315 0 3860 3654 3272 6 1314
1316 0 3860 3646 3280 6 1315
1317 0 3860 3714 3240 18 983
1318 0 3860 3734 3240 10 1317
1319 0 3864 3742 3224 9.31371 1318
1320 0 3868 3730 3204 6.94427 1319
1321 0 3872 3722 3200 6 1320
1322 0 3880 3714 3192 9.31371 1321
1323 0 3888 3710 3188 6 1322
1324 0 3872 3638 3216 14 982
1325 0 3880 3622 3216 6 1324
1326 0 3816 3678 3156 9.31371 981
1327 0 3808 3682 3160 9.31371 1326
1328 0 3868 3702 3120 10 980
1329 0 3876 3722 3120 10 1328
1330 0 3880 3738 3120 10 1329
1331 0 3880 3750 3120 2 1330
1332 0 3888 3758 3124 6 1331
1333 0 3884 3770 3128 10.6491 1332
1334 2 3824.21 3690.17 3098.44 13.8176 979
1335 0 3808 3702 3088 6 1334
1336 0 3804 3714 3076 6.94427 1335
1337 0 3800 3730 3060 6 1336
1338 0 3792 3734 3052 9.31371 1337
1339 0 3788 3730 3044 3.65685 1338
1340 0 3788 3726 3040 2 1339
1341 0 3812 3698 3108 6 1334
1342 2 3804.22 3709.56 3119.56 9.12961 1341
1343 0 3784 3714 3120 6 1342
1344 0 3772 3710 3128 10 1343
1345 0 3780 3702 3136 3.65685 1344
1346 0 3784 3698 3140 2 1345
1347 0 3788 3694 3140 2 1346
1348 0 3828 3718 3124 9.31371 1342
1349 0 3844 3726 3124 6.94427 1348
1350 0 3852 3730 3124 6 1349
1351 0 3856 3734 3120 2 1350
1352 0 3856 3734 3116 2 1351
1353 0 3840 3638 3056 6.94427 977
1354 0 3824 3642 3036 6.94427 1353
1355 0 3956 3614 3036 9.31371 975
1356 0 3968 3602 3020 6 1355
1357 0 3972 3602 3012 2 1356
1358 0 3972 3602 3008 2 1357
1359 0 3937.11 3707.78 3014.22 14.8633 974
1360 0 3932 3718 3004 9.31371 1359
1361 0 3928 3726 2988 9.31371 1360
1362 0 3900 3714 2976 14 1361
1363 0 3888 3710 2968 6.94427 1362
1364 0 3872 3710 2952 6 1363
1365 0 3864 3714 2944 6 1364
1366 0 3868 3726 2924 9.31371 1365
1367 0 3868 3730 2908 14 1366
1368 0 3864 3718 2888 6 1367
1369 0 3860 3702 2876 6.94427 1368
1370 0 3856 3690 2868 6 1369
1371 0 3852 3678 2860 6 1370
1372 0 3852 3670 2852 6 1371
1373 0 3856 3670 2844 3.65685 1372
1374 0 3860 3666 2840 6 1373
1375 0 3860 3662 2832 6 1374
1376 0 3852 3662 2824 3.65685 1375
1377 0 3852 3662 2816 6 1376
1378 0 3844 3662 2804 6.94427 1377
1379 0 3836 3662 2796 6 1378
1380 0 3832 3666 2776 6 1379
1381 0 3832 3666 2764 6.94427 1380
1382 0 3832 3674 2756 6.94427 1381
1383 0 3828 3674 2740 6 1382
1384 0 3828 3674 2724 6 1383
1385 0 3824 3674 2716 6 1384
1386 0 3824 3666 2712 6 1385
1387 0 3816 3658 2704 2 1386
1388 0 3816 3654 2700 2 1387
1389 0 3857.75 3759.26 2908 9.60451 1367
1390 0 3872 3778 2908 6 1389
1391 0 3880 3786 2912 9.31371 1390
1392 0 3892 3790 2928 9.31371 1391
1393 0 3892 3786 2940 6 1392
1394 0 3892 3786 2948 6 1393
1395 0 3880 3798 2956 6.94427 1394
1396 0 3856 3806 2952 9.31371 1395
1397 0 3848 3814 2948 3.65685 1396
1398 0 3844 3814 2948 2 1397
1399 0 3840 3766 2896 9.31371 1389
1400 0 3832 3774 2896 6.94427 1399
1401 0 3816 3778 2888 9.31371 1400
1402 0 3936 3738 3016 10.6491 1359
1403 0 3936 3766.67 3020 13.4871 1402
1404 0 3908 3802 3024 18.3961 1403
1405 2 3875.72 3812.05 3050.33 18 1404
1406 2 3864.42 3813.93 3063.51 18 1405
1407 0 3848 3802 3076 14.9706 1406
1408 0 3820 3794 3068 6 1407
1409 0 3804 3794 3064 6 1408
1410 0 3792 3794 3060 9.31371 1409
1411 0 3775.79 3814.21 3043.79 8.55092 1410
1412 2 3764.4 3814 3020.8 6.09443 1411
1413 0 3764 3814 3012 6 1412
1414 0 3772 3822 3004 6.94427 1413
1415 0 3780 3822 2980 9.31371 1414
1416 0 3808 3826 2968 9.31371 1415
1417 0 3824 3822 2960 6.94427 1416
1418 0 3832 3834 2956 2 1417
1419 0 3760 3798 3020 6 1412
1420 0 3752 3782 3024 6 1419
1421 0 3752 3774 3024 6 1420
1422 0 3744 3766 3020 9.31371 1421
1423 0 3724 3766 3008 9.31371 1422
1424 0 3712 3762 2992 3.65685 1423
1425 0 3708 3758 2988 2 1424
1426 0 3772 3834 3052 6 1411
1427 0 3764 3850 3060 6.94427 1426
1428 0 3756 3854 3068 6 1427
1429 0 3896 3813.2 3105.6 6.75542 1406
1430 0 3896 3810 3112 6 1429
1431 0 3896 3802 3120 9.31371 1430
1432 0 3884 3798 3120 10.6491 1431
1433 0 3880 3810 3124 6 1432
1434 0 3892 3822 3112 2 1429
1435 0 3888 3826 3116 3.65685 1434
1436 0 3888 3830 3120 3.65685 1435
1437 0 3892 3834 3120 3.65685 1436
1438 0 3896 3842 3120 6.94427 1437
1439 0 3904 3846 3116 6 1438
1440 0 3880 3858 3056 14 1405
1441 0 3864 3878 3040 10 1440
1442 0 3860 3882 3028 9.31371 1441
1443 0 3872 3886 3012 6 1442
1444 0 3876 3890 3008 3.65685 1443
1445 0 3880 3894 3008 3.65685 1444
1446 0 3888 3902 3008 6 1445
1447 0 3904 3902 3008 6 1446
1448 0 3920 3914 3012 6.94427 1447
1449 0 3936 3930 3000 6.94427 1448
1450 0 3944 3946 2984 3.65685 1449
1451 0 3944 3950 2980 3.65685 1450
1452 0 3948 3954 2976 6 1451
1453 0 3948 3966 2960 6.94427 1452
1454 0 3944 3974 2952 6 1453
1455 0 3936 3974 2944 6 1454
1456 0 3936 3970 2936 6 1455
1457 0 3928 3822 3024 6 1404
1458 0 3928 3838 3032 6 1457
1459 0 3932 3850 3040 10.6491 1458
1460 0 3940 3858 3052 6.94427 1459
1461 0 3952 3866 3060 6.94427 1460
1462 0 3960 3870 3064 9.31371 1461
1463 0 3980 3882 3068 6 1462
1464 0 3988 3886 3076 9.31371 1463
1465 0 3996 3894 3080 2 1464
1466 0 3996 3898 3080 2 1465
1467 0 3966.5 3779.66 3000 11.2827 1403
1468 0 3976 3786 3000 6.94427 1467
1469 0 3992 3790 3004 9.31371 1468
1470 0 4012 3790 3000 3.65685 1469
1471 0 4016 3794 3000 2 1470
1472 0 3984 3770 2992 6 1467
1473 0 4004 3766 2992 10 1472
1474 0 4000 3614 3040 9.31371 973
1475 0 4000 3606 3048 6 1474
1476 0 4008 3598 3060 6.94427 1475
1477 0 4024 3586 3072 6.94427 1476
1478 0 4028 3578 3080 10 1477
1479 0 4020 3566 3088 6 1478
1480 0 4020 3558 3092 6 1479
1481 0 4016 3550 3088 2 1480
1482 0 4016 3546 3084 2 1481
1483 0 4036 3598 3024 12.4222 972
1484 0 4052 3578 3036 9.31371 1483
1485 0 4064 3562 3052 6 1484
1486 0 4064 3550 3068 9.31371 1485
1487 0 4064 3538 3080 6.94427 1486
1488 0 4060 3538 3088 6 1487
1489 0 4060 3546 3096 9.31371 1488
1490 0 4166.06 3722.69 2908.57 41.8353 968
1491 0 4102.25 3746.87 2864.69 15.8632 1490
1492 0 4072 3766 2832 15.8885 1491
1493 2 4056.8 3774 2814.4 19.9956 1492
1494 0 4012 3778 2804 10 1493
1495 0 3981.97 3798 2812.48 12.9867 1494
1496 0 3962.4 3794 2776.8 13.2 1495
1497 0 3952 3794 2752 9.31371 1496
1498 0 3940 3782 2740 6 1497
1499 0 3931.11 3776.22 2730.22 6 1498
1500 0 3928 3770 2724 6 1499
1501 0 3916 3750 2704 12.4222 1500
1502 2 3900.89 3734.89 2696.44 18.0642 1501
1503 0 3880 3726 2692 14.9706 1502
1504 0 3844 3714 2676 18 1503
1505 0 3816 3698 2648 12.4222 1504
1506 0 3800 3662 2612 23.2982 1505
1507 0 3804 3662 2576 33.7771 1506
1508 0 3812 3662 2540 23.6125 1507
1509 0 3840 3658 2512 6.94427 1508
1510 0 3856 3654 2508 6.94427 1509
1511 0 3864 3654 2508 3.65685 1510
1512 0 3872 3646 2504 6.94427 1511
1513 0 3880 3642 2496 3.65685 1512
1514 0 3884 3634 2492 6 1513
1515 0 3884 3626 2484 6 1514
1516 0 3888 3622 2480 3.65685 1515
1517 0 3888 3618 2476 3.65685 1516
1518 0 3892 3614 2468 6.94427 1517
1519 0 3896 3602 2452 10 1518
1520 0 3880 3606 2436 6 1519
1521 0 3864 3610 2428 6 1520
1522 0 3848 3610 2412 6 1521
1523 0 3840 3610 2396 6.94427 1522
1524 0 3844 3618 2388 3.65685 1523
1525 0 3844 3618 2384 3.65685 1524
1526 0 3844 3626 2376 6 1525
1527 0 3848 3634 2360 6.94427 1526
1528 0 3860 3638 2344 6 1527
1529 0 3872 3654 2328 6.94427 1528
1530 0 3876 3662 2308 9.31371 1529
1531 0 3868 3670 2296 6.94427 1530
1532 0 3856 3678 2284 6 1531
1533 0 3848 3678 2272 6 1532
1534 0 3840 3678 2264 6.94427 1533
1535 0 3832 3678 2256 3.65685 1534
1536 0 3828 3678 2252 2 1535
1537 0 3904 3582 2440 9.31371 1519
1538 0 3904 3562 2420 6.94427 1537
1539 0 3900 3558 2412 6 1538
1540 0 3896 3550 2404 2 1539
1541 0 3892 3550 2404 2 1540
1542 0 3792 3686 2508 9.31371 1508
1543 0 3796 3694 2492 6.94427 1542
1544 0 3800 3694 2472 6 1543
1545 0 3804 3694 2460 9.31371 1544
1546 0 3808 3694 2448 6.94427 1545
1547 0 3808 3690 2432 9.31371 1546
1548 0 3804 3686 2420 10.6491 1547
1549 0 3796 3686 2408 6 1548
1550 0 3804 3702 2552 26 1507
1551 0 3824 3726 2524 6.94427 1550
1552 0 3824 3734 2508 6 1551
1553 0 3820 3738 2500 3.65685 1552
1554 0 3816 3738 2500 2 1553
1555 0 3796 3702 2576 24.8328 1506
1556 0 3764 3726 2568 6.94427 1555
1557 0 3756 3734 2568 6.94427 1556
1558 0 3748 3738 2560 6 1557
1559 0 3740 3742 2552 2 1558
1560 0 3740 3742 2548 2 1559
1561 0 3740 3742 2544 2 1560
1562 0 3912 3730 2668 12.4222 1502
1563 0 3916 3722 2656 6.94427 1562
1564 0 3920 3722 2648 6.94427 1563
1565 0 3920 3722 2636 2 1564
1566 0 3936 3782 2712 6 1499
1567 0 3944 3794 2704 6 1566
1568 0 3956 3814 2700 6.94427 1567
1569 0 3972 3818 2692 6 1568
1570 0 3972 3774 2768 6.94427 1496
1571 0 3980 3762 2768 12.4222 1570
1572 0 3984 3750 2776 9.31371 1571
1573 0 3976 3826 2808 6 1495
1574 0 3964 3842 2796 9.31371 1573
1575 0 3952 3850 2792 6 1574
1576 2 4056.07 3795.86 2790.35 15.4188 1493
1577 0 4060 3798 2756 10 1576
1578 0 4072 3782 2720 18 1577
1579 0 4080 3794 2692 6.94427 1578
1580 0 4096 3802 2672 9.31371 1579
1581 0 4104 3810 2648 6.94427 1580
1582 0 4112 3818 2632 9.31371 1581
1583 0 4112 3830 2620 6 1582
1584 0 4104 3842 2608 12.4222 1583
1585 2 4097.1 3842 2590.76 14.6191 1584
1586 0 4092 3834 2572 9.31371 1585
1587 0 4084 3822 2556 9.31371 1586
1588 0 4088 3818 2532 10 1587
1589 0 4088 3810 2500 6 1588
1590 0 4096 3798 2480 10 1589
1591 0 4096 3790 2472 6.94427 1590
1592 0 4100 3782 2426.67 13.7333 1591
1593 0 4112 3806 2380 19.5407 1592
1594 0 4144 3822 2348 18 1593
1595 0 4176 3826 2312 18.3961 1594
1596 0 4192 3822 2296 21.3238 1595
1597 2 4194.72 3822 2276.96 16.6785 1596
1598 0 4196 3822 2252 9.31371 1597
1599 0 4208 3818 2236 6 1598
1600 0 4220 3818 2220 6 1599
1601 0 4232 3822 2212 10 1600
1602 0 4256 3818 2204 10 1601
1603 0 4268 3814 2200 6.94427 1602
1604 0 4288 3814 2204 6 1603
1605 0 4300 3818 2204 6 1604
1606 0 4304 3822 2200 6 1605
1607 0 4312 3822 2200 6 1606
1608 0 4320 3822 2200 3.65685 1607
1609 0 4324 3822 2196 2 1608
1610 0 4328 3822 2192 2 1609
1611 0 4220 3802 2276 6 1597
1612 0 4216 3790 2264 9.31371 1611
1613 0 4200 3790 2248 6.94427 1612
1614 0 4188 3790 2236 6 1613
1615 0 4228 3810 2316 9.31371 1596
1616 0 4232 3794 2316 6 1615
1617 0 4240 3782 2312 6.94427 1616
1618 0 4256 3758 2312 9.31371 1617
1619 0 4272 3730 2312 10.6491 1618
1620 0 4280 3718 2304 6 1619
1621 0 4284 3710 2300 6 1620
1622 0 4292 3698 2300 2 1621
1623 0 4108 3758 2428 10.6491 1592
1624 0 4116 3750 2432 6 1623
1625 0 4120 3750 2444 6 1624
1626 0 4112 3746 2460 6 1625
1627 0 4080 3858 2596 6 1585
1628 0 4072 3866 2596 3.65685 1627
1629 0 4068 3874 2596 3.65685 1628
1630 0 4064 3878 2600 6 1629
1631 0 4060 3894 2604 6 1630
1632 0 4056 3910 2604 6 1631
1633 0 4056 3926 2600 6.94427 1632
1634 0 4056 3934 2600 6 1633
1635 0 4052 3938 2604 2 1634
1636 0 4052 3942 2604 2 1635
1637 0 4128 3854 2596 6 1584
1638 0 4136 3858 2592 6.94427 1637
1639 0 4144 3866 2596 6 1638
1640 0 4152 3866 2600 6 1639
1641 2 4065.33 3751.33 2713.33 10.5049 1578
1642 0 4056 3734 2696 10.6491 1641
1643 0 4048 3710 2684 12.4222 1642
1644 2 4027.8 3685.8 2665.85 22.2513 1643
1645 2 4021.37 3679.37 2661.02 24.381 1644
1646 0 3960 3630 2660 15.8885 1645
1647 0 3928 3630 2660 9.31371 1646
1648 0 3912 3630 2652 6.94427 1647
1649 0 3896 3626 2648 9.31371 1648
1650 0 3880 3622 2648 14 1649
1651 0 3868 3630 2652 10 1650
1652 0 3868 3642 2652 6 1651
1653 0 4016 3710 2624 15.8885 1645
1654 0 4032 3710 2620 6 1653
1655 0 4036 3702 2620 2 1654
1656 0 4036 3698 2620 2 1655
1657 0 4048 3678 2660 10 1644
1658 0 4052 3662 2660 6.94427 1657
1659 0 4056 3650 2660 10 1658
1660 0 4056 3638 2660 6.94427 1659
1661 0 4076 3626 2636 18 1660
1662 0 4088 3614 2624 10.6491 1661
1663 0 4108 3602 2608 10 1662
1664 0 4120 3598 2588 6 1663
1665 0 4124 3594 2580 3.65685 1664
1666 0 4128 3590 2576 2 1665
1667 0 4064 3734 2724 9.31371 1641
1668 0 4072 3726 2728 6 1667
1669 0 4072 3710 2724 6 1668
1670 0 4068 3706 2720 6 1669
1671 0 4064 3830 2800 12.4222 1576
1672 2 4060.26 3864.42 2773.06 21.8134 1671
1673 2 4047.33 3878.67 2759.33 23.3455 1672
1674 2 4037.41 3886.94 2751.06 24.3347 1673
1675 0 3987.26 3929.71 2717.77 26.0264 1674
1676 0 3984 3990 2680 23.2982 1675
1677 0 4004 4002 2660 10 1676
1678 0 4024 4014 2652 9.31371 1677
1679 0 4044 4010 2636 12.4222 1678
1680 0 4068 4014 2604 18 1679
1681 0 4080 4046 2568 23.6125 1680
1682 0 4108 4058 2536 18 1681
1683 0 4128 4082 2508 14.4924 1682
1684 0 4144 4098 2472 12.4222 1683
1685 0 4152 4102 2448 10 1684
1686 0 4156 4106 2420 9.31371 1685
1687 0 4168 4110 2396 12.4222 1686
1688 2 4172 4102.62 2368.92 12.5436 1687
1689 0 4172 4102 2368 12.4222 1688
1690 0 4160 4102 2360 6 1689
1691 0 4152 4102 2360 6 1690
1692 0 4140 4106 2352 10 1691
1693 0 4120 4106 2332 10 1692
1694 0 4112 4110 2320 6.94427 1693
1695 0 4112 4118 2312 6 1694
1696 0 4196 4090 2352 10 1689
1697 0 4204 4078 2336 6 1696
1698 0 4204 4070 2328 6 1697
1699 0 4200 4066 2324 3.65685 1698
1700 0 4200 4062 2324 2 1699
1701 0 4192 4122 2352 6.94427 1688
1702 0 4204 4134 2352 6 1701
1703 0 4212 4138 2344 2 1702
1704 0 3964 4006 2656 9.31371 1676
1705 0 3948 4018 2652 6.94427 1704
1706 0 3940 4026 2648 6.94427 1705
1707 0 3936 4030 2640 3.65685 1706
1708 0 3932 4030 2640 2 1707
1709 0 3992 3966 2736 14.4924 1675
1710 0 3992 3982 2748 6 1709
1711 0 3996 3986 2768 9.31371 1710
1712 0 3996 4002 2788 9.31371 1711
1713 0 4000 4014 2792 2 1712
1714 0 4000 4018 2792 2 1713
1715 0 4044 3926 2752 14 1674
1716 0 4056 3954 2752 9.31371 1715
1717 2 4072.85 3958 2762.95 9.49409 1716
1718 0 4084 3950 2768 6.94427 1717
1719 0 4092 3938 2780 6.94427 1718
1720 0 4096 3918 2788 6 1719
1721 0 4100 3906 2800 6.94427 1720
1722 0 4112 3890 2812 6.94427 1721
1723 0 4116 3882 2820 6.94427 1722
1724 0 4120 3874 2828 3.65685 1723
1725 0 4120 3870 2828 2 1724
1726 0 4072 3982 2756 6 1717
1727 0 4072 3998 2756 6 1726
1728 0 4072 4006 2756 6 1727
1729 0 4076 4018 2760 9.31371 1728
1730 0 4076 4022 2772 6 1729
1731 0 4076 4022 2780 6 1730
1732 0 4076 4022 2788 3.65685 1731
1733 0 4072 4026 2792 2 1732
1734 2 4040.27 3901.32 2787.36 18.1293 1673
1735 0 4040 3910 2808 10 1734
1736 0 4028 3934 2828 6.94427 1735
1737 0 4016 3950 2844 12.4222 1736
1738 0 4028 3962 2860 2 1737
1739 0 4032 3958 2864 2 1738
1740 0 4032 3954 2864 2 1739
1741 0 4032 3950 2864 2 1740
1742 0 4012 3906 2796 10 1734
1743 0 4000 3914 2804 6 1742
1744 0 3992 3922 2812 6.94427 1743
1745 0 4000 3922 2816 6 1744
1746 0 4072 3882 2796 12.4222 1672
1747 0 4088 3882 2796 9.31371 1746
1748 0 4100 3874 2788 6.94427 1747
1749 0 4108 3858 2784 6.94427 1748
1750 0 4112 3846 2780 6.94427 1749
1751 0 4124 3838 2776 10.6491 1750
1752 0 4148 3846 2760 9.31371 1751
1753 0 4160 3842 2748 6.94427 1752
1754 0 4168 3834 2740 6 1753
1755 0 4176 3830 2732 6 1754
1756 0 4184 3822 2720 6 1755
1757 0 4184 3814 2716 3.65685 1756
1758 0 4184 3810 2720 2 1757
1759 0 4040 3770 2872 12.4222 1491
1760 0 4024 3774 2872 14 1759
1761 0 4004 3786 2856 10 1760
1762 0 3996 3790 2848 10 1761
1763 0 4220 3658 2808 18.3961 1490
1764 2 4209.42 3612.37 2762.37 29.6064 1763
1765 0 4256 3626 2712 14 1764
1766 0 4268 3634 2708 6.94427 1765
1767 0 4276 3646 2700 6.94427 1766
1768 0 4280 3654 2692 6 1767
1769 0 4176 3586 2736 40.5206 1764
1770 0 4204 3558 2664 23.6125 1769
1771 0 4212 3534 2628 10.6491 1770
1772 0 4224 3526 2600 10.6491 1771
1773 0 4224 3522 2572 10 1772
1774 0 4232 3518 2544 12.4222 1773
1775 0 4236 3502 2516 12.4222 1774
1776 0 4236 3494 2496 9.31371 1775
1777 0 4236 3498 2472 9.31371 1776
1778 0 4236 3502 2456 6.94427 1777
1779 0 4232 3502 2436 9.31371 1778
1780 0 4228 3506 2424 12.4222 1779
1781 0 4220 3506 2392 12.4222 1780
1782 0 4228 3506 2356 10.6491 1781
1783 0 4236 3514 2332 9.31371 1782
1784 0 4236 3530 2308 12.4222 1783
1785 0 4236 3534 2276 14 1784
1786 0 4254.67 3530 2237.33 13.3423 1785
1787 0 4276 3526 2216 10.6491 1786
1788 0 4296 3534 2184 19.5407 1787
1789 0 4300 3530 2136 21.3238 1788
1790 0 4308 3510 2084 14 1789
1791 0 4312 3506 2068 9.31371 1790
1792 0 4320 3506 2044 12.4222 1791
1793 0 4328 3510 2000 14.4924 1792
1794 0 4332 3514 1956 10.6491 1793
1795 0 4340 3514 1924 12.4222 1794
1796 0 4348 3514 1880 12.4222 1795
1797 0 4352 3522 1848 10.6491 1796
1798 0 4352 3522 1820 9.31371 1797
1799 0 4352 3526 1796 9.31371 1798
1800 0 4348 3530 1768 6.94427 1799
1801 0 4344 3534 1740 10.6491 1800
1802 0 4340 3538 1712 10.6491 1801
1803 0 4340 3542 1688 10 1802
1804 0 4340 3546 1660 6.94427 1803
1805 0 4336 3558 1628 10.6491 1804
1806 0 4336 3562 1616 12.4222 1805
1807 0 4336 3562 1596 9.31371 1806
1808 0 4344 3562 1556 15.8885 1807
1809 0 4344 3586 1532 14 1808
1810 0 4344 3618 1520 10.6491 1809
1811 0 4352 3646 1500 14 1810
1812 0 4248 3534 2216 6 1786
1813 0 4244 3542 2208 6 1812
1814 0 4244 3546 2200 3.65685 1813
1815 0 4244 3550 2196 3.65685 1814
1816 0 4248 3554 2192 6 1815
1817 0 4252 3562 2184 6 1816
1818 0 4256 3566 2176 3.65685 1817
1819 0 4264 3574 2168 3.65685 1818
1820 0 4268 3578 2164 6 1819
1821 0 4272 3586 2156 6.94427 1820
1822 0 4280 3590 2140 6.94427 1821
1823 0 4284 3590 2132 6.94427 1822
1824 0 4284 3594 2124 3.65685 1823
1825 0 4284 3598 2120 3.65685 1824
1826 0 4284 3598 2112 6 1825
1827 0 4284 3606 2096 6 1826
1828 0 4276 3618 2080 9.31371 1827
1829 0 4268 3618 2068 6 1828
1830 0 4104 3566 2732 26.2843 1769
1831 0 4052 3570 2732 14.4924 1830
1832 0 4012 3566 2764 15.8885 1831
1833 0 3984 3578 2816 15.8885 1832
1834 0 3984 3586 2860 22.3311 1833
1835 0 3980 3582 2892 24.8328 1834
1836 0 3964 3578 2920 18 1835
1837 0 3940 3570 2948 18 1836
1838 0 3920 3546 2964 14.4924 1837
1839 0 3908 3522 2980 14 1838
1840 0 3904 3502 3008 10 1839
1841 0 3904 3502 3036 10 1840
1842 0 3908 3506 3060 10 1841
1843 0 3920 3514 3088 12.4222 1842
1844 0 3924 3522 3124 15.8885 1843
1845 0 3908 3530 3172 14.4924 1844
1846 0 3888 3526 3208 15.8885 1845
1847 0 3876 3526 3252 14.4924 1846
1848 0 3880 3526 3304 14 1847
1849 0 3888 3522 3320 18 1848
1850 0 3888 3514 3360 14.4924 1849
1851 0 3880 3486 3392 12.4222 1850
1852 0 3880 3466 3416 12.4222 1851
1853 0 3880 3442 3440 14 1852
1854 0 3872 3418 3468 14.9706 1853
1855 0 3868 3414 3504 14 1854
1856 0 3868 3406 3540 14.9706 1855
1857 0 3868 3398 3560 18 1856
1858 0 3868 3394 3580 12.4222 1857
1859 0 3868 3390 3596 14 1858
1860 0 3864 3378 3608 10 1859
1861 0 3864 3358 3632 12.4222 1860
1862 0 3860 3334 3660 10 1861
1863 0 3848 3326 3692 14 1862
1864 0 3844 3314 3728 12.4222 1863
1865 0 3840 3318 3756 9.31371 1864
1866 0 3844 3318 3776 10 1865
1867 0 3856 3318 3800 14 1866
1868 0 3856 3310 3840 14 1867
1869 0 3864 3294 3888 12.4222 1868
1870 0 3864 3282 3924 10.6491 1869
1871 0 3863.89 3277.89 3952.44 12.4222 1870
1872 0 3864 3298 3964 3.65685 1871
1873 0 3868 3302 3968 6 1872
1874 0 3872 3318 3980 6.94427 1873
1875 0 3876 3326 3988 10.6491 1874
1876 0 3880 3334 4000 6 1875
1877 0 3860 3270 3980 12.4222 1871
1878 0 3860 3266 3992 10 1877
1879 0 3856 3266 4004 12.4222 1878
1880 0 3844 3258 4032 6.94427 1879
1881 0 3836 3250 4048 9.31371 1880
1882 0 3824 3250 4068 14 1881
1883 0 3816 3258 4096 10 1882
1884 0 3812 3258 4132 10.6491 1883
1885 0 3796 3250 4156 9.31371 1884
1886 0 3780 3242 4172 10.6491 1885
1887 0 3752 3258 4212 41.2666 1886
1888 0 3704 3294 4260 21.3238 1887
1889 0 3664 3286 4292 14 1888
1890 0 3656 3286 4304 10.6491 1889
1891 0 3644 3298 4336 12.4222 1890
1892 0 3632 3310 4368 14 1891
1893 0 3620 3314 4400 14 1892
1894 0 3604 3298 4432 15.8885 1893
1895 0 3588 3282 4464 14.4924 1894
1896 0 3564 3286 4496 12.4222 1895
1897 0 3548 3302 4524 12.4222 1896
1898 0 3536 3306 4544 23.2982 1897
1899 0 3528 3314 4596 26 1898
1900 0 3520 3330 4640 18 1899
1901 0 3496 3330 4676 15.8885 1900
1902 0 3468 3310 4720 15.8885 1901
1903 0 3452 3302 4772 12.4222 1902
1904 0 3444 3302 4788 14.4924 1903
1905 0 3444 3322 4812 14 1904
1906 0 3440 3342 4844 14.4924 1905
1907 0 3432 3358 4876 15.8885 1906
1908 0 3416 3358 4912 18 1907
1909 0 3408 3338 4944 14.9706 1908
1910 0 3396 3334 4984 12.4222 1909
1911 0 3396 3362 5028 28.4631 1910
1912 0 3388 3354 5084 18.3961 1911
1913 0 3376 3334 5112 14.9706 1912
1914 0 3360 3322 5136 12.4222 1913
1915 0 3344 3294 5164 14 1914
1916 0 3336 3278 5200 10.6491 1915
1917 0 3328 3270 5232 12.4222 1916
1918 0 3320 3270 5256 12.4222 1917
1919 0 3300 3270 5280 14 1918
1920 0 3264 3262 5324 30.9848 1919
1921 0 3248 3250 5356 35.9473 1920
1922 0 3204 3254 5404 15.8885 1921
1923 0 3180 3262 5440 18 1922
1924 0 3172 3266 5460 12.4222 1923
1925 0 3164 3270 5484 14 1924
1926 0 3156 3278 5500 10.6491 1925
1927 0 3148 3290 5520 12.4222 1926
1928 0 3124 3290 5548 18 1927
1929 0 3104 3290 5580 14 1928
1930 0 3096 3286 5608 9.31371 1929
1931 0 3080 3274 5636 18 1930
1932 0 3060 3250 5664 18 1931
1933 0 3044 3226 5688 14 1932
1934 0 3040 3206 5724 9.31371 1933
1935 0 3044 3198 5756 10 1934
1936 0 3044 3186 5780 12.4222 1935
1937 0 3036 3186 5808 10.6491 1936
1938 0 3032 3178 5832 9.31371 1937
1939 0 3032 3174 5852 10 1938
1940 0 3028 3170 5880 12.4222 1939
1941 0 3036 3166 5916 14 1940
1942 0 3044 3166 5952 12.4222 1941
1943 0 3044 3166 5976 10 1942
1944 0 3040 3166 6004 9.31371 1943
1945 0 3032 3166 6036 12.4222 1944
1946 0 3024 3158 6064 12.4222 1945
1947 0 3020 3146 6088 12.4222 1946
1948 0 3020 3142 6116 14 1947
1949 0 3008 3134 6156 10.6491 1948
1950 0 3004 3130 6180 12.4222 1949
1951 0 3000 3126 6220 14 1950
1952 0 3000 3118 6256 10 1951
1953 0 3000 3118 6280 10 1952
1954 0 3000 3118 6308 14 1953
1955 0 3000 3118 6344 14 1954
1956 0 2996 3114 6376 14.4924 1955
1957 0 2984 3114 6416 14.4924 1956
1958 0 2976 3130 6464 26.8444 1957
1959 0 2964 3114 6524 26.2843 1958
1960 0 2952 3102 6596 15.8885 1959
1961 0 2944 3094 6624 12.4222 1960
1962 0 2936 3094 6660 14 1961
1963 0 2920 3090 6704 14 1962
1964 0 2908 3086 6736 12.4222 1963
1965 0 2896 3078 6768 14 1964
1966 0 2888 3074 6800 14 1965
1967 0 2884 3054 6836 14.4924 1966
1968 0 2884 3042 6864 14 1967
1969 0 2880 3026 6896 12.4222 1968
1970 0 2880 3010 6924 10.6491 1969
1971 0 2880 3002 6948 12.4222 1970
1972 0 2880 2994 6972 12.4222 1971
1973 0 2880 2982 6996 12.4222 1972
1974 0 2876 2955.73 7038.8 10.2813 1973
1975 0 2880 2970 7056 6 1974
1976 0 2880 2970 7072 6 1975
1977 0 2880 2978 7088 6 1976
1978 0 2876 2982 7092 2 1977
1979 0 2872 2982 7092 2 1978
1980 0 2876 2946 7060 10 1974
1981 0 2876 2938 7080 9.31371 1980
1982 0 2872 2922 7112 14 1981
1983 0 2876 2910 7160 14.4924 1982
1984 0 2876 2890 7180 20.6274 1983
1985 0 2880 2864.13 7243.24 20.0844 1984
1986 0 2884 2894 7260 10 1985
1987 0 2888 2906 7264 2 1986
1988 0 2888 2910 7264 2 1987
1989 0 2888 2914 7264 2 1988
1990 0 2888 2918 7264 2 1989
1991 0 2884 2842 7280 18.3961 1985
1992 0 2896 2814 7304 14.4924 1991
1993 0 2900 2774 7320 14 1992
1994 0 2904 2750 7340 14.4924 1993
1995 0 2924 2690 7356 32.176 1994
1996 0 2944 2658 7380 18 1995
1997 0 2960 2650 7408 21.3238 1996
1998 0 2976 2626 7420 9.31371 1997
1999 0 2968 2610 7424 3.65685 1998
2000 0 2968 2606 7424 3.65685 1999
2001 0 2968 2602 7424 2 2000
2002 2 2991 2704.63 7348.24 46.9153 1995
2003 0 3048 2654 7364 23.2982 2002
2004 0 3064 2634 7368 6.94427 2003
2005 0 3072 2630 7372 6.94427 2004
2006 2 2995.36 2708.44 7342.8 48.0013 2002
2007 0 3064 2678 7396 19.5407 2006
2008 0 3072 2646 7400 12.4222 2007
2009 0 3064 2630 7408 18.3961 2008
2010 0 3048 2618 7408 14 2009
2011 0 3040 2606 7404 3.65685 2010
2012 0 3040 2602 7404 2 2011
2013 0 3040 2598 7404 2 2012
2014 2 3010.99 2722.11 7323.27 51.8958 2006
2015 2 2996.49 2744.86 7368.29 30.0691 2014
2016 0 2992 2770 7396 14 2015
2017 0 2968 2802 7412 14.9706 2016
2018 0 2944 2810 7400 6 2017
2019 0 2936 2814 7400 2 2018
2020 0 2932 2814 7400 2 2019
2021 0 3008 2722 7424 20.6274 2015
2022 0 3024 2718 7460 6 2021
2023 0 3024 2718 7468 6 2022
2024 0 3024 2718 7480 9.31371 2023
2025 0 3016 2798 7356 18 2015
2026 0 3028 2806 7340 14 2025
2027 2 3024.82 2733.5 7309.81 52.7121 2014
2028 0 3012 2790 7260 26 2027
2029 0 3016 2818 7264 9.31371 2028
2030 2 3029.85 2737.16 7307.52 51.2194 2027
2031 0 3080 2766 7316 34.2215 2030
2032 0 3072 2794 7344 14.4924 2031
2033 0 3060 2802 7348 9.31371 2032
2034 2 3058.24 2757.81 7294.62 42.7917 2030
2035 0 3080 2746 7248 12.4222 2034
2036 0 3088 2746 7228 9.31371 2035
2037 0 3088 2738 7220 3.65685 2036
2038 0 3092 2734 7216 6 2037
2039 2 3142.7 2809.17 7276.47 31.0806 2034
2040 0 3148 2838 7260 24.8328 2039
2041 0 3136 2862 7252 6.94427 2040
2042 0 3124 2866 7240 14 2041
2043 0 3124 2866 7224 10 2042
2044 0 3128 2890 7216 10 2043
2045 0 3128 2902 7216 6 2044
2046 0 3207.74 2866.16 7264.26 43.5251 2039
2047 0 3292 2842 7272 18 2046
2048 0 3308 2830 7272 14.9706 2047
2049 0 3320 2810 7268 18 2048
2050 0 3352 2786 7252 12.4222 2049
2051 0 3356 2774 7252 6.94427 2050
2052 0 3360 2758 7252 6.94427 2051
2053 0 3368 2746 7256 14.4924 2052
2054 0 3372 2718 7264 9.31371 2053
2055 0 3384 2698 7268 9.31371 2054
2056 0 3400 2674 7272 14 2055
2057 0 3412 2662 7280 6.94427 2056
2058 2 3217.39 2881.32 7254.61 50.4201 2046
2059 0 3292 2890 7304 21.3238 2058
2060 2 3319.45 2884.51 7331.45 32.7683 2059
2061 2 3328.47 2882.71 7340.47 36.5286 2060
2062 0 3348 2846 7384 10.6491 2061
2063 0 3364 2842 7412 14.4924 2062
2064 0 3404 2842 7432 34.8782 2063
2065 2 3409.3 2842.59 7437.3 36.5157 2064
2066 2 3437.79 2845.75 7465.79 45.3177 2065
2067 2 3464.99 2840.45 7487.43 40.1687 2066
2068 0 3472 2802 7508 23.2982 2067
2069 0 3468 2778 7500 9.31371 2068
2070 0 3472 2762 7496 6 2069
2071 0 3472 2754 7496 6 2070
2072 0 3488 2738 7484 10.6491 2071
2073 0 3484 2730 7452 14 2072
2074 0 3452 2898 7496 18 2067
2075 0 3460 2934 7492 10 2074
2076 0 3464 2946 7488 6 2075
2077 0 3468 2810 7460 23.2982 2066
2078 0 3480 2802 7440 14 2077
2079 0 3420 2838 7480 38 2065
2080 0 3412 2826 7540 12.4222 2079
2081 0 3392 2806 7552 18 2080
2082 0 3372 2770 7560 12.4222 2081
2083 0 3380 2754 7552 2 2082
2084 0 3380 2750 7552 2 2083
2085 0 3412 2842 7388 2 2064
2086 0 3408 2842 7388 2 2085
2087 0 3404 2842 7388 2 2086
2088 0 3400 2842 7388 2 2087
2089 0 3396 2842 7388 2 2088
2090 0 3392 2842 7388 2 2089
2091 0 3388 2838 7388 2 2090
2092 0 3388 2834 7388 2 2091
2093 0 3428 2842 7376 2 2085
2094 0 3432 2838 7376 2 2093
2095 0 3436 2834 7376 2 2094
2096 0 3332 2838 7328 21.3238 2061
2097 0 3348 2826 7316 14.9706 2096
2098 0 3360 2842 7304 10.6491 2097
2099 0 3360 2842 7292 9.31371 2098
2100 0 3300 2906 7364 14 2060
2101 0 3284 2902 7376 10.6491 2100
2102 0 3284 2902 7388 10.6491 2101
2103 0 3276 2902 7404 6 2102
2104 0 3268 2898 7412 10 2103
2105 0 3268 2890 7420 10 2104
2106 0 3264 2882 7428 3.65685 2105
2107 0 3260 2878 7428 2 2106
2108 2 3224.55 2892.58 7247.45 55.5342 2058
2109 2 3262.27 2966.55 7288.55 43.0114 2108
2110 2 3272.46 2978.02 7300.02 37.768 2109
2111 2 3281.96 2979.02 7336.78 29.1658 2110
2112 0 3264 2998 7364 18 2111
2113 0 3268 3030 7376 14 2112
2114 0 3272 3082 7388 18 2113
2115 0 3276 3130 7408 18 2114
2116 0 3276 3150 7416 21.3238 2115
2117 0 3284 3170 7432 10.6491 2116
2118 0 3300 3190 7440 14.4924 2117
2119 0 3308 3206 7444 9.31371 2118
2120 0 3324 3214 7456 12.4222 2119
2121 0 3324 3218 7468 10 2120
2122 0 3236 2998 7368 10.6491 2112
2123 0 3220 2998 7384 12.4222 2122
2124 0 3204 2998 7384 14.4924 2123
2125 0 3180 3002 7384 10.6491 2124
2126 0 3168 3002 7376 6.94427 2125
2127 0 3152 3014 7368 6 2126
2128 0 3148 3022 7372 6.94427 2127
2129 0 3132 3018 7384 9.31371 2128
2130 0 3124 3018 7392 6.94427 2129
2131 2 3306.8 2968.39 7332.02 25.453 2111
2132 0 3356 2942 7340 10 2131
2133 2 3296.91 2950.29 7350.96 17.3204 2131
2134 0 3288 2934 7368 10 2133
2135 0 3280 2926 7384 12.4222 2134
2136 0 3284 2958 7384 6.94427 2133
2137 0 3280 2954 7392 6 2136
2138 0 3276 2962 7412 6.94427 2137
2139 0 3232 3010 7300 12.4222 2110
2140 0 3220 3030 7308 10 2139
2141 0 3216 3042 7316 10 2140
2142 0 3204 3058 7320 18 2141
2143 0 3192 3082 7304 14 2142
2144 0 3308 2994 7284 19.5407 2109
2145 0 3328 2998 7284 18.3961 2144
2146 0 3344 3010 7280 3.65685 2145
2147 0 3348 3014 7276 2 2146
2148 0 3280 2854 7228 18 2108
2149 0 3292 2838 7228 18.3961 2148
2150 0 3312 2842 7236 12.4222 2149
2151 0 3324 2838 7244 14 2150
2152 2 3220.83 2911.14 7234.44 54.0635 2108
2153 2 3186.75 2895.28 7191.46 25.882 2152
2154 2 3174.86 2889.43 7174.29 20.4054 2153
2155 0 3168 2886 7164 18 2154
2156 0 3136 2878 7164 12.4222 2155
2157 0 3124 2882 7160 10 2156
2158 0 3104 2890 7148 12.4222 2157
2159 0 3096 2898 7140 9.31371 2158
2160 0 3080 2914 7120 12.4222 2159
2161 0 3172 2846 7168 18 2155
2162 0 3168 2826 7160 9.31371 2161
2163 0 3176 2818 7148 12.4222 2162
2164 0 3172 2806 7136 14 2163
2165 0 3176 2790 7136 2 2164
2166 0 3176 2786 7136 2 2165
2167 0 3192 2838 7152 10 2161
2168 0 3208 2842 7136 18.3961 2167
2169 0 3164 2914 7164 10.6491 2154
2170 0 3156 2918 7156 6.94427 2169
2171 0 3144 2918 7148 10.6491 2170
2172 0 3132 2914 7152 6.94427 2171
2173 0 3156 2878 7196 6.94427 2153
2174 0 3144 2878 7196 6 2173
2175 0 3132 2874 7196 10 2174
2176 2 3217.47 2917.31 7229.95 52.2146 2152
2177 0 3200 2986 7284 15.8885 2176
2178 0 3200 3010 7288 10.6491 2177
2179 0 3188 3022 7288 12.4222 2178
2180 0 3176 3046 7296 9.31371 2179
2181 2 3207.1 2936.33 7216.13 46.5186 2176
2182 0 3172 3002 7236 9.31371 2181
2183 0 3164 3006 7240 6 2182
2184 2 3204.76 2944.29 7203.6 41.3886 2181
2185 0 3220 3014 7188 12.4222 2184
2186 0 3212 3038 7176 6.94427 2185
2187 2 3205.31 2945.94 7197.56 38.9188 2184
2188 0 3256 3006 7204 12.4222 2187
2189 0 3256 3002 7192 3.65685 2188
2190 0 3256 2998 7188 2 2189
2191 0 3208 2954 7168 26.8444 2187
2192 0 3256 2958 7156 10.6491 2191
2193 0 3256 2966 7136 18 2192
2194 0 3256 2978 7116 14 2193
2195 2 3206.53 2951.55 7164.08 25.3319 2191
2196 0 3164 2978 7160 12.4222 2195
2197 0 3160 2990 7160 10 2196
2198 0 3196 2934 7136 14.4924 2195
2199 0 3184 2934 7120 18 2198
2200 0 3180 2922 7080 14.4924 2199
2201 0 3184 2918 7060 12.4222 2200
2202 0 3192 2906 7048 18 2201
2203 2 3200.22 2906 7026.08 18 2202
2204 0 3253.3 2889.57 6997.39 20.9625 2203
2205 0 3264 2886 6976 18 2204
2206 0 3276 2874 6952 3.65685 2205
2207 0 3272 2870 6948 2 2206
2208 0 3272 2926 6980 12.4222 2204
2209 0 3276 2938 6980 2 2208
2210 0 3276 2942 6980 2 2209
2211 0 3204 2906 7016 18 2203
2212 0 3224 2930 7012 14 2211
2213 0 3208 2954 7012 14.4924 2212
2214 0 3176 2958 7008 12.4222 2213
2215 2 3215.52 2931.71 6960.1 24.9979 2211
2216 0 3176 2958 6968 18 2215
2217 0 3160 2962 6980 3.65685 2216
2218 0 3156 2962 6984 2 2217
2219 2 3224 2937.38 6911.08 37.6923 2215
2220 0 3264 2942 6884 26 2219
2221 0 3280 2958 6864 10 2220
2222 0 3272 2966 6860 6 2221
2223 0 3268 2970 6856 6 2222
2224 0 3216 2958 6872 30 2219
2225 2 3223.43 2950.29 6820.86 22.2857 2224
2226 0 3252 2938 6828 14.4924 2225
2227 0 3264 2918 6808 6 2226
2228 2 3229.14 2947.43 6812.29 19.4286 2225
2229 0 3240 2978 6780 12.4222 2228
2230 0 3240 2990 6776 3.65685 2229
2231 0 3240 2994 6776 2 2230
2232 0 3244 2946 6780 18 2228
2233 0 3252 2946 6748 24.8328 2232
2234 2 3261.6 2956.8 6710 15.2 2233
2235 0 3248 2938 6704 10 2234
2236 0 3244 2918 6700 18 2235
2237 0 3244 2898 6704 3.65685 2236
2238 0 3244 2894 6704 2 2237
2239 2 3263.8 2957.21 6702.42 14.5926 2234
2240 0 3264 2982 6684 12.4222 2239
2241 0 3280 3002 6676 6.94427 2240
2242 0 3284 3010 6680 3.65685 2241
2243 0 3280 3014 6684 3.65685 2242
2244 0 3284 3018 6688 3.65685 2243
2245 0 3284 3018 6696 3.65685 2244
2246 0 3288 3018 6704 3.65685 2245
2247 0 3288 3018 6708 3.65685 2246
2248 0 3292 3022 6712 2 2247
2249 0 3292 3022 6716 2 2248
2250 2 3260.62 2944.47 6676.94 24.1481 2239
2251 2 3256.61 2974.39 6651.93 22.0344 2250
2252 0 3276 3010 6640 19.5407 2251
2253 0 3288 3030 6648 15.8885 2252
2254 0 3284 3046 6656 6 2253
2255 0 3256 2962 6620 3.65685 2251
2256 0 3256 2966 6612 6 2255
2257 0 3264 2970 6592 6.94427 2256
2258 0 3272 2978 6584 6.94427 2257
2259 0 3280 2986 6580 3.65685 2258
2260 0 3284 2986 6580 3.65685 2259
2261 0 3288 2990 6580 2 2260
2262 2 3260 2926 6656 26 2250
2263 0 3252 2878 6660 10 2262
2264 0 3252 2866 6656 6.94427 2263
2265 0 3272 2926 6580 18 2262
2266 0 3284 2934 6552 22.3311 2265
2267 0 3316 2910 6548 6.94427 2266
2268 0 3324 2914 6540 6.94427 2267
2269 2 3284 2937.03 6533.84 17.4556 2266
2270 0 3296 2914 6520 9.31371 2269
2271 0 3308 2910 6500 12.4222 2270
2272 0 3320 2914 6496 6.94427 2271
2273 0 3328 2922 6500 3.65685 2272
2274 0 3332 2926 6504 2 2273
2275 0 3284 2938 6528 15.8885 2269
2276 0 3300 2950 6512 10 2275
2277 0 3308 2946 6504 6 2276
2278 0 3324 2942 6500 6 2277
2279 0 3328 2938 6496 6 2278
2280 0 3284 2938 6512 10.6491 2275
2281 0 3288 2938 6496 10 2280
2282 0 3304 2934 6476 18 2281
2283 0 3308 2922 6432 14 2282
2284 0 3316 2926 6400 18 2283
2285 0 3328 2938 6372 22 2284
2286 0 3308 2954 6360 12.4222 2285
2287 0 3296 2978 6340 14 2286
2288 0 3284 2974 6328 6.94427 2287
2289 0 3280 2962 6328 2 2288
2290 2 3345.71 2941.54 6361.37 18.4571 2285
2291 0 3388 2990 6372 26 2290
2292 0 3396 3038 6404 19.5407 2291
2293 0 3392 3046 6424 12.4222 2292
2294 0 3392 3050 6440 14.4924 2293
2295 0 3384 3054 6452 10 2294
2296 0 3360 3054 6476 6.94427 2295
2297 0 3356 3050 6492 9.31371 2296
2298 0 3360 3042 6512 9.31371 2297
2299 0 3360 3042 6524 6.94427 2298
2300 0 3356 3046 6540 9.31371 2299
2301 0 3356 3050 6552 6 2300
2302 0 3360 3054 6568 6 2301
2303 0 3352 3054 6584 6.94427 2302
2304 0 3332 3058 6608 12.4222 2303
2305 0 3316 3058 6628 9.31371 2304
2306 0 3308 3054 6632 3.65685 2305
2307 0 3304 3050 6636 2 2306
2308 0 3300 3050 6636 2 2307
2309 2 3415.98 3042.28 6412.56 19.9285 2292
2310 2 3461.76 3059.76 6435.32 19.0253 2309
2311 0 3496 3070 6444 10.6491 2310
2312 0 3508 3058 6444 14.4924 2311
2313 0 3536 3046 6444 12.4222 2312
2314 0 3560 3030 6428 6.94427 2313
2315 0 3576 3022 6428 12.4222 2314
2316 0 3584 3014 6420 6 2315
2317 0 3596 3002 6404 10 2316
2318 0 3592 2998 6392 6 2317
2319 2 3459.32 3050.53 6458.95 18.3101 2310
2320 0 3472 3050 6532 14 2319
2321 0 3476 3050 6548 9.31371 2320
2322 0 3476 3046 6564 9.31371 2321
2323 0 3472 3050 6572 6 2322
2324 0 3416 3042 6464 14 2319
2325 0 3436 3082 6380 18 2309
2326 0 3436 3102 6372 18 2325
2327 0 3424 3126 6352 6.94427 2326
2328 0 3428 3134 6352 2 2327
2329 0 3432 3134 6352 2 2328
2330 2 3359.56 2947.78 6345.56 23.7778 2290
2331 0 3396 2958 6364 26.2843 2330
2332 0 3408 2934 6364 12.4222 2331
2333 0 3412 2922 6364 12.4222 2332
2334 0 3420 2910 6388 6.94427 2333
2335 0 3424 2910 6404 6 2334
2336 0 3424 2906 6420 6 2335
2337 0 3424 2902 6440 10 2336
2338 0 3432 2898 6460 6 2337
2339 0 3436 2898 6476 6 2338
2340 0 3440 2894 6492 6.94427 2339
2341 0 3444 2886 6512 6 2340
2342 0 3444 2886 6528 6 2341
2343 0 3452 2886 6540 6.94427 2342
2344 0 3452 2886 6548 6.94427 2343
2345 0 3464 2886 6564 6.94427 2344
2346 0 3472 2886 6584 9.31371 2345
2347 0 3476 2882 6596 6 2346
2348 2 3366.04 2966.29 6319.64 37.8236 2330
2349 0 3420 2990 6340 18 2348
2350 0 3432 3002 6352 10.6491 2349
2351 0 3440 3014 6364 10 2350
2352 2 3367.13 2975.02 6308.73 44.1577 2348
2353 0 3280 2990 6304 14 2352
2354 0 3272 2978 6304 3.65685 2353
2355 0 3272 2974 6300 2 2354
2356 2 3367.64 2979.09 6303.64 47.1136 2352
2357 0 3376 3026 6340 18 2356
2358 0 3344 3030 6336 14 2357
2359 0 3332 3042 6324 9.31371 2358
2360 2 3364.93 2985.07 6280.02 43.2902 2356
2361 2 3294 3002 6264 27.3855 2360
2362 0 3252 3022 6272 18 2361
2363 0 3208 3042 6280 10 2362
2364 0 3184 3042 6280 10 2363
2365 0 3164 3034 6280 10.6491 2364
2366 0 3128 3018 6276 14.9706 2365
2367 0 3112 3006 6272 10 2366
2368 0 3292 3002 6228 19.5407 2361
2369 0 3264 2974 6196 18 2368
2370 0 3248 2962 6184 9.31371 2369
2371 0 3240 2954 6176 10.6491 2370
2372 0 3220 2942 6172 6.94427 2371
2373 0 3212 2934 6164 6.94427 2372
2374 0 3196 2922 6160 12.4222 2373
2375 0 3180 2918 6156 6 2374
2376 0 3172 2918 6156 6 2375
2377 2 3361.9 2988.1 6260.34 37.4427 2360
2378 0 3400 2930 6268 9.31371 2377
2379 0 3404 2926 6276 6 2378
2380 2 3356.34 2988.17 6229.71 28.3933 2377
2381 2 3385.51 2971.43 6206.02 31.8785 2380
2382 0 3468 2978 6180 14 2381
2383 0 3504 2978 6164 10 2382
2384 0 3524 2982 6148 9.31371 2383
2385 0 3536 2982 6140 6 2384
2386 0 3564 2994 6108 9.31371 2385
2387 0 3580 3002 6092 9.31371 2386
2388 0 3588 3010 6072 10.6491 2387
2389 0 3600 3014 6056 9.31371 2388
2390 0 3616 3022 6044 6.94427 2389
2391 0 3632 3034 6032 6 2390
2392 0 3640 3042 6032 6.94427 2391
2393 0 3656 3058 6016 9.31371 2392
2394 0 3668 3074 6012 6.94427 2393
2395 0 3688 3090 6012 10 2394
2396 0 3700 3094 6004 14 2395
2397 0 3720 3110 5992 6 2396
2398 0 3392 2926 6216 14 2381
2399 0 3396 2886 6220 10 2398
2400 0 3396 2874 6220 10 2399
2401 0 3392 2866 6212 6.94427 2400
2402 0 3392 2854 6208 6.94427 2401
2403 0 3400 2842 6204 10.6491 2402
2404 0 3408 2814 6192 9.31371 2403
2405 0 3416 2798 6176 6.94427 2404
2406 0 3408 2786 6180 2 2405
2407 2 3352.34 2986.17 6209.71 22.5047 2380
2408 0 3380 3006 6200 14.4924 2407
2409 0 3376 3022 6192 10.6491 2408
2410 0 3364 3034 6200 6.94427 2409
2411 0 3372 3058 6216 14 2410
2412 0 3380 3062 6228 6.94427 2411
2413 0 3340 2982 6188 6.94427 2407
2414 0 3336 2994 6164 14 2413
2415 0 3324 3010 6128 14 2414
2416 0 3316 3014 6092 10 2415
2417 0 3320 3010 6072 6.94427 2416
2418 0 3320 3006 6064 6 2417
2419 0 3324 3002 6056 9.31371 2418
2420 0 3328 2994 6020 10 2419
2421 0 3336 2994 5996 12.4222 2420
2422 0 3344 2994 5972 10.6491 2421
2423 0 3352 2994 5960 14 2422
2424 2 3371.33 3001.67 5936.67 6.33333 2423
2425 0 3392 3002 5944 6.94427 2424
2426 0 3404 3014 5948 6 2425
2427 0 3408 3022 5944 6 2426
2428 0 3408 3030 5944 2 2427
2429 0 3408 3034 5944 2 2428
2430 0 3408 3038 5944 2 2429
2431 0 3384 3002 5924 9.31371 2424
2432 0 3404.43 3011.29 5898.28 13.6389 2431
2433 0 3428 2998 5884 9.31371 2432
2434 0 3440 3010 5892 14 2433
2435 0 3456 3010 5896 6.94427 2434
2436 0 3408 3022 5884 10.6491 2432
2437 0 3420 3034 5876 14 2436
2438 0 3444 3022 5860 12.4222 2437
2439 0 3444 3022 5844 14.4924 2438
2440 0 3424 3064 5854 14.9443 2437
2441 0 3440 3082 5864 10.6491 2440
2442 0 3452 3094 5880 9.31371 2441
2443 0 3456 3106 5892 3.65685 2442
2444 0 3460 3110 5892 2 2443
2445 0 3440 3074 5804 14.4924 2440
2446 0 3456 3078 5788 12.4222 2445
2447 0 3484 3082 5760 18 2446
2448 2 3534.67 3093.33 5734.67 33.9187 2447
2449 0 3508 3030 5704 10 2448
2450 0 3512 3018 5700 9.31371 2449
2451 0 3635.93 3183.54 5720.82 45.2956 2448
2452 0 3692 3194 5748 19.5407 2451
2453 0 3708 3218 5752 18 2452
2454 0 3694.35 3218.79 5701.33 21.5865 2451
2455 0 3708 3206 5684 3.65685 2454
2456 0 3704 3202 5680 6 2455
2457 0 3700 3198 5664 6 2456
2458 0 3696 3190 5648 6 2457
2459 0 3688 3186 5640 6 2458
2460 0 3680 3182 5632 6 2459
2461 0 3672 3182 5628 6 2460
2462 0 3668 3186 5624 3.65685 2461
2463 0 3660 3194 5624 3.65685 2462
2464 0 3656 3194 5624 2 2463
2465 2 3709.88 3239.02 5708 34.5918 2454
2466 0 3672 3274 5736 6.94427 2465
2467 0 3676 3270 5744 6.94427 2466
2468 2 3734.95 3257.82 5717.38 32.4846 2465
2469 0 3716 3254 5752 10 2468
2470 0 3736 3262 5776 12.4222 2469
2471 2 3736.98 3259.27 5719.13 31.5709 2468
2472 0 3748 3302 5700 19.5407 2471
2473 0 3740 3330 5692 3.65685 2472
2474 0 3736 3334 5688 2 2473
2475 0 3752 3270 5732 24.8328 2471
2476 0 3780 3302 5708 19.5407 2475
2477 0 3796 3322 5708 23.2982 2476
2478 0 3816 3334 5700 10 2477
2479 0 3824 3334 5692 6.94427 2478
2480 0 3828 3330 5680 10 2479
2481 0 3844 3322 5668 10 2480
2482 0 3860 3322 5660 14.9706 2481
2483 0 3864 3338 5656 9.31371 2482
2484 0 3796 3278 5768 22 2475
2485 0 3832 3250 5772 9.31371 2484
2486 0 3848 3234 5768 6.94427 2485
2487 0 3852 3226 5764 9.31371 2486
2488 0 3860 3206 5764 6 2487
2489 0 3864 3198 5760 9.31371 2488
2490 0 3872 3190 5752 10 2489
2491 0 3868 3182 5724 6.94427 2490
2492 0 3796 3266 5788 10 2484
2493 0 3800 3254 5812 10 2492
2494 0 3800 3246 5824 12.4222 2493
2495 0 3816 3242 5844 12.4222 2494
2496 0 3852 3250 5844 14.9706 2495
2497 0 3872 3262 5840 20.6274 2496
2498 0 3884 3282 5840 14.4924 2497
2499 0 3884 3306 5856 14.9706 2498
2500 0 3900 3310 5868 2 2499
2501 0 3904 3314 5868 2 2500
2502 0 4192 3530 3256 2 38
2503 0 4188 3530 3256 2 2502
