# Generated by NeuTu (https://github.com/janelia-flyem/NeuTu)
1 0 3189 2989 6851 6 -1
2 0 3189 2997 6859 3.65685 1
3 0 3189 3001 6863 3.65685 2
4 0 3189 3001 6867 2 3
5 0 3189 3001 6871 2 4
6 0 3189 3001 6875 3.65685 5
7 0 3189 3001 6879 3.65685 6
8 0 3185 3005 6887 6.94427 7
9 0 3189 3005 6903 6 8
10 0 3193 3005 6911 3.65685 9
11 0 3197 3001 6919 6 10
12 0 3201 3001 6931 9.31371 11
13 0 3213 2989 6947 9.31371 12
14 0 3221 2989 6955 3.65685 13
15 0 3229 2985 6959 6 14
16 0 3249 2977 6971 10 15
17 0 3265 2969 6987 10 16
18 0 3277 2969 6991 6.94427 17
19 0 3289 2961 6995 6.94427 18
20 0 3297 2953 6999 9.31371 19
21 0 3309 2933 7007 6.94427 20
22 0 3309 2921 7015 6 21
23 0 3313 2917 7019 3.65685 22
24 0 3313 2913 7019 2 23
