# Generated by NeuTu (https://github.com/janelia-flyem/NeuTu)
1 0 3031 4126 2089 2 -1
2 0 3035 4126 2093 2 1
3 0 3039 4122 2097 3.65685 2
4 0 3047 4122 2097 6 3
5 0 3059 4118 2105 6 4
6 0 3067 4110 2113 10 5
7 0 3067 4086 2125 6 6
8 0 3067 4078 2133 3.65685 7
9 0 3063 4074 2137 6 8
10 0 3051 4062 2141 6.94427 9
11 0 3047 4046 2153 6 10
12 0 3051 4046 2173 6.94427 11
13 0 3047 4042 2181 6 12
14 0 3047 4050 2201 6 13
15 0 3047 4054 2209 6 14
16 0 3051 4054 2217 3.65685 15
17 0 3055 4058 2221 2 16
