# Generated by NeuTu (https://github.com/janelia-flyem/NeuTu)
1 0 3316 2731 6502 2 -1
2 0 3316 2731 6506 2 1
3 0 3316 2727 6510 3.65685 2
4 0 3316 2727 6514 3.65685 3
5 0 3308 2719 6526 6.94427 4
6 0 3300 2715 6534 6 5
7 0 3284 2723 6546 6 6
8 0 3276 2739 6554 6 7
9 0 3276 2747 6566 6 8
10 0 3280 2751 6570 3.65685 9
11 0 3280 2751 6578 6 10
12 0 3280 2747 6590 3.65685 11
13 0 3284 2747 6602 6 12
14 0 3288 2747 6614 3.65685 13
15 0 3288 2747 6618 3.65685 14
16 0 3292 2743 6622 6 15
17 0 3296 2735 6626 2 16
18 0 3296 2731 6630 2 17
