# Generated by NeuTu (https://github.com/janelia-flyem/NeuTu)
1 0 3105 3123 6733 2 -1
2 0 3105 3119 6729 2 1
3 0 3105 3115 6725 3.65685 2
4 0 3109 3107 6721 6 3
5 0 3113 3103 6717 6 4
6 0 3117 3099 6713 3.65685 5
7 0 3125 3099 6705 6.94427 6
8 0 3129 3099 6693 9.31371 7
9 0 3133 3091 6685 6 8
10 0 3137 3079 6669 12.4222 9
11 0 3137 3067 6645 6 10
12 0 3137 3055 6629 6 11
13 0 3133 3055 6617 6 12
14 0 3133 3051 6605 6 13
15 0 3133 3055 6593 6 14
16 0 3133 3051 6585 3.65685 15
17 0 3137 3051 6581 2 16
18 0 3141 3051 6577 2 17
