# Generated by NeuTu (https://github.com/janelia-flyem/NeuTu)
1 0 3313 2928 6834 6 -1
2 0 3309 2944 6838 6 1
3 0 3309 2960 6838 6 2
4 0 3309 2976 6842 6 3
5 0 3309 2992 6846 6.94427 4
6 2 3312.33 3003.33 6857.33 6 5
7 0 3317 3008 6866 6 6
8 0 3317 3000 6882 6 7
9 0 3317 2996 6890 6 8
10 0 3317 2992 6898 2 9
11 0 3317 2992 6902 3.65685 10
12 0 3317 2992 6910 3.65685 11
13 0 3321 2988 6914 6 12
14 0 3321 2988 6922 2 13
15 0 3321 2988 6926 2 14
16 0 3313 3016 6842 10 6
17 0 3309 3016 6830 10 16
18 0 3313 3024 6822 6 17
19 0 3313 3028 6814 6 18
20 0 3313 3032 6806 2 19
21 0 3313 3032 6802 2 20
22 0 3313 3032 6790 6 21
23 0 3309 3036 6786 6 22
