# Generated by NeuTu (https://github.com/janelia-flyem/NeuTu)
1 0 3174 3935 2135 6 -1
2 0 3174 3939 2151 6 1
3 0 3178 3943 2171 6 2
4 0 3178 3947 2187 6 3
5 0 3178 3943 2199 3.65685 4
6 0 3182 3935 2207 6 5
7 0 3182 3931 2215 3.65685 6
8 0 3182 3927 2219 3.65685 7
9 0 3182 3923 2227 6 8
10 0 3182 3919 2243 6 9
11 0 3178 3915 2247 6 10
12 0 3178 3915 2259 6 11
13 0 3174 3911 2267 6 12
14 0 3166 3915 2287 6 13
15 0 3158 3915 2307 6 14
16 0 3158 3915 2315 3.65685 15
17 0 3154 3919 2323 6 16
18 0 3150 3923 2343 6 17
19 0 3142 3927 2363 6 18
20 0 3142 3927 2371 6 19
21 0 3142 3927 2379 3.65685 20
22 0 3138 3923 2387 6 21
23 0 3138 3927 2403 6 22
24 0 3142 3931 2419 6 23
25 0 3142 3927 2431 3.65685 24
26 0 3142 3927 2439 3.65685 25
27 0 3142 3931 2447 6 26
28 0 3142 3935 2463 6 27
29 0 3142 3935 2479 6 28
30 0 3146 3935 2487 6 29
