# Generated by NeuTu (https://github.com/janelia-flyem/NeuTu)
1 0 2908 3468 6939 6 -1
2 0 2908 3484 6935 6 1
3 0 2908 3492 6935 6 2
4 0 2916 3504 6939 6 3
5 0 2920 3508 6943 3.65685 4
6 0 2920 3516 6943 6 5
7 0 2924 3528 6943 6 6
8 0 2932 3536 6943 6 7
9 0 2940 3544 6951 9.31371 8
10 0 2948 3556 6951 6 9
11 0 2952 3560 6955 3.65685 10
12 0 2956 3568 6955 6 11
13 0 2960 3576 6951 6 12
14 0 2964 3592 6955 6 13
15 0 2964 3608 6959 6 14
16 0 2960 3616 6959 6 15
17 0 2952 3620 6963 3.65685 16
18 0 2944 3628 6963 6 17
19 0 2940 3648 6967 9.31371 18
20 0 2940 3656 6975 10 19
21 0 2936 3660 6995 9.31371 20
22 0 2932 3664 7003 6 21
23 0 2924 3676 7015 6 22
24 0 2920 3688 7023 6 23
25 0 2912 3692 7035 6 24
26 0 2916 3692 7051 6 25
27 0 2924 3692 7067 6 26
28 0 2928 3692 7079 3.65685 27
29 0 2928 3692 7083 2 28
30 0 2928 3692 7087 3.65685 29
31 0 2928 3692 7091 3.65685 30
32 0 2932 3692 7095 2 31
33 0 2932 3692 7099 2 32
34 0 2932 3692 7103 3.65685 33
35 0 2936 3696 7107 2 34
36 0 2940 3696 7111 2 35
37 0 2940 3696 7115 2 36
38 0 2940 3696 7119 2 37
39 0 2944 3688 7127 6 38
40 0 2948 3680 7135 6 39
41 0 2948 3664 7143 6 40
42 0 2940 3656 7147 6.94427 41
43 0 2928 3652 7155 6 42
44 0 2912 3656 7167 6 43
45 0 2896 3660 7179 6.94427 44
46 0 2888 3664 7187 2 45
47 0 2888 3664 7191 2 46
48 0 2888 3664 7195 2 47
49 0 2888 3664 7199 2 48
50 0 2888 3664 7203 2 49
51 0 2888 3664 7207 2 50
52 0 2888 3664 7211 2 51
53 0 2888 3664 7215 2 52
54 0 2888 3664 7219 2 53
55 0 2888 3664 7223 2 54
56 0 2892 3664 7227 3.65685 55
57 0 2892 3664 7231 3.65685 56
58 0 2900 3668 7235 6 57
59 0 2912 3676 7243 6 58
60 0 2924 3688 7243 6 59
61 0 2944 3640 7007 9.31371 21
62 0 2960 3620 7011 6 61
63 0 2972 3604 7015 6 62
64 0 2988 3588 7011 6.94427 63
65 0 3004 3580 7003 9.31371 64
66 0 3020 3568 7003 3.65685 65
67 0 3024 3568 7003 2 66
68 0 2952 3668 6963 9.31371 20
69 0 2960 3676 6951 9.31371 68
70 0 2964 3680 6943 6 69
