# Generated by NeuTu (https://github.com/janelia-flyem/NeuTu)
1 0 2997 3281 6763 2 -1
2 0 2997 3281 6759 2 1
3 0 3001 3281 6755 3.65685 2
4 0 2997 3281 6747 6 3
5 0 3001 3285 6743 6 4
6 0 2993 3293 6727 14.4924 5
7 0 2977 3285 6719 3.65685 6
8 0 2973 3285 6715 3.65685 7
9 0 2969 3281 6711 3.65685 8
10 0 2965 3281 6707 3.65685 9
11 0 2957 3281 6699 6 10
12 0 2949 3277 6687 6 11
13 0 2945 3273 6683 3.65685 12
14 0 2937 3265 6675 3.65685 13
15 0 2937 3261 6675 3.65685 14
16 0 2933 3257 6671 6 15
17 0 2933 3245 6659 6 16
18 0 2933 3233 6639 6 17
19 0 2933 3233 6631 6 18
20 0 2929 3225 6623 6 19
21 2 2934.33 3211.67 6616.33 8.5239 20
22 0 2949 3209 6611 10 21
23 0 2965 3197 6615 6 22
24 0 2973 3197 6619 2 23
25 0 2977 3197 6623 2 24
26 0 2933 3233 6607 6 21
27 0 2933 3241 6611 2 26
28 0 2937 3245 6611 3.65685 27
29 0 2941 3249 6615 3.65685 28
30 0 2949 3257 6615 3.65685 29
31 0 2957 3261 6619 6 30
32 0 2961 3265 6627 6 31
