# Generated by NeuTu (https://github.com/janelia-flyem/NeuTu)
1 0 3132 3623 6804 9.31371 -1
2 0 3132 3627 6780 6 1
3 0 3124 3631 6772 6.94427 2
4 0 3112 3631 6748 6.94427 3
5 0 3096 3635 6732 6.94427 4
6 0 3084 3639 6716 6 5
7 0 3068 3639 6704 6 6
8 0 3052 3643 6696 6.94427 7
9 0 3035.33 3651 6683.33 9.31371 8
10 0 3016 3659 6680 6.94427 9
11 0 3008 3663 6692 6 10
12 0 3000 3663 6700 3.65685 11
13 0 2996 3659 6704 6 12
14 0 2992 3655 6708 6 13
15 0 2988 3659 6712 6 14
16 0 2976 3655 6724 6.94427 15
17 0 2968 3651 6740 6 16
18 0 2964 3651 6748 6.94427 17
19 0 2948 3639 6764 6.94427 18
20 0 2940 3639 6768 6 19
21 0 2932 3643 6768 3.65685 20
22 0 2916 3647 6772 9.31371 21
23 0 2992 3643 6704 6 14
24 0 2992 3631 6704 6 23
25 0 3000 3615 6704 6.94427 24
26 0 3008 3595 6704 6.94427 25
27 0 3008 3587 6708 6 26
28 0 3004 3583 6712 3.65685 27
29 0 3004 3579 6712 3.65685 28
30 0 3004 3575 6712 2 29
31 0 3004 3571 6712 2 30
32 0 3004 3675 6664 6.94427 10
33 0 3004 3687 6648 6 32
34 0 3000 3691 6644 6 33
35 0 3048 3631 6672 9.31371 9
36 0 3048 3619 6664 6 35
37 0 3052 3607 6652 6 36
38 0 3056 3599 6648 6 37
39 0 3056 3591 6644 3.65685 38
40 0 3060 3587 6644 2 39
