# Generated by NeuTu (https://github.com/janelia-flyem/NeuTu)
1 0 3323 3365 6666 6 -1
2 0 3319 3357 6670 3.65685 1
3 0 3319 3353 6674 2 2
4 0 3319 3345 6682 6 3
5 0 3307 3341 6694 6 4
6 0 3307 3345 6702 6 5
7 0 3303 3349 6706 2 6
8 0 3303 3349 6714 6 7
9 0 3299 3353 6722 6 8
10 0 3295 3345 6730 6 9
11 0 3295 3337 6742 6 10
12 0 3287 3321 6758 6 11
13 0 3279 3313 6774 6 12
14 0 3271 3309 6786 6 13
15 0 3259 3305 6802 6 14
16 0 3259 3305 6810 3.65685 15
17 0 3259 3305 6814 3.65685 16
18 0 3255 3301 6818 6 17
19 0 3255 3301 6826 3.65685 18
20 0 3251 3297 6834 6 19
21 0 3251 3293 6842 2 20
22 0 3251 3293 6846 3.65685 21
23 0 3251 3293 6850 2 22
24 0 3247 3293 6858 6 23
25 0 3247 3297 6878 6 24
26 0 3247 3301 6894 6 25
27 0 3243 3301 6906 3.65685 26
28 0 3243 3301 6914 3.65685 27
29 0 3239 3301 6922 6 28
30 0 3239 3301 6930 6 29
31 0 3243 3305 6934 3.65685 30
32 0 3243 3309 6942 3.65685 31
33 0 3243 3309 6946 3.65685 32
34 0 3243 3313 6950 2 33
