# Generated by NeuTu (https://github.com/janelia-flyem/NeuTu)
1 0 3661 1876 6862 2 -1
2 0 3661 1872 6862 2 1
3 0 3661 1868 6862 3.65685 2
4 0 3669 1860 6862 6.94427 3
5 0 3677 1848 6866 10.6491 4
6 0 3677 1840 6874 10 5
7 0 3677 1828 6874 6 6
8 0 3673 1824 6878 6 7
9 0 3673 1816 6878 6 8
10 0 3669 1804 6878 10 9
11 0 3665 1792 6886 9.31371 10
12 0 3661 1788 6894 6 11
13 0 3653 1788 6914 6 12
14 0 3641 1788 6930 6 13
15 0 3633 1788 6938 6 14
16 0 3629 1788 6954 6 15
17 0 3621 1780 6970 6 16
18 0 3617 1768 6982 6 17
19 0 3613 1760 6994 6 18
20 0 3613 1752 6998 6 19
