# Generated by NeuTu (https://github.com/janelia-flyem/NeuTu)
1 0 3745 1800 6636 6 -1
2 0 3749 1800 6624 6 1
3 0 3753 1804 6620 3.65685 2
4 0 3761 1808 6616 6.94427 3
5 0 3761 1808 6604 6.94427 4
6 0 3769 1804 6592 9.31371 5
7 0 3773 1800 6584 6 6
8 0 3781 1792 6576 6 7
9 0 3785 1784 6564 6 8
10 0 3797 1776 6552 6 9
11 0 3805 1772 6540 6.94427 10
12 0 3817 1764 6532 6 11
13 0 3829 1760 6528 6.94427 12
14 0 3841 1752 6528 6 13
15 0 3849 1752 6528 3.65685 14
16 0 3853 1748 6528 2 15
17 0 3857 1748 6528 2 16
18 0 3861 1748 6528 2 17
19 0 3865 1748 6528 2 18
20 0 3869 1748 6528 2 19
21 0 3877 1752 6528 6 20
22 0 3885 1760 6520 6 21
23 0 3889 1764 6516 6 22
24 0 3889 1764 6508 6 23
25 0 3893 1772 6500 2 24
26 0 3893 1776 6500 2 25
