# Generated by NeuTu (https://github.com/janelia-flyem/NeuTu)
1 0 3608 1972 6500 2 -1
2 0 3608 1968 6500 2 1
3 0 3604 1964 6504 6 2
4 0 3600 1956 6520 6.94427 3
5 0 3596 1948 6532 6.94427 4
6 0 3596 1932 6548 3.65685 5
7 0 3600 1928 6552 3.65685 6
8 0 3600 1924 6552 3.65685 7
9 0 3604 1920 6556 3.65685 8
10 0 3608 1912 6564 6 9
11 0 3612 1908 6568 6 10
12 0 3612 1912 6576 6 11
13 0 3608 1916 6580 3.65685 12
14 0 3604 1920 6584 3.65685 13
15 0 3600 1924 6588 6 14
16 0 3596 1928 6592 3.65685 15
17 0 3592 1932 6596 3.65685 16
18 0 3584 1940 6604 6.94427 17
19 0 3584 1956 6608 3.65685 18
20 0 3592 1964 6608 3.65685 19
21 0 3596 1968 6612 2 20
22 0 3596 1972 6612 2 21
