# Generated by NeuTu (https://github.com/janelia-flyem/NeuTu)
1 0 3853 2059 6738 2 -1
2 0 3857 2063 6734 3.65685 1
3 0 3861 2067 6730 6 2
4 0 3869 2059 6718 6.94427 3
5 0 3893 2047 6702 14 4
6 0 3909 2067 6678 6 5
7 0 3905 2075 6662 6 6
8 0 3905 2083 6654 6 7
9 0 3905 2091 6638 9.31371 8
10 2 3904.56 2103.89 6625.11 9.05044 9
11 0 3897 2115 6610 6 10
12 0 3897 2115 6594 6 11
13 0 3897 2115 6586 6 12
14 0 3897 2103 6570 6 13
15 0 3897 2103 6562 3.65685 14
16 0 3893 2103 6554 3.65685 15
17 0 3893 2103 6546 3.65685 16
18 0 3893 2103 6538 3.65685 17
19 0 3893 2095 6530 6.94427 18
20 0 3901 2087 6522 10.6491 19
21 0 3909 2091 6514 6.94427 20
22 0 3925 2107 6622 6.94427 10
23 0 3945 2111 6622 6 22
