# Generated by NeuTu (https://github.com/janelia-flyem/NeuTu)
1 0 3618 2048 6757 6 -1
2 0 3610 2056 6753 10 1
3 0 3598 2060 6745 6 2
4 0 3590 2064 6737 9.31371 3
5 0 3590 2056 6729 3.65685 4
6 0 3590 2048 6721 6 5
7 0 3594 2044 6717 6 6
8 0 3598 2040 6713 3.65685 7
9 0 3602 2032 6709 6.94427 8
10 0 3594 2024 6713 6.94427 9
11 0 3594 2024 6721 6.94427 10
12 0 3590 2020 6729 3.65685 11
13 0 3590 2020 6737 3.65685 12
14 0 3590 2016 6745 3.65685 13
15 0 3590 2016 6753 3.65685 14
16 0 3586 2016 6761 3.65685 15
17 0 3582 2016 6773 6 16
18 0 3582 2012 6781 6 17
19 0 3574 2012 6789 6 18
