# Generated by NeuTu (https://github.com/janelia-flyem/NeuTu)
1 0 3573 1824 6822 2 -1
2 0 3569 1828 6826 3.65685 1
3 0 3565 1840 6834 10 2
4 0 3569 1856 6846 3.65685 3
5 0 3573 1856 6850 3.65685 4
6 0 3581 1860 6858 6.94427 5
7 0 3593 1860 6862 10 6
8 0 3617 1868 6862 6 7
9 0 3625 1872 6862 6.94427 8
10 0 3633 1888 6862 14 9
11 0 3641 1924 6862 10 10
12 0 3641 1932 6870 6 11
13 0 3641 1932 6890 6 12
14 0 3641 1932 6898 3.65685 13
15 0 3641 1932 6902 3.65685 14
16 0 3641 1932 6910 6 15
17 0 3645 1932 6918 6 16
18 0 3649 1932 6926 3.65685 17
19 0 3649 1932 6934 6 18
20 0 3653 1928 6938 3.65685 19
21 0 3653 1928 6946 6 20
22 0 3657 1920 6954 6 21
23 0 3661 1916 6970 6 22
24 0 3657 1912 6986 6 23
25 0 3649 1916 6994 3.65685 24
26 0 3645 1916 6994 2 25
