# Generated by NeuTu (https://github.com/janelia-flyem/NeuTu)
1 0 3640 1823 6997 2 -1
2 0 3636 1823 6993 2 1
3 0 3632 1823 6989 3.65685 2
4 0 3624 1815 6989 9.31371 3
5 0 3616 1815 6981 9.31371 4
6 0 3616 1823 6973 10 5
7 0 3628 1811 6953 9.31371 6
8 2 3624.66 1800.99 6946.33 7.33742 7
9 0 3608 1783 6941 6.94427 8
10 0 3604 1783 6925 6 9
11 0 3600 1787 6905 6 10
12 0 3600 1787 6897 6 11
13 0 3596 1795 6889 6 12
14 0 3600 1811 6881 6 13
15 0 3604 1827 6873 6 14
16 0 3608 1835 6861 9.31371 15
17 0 3612 1839 6853 6 16
18 0 3644 1803 6933 6 8
19 0 3660 1799 6917 6.94427 18
20 0 3676 1787 6901 6.94427 19
