# Generated by NeuTu (https://github.com/janelia-flyem/NeuTu)
1 0 3833 2519 6764 2 -1
2 0 3837 2507 6764 6 1
3 0 3837 2503 6756 2 2
4 0 3837 2499 6744 6 3
5 0 3845 2499 6724 6.94427 4
6 0 3853 2503 6716 6 5
7 0 3857 2503 6696 6 6
8 0 3865 2511 6680 6.94427 7
9 0 3861 2515 6664 6 8
10 0 3861 2511 6648 6 9
11 2 3879.91 2496.09 6628.73 10.5277 10
12 0 3897 2503 6636 6.94427 11
13 0 3909 2519 6632 6 12
14 0 3925 2531 6632 6.94427 13
15 0 3941 2539 6632 6.94427 14
16 0 3957 2547 6632 6.94427 15
17 0 3965 2555 6632 9.31371 16
18 0 3981 2567 6624 6.94427 17
19 0 3997 2583 6612 6.94427 18
20 0 4005 2587 6612 6.94427 19
21 0 4017 2587 6612 2 20
22 0 4021 2587 6612 2 21
23 0 3865 2487 6616 6.94427 11
24 0 3857 2487 6612 6 23
25 0 3849 2483 6612 3.65685 24
26 0 3845 2479 6608 6 25
27 0 3825 2471 6600 6 26
28 0 3809 2471 6600 6 27
29 0 3793 2467 6604 6 28
30 0 3785 2471 6608 3.65685 29
31 0 3781 2471 6608 2 30
