# Generated by NeuTu (https://github.com/janelia-flyem/NeuTu)
1 0 3652 2334 6655 2 -1
2 0 3656 2334 6655 2 1
3 0 3664 2326 6663 10 2
4 0 3680 2318 6675 6 3
5 0 3688 2326 6683 6 4
6 0 3696 2330 6695 9.31371 5
7 0 3692 2330 6707 6 6
8 0 3696 2334 6715 2 7
9 0 3696 2334 6723 6 8
10 0 3700 2334 6731 6 9
11 0 3712 2342 6743 6.94427 10
12 0 3716 2350 6747 6.94427 11
13 0 3724 2366 6743 6 12
14 0 3732 2370 6735 6 13
15 0 3736 2374 6731 3.65685 14
16 0 3740 2382 6723 6 15
17 0 3716 2354 6771 6 12
18 0 3708 2362 6779 6.94427 17
19 0 3704 2362 6787 3.65685 18
20 0 3704 2358 6791 2 19
21 0 3680 2294 6659 2 4
22 0 3676 2290 6655 3.65685 21
23 0 3676 2290 6651 3.65685 22
24 0 3672 2286 6647 3.65685 23
25 0 3672 2286 6643 3.65685 24
26 0 3668 2282 6639 2 25
27 0 3660 2278 6631 6.94427 26
28 0 3648 2274 6615 6 27
29 0 3644 2274 6607 6 28
