# Generated by NeuTu (https://github.com/janelia-flyem/NeuTu)
1 0 3921 2307 6784 6.94427 -1
2 0 3917 2315 6796 6 1
3 0 3913 2323 6804 6 2
4 0 3913 2327 6816 6 3
5 0 3909 2331 6820 6 4
6 0 3909 2331 6828 6 5
7 0 3909 2335 6836 3.65685 6
8 0 3905 2335 6844 6 7
9 0 3913 2339 6860 12.4222 8
10 0 3913 2335 6876 9.31371 9
11 0 3901 2331 6884 6.94427 10
12 0 3893 2323 6884 6.94427 11
13 0 3893 2307 6880 9.31371 12
14 0 3889 2291 6864 6 13
15 0 3889 2291 6852 6 14
16 0 3889 2287 6836 6 15
17 0 3889 2287 6816 6 16
18 0 3889 2291 6808 6 17
19 0 3881 2299 6800 10 18
20 0 3873 2307 6792 6.94427 19
21 0 3865 2315 6788 9.31371 20
22 0 3857 2319 6780 3.65685 21
23 0 3857 2323 6776 2 22
