# Generated by NeuTu (https://github.com/janelia-flyem/NeuTu)
1 0 3450 2540 6957 6 -1
2 0 3442 2532 6949 6.94427 1
3 0 3434 2536 6941 9.31371 2
4 2 3411 2536 6922 6.94427 3
5 0 3410 2536 6913 6.94427 4
6 0 3414 2532 6905 3.65685 5
7 0 3418 2536 6897 6.94427 6
8 2 3428 2540 6887 6.23607 7
9 0 3442 2536 6873 6 8
10 0 3450 2532 6857 6.94427 9
11 0 3454 2536 6849 6 10
12 0 3458 2540 6845 2 11
13 0 3458 2544 6841 2 12
14 0 3426 2552 6897 6 8
15 0 3422 2552 6909 3.65685 14
16 0 3422 2556 6917 6 15
17 0 3426 2556 6925 6.94427 16
18 0 3438 2560 6933 2 17
19 0 3414 2516 6937 9.31371 4
20 0 3418 2508 6945 6.94427 19
