# Generated by NeuTu (https://github.com/janelia-flyem/NeuTu)
1 0 3488 3067 7082 2 -1
2 0 3488 3067 7078 2 1
3 0 3488 3071 7070 6 2
4 0 3484 3079 7058 6 3
5 0 3484 3083 7050 2 4
6 0 3484 3083 7038 9.31371 5
7 0 3484 3091 7026 9.31371 6
8 0 3484 3103 7022 6 7
9 0 3484 3111 7018 6 8
10 0 3484 3123 7010 10 9
11 0 3476 3147 7006 9.31371 10
12 0 3472 3163 7010 10 11
13 0 3472 3175 7010 6 12
14 0 3468 3191 7006 6 13
15 0 3464 3211 7006 9.31371 14
16 0 3456 3223 7014 6.94427 15
17 0 3440 3239 7014 6.94427 16
18 0 3428 3255 7014 6 17
19 0 3424 3259 7018 6 18
20 0 3420 3271 7018 6 19
21 0 3412 3283 7018 6.94427 20
22 0 3400 3291 7018 6.94427 21
23 0 3392 3299 7022 3.65685 22
24 0 3388 3303 7026 2 23
