# Generated by NeuTu (https://github.com/janelia-flyem/NeuTu)
1 0 3829 2902 6998 2 -1
2 0 3825 2906 6998 3.65685 1
3 0 3821 2914 6990 9.31371 2
4 0 3813 2910 6982 6 3
5 0 3801 2898 6970 6.94427 4
6 0 3797 2890 6958 6 5
7 0 3782.85 2887.85 6933.7 8.04024 6
8 0 3773 2878 6922 6 7
9 0 3769 2866 6918 6.94427 8
10 0 3761 2850 6918 6.94427 9
11 0 3753 2834 6922 6.94427 10
12 0 3737 2814 6930 6.94427 11
13 0 3729 2806 6938 6 12
14 0 3721 2798 6950 6 13
15 0 3713 2790 6958 6.94427 14
16 0 3705 2786 6966 6 15
17 0 3693 2778 6966 6 16
18 0 3689 2770 6970 9.31371 17
19 0 3681 2762 6970 9.31371 18
20 0 3781 2910 6926 6.94427 7
21 0 3777 2918 6922 9.31371 20
22 0 3773 2926 6918 6 21
23 0 3769 2930 6914 6 22
24 0 3765 2930 6902 3.65685 23
25 0 3765 2930 6898 3.65685 24
26 0 3769 2926 6894 3.65685 25
27 0 3769 2922 6890 2 26
28 0 3769 2922 6886 2 27
