# Generated by NeuTu (https://github.com/janelia-flyem/NeuTu)
1 0 3407 3143 6731 6.94427 -1
2 0 3423 3155 6719 6 1
3 0 3439 3159 6707 6.94427 2
4 0 3455 3163 6695 6 3
5 0 3463 3163 6687 3.65685 4
6 0 3467 3163 6683 2 5
7 0 3475 3163 6675 6 6
8 0 3487 3159 6663 6 7
9 0 3491 3159 6655 3.65685 8
10 0 3495 3163 6651 6 9
11 0 3495 3163 6643 3.65685 10
12 0 3495 3163 6635 3.65685 11
13 0 3499 3167 6627 6 12
14 0 3499 3175 6611 6 13
15 0 3503 3175 6603 3.65685 14
16 0 3503 3175 6595 6 15
17 0 3503 3175 6587 6 16
18 0 3471 3159 6711 6.94427 4
19 0 3471 3143 6727 6 18
20 0 3475 3139 6731 3.65685 19
21 0 3475 3135 6731 3.65685 20
22 0 3479 3131 6731 2 21
