# Generated by NeuTu (https://github.com/janelia-flyem/NeuTu)
1 0 3835 2759 6871 2 -1
2 0 3835 2755 6867 3.65685 1
3 0 3831 2755 6859 3.65685 2
4 0 3827 2751 6855 6 3
5 0 3819 2751 6835 6 4
6 0 3819 2751 6817 8.9188 5
7 0 3819 2751 6807 6.94427 6
8 0 3835 2759 6791 6 7
9 0 3847 2763 6783 6 8
10 0 3863 2771 6771 6.94427 9
11 2 3888 2780 6767 7.24264 10
12 0 3899 2787 6767 6 11
13 0 3911 2791 6767 10 12
14 0 3923 2791 6767 6 13
15 0 3943 2783 6767 6 14
16 0 3963 2775 6771 6 15
17 0 3983 2763 6771 6.94427 16
18 0 3991 2755 6767 6 17
19 0 3991 2747 6767 6 18
20 0 3995 2743 6763 3.65685 19
21 0 3995 2735 6763 6 20
22 0 3999 2727 6759 6 21
23 0 4003 2719 6751 9.31371 22
24 0 3999 2711 6747 6 23
25 0 3887 2775 6747 6.94427 11
26 0 3899 2779 6735 6 25
27 0 3907 2779 6727 6.94427 26
28 0 3919 2787 6719 6.94427 27
29 0 3931 2787 6719 6 28
30 0 3947 2795 6715 6 29
31 0 3963 2807 6703 6.94427 30
32 0 3971 2815 6699 6 31
33 0 3971 2815 6691 6 32
34 0 3975 2819 6687 2 33
35 0 3975 2823 6683 2 34
36 0 3803 2735 6815 6.94427 6
37 0 3795 2727 6819 3.65685 36
38 0 3791 2727 6819 3.65685 37
39 0 3787 2723 6823 2 38
40 0 3783 2723 6823 2 39
