# Generated by NeuTu (https://github.com/janelia-flyem/NeuTu)
1 0 3470 3317 6758 9.31371 -1
2 0 3466 3325 6750 10 1
3 0 3462 3337 6750 6 2
4 0 3458 3345 6750 6.94427 3
5 0 3442 3357 6750 14.9706 4
6 0 3446 3385 6750 6 5
7 0 3446 3393 6750 6 6
8 0 3454 3401 6750 3.65685 7
9 0 3458 3405 6746 3.65685 8
10 0 3462 3405 6742 3.65685 9
11 0 3466 3409 6738 6 10
12 0 3478 3413 6726 6 11
13 0 3486 3417 6722 6 12
14 0 3498 3413 6714 6 13
15 0 3506 3409 6710 6 14
16 0 3502 3405 6690 6 15
17 0 3498 3401 6674 6.94427 16
18 0 3494 3397 6666 6 17
