# Generated by NeuTu (https://github.com/janelia-flyem/NeuTu)
1 0 4169 1781 6261 6 -1
2 0 4165 1781 6245 10.6491 1
3 0 4149 1773 6229 9.31371 2
4 0 4140.57 1761.64 6208.36 14.2164 3
5 0 4129 1781 6193 9.31371 4
6 0 4137 1793 6177 6 5
7 0 4137 1797 6165 6.94427 6
8 0 4149 1813 6149 9.31371 7
9 0 4153 1753 6189 9.31371 4
10 0 4149 1761 6169 6 9
11 0 4145 1765 6165 6 10
12 0 4145 1769 6157 3.65685 11
13 0 4141 1773 6153 2 12
14 0 4181 1745 6345 2 -1
15 0 4185 1745 6349 2 14
16 0 4189 1745 6349 2 15
17 0 4193 1745 6349 2 16
18 0 4197 1745 6349 2 17
19 0 4201 1749 6353 3.65685 18
20 0 4209 1749 6357 6 19
21 0 4217 1749 6365 6 20
22 0 4233 1757 6385 12.4222 21
23 2 4237.98 1765 6406.18 14.3602 22
24 2 4254.54 1765 6426.05 20.4233 23
25 0 4285 1781 6497 32.4093 24
26 0 4289 1793 6557 19.5407 25
27 0 4273 1809 6585 10.6491 26
28 0 4261 1829 6629 14 27
29 0 4261 1829 6645 10.6491 28
30 0 4261 1829 6669 6.94427 29
31 0 4273 1829 6685 6 30
32 0 4273 1829 6701 6 31
33 0 4281 1837 6717 6.94427 32
34 0 4293.76 1843.38 6744.14 12.4222 33
35 0 4301 1853 6761 6.94427 34
36 0 4301 1865 6773 6.94427 35
37 0 4297 1881 6789 11.8167 36
38 2 4293.73 1904.27 6831.18 12.261 37
39 2 4293.24 1904.76 6832.39 12.3685 38
40 0 4277 1897 6861 6.94427 39
41 0 4269 1897 6869 6 40
42 0 4253 1897 6885 10.6491 41
43 0 4253 1893 6921 10 42
44 0 4257 1881 6945 10 43
45 0 4265 1869 6965 6.94427 44
46 0 4265 1865 6977 9.31371 45
47 0 4261 1857 7001 22 46
48 2 4261 1849 7041 22.8277 47
49 2 4261 1849 7051 21.5745 48
50 0 4261 1841 7077 14 49
51 2 4253.8 1837.4 7095 15.6997 50
52 0 4245 1825 7117 9.31371 51
53 0 4234.93 1810.93 7165.3 12.163 52
54 0 4217 1805 7193 9.31371 53
55 0 4217.52 1817 7238.21 21.0314 54
56 0 4239 1817 7275 30 55
57 0 4265 1825 7329 38 56
58 0 4309 1817 7373 10.6491 57
59 0 4329 1801 7393 9.31371 58
60 0 4345 1797 7405 9.31371 59
61 0 4357 1801 7425 10 60
62 0 4361 1817 7441 10.6491 61
63 0 4373 1821 7469 6.94427 62
64 0 4369 1829 7493 9.31371 63
65 0 4229 1853 7261 14 56
66 0 4217 1881 7265 12.4222 65
67 0 4205 1893 7273 12.4222 66
68 2 4187.14 1813.99 7237.6 20.0091 55
69 0 4161 1817 7221 22.3311 68
70 2 4149.98 1830.78 7215.49 13.8363 69
71 0 4137 1857 7213 9.31371 70
72 2 4126.18 1867.82 7216.61 7.17771 71
73 0 4117 1873 7217 3.65685 72
74 0 4109 1881 7217 6.94427 73
75 0 4101 1889 7221 6.94427 74
76 0 4093 1889 7221 6 75
77 0 4077 1885 7221 9.31371 76
78 0 4061 1885 7221 6.94427 77
79 0 4053 1893 7221 6 78
80 0 4045 1893 7221 6 79
81 0 4125 1873 7197 10 72
82 0 4125 1873 7181 12.4222 81
83 0 4157 1829 7185 6.94427 70
84 0 4141 1825 7165 10 83
85 0 4133 1821 7157 9.31371 84
86 0 4125 1817 7153 3.65685 85
87 0 4121 1813 7153 2 86
88 0 4129 1797 7237 10 69
89 0 4117 1789 7241 2 88
90 0 4113 1789 7245 2 89
91 0 4185 1793 7269 6 68
92 0 4189 1793 7281 6 91
93 0 4197 1789 7289 2 92
94 0 4201 1789 7289 2 93
95 0 4205 1789 7289 2 94
96 0 4253 1825 7173 6 53
97 0 4261 1825 7181 2 96
98 0 4265 1829 7185 6 97
99 0 4273 1833 7189 6.94427 98
100 0 4285 1845 7189 6.94427 99
101 0 4301 1861 7189 10.6491 100
102 0 4305 1869 7181 6.94427 101
103 0 4309 1877 7173 10 102
104 0 4309 1889 7177 9.31371 103
105 0 4309 1901 7177 3.65685 104
106 0 4313 1905 7177 3.65685 105
107 0 4313 1909 7177 2 106
108 0 4241 1861 7097 6.94427 51
109 0 4225 1865 7105 9.31371 108
110 0 4213 1873 7109 10 109
111 0 4217 1881 7117 3.65685 110
112 0 4217 1885 7117 2 111
113 0 4273 1809 7041 6 49
114 0 4277 1801 7041 6 113
115 0 4281 1797 7045 3.65685 114
116 0 4285 1793 7049 3.65685 115
117 0 4289 1793 7049 3.65685 116
118 0 4293 1789 7053 2 117
119 0 4297 1789 7053 2 118
120 0 4301 1789 7057 2 119
121 0 4305 1789 7061 2 120
122 0 4309 1789 7065 2 121
123 0 4277 1873 7037 10 48
124 0 4285 1881 7045 6 123
125 0 4289 1889 7053 6.94427 124
126 0 4285 1881 7061 6 125
127 0 4289 1877 7069 6 126
128 0 4225 1893 6877 6.94427 42
129 2 4202.18 1866.76 6854.18 20.4407 128
130 2 4184.79 1846.47 6855.32 30.6284 129
131 0 4173 1833 6857 37.3954 130
132 0 4137 1825 6889 30.249 131
133 0 4129 1809 6945 10 132
134 0 4129 1809 6969 14 133
135 0 4129 1801 6989 18 134
136 0 4105 1777 6993 9.31371 135
137 0 4089 1769 6997 9.31371 136
138 0 4073 1773 6997 10 137
139 2 4133.8 1822.6 6821 20.6967 131
140 0 4105 1837 6801 12.4222 139
141 0 4097 1849 6801 14 140
142 0 4089 1873 6789 6 141
143 0 4081 1889 6785 6.94427 142
144 0 4073 1897 6785 3.65685 143
145 0 4069 1897 6785 2 144
146 0 4077 1805 6761 6.94427 140
147 0 4077 1805 6769 6 146
148 0 4081 1801 6777 9.31371 147
149 0 4081 1781 6797 10 148
150 0 4081 1761 6813 9.31371 149
151 0 4077 1757 6825 9.31371 150
152 0 4073 1749 6837 2 151
153 0 4073 1749 6841 2 152
154 0 4073 1749 6845 2 153
155 0 4153 1833 6793 10.6491 139
156 0 4169 1845 6781 9.31371 155
157 0 4225 1821 6885 18 130
158 0 4253 1789 6909 12.4222 157
159 0 4257 1773 6909 14 158
160 0 4265 1761 6909 6 159
161 0 4181 1893 6821 12.4222 129
162 0 4169 1889 6813 12.4222 161
163 0 4169 1893 6793 12.4222 162
164 0 4173 1893 6781 6.94427 163
165 0 4181 1885 6773 12.4222 164
166 0 4201 1905 6801 14 161
167 0 4201 1905 6781 14 166
168 0 4277 1909 6817 6 39
169 0 4273 1897 6809 9.31371 168
170 0 4269 1889 6805 6 169
171 0 4309 1925 6825 9.31371 38
172 0 4325 1941 6825 6.94427 171
173 0 4337 1945 6825 6.94427 172
174 2 4359.62 1945 6817.92 12.1427 173
175 0 4365 1937 6805 6.94427 174
176 0 4373 1933 6789 6 175
177 0 4377 1925 6773 6 176
178 0 4377 1925 6765 6 177
179 0 4381 1921 6753 10 178
180 0 4381 1917 6729 10 179
181 0 4373 1921 6721 6 180
182 0 4369.36 1929.55 6688.45 10.5884 181
183 2 4381.67 1954.33 6663.67 8.76142 182
184 0 4385 1961 6657 6 183
185 0 4385 1977 6657 6 184
186 0 4389 1981 6653 6 185
187 0 4389 2001 6645 6 186
188 0 4385 2009 6641 3.65685 187
189 0 4381 2013 6641 2 188
190 0 4373 1949 6645 6.94427 183
191 0 4361 1949 6633 6 190
192 0 4357 1945 6629 3.65685 191
193 0 4353 1949 6625 2 192
194 0 4349 1933 6673 6 182
195 0 4333 1933 6669 6.94427 194
196 0 4325 1937 6665 6.94427 195
197 0 4381 1949 6837 9.31371 174
198 0 4389 1957 6841 6 197
199 0 4389 1965 6845 3.65685 198
200 0 4393 1969 6845 2 199
201 0 4393 1973 6845 2 200
202 0 4305 1869 6805 6.94427 37
203 0 4313 1861 6809 6.94427 202
204 0 4321 1857 6809 3.65685 203
205 0 4337 1849 6825 9.31371 204
206 0 4337 1841 6833 6 205
207 0 4297 1821 6749 10.6491 34
208 0 4301 1809 6753 12.4222 207
209 2 4296.82 1799.96 6773.18 10.9918 208
210 0 4285 1797 6785 6.94427 209
211 0 4273 1785 6797 9.31371 210
212 0 4269 1773 6813 9.31371 211
213 0 4269 1765 6829 14 212
214 0 4281 1753 6853 6 213
215 0 4285 1749 6857 2 214
216 0 4289 1749 6861 2 215
217 0 4317 1793 6793 12.4222 209
218 0 4329 1793 6801 10 217
219 0 4245 1845 6641 6.94427 29
220 0 4233 1857 6641 6.94427 219
221 0 4229 1865 6633 9.31371 220
222 0 4217 1873 6621 3.65685 221
223 0 4213 1873 6617 2 222
224 0 4229 1773 6429 10.6491 24
225 0 4207.9 1779.28 6439.28 12.0932 224
226 0 4193 1789 6441 9.31371 225
227 0 4177 1789 6445 6.94427 226
228 0 4169 1785 6445 6.94427 227
229 0 4161 1793 6433 3.65685 228
230 0 4161 1793 6429 3.65685 229
231 0 4161 1793 6425 2 230
232 0 4205 1757 6473 10.6491 225
233 0 4213 1745 6473 2 232
234 0 4217 1745 6473 2 233
235 0 4221 1745 6469 2 234
236 0 4257 1769 6389 9.31371 23
237 0 4269 1769 6377 10 236
238 0 4277 1773 6369 6 237
