# Generated by NeuTu (https://github.com/janelia-flyem/NeuTu)
1 0 4069 2164 6961 2 -1
2 0 4069 2160 6961 2 1
3 0 4069 2156 6961 3.65685 2
4 0 4077 2152 6969 6 3
5 0 4085 2152 6977 6 4
6 0 4097 2160 6977 6 5
7 0 4101 2168 6985 6 6
8 0 4105 2176 6985 6 7
9 2 4109 2191.2 6986.6 11.1788 8
10 2 4093.79 2215.21 6955.38 11.001 9
11 0 4089 2216 6941 6 10
12 0 4089 2216 6933 6.94427 11
13 0 4105 2228 6917 6 12
14 0 4105 2232 6905 6 13
15 0 4105 2228 6885 6 14
16 0 4105 2228 6877 6 15
17 0 4109 2224 6873 6 16
18 0 4109 2220 6865 3.65685 17
19 0 4109 2216 6861 3.65685 18
20 0 4109 2216 6853 6 19
21 2 4115 2210 6847 6.7082 20
22 0 4125 2212 6833 12.4222 21
23 0 4125 2228 6801 6.94427 22
24 0 4129 2240 6781 9.31371 23
25 0 4129 2248 6773 6 24
26 0 4125 2256 6761 6 25
27 0 4117 2256 6741 6 26
28 0 4113 2256 6729 6 27
29 0 4109 2252 6721 6 28
30 0 4101 2252 6713 3.65685 29
31 0 4097 2248 6713 2 30
32 0 4093 2248 6713 2 31
33 0 4117 2208 6869 6 21
34 0 4109 2204 6877 6.94427 33
35 0 4109 2196 6889 10.6491 34
36 0 4065 2220 6973 12.4222 10
37 0 4049 2256 6973 14.4924 36
38 0 4041 2268 6965 6 37
39 0 4033 2268 6957 3.65685 38
40 0 4029 2272 6953 2 39
41 0 4129 2180 6993 9.31371 9
42 0 4137 2168 7001 6.94427 41
43 0 4145 2160 7001 2 42
44 0 4149 2160 7001 2 43
