# Generated by NeuTu (https://github.com/janelia-flyem/NeuTu)
1 0 3941 2522 2444 2 -1
2 0 3941 2518 2444 3.65685 1
3 0 3941 2514 2444 2 2
4 0 3941 2510 2444 2 3
5 0 3945 2502 2448 6 4
6 0 3949 2494 2456 9.31371 5
7 0 3937 2474 2460 9.31371 6
8 0 3925 2462 2452 3.65685 7
9 0 3925 2458 2444 6 8
10 0 3921 2454 2440 6 9
11 0 3921 2454 2432 6 10
12 0 3913 2450 2420 6 11
13 0 3905 2450 2412 6 12
14 0 3897 2458 2404 6.94427 13
15 0 3889 2458 2408 3.65685 14
16 0 3885 2458 2412 3.65685 15
17 0 3881 2458 2416 2 16
18 0 3877 2458 2416 2 17
19 0 3945 2526 2424 2 2
20 0 3941 2526 2424 2 19
21 0 3937 2530 2424 2 20
