# Generated by NeuTu (https://github.com/janelia-flyem/NeuTu)
1 0 3840 2446 2499 2 -1
2 0 3836 2446 2499 3.65685 1
3 0 3832 2446 2495 3.65685 2
4 0 3832 2446 2487 6 3
5 0 3832 2446 2479 6 4
6 0 3828 2446 2471 3.65685 5
7 0 3828 2450 2463 6 6
8 0 3832 2454 2459 3.65685 7
9 0 3832 2454 2451 6 8
10 0 3844 2462 2435 6.94427 9
11 0 3852 2470 2427 6 10
12 0 3852 2474 2415 6 11
13 0 3856 2482 2403 6 12
14 0 3864 2486 2395 9.31371 13
15 0 3876 2498 2379 6.94427 14
16 0 3892 2514 2371 6.94427 15
17 0 3908 2518 2371 6 16
18 0 3916 2522 2371 6.94427 17
19 0 3928 2526 2363 6 18
20 0 3936 2534 2355 12.4222 19
21 0 3932 2558 2347 6 20
22 0 3932 2574 2347 6 21
23 0 3932 2590 2347 6.94427 22
24 0 3928 2602 2339 6.94427 23
25 0 3912 2614 2323 6.94427 24
26 0 3900 2622 2315 6.94427 25
27 0 3892 2626 2307 6 26
28 0 3884 2626 2307 6 27
29 0 3876 2630 2299 6 28
30 0 3860 2634 2295 6 29
31 0 3844 2642 2299 6 30
32 0 3832 2638 2307 6 31
33 0 3828 2638 2315 6 32
34 0 3816 2630 2319 6 33
35 0 3800 2626 2319 6 34
36 0 3784 2614 2327 6.94427 35
37 0 3780 2606 2331 6.94427 36
38 0 3776 2598 2335 3.65685 37
39 0 3772 2590 2339 6 38
40 0 3764 2574 2343 9.31371 39
41 0 3760 2558 2343 10 40
42 2 3752.8 2539.6 2343 6.18885 41
43 0 3748 2530 2343 6.94427 42
44 0 3740 2522 2335 9.31371 43
45 0 3736 2514 2327 6 44
46 0 3752 2550 2367 9.31371 42
47 0 3756 2546 2387 3.65685 46
48 0 3752 2542 2391 2 47
