# Generated by NeuTu (https://github.com/janelia-flyem/NeuTu)
1 0 4072 2043 6761 6 -1
2 0 4064 2039 6749 6 1
3 0 4064 2039 6737 6 2
4 0 4068 2043 6721 6 3
5 0 4064 2047 6713 9.31371 4
6 0 4060 2055 6701 10 5
7 0 4056 2055 6689 6 6
8 0 4060 2055 6681 6 7
9 0 4060 2055 6673 3.65685 8
10 0 4056 2051 6665 6.94427 9
11 0 4052 2055 6649 6 10
12 0 4056 2055 6633 6.94427 11
13 0 4060 2055 6621 9.31371 12
14 0 4056 2067 6609 6.94427 13
15 0 4056 2067 6593 6 14
16 0 4056 2067 6585 3.65685 15
17 0 4052 2063 6581 2 16
