# Generated by NeuTu (https://github.com/janelia-flyem/NeuTu)
1 0 3516 2392 5491 2 -1
2 0 3512 2388 5491 3.65685 1
3 0 3508 2384 5491 2 2
4 0 3496 2376 5491 2 3
5 0 3492 2376 5491 2 4
6 0 3508 2344 5479 12.4222 4
7 0 3492 2344 5479 6 6
8 0 3476 2344 5479 10 7
9 0 3464 2344 5483 6 8
10 2 3553.7 2340 5474.92 15.8589 6
11 0 3556 2324 5451 6.94427 10
12 0 3568 2308 5447 6.94427 11
13 0 3568 2300 5455 6.94427 12
14 0 3576 2292 5459 6 13
15 0 3576 2284 5467 6 14
16 0 3564 2340 5523 47.4773 10
17 2 3583.73 2362.55 5506.09 30.4383 16
18 0 3608 2388 5483 14.4924 17
19 0 3632 2408 5463 14.9706 18
20 0 3652 2420 5459 10.6491 19
21 0 3676 2448 5447 18 20
22 0 3716 2496 5443 14.9706 21
23 2 3730.32 2527.79 5429.53 20.6241 22
24 2 3756.7 2607.91 5433.17 36.3574 23
25 2 3763.25 2625.93 5434.81 43.9458 24
26 2 3766.47 2660.1 5442.41 39.3423 25
27 2 3768 2704 5447 32.639 26
28 0 3768.71 2749.18 5459 17.3497 27
29 0 3780 2768 5459 6.94427 28
30 0 3784 2780 5459 9.31371 29
31 0 3784 2804 5443 6.94427 30
32 0 3780 2812 5435 10.6491 31
33 0 3764 2828 5431 6.94427 32
34 0 3752 2844 5431 6.94427 33
35 0 3744 2856 5427 6 34
36 0 3736 2876 5431 9.31371 35
37 0 3728 2892 5439 9.31371 36
38 0 3728 2904 5439 10 37
39 0 3732 2916 5443 6 38
40 0 3736 2932 5443 6 39
41 0 3740 2948 5447 6 40
42 0 3744 2952 5451 6 41
43 0 3748 2956 5455 3.65685 42
44 0 3752 2964 5455 3.65685 43
45 0 3756 2968 5459 6 44
46 0 3764 2984 5455 6.94427 45
47 0 3776 2992 5459 6 46
48 0 3792 2992 5467 6 47
49 0 3804 2996 5475 6 48
50 0 3820 3004 5483 9.31371 49
51 0 3840 3012 5499 9.31371 50
52 0 3848 3016 5503 6.94427 51
53 0 3852 3028 5515 6 52
54 0 3848 3040 5523 6 53
55 0 3840 3048 5535 6 54
56 0 3832 3056 5543 6 55
57 0 3816 3056 5539 6 56
58 0 3800 3056 5539 6 57
59 0 3788 3052 5547 6 58
60 0 3780 3052 5551 6 59
61 0 3768 3052 5551 10 60
62 0 3756 3056 5555 6.94427 61
63 0 3740 3056 5567 6 62
64 0 3732 3056 5571 3.65685 63
65 0 3724 3064 5571 6 64
66 0 3720 3068 5567 6 65
67 0 3752 2768 5471 6.94427 28
68 0 3740 2776 5479 6.94427 67
69 0 3732 2784 5475 6.94427 68
70 0 3724 2792 5475 3.65685 69
71 0 3716 2800 5483 6.94427 70
72 0 3704 2800 5483 2 71
73 0 3808 2696 5431 10 27
74 0 3816 2704 5431 6 73
75 0 3816 2720 5431 6 74
76 0 3816 2728 5435 6 75
77 0 3784 2664 5483 30 26
78 0 3812 2676 5483 9.31371 77
79 0 3820 2680 5487 6.94427 78
80 0 3824 2676 5495 3.65685 79
81 0 3828 2672 5499 6 80
82 0 3828 2664 5499 3.65685 81
83 0 3832 2660 5499 2 82
84 2 3795 2654 5386 21.0874 25
85 2 3824 2652 5387 29.5327 84
86 0 3840 2640 5351 22.3311 85
87 0 3824 2644 5335 10.6491 86
88 0 3820 2656 5311 9.31371 87
89 0 3816 2672 5295 6.94427 88
90 0 3816 2684 5287 9.31371 89
91 0 3812 2688 5279 6 90
92 0 3812 2700 5267 6 91
93 0 3812 2716 5251 6 92
94 0 3804 2724 5243 6 93
95 0 3796 2728 5231 6 94
96 0 3788 2732 5223 6 95
97 0 3784 2732 5211 6.94427 96
98 0 3784 2716 5195 6.94427 97
99 0 3788 2700 5191 6 98
100 0 3784 2688 5179 6 99
101 0 3772 2684 5167 6.94427 100
102 0 3752 2688 5163 10 101
103 0 3740 2688 5159 6 102
104 0 3732 2688 5151 6 103
105 0 3728 2696 5143 3.65685 104
106 0 3716 2700 5131 9.31371 105
107 0 3716 2692 5123 6 106
108 0 3720 2684 5119 6 107
109 0 3724 2672 5107 10 108
110 0 3732 2664 5103 6 109
111 0 3856 2588 5355 14.4924 86
112 0 3844 2576 5355 3.65685 111
113 0 3840 2572 5359 2 112
114 0 3868 2672 5379 14 85
115 0 3884 2692 5375 3.65685 114
116 0 3884 2696 5375 3.65685 115
117 0 3892 2704 5371 6.94427 116
118 0 3900 2716 5363 6.94427 117
119 0 3912 2732 5355 10.6491 118
120 0 3924 2740 5347 12.4222 119
121 0 3940 2760 5347 6.94427 120
122 0 3952 2768 5347 6.94427 121
123 0 3972 2772 5351 6 122
124 0 3988 2776 5351 6.94427 123
125 0 4008 2776 5351 6 124
126 0 4024 2776 5355 9.31371 125
127 0 4028 2780 5375 6 126
128 0 4020 2780 5383 3.65685 127
129 0 4016 2780 5383 2 128
130 0 3888 2676 5387 6.94427 114
131 0 3904 2688 5391 6 130
132 0 3912 2696 5395 6.94427 131
133 0 3776 2656 5367 6.94427 84
134 0 3760 2652 5359 10 133
135 0 3740 2652 5355 6.94427 134
136 0 3724 2656 5343 6.94427 135
137 0 3716 2664 5335 3.65685 136
138 0 3708 2672 5335 3.65685 137
139 0 3708 2676 5335 3.65685 138
140 0 3704 2680 5331 6 139
141 0 3692 2696 5323 6 140
142 0 3680 2704 5315 6 141
143 0 3664 2716 5303 9.31371 142
144 0 3644 2724 5291 6 143
145 0 3628 2736 5287 6 144
146 0 3620 2740 5283 6 145
147 0 3612 2740 5275 3.65685 146
148 0 3608 2740 5271 3.65685 147
149 0 3604 2740 5267 2 148
150 0 3600 2736 5263 3.65685 149
151 0 3592 2736 5255 6.94427 150
152 0 3584 2736 5235 6 151
153 0 3580 2732 5231 6 152
154 0 3580 2724 5219 2 153
155 0 3720 2604 5467 15.8885 24
156 0 3700 2584 5479 6.94427 155
157 0 3680 2588 5487 6 156
158 0 3668 2596 5479 6 157
159 0 3652 2608 5471 6.94427 158
160 0 3636 2612 5467 6 159
161 0 3620 2620 5467 9.31371 160
162 0 3604 2624 5467 6.94427 161
163 0 3588 2632 5467 6.94427 162
164 0 3580 2640 5467 9.31371 163
165 0 3560 2652 5463 6 164
166 0 3544 2652 5463 6 165
167 0 3532 2652 5463 6.94427 166
168 0 3524 2660 5455 9.31371 167
169 0 3520 2676 5451 9.31371 168
170 0 3520 2684 5443 6 169
171 0 3512 2692 5435 6 170
172 2 3507.11 2696.44 5430.11 6 171
173 0 3500 2700 5423 6 172
174 0 3496 2700 5415 3.65685 173
175 0 3488 2700 5407 3.65685 174
176 0 3468 2704 5395 10 175
177 0 3452 2700 5383 9.31371 176
178 0 3436 2700 5375 6.94427 177
179 0 3416 2692 5367 6 178
180 0 3408 2688 5363 6 179
181 0 3404 2684 5359 3.65685 180
182 0 3400 2680 5355 6 181
183 0 3392 2672 5347 6 182
184 0 3384 2664 5343 3.65685 183
185 0 3380 2664 5339 2 184
186 0 3508 2716 5435 6 172
187 0 3516 2732 5439 6 186
188 0 3528 2640 5475 9.31371 167
189 0 3524 2636 5487 6 188
190 0 3520 2628 5511 6 189
191 0 3520 2628 5523 6 190
192 0 3520 2628 5531 6 191
193 0 3516 2636 5539 6 192
194 0 3512 2644 5547 3.65685 193
195 0 3508 2648 5555 6.94427 194
196 0 3500 2652 5563 3.65685 195
197 0 3496 2652 5563 2 196
198 0 3704 2608 5455 6 155
199 0 3696 2604 5451 6 198
200 0 3688 2600 5443 9.31371 199
201 0 3676 2604 5435 6 200
202 0 3668 2620 5431 6.94427 201
203 0 3668 2632 5427 10.6491 202
204 0 3684 2648 5411 6.94427 203
205 0 3688 2656 5403 6 204
206 0 3684 2656 5391 6 205
207 0 3704 2652 5371 6.94427 206
208 0 3712 2652 5367 6.94427 207
209 0 3732 2508 5407 6 23
210 0 3732 2500 5407 6 209
211 0 3728 2488 5395 9.31371 210
212 0 3724 2480 5399 3.65685 211
213 0 3720 2480 5403 2 212
214 0 3600 2376 5555 6 17
215 0 3608 2376 5555 6 214
216 0 3616 2384 5551 6 215
217 0 3636 2392 5547 6.94427 216
218 2 3564 2305.12 5550.9 35.5314 16
219 0 3596 2292 5507 14.4924 218
220 0 3604 2292 5491 6 219
221 0 3604 2284 5479 6 220
222 0 3612 2276 5471 6.94427 221
223 0 3620 2268 5455 6 222
224 0 3568.05 2267.91 5585.07 19.6428 218
225 0 3552 2268 5599 6 224
226 0 3548 2268 5607 6 225
227 0 3548 2268 5615 3.65685 226
228 0 3552 2268 5623 6 227
229 0 3552 2272 5639 6 228
230 0 3548 2276 5643 3.65685 229
231 0 3548 2276 5647 3.65685 230
232 0 3548 2280 5651 2 231
233 0 3548 2280 5655 2 232
234 0 3584 2224 5599 24.8328 224
235 0 3604 2208 5583 10 234
236 0 3612 2200 5571 6 235
237 0 3624 2188 5551 6.94427 236
238 0 3636 2180 5535 3.65685 237
239 0 3640 2180 5531 3.65685 238
240 0 3644 2180 5527 2 239
241 0 3592 2204 5619 18 234
242 0 3608 2160 5647 18 241
243 0 3628 2128 5675 14.9706 242
244 2 3644 2108 5695 19.0271 243
245 0 3616 2100 5687 6.94427 244
246 0 3600 2096 5679 10 245
247 0 3576 2092 5663 10.6491 246
248 0 3564 2092 5655 10 247
249 2 3518.84 2082.23 5641.08 31.6787 248
250 2 3503.22 2077.97 5639.66 39.8356 249
251 0 3460 2056 5659 34.8782 250
252 0 3436 2036 5675 12.4222 251
253 0 3404 2036 5695 9.31371 252
254 0 3392 2036 5695 6 253
255 0 3376 2036 5695 6 254
256 0 3364 2036 5695 6.94427 255
257 0 3348 2020 5695 6 256
258 0 3328 2008 5687 6 257
259 0 3320 2000 5679 9.31371 258
260 0 3308 1980 5671 6.94427 259
261 0 3300 1972 5667 6.94427 260
262 0 3288 1968 5655 6 261
263 0 3284 1956 5643 6 262
264 0 3288 1944 5631 6.94427 263
265 0 3288 1936 5623 6 264
266 0 3292 1928 5623 6 265
267 0 3288 1924 5627 6 266
268 0 3288 1916 5631 2 267
269 0 3284 1912 5631 2 268
270 0 3312 1956 5663 6 261
271 0 3316 1944 5655 6 270
272 0 3320 1928 5643 6 271
273 0 3356 2052 5703 6 256
274 0 3360 2060 5711 6 273
275 0 3360 2060 5719 6 274
276 0 3356 2068 5727 6 275
277 0 3356 2072 5735 2 276
278 0 3356 2076 5739 3.65685 277
279 0 3356 2084 5743 6 278
280 0 3356 2100 5755 6 279
281 0 3360 2108 5771 6 280
282 0 3360 2112 5787 6 281
283 0 3356 2112 5795 6 282
284 0 3504 2052 5587 21.3238 250
285 0 3508 2044 5567 21.3238 284
286 2 3529.05 2045.68 5541.95 9.71812 285
287 0 3536 2048 5535 6 286
288 0 3544 2048 5531 6 287
289 0 3552 2052 5527 3.65685 288
290 0 3560 2060 5519 3.65685 289
291 0 3564 2064 5515 3.65685 290
292 0 3568 2068 5511 6 291
293 0 3576 2076 5511 2 292
294 0 3580 2080 5511 2 293
295 0 3544 2032 5547 6.94427 286
296 0 3556 2028 5535 9.31371 295
297 0 3564 2024 5527 6 296
298 0 3568 2020 5519 6 297
299 0 3564 2012 5511 2 298
300 0 3564 2012 5507 2 299
301 0 3524 2124 5607 6.94427 249
302 0 3524 2132 5599 2 301
303 0 3524 2140 5591 6 302
304 0 3520 2152 5575 6 303
305 0 3520 2156 5563 2 304
306 0 3520 2156 5559 2 305
307 0 3700 2068 5739 30.249 244
308 0 3716 2052 5707 23.2982 307
309 2 3710.94 2032 5650.76 28.8399 308
310 2 3707.45 2035.33 5634.56 29.071 309
311 0 3704 2068 5587 19.5407 310
312 0 3728 2092 5551 20.6274 311
313 0 3740 2092 5487 30.249 312
314 0 3748 2116 5435 20.6274 313
315 0 3756 2116 5379 18.3961 314
316 0 3756 2116 5339 15.8885 315
317 0 3743.82 2116 5284.38 20.0881 316
318 0 3724 2108 5219 22 317
319 0 3708 2112 5171 23.2982 318
320 0 3700 2120 5115 26.2843 319
321 0 3704 2116 5079 35.9473 320
322 0 3740 2112 5023 18 321
323 0 3740 2108 4983 20.6274 322
324 0 3740 2112 4931 22 323
325 0 3748 2132 4875 18 324
326 0 3776 2172 4819 23.6125 325
327 0 3804 2180 4775 22 326
328 0 3808 2196 4731 20.6274 327
329 0 3816.37 2216.92 4677.89 30.0529 328
330 0 3836 2265.91 4606.46 15.746 329
331 0 3832 2264 4583 6.94427 330
332 0 3832 2260 4575 6.94427 331
333 0 3824 2252 4567 6 332
334 0 3824 2248 4551 6 333
335 0 3832 2248 4527 9.31371 334
336 0 3832 2252 4483 12.4222 335
337 0 3832 2244 4455 10.6491 336
338 0 3840 2240 4431 9.31371 337
339 0 3848 2248 4407 9.31371 338
340 0 3860 2252 4387 10 339
341 0 3872 2244 4375 14 340
342 0 3900 2228 4351 12.4222 341
343 0 3916 2224 4335 18 342
344 0 3944 2224 4307 14 343
345 0 3960 2224 4283 14 344
346 0 3976 2216 4251 10 345
347 0 3980 2212 4239 12.4222 346
348 0 3984 2208 4211 10.6491 347
349 0 3984 2208 4199 6.94427 348
350 0 3988 2212 4183 6.94427 349
351 0 3988 2212 4163 9.31371 350
352 0 3992 2208 4131 15.8885 351
353 0 3996 2212 4115 10.6491 352
354 0 3996 2216 4095 9.31371 353
355 0 3996 2220 4083 6 354
356 0 3996 2220 4067 6 355
357 0 3996 2220 4043 10 356
358 0 3992 2216 4011 14.4924 357
359 0 3992 2212 3995 10.6491 358
360 0 3988 2212 3983 12.4222 359
361 0 3984 2212 3971 9.31371 360
362 0 3984 2216 3947 12.4222 361
363 0 3984 2212 3915 14 362
364 0 3976 2212 3883 12.4222 363
365 0 3960 2220 3851 18 364
366 0 3956 2212 3815 10 365
367 0 3952 2208 3791 9.31371 366
368 0 3944 2212 3763 9.31371 367
369 0 3940 2220 3739 10 368
370 0 3936 2220 3711 14 369
371 0 3932 2232 3687 12.4222 370
372 0 3924 2240 3663 14 371
373 0 3920 2256 3635 14 372
374 0 3912 2268 3603 10 373
375 0 3900 2272 3571 10 374
376 0 3888 2276 3547 6.94427 375
377 0 3876 2288 3523 10 376
378 0 3868 2296 3499 10.6491 377
379 0 3860 2308 3467 12.4222 378
380 0 3856 2312 3443 10.6491 379
381 0 3848 2320 3419 14 380
382 0 3836 2328 3391 9.31371 381
383 0 3820 2332 3367 14 382
384 0 3808 2336 3335 10.6491 383
385 0 3796 2336 3307 14.4924 384
386 0 3780 2340 3283 12.4222 385
387 0 3764 2340 3267 10 386
388 0 3748 2340 3243 9.31371 387
389 0 3740 2340 3223 10.6491 388
390 0 3732 2324 3191 12.4222 389
391 0 3720 2312 3155 10.6491 390
392 0 3708 2304 3135 10 391
393 0 3704 2300 3123 12.4222 392
394 0 3688 2292 3091 9.31371 393
395 0 3676 2280 3071 9.31371 394
396 0 3660 2276 3051 10.6491 395
397 0 3644 2276 3035 10 396
398 0 3632 2280 3011 12.4222 397
399 0 3620 2280 2987 10 398
400 0 3596 2284 2955 10.6491 399
401 0 3584 2288 2927 12.4222 400
402 0 3580 2284 2899 12.4222 401
403 0 3584 2276 2859 15.8885 402
404 0 3584 2276 2827 10.6491 403
405 0 3588 2272 2803 9.31371 404
406 0 3592 2268 2779 12.4222 405
407 0 3600 2264 2747 14.9706 406
408 0 3600 2268 2707 10 407
409 0 3596 2264 2687 9.31371 408
410 0 3596 2264 2663 9.31371 409
411 0 3600 2264 2647 6 410
412 0 3600 2264 2619 14 411
413 0 3604 2264 2587 14 412
414 0 3604 2264 2559 9.31371 413
415 0 3608 2256 2531 12.4222 414
416 0 3612 2260 2503 12.4222 415
417 0 3612 2260 2479 10 416
418 0 3612 2260 2459 6 417
419 0 3608 2260 2435 9.31371 418
420 0 3604 2256 2407 10 419
421 0 3604 2252 2379 12.4222 420
422 0 3608 2252 2351 9.31371 421
423 0 3612 2252 2327 10 422
424 0 3616 2256 2299 12.4222 423
425 0 3624 2256 2267 12.4222 424
426 0 3636 2256 2239 9.31371 425
427 0 3644 2252 2215 9.31371 426
428 0 3652 2252 2191 9.31371 427
429 0 3660 2248 2155 14 428
430 0 3660 2252 2123 15.8885 429
431 0 3652 2244 2075 12.4222 430
432 0 3644 2248 2047 14 431
433 0 3640 2244 2015 14 432
434 0 3632 2248 1987 10 433
435 0 3624 2252 1963 9.31371 434
436 0 3628 2248 1935 9.31371 435
437 0 3624 2252 1907 9.31371 436
438 0 3616 2252 1879 10.6491 437
439 0 3604 2252 1847 12.4222 438
440 0 3596 2256 1823 10 439
441 0 3584 2256 1799 6.94427 440
442 0 3576 2256 1783 9.31371 441
443 0 3564 2248 1759 9.31371 442
444 0 3548 2232 1731 14.4924 443
445 0 3520 2224 1703 15.8885 444
446 0 3496 2224 1675 12.4222 445
447 0 3472 2220 1655 10 446
448 0 3448 2216 1639 6.94427 447
449 0 3440 2212 1631 6 448
450 0 3428 2220 1619 9.31371 449
451 0 3416 2236 1607 9.31371 450
452 0 3400 2256 1595 10.6491 451
453 0 3384 2260 1575 10 452
454 0 3376 2264 1567 6 453
455 0 3372 2268 1563 2 454
456 0 3372 2268 1559 2 455
457 0 3372 2268 1555 2 456
458 0 3844 2316 4591 18 330
459 0 3860 2360 4583 21.3238 458
460 0 3872 2408 4567 21.3238 459
461 0 3872 2456 4563 22 460
462 0 3864.53 2529.35 4533.8 32.5397 461
463 0 3860.25 2553.02 4525.6 41.4823 462
464 2 3865.76 2575.03 4495.34 50.1712 463
465 2 3867.51 2582.05 4485.68 52.9449 464
466 0 3880 2676 4387 26 465
467 0 3876 2712 4351 19.5407 466
468 0 3884 2756 4311 14.4924 467
469 2 3882.26 2782.96 4267.87 35.0474 468
470 2 3880.93 2788.29 4253.2 40.0954 469
471 2 3880.07 2791.71 4243.8 43.3327 470
472 0 3916 2824 4143 22.3311 471
473 0 3940 2816 4095 22 472
474 0 3948 2816 4043 18 473
475 0 3948 2804 4003 18 474
476 0 3960 2796 3955 23.2982 475
477 2 3974.72 2799.36 3900.1 30.3248 476
478 2 3980.09 2805.11 3884.79 27.6696 477
479 0 4008 2824 3843 18 478
480 0 4040 2828 3795 18 479
481 0 4068 2848 3763 20.6274 480
482 0 4088 2864 3743 26.2843 481
483 0 4150.55 2843.49 3700.45 24.6372 482
484 2 4192.64 2853.49 3657.72 20.3265 483
485 0 4204 2880 3635 14.9706 484
486 0 4236 2920 3607 21.3238 485
487 0 4268 2932 3579 18 486
488 0 4292 2936 3543 18 487
489 0 4296 2940 3503 18 488
490 0 4296 2928 3467 14.4924 489
491 0 4312 2892 3439 19.5407 490
492 0 4348 2868 3395 32.176 491
493 0 4384 2884 3343 18 492
494 2 4416.62 2888 3304.08 20.6274 493
495 2 4457.7 2902.42 3241.3 20.6399 494
496 0 4488 2904 3219 14 495
497 0 4520 2904 3211 10.6491 496
498 0 4556 2916 3207 18 497
499 2 4587.12 2939.05 3205.98 17.8523 498
500 2 4605.86 2947.08 3203.31 23.0234 499
501 2 4624.9 2961.52 3199.62 21.678 500
502 0 4696 2988 3203 18 501
503 0 4753.6 2996.8 3231 21.4667 502
504 2 4769.6 3004.8 3231 16.1333 503
505 0 4788 3016 3223 10 504
506 0 4812 3032 3223 6.94427 505
507 0 4820 3052 3219 9.31371 506
508 0 4828 3068 3207 10 507
509 0 4853.91 3095.09 3178.73 31.8702 508
510 0 4869.93 3113.93 3150.3 34.5882 509
511 0 4874.12 3117.81 3119.86 31.2212 510
512 2 4857.58 3098.51 3092.3 33.2992 511
513 2 4846.06 3077.16 3059.26 16.1935 512
514 0 4852 3048 3031 3.65685 513
515 0 4848 3044 3027 3.65685 514
516 0 4844 3032 3027 6 515
517 0 4840 3020 3023 6 516
518 0 4844 3004 3019 6 517
519 2 4865.11 2976.33 3005.16 16.4336 518
520 0 4868 2972 3003 18 519
521 0 4860 2944 2995 6 520
522 0 4856 2928 2995 6 521
523 0 4856 2920 2991 6 522
524 0 4864 2908 2983 12.4222 523
525 0 4872 2888 2975 10.6491 524
526 0 4884 2888 2975 6.94427 525
527 0 4896 2888 2967 6 526
528 0 4904 2892 2959 6 527
529 0 4912 2900 2951 6 528
530 0 4916 2904 2947 3.65685 529
531 0 4920 2908 2943 6 530
532 0 4928 2908 2935 6 531
533 0 4928 2908 2927 6 532
534 0 4932 2912 2923 3.65685 533
535 0 4936 2920 2915 6.94427 534
536 0 4948 2928 2899 6 535
537 0 4952 2932 2891 3.65685 536
538 0 4952 2932 2887 3.65685 537
539 0 4948 2924 2879 6.94427 538
540 0 4948 2912 2879 10.6491 539
541 0 4964 2896 2875 9.31371 540
542 0 4972 2896 2867 6 541
543 0 4872 2988 2983 9.31371 520
544 0 4880 3000 2987 12.4222 543
545 0 4876 2984 3027 6.94427 519
546 0 4884 2996 3035 6 545
547 0 4888 3000 3039 6 546
548 0 4892 3008 3043 2 547
549 0 4892 3012 3043 2 548
550 0 4872 3056 3071 10.6491 513
551 0 4876 3040 3051 9.31371 550
552 0 4872 3036 3039 6 551
553 0 4864 3128 3063 18 512
554 0 4860 3136 3039 6 553
555 0 4848 3164 3027 14.9706 554
556 0 4884 3152 3071 15.8885 511
557 0 4900 3172 3055 9.31371 556
558 0 4916 3188 3031 12.4222 557
559 0 4920 3188 3011 12.4222 558
560 0 4940 3192 2991 12.4222 559
561 0 4952 3196 2967 9.31371 560
562 0 4956 3204 2951 6.94427 561
563 0 4968 3212 2935 6.94427 562
564 0 4968 3220 2927 3.65685 563
565 0 4968 3220 2919 3.65685 564
566 0 4964 3224 2915 6 565
567 0 4960 3228 2911 3.65685 566
568 0 4960 3232 2907 3.65685 567
569 0 4960 3236 2907 2 568
570 0 4904 3148 3139 22 510
571 0 4916 3172 3139 2 570
572 0 4916 3176 3139 2 571
573 0 4884 3144 3183 24.8328 509
574 0 4892 3168 3199 14.9706 573
575 0 4912 3216 3207 9.31371 574
576 0 4912 3224 3215 9.31371 575
577 0 4904 3228 3223 6 576
578 0 4764 3012 3259 3.65685 504
579 0 4764 3012 3267 6 578
580 0 4764 3008 3287 6 579
581 0 4760 3008 3299 6 580
582 0 4756 3008 3311 6 581
583 0 4744 3000 3323 6 582
584 0 4744 3000 3339 6.94427 583
585 2 4748 3000 3359 7.10457 584
586 0 4748 3000 3371 6 585
587 0 4740 3000 3387 6 586
588 0 4736 2992 3399 6 587
589 0 4732 2988 3403 6 588
590 0 4732 2992 3415 9.31371 589
591 0 4752 3004 3427 6 590
592 0 4768 3016 3435 6.94427 591
593 0 4780 3024 3443 6.94427 592
594 0 4788 3028 3451 6 593
595 0 4792 3032 3455 3.65685 594
596 0 4792 3032 3459 3.65685 595
597 0 4800 3032 3467 6 596
598 0 4800 3028 3479 2 597
599 0 4800 3028 3483 2 598
600 0 4800 3024 3491 6 599
601 0 4800 3016 3499 3.65685 600
602 0 4800 3012 3499 2 601
603 0 4760 3004 3371 3.65685 586
604 0 4764 3008 3375 3.65685 603
605 0 4772 3004 3383 6.94427 604
606 0 4776 2996 3387 9.31371 605
607 0 4784 2988 3395 6 606
608 0 4788 2980 3399 9.31371 607
609 0 4792 2976 3407 6 608
610 0 4752 2984 3359 6 585
611 0 4748 2972 3367 6 610
612 0 4744 2968 3371 6 611
613 0 4784 2964 3251 9.31371 503
614 0 4796 2948 3255 6.94427 613
615 0 4820 2924 3267 14.4924 614
616 0 4820 2904 3259 6 615
617 0 4816 2896 3247 6 616
618 0 4816 2888 3239 6 617
619 0 4812 2880 3231 3.65685 618
620 0 4816 2872 3231 6.94427 619
621 0 4824 2860 3243 6 620
622 0 4828 2848 3259 6 621
623 0 4828 2832 3267 6 622
624 0 4828 2816 3271 6 623
625 0 4824 2808 3275 6 624
626 0 4820 2804 3271 6 625
627 0 4812 2800 3275 6 626
628 0 4796 2788 3279 10.6491 627
629 0 4796 2768 3275 6 628
630 0 4796 2752 3279 6 629
631 0 4792 2748 3283 6 630
632 0 4816 2864 3207 6 620
633 0 4820 2864 3199 6.94427 632
634 0 4828 2848 3183 9.31371 633
635 0 4836 2840 3183 9.31371 634
636 0 4848 2828 3183 14.9706 635
637 0 4864 2832 3203 2 636
638 0 4864 2832 3207 2 637
639 0 4864 2836 3211 2 638
640 0 4852 2924 3283 10 615
641 0 4860 2932 3287 3.65685 640
642 0 4864 2936 3291 2 641
643 0 4604 2988 3207 2 501
644 0 4600 2992 3207 2 643
645 0 4600 2996 3207 3.65685 644
646 0 4596 3004 3203 6 645
647 0 4596 3020 3203 6 646
648 0 4588 3036 3207 9.31371 647
649 0 4572 3052 3203 6 648
650 0 4572 3068 3203 6 649
651 0 4568 3072 3199 6 650
652 0 4568 3080 3191 2 651
653 0 4568 3088 3183 6 652
654 0 4568 3096 3175 6.94427 653
655 0 4572 3092 3167 2 654
656 0 4572 3092 3163 2 655
657 0 4612 2920 3199 6.94427 500
658 0 4616 2912 3199 6.94427 657
659 0 4628 2904 3191 6.94427 658
660 0 4640 2892 3175 6 659
661 0 4656 2880 3167 6 660
662 0 4672 2880 3167 6 661
663 0 4684 2868 3159 6.94427 662
664 0 4696 2864 3147 6 663
665 0 4704 2856 3139 6 664
666 0 4708 2852 3135 6 665
667 0 4708 2844 3127 3.65685 666
668 0 4708 2844 3119 6 667
669 0 4700 2836 3107 6 668
670 0 4696 2820 3099 6.94427 669
671 0 4692 2804 3095 6 670
672 0 4684 2796 3095 3.65685 671
673 0 4680 2788 3095 3.65685 672
674 0 4676 2784 3091 3.65685 673
675 0 4676 2780 3091 2 674
676 0 4676 2776 3091 2 675
677 0 4676 2772 3091 2 676
678 0 4600 2896 3211 9.31371 658
679 0 4584 2888 3219 6 678
680 0 4568 2884 3227 6 679
681 0 4560 2872 3235 6.94427 680
682 0 4552 2852 3239 6.94427 681
683 0 4552 2840 3239 6 682
684 0 4592 2940 3231 3.65685 499
685 0 4592 2932 3239 6 684
686 0 4592 2924 3247 6 685
687 0 4592 2908 3251 6.94427 686
688 0 4604 2888 3255 6.94427 687
689 0 4612 2880 3251 2 688
690 0 4616 2876 3247 2 689
691 0 4428 2896 3211 10 495
692 0 4416 2896 3179 9.31371 691
693 0 4404 2904.12 3142.53 15.833 692
694 2 4404 2907.88 3127.47 14.0555 693
695 0 4408 2912 3111 10 694
696 0 4416 2920 3083 10.6491 695
697 0 4420 2924 3051 14 696
698 0 4424 2928 3023 15.8885 697
699 0 4440 2928 2999 12.4222 698
700 0 4448 2936 2967 14 699
701 2 4442.29 2942.86 2939.57 14 700
702 0 4428 2956 2927 6.94427 701
703 0 4424 2972 2923 6.94427 702
704 0 4408 2992 2903 9.31371 703
705 0 4400 2996 2895 10.6491 704
706 0 4388 3000 2895 6.94427 705
707 0 4372 3008 2891 6.94427 706
708 0 4360 3024 2879 9.31371 707
709 0 4352 3024 2871 3.65685 708
710 0 4348 3024 2867 3.65685 709
711 0 4340 3032 2859 6.94427 710
712 0 4328 3036 2843 9.31371 711
713 0 4320 3032 2835 6 712
714 0 4308 3036 2823 6 713
715 0 4296 3040 2811 6 714
716 0 4288 3040 2807 6 715
717 0 4276 3040 2803 2 716
718 0 4268 3040 2799 6 717
719 0 4252 3040 2795 6 718
720 0 4236 3036 2791 6 719
721 0 4220 3036 2791 6 720
722 0 4204 3036 2783 9.31371 721
723 0 4192 3032 2783 6 722
724 0 4172 3028 2783 9.31371 723
725 0 4140 3020 2783 3.65685 724
726 0 4132 3012 2791 6.94427 725
727 2 4125.33 3005.33 2797.67 8.9188 726
728 0 4116 3000 2815 9.31371 727
729 0 4112 2968 2831 10 728
730 0 4108 2952 2839 6.94427 729
731 0 4100 2944 2839 3.65685 730
732 0 4096 2940 2839 3.65685 731
733 0 4088 2936 2839 6 732
734 0 4080 2924 2843 6 733
735 0 4076 2916 2847 3.65685 734
736 0 4068 2908 2847 6 735
737 0 4056 2888 2851 6 736
738 0 4048 2876 2851 6.94427 737
739 0 4040 2864 2863 6 738
740 0 4036 2856 2871 6 739
741 0 4032 2844 2879 6 740
742 0 4032 2828 2895 6 741
743 0 4032 2816 2907 6.94427 742
744 0 4032 2808 2923 6 743
745 0 4028 2804 2939 6 744
746 0 4020 2800 2947 6 745
747 0 4016 2796 2951 6 746
748 0 4016 2788 2963 2 747
749 0 4016 2788 2967 2 748
750 0 4120 3012 2827 6 728
751 0 4124 3020 2835 6 750
752 0 4120 3036 2839 6 751
753 0 4120 3052 2855 6 752
754 0 4120 3060 2871 9.31371 753
755 0 4108 3064 2895 6.94427 754
756 0 4104 3072 2899 3.65685 755
757 0 4100 3076 2903 3.65685 756
758 0 4100 3080 2907 3.65685 757
759 0 4092 3088 2911 6 758
760 0 4084 3096 2919 6 759
761 0 4076 3096 2927 3.65685 760
762 0 4072 3100 2931 6 761
763 0 4068 3104 2939 6 762
764 0 4132 2988 2779 9.31371 727
765 0 4144 2988 2779 2 764
766 0 4152 2984 2779 6 765
767 0 4160 2984 2779 6 766
768 0 4168 2988 2775 3.65685 767
769 0 4176 2992 2771 6.94427 768
770 0 4192 3004 2755 6.94427 769
771 0 4204 3012 2743 6 770
772 0 4212 3016 2735 6 771
773 0 4220 3024 2727 6 772
774 0 4232 3024 2731 6.94427 773
775 0 4240 3012 2743 6 774
776 0 4252 3000 2747 6.94427 775
777 0 4264 3000 2751 2 776
778 0 4472 2944 2935 14 701
779 0 4512 2944 2915 14 778
780 0 4536 2944 2915 12.4222 779
781 2 4570.87 2935.54 2912.03 26.6478 780
782 2 4588.92 2930.12 2908.42 37.1486 781
783 2 4600 2928 2907 41.4794 782
784 2 4604 2928 2907 41.6921 783
785 2 4612 2928 2907 42.1177 784
786 0 4640 2928 2907 43.607 785
787 0 4676 2876 2935 6.94427 786
788 0 4680 2864 2943 6.94427 787
789 0 4672 2856 2947 3.65685 788
790 0 4672 2852 2947 2 789
791 0 4644 2920 2955 10 786
792 0 4624 2908 2983 10.6491 791
793 0 4620 2904 2995 6 792
794 0 4624 2976 2903 10.6491 785
795 0 4624 2988 2907 6 794
796 0 4628 2996 2911 6.94427 795
797 0 4632 3004 2903 6 796
798 0 4624 3012 2899 2 797
799 0 4624 2980 2871 15.8885 784
800 0 4620 3000 2863 14.9706 799
801 0 4600 3004 2855 2 800
802 0 4600 2880 2915 12.4222 783
803 0 4596 2852 2931 10 802
804 0 4588 2844 2939 6 803
805 0 4580 2832 2939 9.31371 804
806 0 4576 2824 2943 6.94427 805
807 0 4552 2952 2871 15.8885 782
808 0 4536 2952 2871 10 807
809 0 4524 2948 2871 12.4222 808
810 0 4568 2916 2943 9.31371 781
811 0 4564 2916 2955 6 810
812 0 4564 2916 2963 6 811
813 0 4556 2912 2975 6.94427 812
814 0 4544 2908 2987 6 813
815 0 4536 2904 2999 6 814
816 0 4528 2908 3003 9.31371 815
817 0 4496 2908 3003 6 816
818 0 4480 2912 3003 6 817
819 0 4472 2916 3003 2 818
820 0 4472 2920 3003 2 819
821 0 4388 2892 3115 6 694
822 0 4388 2888 3103 6.94427 821
823 0 4380 2884 3095 3.65685 822
824 0 4376 2880 3091 3.65685 823
825 0 4376 2872 3083 6 824
826 0 4376 2868 3075 6 825
827 0 4380 2916 3143 6.94427 693
828 0 4372 2924 3143 3.65685 827
829 0 4364 2932 3143 3.65685 828
830 0 4360 2936 3143 3.65685 829
831 0 4356 2944 3143 6 830
832 0 4356 2952 3143 2 831
833 0 4352 2960 3143 6 832
834 0 4352 2968 3143 6 833
835 0 4352 2976 3143 3.65685 834
836 0 4352 2980 3139 2 835
837 0 4352 2988 3131 6 836
838 0 4352 2996 3127 2 837
839 0 4352 3000 3127 3.65685 838
840 0 4352 3008 3119 6 839
841 0 4356 3024 3103 6 840
842 0 4360 3032 3103 3.65685 841
843 0 4368 3040 3103 6.94427 842
844 0 4380 3056 3103 9.31371 843
845 0 4376 3068 3091 6 844
846 0 4376 3084 3091 6 845
847 0 4376 3100 3091 6 846
848 0 4380 3128 3095 6 847
849 0 4388 3140 3095 2 848
850 0 4416 2848 3311 6 494
851 0 4412 2840 3307 6 850
852 0 4212 2840 3651 6 484
853 0 4220 2836 3651 3.65685 852
854 0 4224 2832 3651 3.65685 853
855 0 4228 2828 3647 3.65685 854
856 0 4232 2824 3643 6 855
857 0 4236 2808 3631 6.94427 856
858 0 4236 2796 3623 6 857
859 0 4240 2792 3619 6 858
860 0 4244 2780 3619 2 859
861 0 4140 2804 3687 10.6491 483
862 0 4136 2792 3687 10 861
863 0 4136 2784 3679 6.94427 862
864 0 4132 2776 3675 6.94427 863
865 0 4128 2760 3659 12.4222 864
866 0 4132 2748 3635 10 865
867 0 4140 2740 3619 12.4222 866
868 0 4160 2736 3603 10.6491 867
869 0 4172 2724 3575 10.6491 868
870 0 4172 2720 3551 9.31371 869
871 0 4184 2704 3535 10 870
872 0 4180 2672 3519 18 871
873 0 4176.71 2593.18 3487 33.4984 872
874 2 4164.44 2541.78 3494.56 21.8058 873
875 0 4144 2532 3495 10 874
876 0 4132 2524 3507 10 875
877 0 4112 2532 3507 6.94427 876
878 0 4096 2532 3523 10.6491 877
879 0 4076 2528 3531 6 878
880 0 4060 2524 3535 6.94427 879
881 0 4044 2524 3539 6 880
882 0 4032 2520 3551 6 881
883 0 4016 2520 3563 6.94427 882
884 0 4000 2516 3575 6 883
885 0 3988 2512 3587 6 884
886 0 3980 2512 3603 6 885
887 0 3968 2508 3615 6 886
888 0 3956 2500 3627 6 887
889 0 3956 2496 3635 6 888
890 0 3948 2492 3647 6 889
891 0 3940 2492 3647 2 890
892 0 3936 2492 3647 2 891
893 0 3928 2496 3647 6.94427 892
894 0 3912 2484 3651 6.94427 893
895 0 3900 2476 3667 6.94427 894
896 0 3892 2476 3679 6.94427 895
897 0 3884 2468 3691 6 896
898 0 3876 2468 3699 3.65685 897
899 0 3868 2460 3707 3.65685 898
900 0 3864 2456 3711 6 899
901 0 3860 2452 3715 3.65685 900
902 0 3856 2448 3719 6 901
903 0 3852 2444 3723 6 902
904 0 3848 2436 3723 3.65685 903
905 0 3844 2428 3723 3.65685 904
906 0 3836 2420 3723 3.65685 905
907 0 3828 2412 3723 3.65685 906
908 0 3816 2416 3727 10 907
909 0 3804 2412 3727 9.31371 908
910 0 3792 2416 3719 6 909
911 0 4184 2540 3519 6 874
912 0 4200 2548 3539 9.31371 911
913 0 4216 2548 3551 6 912
914 0 4228 2552 3551 6 913
915 0 4244 2556 3555 6.94427 914
916 0 4252 2552 3555 6.94427 915
917 0 4260 2544 3559 2 916
918 0 4260 2540 3559 2 917
919 0 4168 2580 3443 30 873
920 0 4152 2576 3391 10 919
921 0 4148 2572 3363 6.94427 920
922 0 4156 2564 3343 9.31371 921
923 0 4168 2556 3327 6.94427 922
924 0 4176 2552 3315 6.94427 923
925 0 4192 2540 3311 6.94427 924
926 0 4204 2536 3307 6 925
927 0 4220 2532 3307 6.94427 926
928 0 4232 2528 3307 12.4222 927
929 0 4248 2540 3303 6.94427 928
930 0 4260 2544 3307 10.6491 929
931 0 4280 2540 3315 3.65685 930
932 0 4284 2540 3315 2 931
933 0 4288 2536 3315 2 932
934 0 4164 2560 3283 9.31371 924
935 0 4180 2564 3263 12.4222 934
936 0 4196 2576 3243 6 935
937 0 4204 2580 3235 2 936
938 0 4012 2824 3879 12.4222 478
939 0 4016 2836 3875 6.94427 938
940 0 4020 2844 3883 3.65685 939
941 0 4020 2844 3887 2 940
942 0 4020 2844 3891 2 941
943 0 3948 2780 3887 9.31371 477
944 0 3940 2776 3879 6 943
945 0 3924 2776 3871 6.94427 944
946 0 3916 2776 3863 10 945
947 0 3892 2772 3843 9.31371 946
948 0 3888 2776 3835 6.94427 947
949 0 3892 2784 3827 10 948
950 0 3892 2796 3807 6.94427 949
951 0 3896 2800 3791 6 950
952 0 3896 2800 3775 6 951
953 0 3896 2796 3759 6 952
954 0 3896 2788 3751 6 953
955 2 3899.56 2784.44 3736.78 13.5488 954
956 0 3908 2784 3715 14.4924 955
957 0 3912 2784 3699 6.94427 956
958 0 3912 2788 3687 6 957
959 0 3912 2788 3679 3.65685 958
960 0 3908 2788 3671 3.65685 959
961 0 3904 2792 3667 3.65685 960
962 0 3904 2796 3655 6 961
963 0 3900 2800 3651 3.65685 962
964 0 3900 2800 3643 3.65685 963
965 0 3896 2800 3635 3.65685 964
966 0 3892 2804 3631 3.65685 965
967 0 3892 2804 3627 3.65685 966
968 0 3888 2808 3623 3.65685 967
969 0 3884 2812 3611 6 968
970 0 3880 2808 3583 10 969
971 0 3884 2816 3567 10 970
972 0 3884 2816 3555 6 971
973 0 3880 2812 3551 3.65685 972
974 0 3880 2808 3543 3.65685 973
975 0 3880 2808 3535 6 974
976 0 3880 2808 3527 3.65685 975
977 0 3884 2808 3519 3.65685 976
978 0 3884 2808 3511 3.65685 977
979 0 3888 2812 3507 2 978
980 0 3864 2792 3579 3.65685 970
981 0 3860 2792 3575 3.65685 980
982 0 3856 2796 3571 3.65685 981
983 0 3852 2800 3567 6 982
984 0 3844 2804 3563 3.65685 983
985 0 3840 2808 3563 2 984
986 0 3884 2768 3739 6 955
987 0 3880 2764 3735 6 986
988 0 3868 2764 3735 6.94427 987
989 0 3856 2756 3731 6 988
990 0 3848 2756 3731 6 989
991 0 3836 2748 3723 3.65685 990
992 0 3828 2748 3719 6 991
993 0 3820 2748 3715 3.65685 992
994 0 3812 2748 3711 3.65685 993
995 0 3804 2740 3703 9.31371 994
996 0 3800 2732 3695 9.31371 995
997 0 3792 2720 3695 6 996
998 0 3932 2836 4255 3.65685 471
999 0 3936 2840 4259 3.65685 998
1000 0 3936 2840 4263 3.65685 999
1001 0 3940 2844 4267 3.65685 1000
1002 0 3948 2848 4271 6.94427 1001
1003 0 3960 2864 4291 6 1002
1004 0 3964 2880 4299 6 1003
1005 0 3836 2784 4227 24.8328 470
1006 0 3812 2788 4219 10.6491 1005
1007 0 3800 2796 4219 6 1006
1008 2 3832.44 2772.9 4281.76 14.2726 469
1009 0 3820 2764 4291 9.31371 1008
1010 0 3796 2764 4295 9.31371 1009
1011 0 3780 2776 4307 9.31371 1010
1012 0 3772 2780 4311 9.31371 1011
1013 0 3768 2788 4315 6 1012
1014 0 3760 2796 4319 6 1013
1015 0 3752 2804 4327 6 1014
1016 0 3744 2808 4331 3.65685 1015
1017 0 3744 2812 4331 2 1016
1018 0 3744 2816 4335 3.65685 1017
1019 0 3744 2824 4335 6 1018
1020 0 3744 2832 4339 6 1019
1021 0 3804 2776 4259 14.9706 1008
1022 0 3792 2788 4267 6.94427 1021
1023 0 3784 2796 4275 3.65685 1022
1024 0 3780 2796 4279 2 1023
1025 0 3928 2652 4519 9.31371 465
1026 0 3936 2652 4531 6 1025
1027 0 3948 2656 4543 6 1026
1028 0 3948 2664 4543 6 1027
1029 0 3944 2676 4543 10 1028
1030 0 3908 2616 4483 41.0813 464
1031 0 3948 2632 4459 6.94427 1030
1032 0 3956 2628 4455 3.65685 1031
1033 0 3964 2624 4455 6 1032
1034 0 3980 2620 4463 6 1033
1035 0 3992 2624 4467 9.31371 1034
1036 0 4008 2608 4475 6.94427 1035
1037 0 4016 2592 4487 6 1036
1038 0 4024 2584 4487 3.65685 1037
1039 0 4032 2576 4487 6.94427 1038
1040 0 4040 2568 4495 6.94427 1039
1041 0 4048 2564 4495 6 1040
1042 0 3804 2596 4519 6.94427 463
1043 0 3792 2596 4519 2 1042
1044 0 3788 2596 4519 2 1043
1045 0 3784 2596 4523 3.65685 1044
1046 0 3776 2596 4531 10 1045
1047 0 3780 2604 4547 6 1046
1048 0 3784 2612 4559 6 1047
1049 0 3784 2616 4567 6 1048
1050 0 3784 2624 4567 6.94427 1049
1051 0 3768 2640 4575 3.65685 1050
1052 0 3764 2648 4583 6.94427 1051
1053 0 3764 2648 4599 9.31371 1052
1054 0 3752 2644 4607 6 1053
1055 0 3736 2636 4607 6 1054
1056 0 3720 2640 4611 6.94427 1055
1057 0 3708 2636 4611 6 1056
1058 0 3696 2640 4603 6.94427 1057
1059 0 3684 2648 4599 6 1058
1060 0 3672 2656 4587 6.94427 1059
1061 0 3676 2656 4567 6 1060
1062 0 3668 2652 4559 3.65685 1061
1063 0 3664 2648 4555 3.65685 1062
1064 0 3660 2644 4551 6 1063
1065 0 3668 2632 4539 6.94427 1064
1066 0 3676 2632 4539 3.65685 1065
1067 0 3680 2636 4535 2 1066
1068 0 3776 2664 4607 6 1053
1069 0 3776 2672 4607 2 1068
1070 0 3780 2680 4607 6 1069
1071 0 3776 2696 4603 6 1070
1072 0 3772 2708 4603 6 1071
1073 0 3768 2728 4607 6 1072
1074 0 3764 2736 4607 3.65685 1073
1075 0 3760 2744 4607 3.65685 1074
1076 0 3756 2748 4611 3.65685 1075
1077 0 3744 2764 4615 9.31371 1076
1078 0 3728 2764 4615 6 1077
1079 0 3756 2592 4531 6 1046
1080 0 3736 2580 4531 6.94427 1079
1081 0 3728 2576 4535 9.31371 1080
1082 0 3708 2564 4543 6 1081
1083 0 3692 2556 4555 6 1082
1084 0 3680 2552 4555 6 1083
1085 2 3661.1 2550.07 4570.86 9.31371 1084
1086 0 3652 2544 4583 9.31371 1085
1087 0 3648 2540 4595 6 1086
1088 0 3640 2544 4603 3.65685 1087
1089 0 3636 2548 4607 3.65685 1088
1090 0 3632 2556 4611 6 1089
1091 0 3628 2564 4611 6 1090
1092 0 3632 2572 4619 6 1091
1093 0 3632 2588 4619 6 1092
1094 0 3632 2604 4619 6 1093
1095 0 3624 2620 4611 9.31371 1094
1096 0 3616 2624 4615 6 1095
1097 0 3644 2544 4555 6.94427 1085
1098 0 3636 2548 4547 3.65685 1097
1099 0 3632 2556 4543 6 1098
1100 0 3636 2572 4543 6.94427 1099
1101 0 3640 2588 4543 6.94427 1100
1102 0 3636 2600 4543 6.94427 1101
1103 0 3652 2604 4543 6 1102
1104 0 3820 2548 4567 6 462
1105 0 3816 2552 4575 6 1104
1106 0 3800 2556 4587 6.94427 1105
1107 0 3792 2560 4587 3.65685 1106
1108 0 3788 2560 4583 2 1107
1109 0 3792 2188 4667 6 329
1110 0 3788 2180 4659 3.65685 1109
1111 0 3784 2176 4651 6 1110
1112 0 3780 2172 4647 6 1111
1113 0 3776 2168 4643 3.65685 1112
1114 0 3764 2164 4639 6 1113
1115 0 3752 2160 4627 6 1114
1116 0 3748 2152 4619 6 1115
1117 0 3744 2148 4611 6 1116
1118 0 3744 2148 4603 2 1117
1119 0 3744 2144 4599 3.65685 1118
1120 0 3740 2144 4595 2 1119
1121 0 3752 2076 5295 6 317
1122 0 3752 2060 5295 6 1121
1123 0 3752 2052 5295 6 1122
1124 0 3744 2040 5299 6.94427 1123
1125 0 3736 2028 5299 6.94427 1124
1126 0 3728 2020 5303 6 1125
1127 0 3704 1996 5623 10.6491 310
1128 0 3704 1984 5619 6 1127
1129 0 3704 1976 5619 6 1128
1130 0 3700 1972 5615 6 1129
1131 0 3700 1964 5615 6 1130
1132 0 3696 1952 5603 6 1131
1133 0 3696 1944 5603 6 1132
1134 0 3696 1928 5587 6 1133
1135 0 3700 1916 5575 6 1134
1136 0 3704 1912 5571 6 1135
1137 0 3700 1904 5563 6 1136
1138 0 3696 1900 5559 3.65685 1137
1139 0 3696 1896 5559 3.65685 1138
1140 0 3692 1892 5555 6 1139
1141 0 3688 1884 5547 6 1140
1142 0 3684 1872 5531 6 1141
1143 0 3684 1864 5527 2 1142
1144 0 3688 1860 5523 3.65685 1143
1145 0 3688 1856 5523 3.65685 1144
1146 0 3684 1852 5519 2 1145
1147 0 3712 2000 5687 23.6125 309
1148 0 3724 1980 5695 9.31371 1147
1149 0 3700 2064 5803 26.2843 307
1150 0 3704 2044 5847 18 1149
1151 0 3692 2016 5899 21.3238 1150
1152 0 3676 2004 5939 19.5407 1151
1153 0 3656 2004 5991 21.3238 1152
1154 0 3640 1996 6039 22.3311 1153
1155 0 3636 1972 6099 23.2982 1154
1156 0 3640 1940 6163 23.2982 1155
1157 0 3644 1904 6223 21.3238 1156
1158 0 3644 1884 6291 21.3238 1157
1159 0 3640 1884 6351 18 1158
1160 0 3640 1888 6395 19.5407 1159
1161 0 3632 1904 6435 18 1160
1162 0 3628 1924 6479 18 1161
1163 0 3624 1928 6535 18 1162
1164 0 3620 1936 6575 19.5407 1163
1165 0 3612 1948 6611 18 1164
1166 0 3596 1964 6655 23.2982 1165
1167 0 3584 1964 6715 28.4631 1166
1168 0 3560 1940 6763 23.6125 1167
1169 0 3540 1940 6823 20.6274 1168
1170 0 3536 1940 6867 18 1169
1171 0 3524 1928 6907 18 1170
1172 0 3504 1896 6959 19.5407 1171
1173 0 3496 1888 7003 20.6274 1172
1174 0 3508 1880 7071 23.2982 1173
1175 0 3516 1860 7123 21.3238 1174
1176 0 3516 1856 7183 19.5407 1175
1177 0 3504 1864 7223 18 1176
1178 0 3496 1884 7251 15.8885 1177
1179 0 3488 1904 7299 18.3961 1178
1180 0 3484 1912 7339 18 1179
1181 0 3492 1912 7379 18 1180
1182 0 3504 1904 7423 15.8885 1181
1183 0 3500 1896 7483 33.7771 1182
1184 0 3468 1884 7499 14.4924 1183
1185 0 3364 1948 7771 2 -1
1186 0 3360 1948 7775 2 1185
1187 0 3356 1952 7779 3.65685 1186
1188 0 3352 1960 7803 14 1187
1189 0 3328 1980 7835 26.8444 1188
1190 0 3300 1996 7863 41.2666 1189
1191 0 3284 2016 7899 21.3238 1190
1192 0 3268 2064 7935 19.5407 1191
1193 0 3256 2100 7979 18 1192
1194 0 3248 2112 7995 18 1193
1195 0 3240 2128 7999 6.94427 1194
