# Generated by NeuTu (https://github.com/janelia-flyem/NeuTu)
1 0 4394 1840 6683 2 -1
2 0 4394 1836 6683 2 1
3 0 4390 1832 6691 6 2
4 0 4390 1824 6699 6 3
5 0 4386 1816 6699 3.65685 4
6 0 4378 1808 6699 6 5
7 0 4370 1800 6691 6 6
8 0 4358 1788 6679 6.94427 7
9 0 4354 1780 6671 6 8
10 0 4334 1772 6655 9.31371 9
11 0 4314 1784 6655 10.6491 10
12 0 4314 1804 6659 6 11
13 0 4302 1816 6659 6.94427 12
14 0 4294 1828 6647 6 13
15 0 4290 1832 6643 3.65685 14
16 0 4286 1836 6639 6 15
17 0 4274 1844 6635 6 16
18 0 4266 1852 6627 6.94427 17
19 0 4262 1864 6615 6 18
20 0 4266 1872 6607 6.94427 19
21 0 4262 1884 6591 6 20
22 0 4362 1768 6675 6 9
23 0 4362 1752 6691 6 22
24 0 4366 1752 6699 6 23
25 0 4370 1748 6707 2 24
26 0 4370 1748 6711 2 25
