# Generated by NeuTu (https://github.com/janelia-flyem/NeuTu)
1 0 4075 2180 6777 2 -1
2 0 4091 2180 6781 10 1
3 0 4103 2184 6789 14.4924 2
4 0 4131 2180 6801 6 3
5 0 4143 2184 6801 9.31371 4
6 0 4159 2176 6805 6.94427 5
7 2 4174 2165 6809 6.94427 6
8 0 4199 2140 6801 9.31371 7
9 0 4203 2136 6793 6 8
10 0 4203 2132 6773 6 9
11 0 4215 2128 6757 6.94427 10
12 0 4219 2128 6745 6.94427 11
13 0 4223 2128 6737 3.65685 12
14 0 4231 2132 6721 6.94427 13
15 0 4183 2180 6805 6 7
16 0 4183 2188 6797 6 15
17 0 4183 2188 6789 6 16
18 0 4179 2192 6781 2 17
19 0 4179 2192 6777 2 18
