# Generated by NeuTu (https://github.com/janelia-flyem/NeuTu)
1 0 4002 2365 6990 6.94427 -1
2 0 3998 2373 6982 10 1
3 0 3998 2397 6970 6 2
4 0 3998 2389 6958 6 3
5 0 3998 2389 6938 6.94427 4
6 0 3990 2377 6926 6 5
7 0 3990 2369 6918 10 6
8 0 3978 2353 6902 6 7
9 0 3978 2353 6894 6 8
10 0 3982 2357 6890 3.65685 9
11 0 3990 2349 6882 6.94427 10
12 0 4006 2349 6878 6 11
13 0 4014 2357 6870 6 12
14 0 4018 2361 6866 6 13
15 0 4030 2357 6854 6 14
16 0 4038 2353 6846 3.65685 15
17 0 4046 2349 6838 6.94427 16
18 0 4042 2341 6818 6 17
19 0 4042 2341 6810 6 18
20 0 4042 2345 6798 9.31371 19
