# Generated by NeuTu (https://github.com/janelia-flyem/NeuTu)
1 0 4274 2592 6765 2 -1
2 0 4278 2592 6761 3.65685 1
3 0 4278 2600 6749 9.31371 2
4 0 4286 2604 6741 10 3
5 0 4294 2608 6733 6 4
6 0 4306 2612 6717 6 5
7 0 4314 2616 6713 6.94427 6
8 0 4318 2624 6705 3.65685 7
9 0 4322 2628 6701 6 8
10 0 4330 2628 6681 6 9
11 0 4334 2628 6673 6 10
12 0 4334 2632 6661 9.31371 11
13 0 4334 2640 6649 9.31371 12
14 0 4350 2664 6645 9.31371 13
15 0 4354 2680 6645 12.4222 14
16 2 4363.72 2713.31 6641 29.02 15
17 2 4356.38 2730.45 6641 25.8573 16
18 2 4314.88 2763.3 6668.3 18.1152 17
19 0 4298 2776 6685 14.9706 18
20 0 4270 2800 6713 18 19
21 0 4254 2824 6733 12.4222 20
22 0 4194.89 2863.78 6761.22 34.3117 21
23 0 4162 2872 6753 26.2843 22
24 0 4118 2892 6745 10 23
25 0 4098 2896 6741 10 24
26 0 4070 2904 6725 12.4222 25
27 0 4034 2916 6717 10 26
28 0 4018 2916 6709 14.4924 27
29 0 4010 2916 6685 9.31371 28
30 2 4002.71 2926.94 6677.71 9.31371 29
31 0 3998 2936 6673 6 30
32 2 3991.54 2953.69 6669 6.94427 31
33 0 3986 2964 6669 6 32
34 0 3986 2980 6673 6 33
35 0 3986 3000 6661 6.94427 34
36 0 3990 3012 6649 6.94427 35
37 0 4002 3028 6637 6 36
38 0 4010 3036 6629 6.94427 37
39 0 4018 3044 6621 3.65685 38
40 0 4026 3048 6613 6.94427 39
41 0 4034 3052 6601 9.31371 40
42 0 4042 3060 6593 6 41
43 0 4050 3056 6585 6 42
44 0 4058 3052 6577 6 43
45 0 4066 3052 6573 6 44
46 0 4074 3048 6569 3.65685 45
47 0 4078 3044 6565 6 46
48 0 4078 3036 6557 6 47
49 0 4078 3036 6549 3.65685 48
50 0 4078 3032 6545 2 49
51 0 4078 3032 6541 2 50
52 0 4002 2948 6653 6.94427 32
53 0 4010 2952 6645 10 52
54 0 4026 2944 6633 6.94427 53
55 0 4038 2936 6625 6.94427 54
56 0 4042 2936 6609 6 55
57 0 4042 2936 6601 6 56
58 0 4050 2944 6589 6 57
59 0 4058 2948 6577 6.94427 58
60 0 4066 2960 6565 6 59
61 0 4066 2964 6557 3.65685 60
62 0 4074 2972 6549 9.31371 61
63 0 4078 2976 6541 6.94427 62
64 0 4086 2980 6533 9.31371 63
65 0 4002 2976 6641 6.94427 53
66 0 3994 2992 6625 3.65685 65
67 0 3990 2992 6625 2 66
68 0 3998 2916 6661 6 30
69 0 3994 2924 6645 6 68
70 0 3994 2924 6637 2 69
71 0 3994 2924 6633 2 70
72 0 3994 2920 6629 3.65685 71
73 0 3990 2916 6621 6 72
74 0 3986 2920 6605 6.94427 73
75 0 3986 2920 6589 6 74
76 0 3986 2920 6581 6 75
77 0 3998 2924 6565 6 76
78 0 3994 2932 6553 6 77
79 0 3978 2932 6537 6 78
80 0 3978 2940 6517 9.31371 79
81 0 3978 2944 6505 6.94427 80
82 2 4016.17 2916.61 6712.65 13.9076 28
83 0 4002 2924 6745 6.94427 82
84 0 3998 2924 6761 6 83
85 0 3986 2924 6777 6 84
86 0 3978 2924 6793 6 85
87 0 3974 2916 6801 6 86
88 0 3970 2912 6805 3.65685 87
89 0 3970 2912 6809 2 88
90 0 3970 2908 6817 6 89
91 0 3966 2900 6833 6.94427 90
92 0 3966 2896 6853 6 91
93 0 3962 2884 6873 6 92
94 0 3958 2884 6881 6 93
95 0 3958 2888 6893 3.65685 94
96 0 3954 2888 6901 6 95
97 0 3946 2896 6909 6.94427 96
98 0 3930 2896 6913 6.94427 97
99 0 3914 2896 6917 6 98
100 0 3898 2900 6933 6 99
101 0 3898 2900 6941 3.65685 100
102 0 3894 2904 6945 2 101
103 0 3894 2904 6949 2 102
104 0 4002 2896 6717 6.94427 82
105 0 4002 2888 6717 6 104
106 0 3998 2876 6717 9.31371 105
107 0 3998 2864 6721 6 106
108 0 3998 2856 6729 6 107
109 0 3998 2848 6737 9.31371 108
110 0 3998 2836 6749 9.31371 109
111 0 3998 2828 6757 6 110
112 0 3998 2812 6769 6.94427 111
113 0 4006 2804 6769 6 112
114 0 4010 2800 6773 3.65685 113
115 0 4014 2800 6773 2 114
116 0 4018 2800 6773 2 115
117 0 4150 2844 6749 6 23
118 0 4150 2836 6745 3.65685 117
119 0 4146 2832 6745 3.65685 118
120 0 4146 2828 6741 3.65685 119
121 2 4143.11 2814.21 6737 6.68328 120
122 0 4134 2804 6745 6.94427 121
123 0 4134 2796 6765 6 122
124 0 4134 2792 6773 3.65685 123
125 0 4134 2788 6777 3.65685 124
126 0 4130 2780 6781 6 125
127 0 4126 2772 6785 6 126
128 0 4146 2812 6713 6.94427 121
129 0 4150 2804 6693 6 128
130 0 4150 2804 6681 6.94427 129
131 0 4146 2800 6673 6.94427 130
132 2 4168.22 2836.44 6816.56 15.1111 22
133 0 4146 2824 6849 6.94427 132
134 0 4142 2816 6857 3.65685 133
135 0 4138 2812 6861 6 134
136 0 4138 2812 6869 6 135
137 0 4134 2808 6873 3.65685 136
138 0 4134 2808 6881 3.65685 137
139 0 4134 2808 6885 3.65685 138
140 0 4130 2804 6889 6 139
141 0 4130 2800 6897 6 140
142 0 4134 2804 6913 6 141
143 0 4134 2804 6925 10 142
144 0 4130 2812 6933 6 143
145 0 4126 2832 6945 6.94427 144
146 0 4118 2836 6957 6.94427 145
147 0 4114 2832 6973 6 146
148 0 4114 2836 6981 6 147
149 0 4122 2840 6989 6.94427 148
150 0 4194 2836 6829 6 132
151 0 4202 2836 6845 6 150
152 0 4206 2832 6849 6 151
153 0 4334 2796 6657 6.94427 18
154 0 4342 2804 6665 6 153
155 0 4342 2812 6665 6 154
156 0 4358 2828 6661 9.31371 155
157 0 4370 2844 6653 6.94427 156
158 0 4374 2852 6653 6.94427 157
159 0 4382 2860 6645 6 158
160 0 4382 2868 6625 3.65685 159
161 0 4382 2868 6617 3.65685 160
162 0 4382 2872 6613 3.65685 161
163 2 4382 2876 6595 8.76142 162
164 0 4370 2864 6581 6.94427 163
165 0 4358 2864 6569 6.94427 164
166 0 4350 2864 6561 3.65685 165
167 0 4346 2860 6561 2 166
168 0 4382 2896 6589 6 163
169 0 4382 2904 6581 6 168
170 0 4382 2912 6573 9.31371 169
171 0 4378 2920 6569 6 170
172 0 4366 2712 6605 30 17
173 0 4382 2712 6553 14 172
174 0 4390 2720 6537 6 173
175 0 4390 2728 6529 6 174
176 0 4386 2736 6521 9.31371 175
177 0 4374 2748 6501 6.94427 176
178 0 4366 2756 6493 10 177
179 0 4366 2764 6485 9.31371 178
180 0 4358 2780 6485 6.94427 179
181 0 4350 2788 6489 6.94427 180
182 0 4346 2796 6489 3.65685 181
183 0 4346 2800 6485 2 182
184 0 4346 2664 6577 12.4222 172
185 0 4338 2652 6577 12.4222 184
186 0 4334 2640 6577 3.65685 185
187 0 4334 2636 6577 2 186
188 0 4390 2692 6689 6 16
189 0 4390 2696 6697 6 188
190 0 4326 2632 6633 3.65685 13
191 0 4326 2632 6625 6 190
192 0 4314 2628 6609 6 191
193 0 4310 2632 6605 2 192
194 0 4310 2632 6601 2 193
