# Generated by NeuTu (https://github.com/janelia-flyem/NeuTu)
1 0 3929 2529 2157 2 -1
2 0 3929 2525 2157 3.65685 1
3 0 3933 2521 2161 2 2
4 0 3933 2517 2161 2 3
5 0 3909 2521 2157 2 2
6 0 3905 2509 2153 9.31371 5
7 0 3897 2493 2141 6.94427 6
8 0 3885.65 2477.24 2122.76 14.1946 7
9 0 3913 2481 2105 14.4924 8
10 0 3945 2477 2105 10 9
11 0 3977 2457 2101 14.9706 10
12 0 3997 2437 2097 10 11
13 0 4001 2417 2097 19.5407 12
14 0 4037 2397 2101 14 13
15 0 4057 2389 2097 10.6491 14
16 0 4097 2393 2085 18 15
17 0 4117 2389 2105 26 16
18 0 4129 2373 2129 18 17
19 0 4141 2357 2133 6 18
20 0 4153 2353 2145 6 19
21 0 4161 2357 2153 10 20
22 0 4185 2353 2165 9.31371 21
23 0 4209 2349 2153 9.31371 22
24 0 4245 2337 2161 12.4222 23
25 0 4273 2329 2161 10 24
26 0 4289 2329 2161 6 25
27 0 4305 2329 2161 6 26
28 0 4317 2329 2161 9.31371 27
29 0 4329 2321 2173 10.6491 28
30 0 4345 2305 2173 9.31371 29
31 0 4380.07 2295.64 2185.85 24.3706 30
32 0 4421 2321 2217 6 31
33 0 4421 2321 2233 6 32
34 0 4437 2313 2253 9.31371 33
35 0 4457 2305 2281 12.4222 34
36 0 4489 2285 2297 18 35
37 0 4517 2301 2301 23.2982 36
38 0 4561 2317 2289 10.6491 37
39 0 4585 2329 2269 12.4222 38
40 0 4601 2337 2253 12.4222 39
41 0 4621 2341 2241 22 40
42 0 4645 2353 2245 12.4222 41
43 0 4657 2373 2245 14.4924 42
44 0 4669 2389 2249 10 43
45 0 4689 2421 2257 12.4222 44
46 0 4713 2449 2261 10.6491 45
47 0 4725 2469 2261 9.31371 46
48 0 4741 2489 2265 9.31371 47
49 0 4757 2501 2269 6 48
50 0 4405 2285 2157 14 31
51 0 4425 2273 2149 6 50
52 0 4433 2273 2149 6 51
53 0 4441 2277 2149 2 52
54 0 4445 2277 2149 2 53
55 0 4133 2377 2073 15.8885 17
56 0 4149 2365 2073 6.94427 55
57 0 4165 2361 2081 6 56
58 0 3869 2465 2137 10.6491 8
59 0 3861 2469 2153 14 58
60 0 3845 2493 2173 6 59
61 0 3845 2509 2177 6 60
62 0 3849 2525 2193 6.94427 61
63 0 3853 2541 2197 6 62
64 0 3853 2549 2197 3.65685 63
65 0 3857 2553 2197 2 64
