# Generated by NeuTu (https://github.com/janelia-flyem/NeuTu)
1 0 4054 2854 6500 6 -1
2 0 4050 2846 6508 6 1
3 0 4046 2846 6524 6 2
4 0 4042 2842 6528 6 3
5 0 4038 2842 6544 6 4
6 0 4030 2846 6560 6.94427 5
7 0 4014 2850 6580 6.94427 6
8 0 4010 2846 6600 9.31371 7
9 0 4002 2834 6612 6.94427 8
10 0 4002 2834 6620 6.94427 9
11 0 3998 2818 6636 3.65685 10
12 0 3998 2810 6644 6 11
13 0 3998 2794 6648 6 12
14 0 3998 2778 6656 6 13
15 0 4002 2770 6656 6 14
16 0 4010 2762 6656 9.31371 15
17 0 4014 2746 6668 6 16
18 0 4018 2742 6672 3.65685 17
19 0 4026 2734 6684 6.94427 18
20 0 4034 2726 6692 6 19
21 0 4034 2718 6700 6 20
22 0 4042 2710 6708 9.31371 21
23 0 4046 2706 6716 6.94427 22
24 0 4058 2714 6720 2 23
