# Generated by NeuTu (https://github.com/janelia-flyem/NeuTu)
1 0 4132 2894 6502 2 -1
2 0 4136 2898 6502 3.65685 1
3 0 4136 2906 6510 6.94427 2
4 0 4132 2918 6522 9.31371 3
5 0 4136 2934 6534 6 4
6 0 4136 2942 6534 6 5
7 0 4136 2954 6534 10 6
8 0 4144 2986 6534 9.31371 7
9 2 4150.21 2994.28 6538.14 9.31371 8
10 0 4164 3010 6546 6.94427 9
11 0 4172 3026 6554 6.94427 10
12 0 4184 3038 6562 9.31371 11
13 0 4188 3046 6566 9.31371 12
14 0 4192 3050 6578 6 13
15 0 4204 3070 6598 18 14
16 0 4235.47 3071.91 6625.65 21.3152 15
17 0 4276 3082 6626 6.94427 16
18 0 4288 3082 6626 9.31371 17
19 0 4296 3090 6618 6.94427 18
20 0 4300 3094 6598 9.31371 19
21 0 4308 3094 6590 6 20
22 0 4316 3098 6566 9.31371 21
23 0 4332 3098 6546 9.31371 22
24 0 4336 3102 6534 10 23
25 0 4344 3110 6510 6 24
26 0 4344 3118 6494 6 25
27 0 4344 3118 6478 6 26
28 0 4348 3122 6466 9.31371 27
29 2 4361.23 3122 6446.15 9.76244 28
30 2 4370.67 3128.67 6435.33 9.42809 29
31 0 4380 3150 6418 10 30
32 0 4384 3166 6402 6 31
33 0 4384 3174 6394 6 32
34 0 4388 3178 6386 2 33
35 0 4388 3182 6382 2 34
36 0 4388 3186 6378 2 35
37 0 4388 3190 6374 2 36
38 0 4372 3106 6422 6 30
39 0 4380 3090 6406 6 38
40 0 4388 3090 6394 2 39
41 0 4352 3142 6442 6 29
42 0 4352 3158 6434 6.94427 41
43 0 4356 3170 6422 6 42
44 0 4348 3186 6406 6 43
45 0 4296 3078 6642 3.65685 18
46 0 4300 3070 6650 6.94427 45
47 0 4308 3070 6670 6.94427 46
48 0 4312 3058 6686 6 47
49 0 4312 3050 6690 6 48
50 0 4308 3042 6694 9.31371 49
51 0 4312 3034 6690 3.65685 50
52 0 4316 3030 6686 3.65685 51
53 0 4320 3030 6686 2 52
54 0 4324 3030 6686 2 53
55 0 4328 3030 6690 2 54
56 0 4208 3086 6646 10.6491 16
57 0 4192 3082 6658 6 56
58 0 4144 3006 6518 6 9
59 0 4144 3006 6510 6 58
60 0 4140 3010 6506 6 59
