# Generated by NeuTu (https://github.com/janelia-flyem/NeuTu)
1 0 4197 2881 6500 6.94427 -1
2 0 4189 2873 6508 6 1
3 0 4177 2865 6520 6 2
4 0 4169 2861 6528 6 3
5 0 4161 2861 6536 9.31371 4
6 0 4153 2857 6544 6 5
7 0 4145 2853 6544 6 6
8 0 4137 2849 6552 6 7
9 0 4121 2845 6564 10 8
10 0 4109 2837 6564 6 9
11 0 4089 2829 6564 6.94427 10
12 0 4077 2821 6564 6 11
13 0 4065 2809 6564 6 12
14 0 4049 2797 6568 6.94427 13
15 0 4037 2781 6572 6.94427 14
16 0 4029 2773 6576 6.94427 15
17 0 4021 2769 6584 3.65685 16
18 0 4017 2769 6584 2 17
