# Generated by NeuTu (https://github.com/janelia-flyem/NeuTu)
1 0 3933 2768 6716 2 -1
2 0 3933 2768 6712 2 1
3 0 3937 2768 6708 3.65685 2
4 0 3937 2764 6700 6 3
5 0 3937 2756 6692 3.65685 4
6 0 3933 2748 6684 9.31371 5
7 0 3925 2736 6664 14 6
8 0 3933 2740 6644 6 7
9 0 3937 2748 6632 6 8
10 0 3937 2764 6616 6.94427 9
11 0 3941 2784 6604 10 10
12 0 3949 2796 6596 6.94427 11
13 0 3957 2804 6592 9.31371 12
14 0 3961 2808 6584 6 13
15 0 3969 2808 6568 6.94427 14
16 0 3977 2804 6556 9.31371 15
17 0 3985 2808 6548 6 16
18 0 3989 2808 6540 6.94427 17
