# Generated by NeuTu (https://github.com/janelia-flyem/NeuTu)
1 0 4140 3195 6897 2 -1
2 0 4140 3195 6893 2 1
3 0 4140 3191 6885 6 2
4 0 4144 3187 6873 10 3
5 0 4140 3175 6853 12.4222 4
6 0 4136 3175 6837 14 5
7 0 4136 3175 6821 10 6
8 0 4136 3171 6797 10.6491 7
9 0 4148 3155 6781 14 8
10 0 4165.42 3112.04 6726.04 26.3273 9
11 2 4141.6 3091.96 6702.28 14.7439 10
12 0 4108 3087 6697 6.94427 11
13 0 4096 3091 6697 9.31371 12
14 0 4080 3087 6697 6 13
15 0 4068 3095 6701 6.94427 14
16 0 4060 3095 6701 6.94427 15
17 0 4044 3107 6697 6 16
18 0 4044 3123 6685 18 17
19 0 4068 3103 6653 19.5407 18
20 0 4080 3103 6637 12.4222 19
21 0 4096 3103 6637 6 20
22 0 4112 3107 6633 6.94427 21
23 0 4128 3103 6617 6 22
24 0 4144 3107 6613 9.31371 23
25 0 4152 3115 6609 6 24
26 0 4152 3123 6609 3.65685 25
27 0 4156 3127 6609 2 26
28 0 4044 3123 6645 14.4924 19
29 0 4016 3143 6653 14 28
30 0 3992 3151 6645 24.8328 29
31 0 3968 3127 6617 10 30
32 0 4028 3123 6625 10 28
33 0 4008 3123 6609 6 32
34 0 4020 3123 6705 12.4222 18
35 0 4020 3131 6729 10.6491 34
36 0 4012 3135 6741 6.94427 35
37 0 4008 3139 6753 9.31371 36
38 0 4004 3139 6769 6 37
39 0 4000 3147 6781 6.94427 38
40 0 3992 3151 6789 3.65685 39
41 0 3988 3151 6793 2 40
42 0 3984 3151 6793 2 41
43 0 4152 3099 6673 6 11
44 0 4160 3087 6665 6 43
45 0 4176 3147 6693 34 10
46 0 4180 3179 6645 18 45
47 0 4196 3187 6617 10 46
48 0 4204 3191 6605 6 47
49 0 4208 3191 6597 6 48
50 0 4212 3195 6589 2 49
51 0 4216 3195 6585 2 50
