# Generated by NeuTu (https://github.com/janelia-flyem/NeuTu)
1 0 3974 3129 6761 2 -1
2 0 3978 3129 6765 3.65685 1
3 0 3982 3133 6769 6 2
4 0 3986 3141 6781 6 3
5 0 3986 3141 6789 6 4
6 0 3986 3145 6797 3.65685 5
7 0 3990 3145 6817 9.31371 6
8 0 3990 3133 6837 3.65685 7
9 0 3986 3129 6841 6 8
10 0 3982 3121 6857 6 9
11 0 3982 3113 6865 6 10
12 0 3978 3109 6873 3.65685 11
13 0 3974 3105 6877 3.65685 12
14 0 3970 3101 6881 6 13
15 0 3958 3093 6893 6.94427 14
16 0 3946 3081 6897 6 15
17 0 3942 3077 6901 6 16
18 0 3946 3069 6905 6 17
19 0 3942 3061 6909 6 18
20 0 3938 3053 6913 3.65685 19
21 0 3934 3045 6913 6.94427 20
22 0 3926 3033 6913 6 21
23 0 3926 3025 6913 6 22
24 0 3922 3017 6917 3.65685 23
25 0 3922 3001 6917 6.94427 24
26 0 3914 2989 6913 6.94427 25
27 0 3910 2981 6913 6.94427 26
28 0 3906 2973 6913 3.65685 27
29 0 3898 2969 6913 6 28
30 0 3894 2973 6909 2 29
31 0 3894 2973 6905 2 30
