# Generated by NeuTu (https://github.com/janelia-flyem/NeuTu)
1 0 2040 2360 7201 6 -1
2 0 2032 2344 7197 9.31371 1
3 0 2024 2336 7197 6.94427 2
4 2 2013.82 2327.27 7197.73 10 3
5 0 2004 2324 7201 10 4
6 0 1980 2320 7189 6.94427 5
7 0 1968 2320 7181 6.94427 6
8 0 1960 2320 7173 6.94427 7
9 0 1948 2332 7169 6 8
10 0 1932 2336 7153 9.31371 9
11 0 1920 2340 7145 6 10
12 0 1908 2344 7137 6.94427 11
13 0 1900 2348 7133 9.31371 12
14 0 1888 2356 7117 2 13
15 0 1888 2356 7113 2 14
16 0 2020 2324 7213 6 4
17 0 2020 2324 7221 6 16
18 0 2032 2328 7229 6 17
19 0 2040 2332 7237 6 18
