# Generated by NeuTu (https://github.com/janelia-flyem/NeuTu)
1 0 1900 2490 7340 6 -1
2 0 1900 2494 7352 6 1
3 0 1900 2498 7372 6 2
4 0 1900 2502 7392 3.65685 3
5 0 1900 2502 7396 3.65685 4
6 0 1900 2502 7404 6 5
7 0 1900 2506 7420 6 6
8 0 1900 2506 7436 6 7
9 0 1900 2506 7452 6 8
10 2 1903.6 2513.21 7462.81 8.98529 9
11 0 1900 2518 7488 6.94427 10
12 0 1912 2518 7508 9.31371 11
13 0 1916 2510 7520 12.4222 12
14 0 1920 2502 7532 9.31371 13
15 0 1920 2494 7544 6.94427 14
16 0 1924 2490 7556 10 15
17 0 1916 2486 7580 6.94427 16
18 2 1916 2486 7600 9.31371 17
19 0 1920 2482 7628 12.4222 18
20 0 1919.33 2468.67 7641.33 6 19
21 0 1916 2462 7648 6 20
22 0 1916 2462 7660 6.94427 21
23 2 1927.8 2470 7695.4 17.8162 22
24 0 1928 2454 7716 14 23
25 0 1907.17 2432.76 7741.66 12.5854 24
26 0 1900 2422 7756 14 25
27 0 1896 2418 7784 9.31371 26
28 0 1896 2426 7792 6.94427 27
29 0 1900 2430 7808 6 28
30 0 1904 2430 7820 6 29
31 0 1901.89 2434.63 7841.89 13.2601 30
32 2 1910.74 2437.58 7850.74 9.807 31
33 0 1912 2446 7860 6.94427 32
34 0 1912 2454 7872 9.31371 33
35 0 1916 2454 7900 9.31371 34
36 0 1912 2450 7912 6 35
37 0 1908 2442 7920 6 36
38 0 1904 2434 7924 6 37
39 0 1904 2434 7940 6 38
40 0 1904 2446 7968 10 39
41 0 1901.43 2444.71 7983.86 9.77941 40
42 0 1896 2442 7992 9.31371 41
43 0 1892 2430 7996 6 42
44 0 1888 2422 7996 2 43
45 0 1888 2418 7996 2 44
46 0 1888 2414 7996 2 45
47 0 1888 2414 7988 2 46
48 0 1888 2414 7984 2 47
49 0 1888 2414 7980 2 48
50 0 1888 2414 7976 2 49
51 0 1888 2414 7972 2 50
52 0 1888 2414 7968 2 51
53 0 1888 2414 7964 2 52
54 0 1888 2414 7960 2 53
55 0 1888 2414 7956 2 54
56 0 1888 2414 7952 2 55
57 0 1888 2410 7948 2 56
58 0 1904 2462 7992 6 41
59 0 1908 2474 7992 9.31371 58
60 0 1916 2486 7988 6 59
61 0 1920 2498 7988 9.31371 60
62 0 1908 2518 7988 3.65685 61
63 0 1904 2522 7992 3.65685 62
64 0 1900 2522 7992 2 63
65 0 1904 2466 7972 6 40
66 0 1904 2474 7972 6 65
67 0 1916 2486 7964 6.94427 66
68 0 1924 2490 7956 6 67
69 2 1930.67 2486.67 7949.33 6 68
70 0 1944 2486 7940 6 69
71 0 1952 2486 7932 6.94427 70
72 0 1960 2482 7908 9.31371 71
73 0 1964 2482 7896 6 72
74 0 1964 2486 7880 6 73
75 0 1964 2494 7872 6 74
76 0 1920 2482 7944 6 69
77 0 1912 2486 7928 6 76
78 0 1912 2486 7920 2 77
79 0 1908 2490 7916 3.65685 78
80 0 1908 2490 7908 6 79
81 0 1908 2490 7900 3.65685 80
82 0 1912 2490 7896 3.65685 81
83 0 1916 2494 7896 2 82
84 0 1932 2498 7968 6.94427 67
85 0 1940 2502 7960 3.65685 84
86 0 1944 2502 7956 3.65685 85
87 0 1948 2506 7952 6 86
88 0 1952 2510 7948 6 87
89 0 1948 2518 7944 6.94427 88
90 0 1940 2522 7944 3.65685 89
91 0 1936 2526 7940 2 90
92 0 1936 2458 7896 6 35
93 0 1944 2458 7888 3.65685 92
94 0 1948 2454 7880 6 93
95 0 1956 2454 7872 6 94
96 0 1952 2450 7868 6 95
97 0 1964 2446 7848 6 96
98 0 1964 2446 7836 6 97
99 0 1968 2454 7828 3.65685 98
100 0 1968 2454 7824 3.65685 99
101 0 1972 2458 7820 6 100
102 0 1972 2470 7804 6 101
103 0 1964 2486 7800 6 102
104 0 1960 2490 7804 3.65685 103
105 0 1956 2490 7804 2 104
106 0 1924 2426 7836 6 32
107 0 1932 2426 7836 6 106
108 0 1940 2426 7828 3.65685 107
109 0 1948 2426 7824 6 108
110 2 1951.6 2426 7816.8 6 109
111 0 1956 2426 7808 6.94427 110
112 0 1964 2438 7796 6 111
113 0 1968 2446 7796 6 112
114 0 1972.86 2464.57 7778.29 10.4234 113
115 0 1977.63 2475.63 7768.73 14.0698 114
116 0 1984 2482 7756 12.4222 115
117 0 1988 2486 7736 18.3961 116
118 0 2000 2482 7716 9.31371 117
119 0 1972 2510 7760 9.31371 115
120 0 1972 2518 7752 6.94427 119
121 0 1976 2454 7760 6 114
122 0 1976 2438 7744 6 121
123 0 1964 2422 7748 6 122
124 0 1940 2414 7812 9.31371 110
125 0 1936 2410 7800 10.6491 124
126 0 1892 2460 7834 6 31
127 0 1896 2478 7816 6 126
128 0 1900 2486 7808 6 127
129 0 1900 2494 7800 6 128
130 2 1900 2510.12 7783.88 11.4175 129
131 0 1908 2514 7768 10 130
132 0 1916 2506 7744 6.94427 131
133 0 1924 2506 7736 6 132
134 0 1904 2530 7800 12.4222 130
135 0 1908 2546 7800 6 134
136 0 1892 2454 7816 6 126
137 0 1892 2458 7800 6 136
138 0 1892 2466 7792 3.65685 137
139 0 1892 2466 7784 3.65685 138
140 0 1896 2470 7780 3.65685 139
141 0 1900 2470 7776 2 140
142 0 1900 2470 7772 2 141
143 0 1892 2442 7776 6 28
144 0 1896 2454 7764 6 143
145 0 1896 2414 7712 10 25
146 2 1896 2414 7694 6.94427 145
147 0 1896 2414 7684 6 146
148 0 1896 2409.33 7663.33 9.31371 147
149 0 1900 2382 7640 9.31371 148
150 2 1910.8 2374 7623.6 9.31371 149
151 0 1924 2374 7608 12.4222 150
152 0 1928 2386 7596 6.94427 151
153 0 1928 2394 7588 6 152
154 0 1908 2338 7624 10 150
155 0 1916 2322 7612 3.65685 154
156 0 1920 2318 7612 2 155
157 0 1896 2422 7644 9.31371 148
158 0 1900 2426 7636 6 157
159 0 1904 2430 7620 6 158
160 0 1908 2426 7604 6 159
161 0 1892 2398 7688 6 146
162 0 1892 2386 7676 6 161
163 0 1896 2382 7672 6 162
164 0 1900 2378 7668 3.65685 163
165 0 1904 2374 7664 3.65685 164
166 0 1908 2370 7660 2 165
167 0 1912 2366 7660 2 166
168 0 1952 2474 7676 10.6491 23
169 2 1969.33 2480.67 7669.33 9.31371 168
170 0 1988 2482 7668 6 169
171 0 2004 2486 7664 10.6491 170
172 0 2028 2490 7660 10 171
173 0 2040 2490 7648 9.31371 172
174 0 2040 2510 7632 10 173
175 0 2064 2538 7628 14.9706 174
176 0 2088 2550 7612 14.9706 175
177 0 2104 2546 7608 10.6491 176
178 0 2120 2546 7608 2 177
179 0 1976 2462 7656 6 169
180 0 1988 2466 7644 6 179
181 0 1996 2470 7636 6 180
182 0 2004 2474 7632 9.31371 181
183 0 2016 2490 7624 6.94427 182
184 0 2016 2498 7624 6 183
185 0 2012 2502 7620 3.65685 184
186 0 2008 2502 7620 2 185
187 0 1948 2490 7696 6.94427 23
188 0 1964 2494 7696 6 187
189 0 1984 2494 7696 14 188
190 0 2000 2490 7692 6.94427 189
191 0 2008 2490 7688 6 190
192 0 1908 2462 7632 9.31371 20
193 0 1908 2466 7620 6.94427 192
194 0 1908 2458 7608 6 193
195 0 1908 2450 7600 6 194
196 0 1908 2446 7588 2 195
197 0 1908 2446 7584 3.65685 196
198 0 1908 2442 7580 2 197
199 0 1948 2494 7628 10 19
200 0 1968 2498 7628 10.6491 199
201 0 1992 2530 7620 12.4222 200
202 0 2012 2538 7620 18 201
203 0 2020 2562 7608 6.94427 202
204 0 2028 2570 7604 6 203
205 0 2036 2578 7600 2 204
206 0 1952 2498 7612 6 199
207 0 1952 2502 7604 3.65685 206
208 0 1952 2510 7596 3.65685 207
209 0 1952 2514 7592 3.65685 208
210 0 1956 2518 7588 2 209
211 0 1912 2470 7588 6 18
212 0 1912 2454 7572 6 211
213 0 1912 2446 7564 6 212
214 0 1928 2518 7536 6 14
215 0 1932 2530 7536 9.31371 214
216 0 1940 2538 7544 9.31371 215
217 0 1936 2550 7556 3.65685 216
218 0 1936 2554 7556 3.65685 217
219 0 1932 2558 7556 2 218
220 0 1896 2526 7452 6.94427 10
221 0 1892 2526 7444 3.65685 220
222 0 1892 2526 7436 3.65685 221
223 0 1892 2526 7428 3.65685 222
224 0 1892 2526 7424 3.65685 223
225 0 1892 2534 7416 6 224
