# Generated by NeuTu (https://github.com/janelia-flyem/NeuTu)
1 0 2122 2447 7497 2 -1
2 0 2118 2447 7497 3.65685 1
3 0 2110 2443 7489 6 2
4 0 2094 2443 7473 6 3
5 0 2078 2443 7457 6 4
6 0 2062 2443 7453 6 5
7 0 2054 2443 7453 6 6
8 0 2050 2439 7449 6 7
9 0 2046 2435 7445 3.65685 8
10 0 2038 2435 7441 6.94427 9
11 2 2024.29 2441.86 7437.57 8.97522 10
12 0 2014 2455 7437 6.94427 11
13 0 2006 2475 7441 6 12
14 0 2002 2479 7437 6 13
15 0 1998 2495 7437 6 14
16 0 1994 2515 7441 6.94427 15
17 0 1982 2531 7445 6.94427 16
18 0 1978 2543 7449 9.31371 17
19 0 1970 2551 7453 6 18
20 0 1958 2563 7453 6.94427 19
21 0 1950 2563 7453 3.65685 20
22 0 1946 2563 7449 2 21
23 0 2022 2431 7421 3.65685 11
24 0 2022 2431 7417 3.65685 23
25 0 2018 2427 7413 3.65685 24
26 0 2014 2423 7405 6.94427 25
27 0 2002 2423 7393 6 26
28 0 1990 2427 7385 10 27
29 0 1974 2419 7373 6 28
