# Generated by NeuTu (https://github.com/janelia-flyem/NeuTu)
1 0 2087 2284 7396 2 -1
2 0 2083 2288 7400 3.65685 1
3 0 2083 2296 7400 6.94427 2
4 0 2091 2304 7408 10 3
5 0 2111 2316 7420 6.94427 4
6 0 2127 2324 7432 6 5
7 0 2135 2324 7432 6 6
8 0 2151 2324 7448 6 7
9 0 2163 2320 7456 6 8
10 0 2171 2316 7464 6.94427 9
11 0 2179 2316 7472 3.65685 10
12 0 2183 2316 7476 3.65685 11
13 0 2187 2312 7480 6 12
14 0 2195 2312 7488 6 13
15 0 2203 2308 7496 3.65685 14
16 0 2203 2304 7496 2 15
17 0 2203 2300 7496 3.65685 16
18 0 2207 2292 7496 3.65685 17
19 0 2207 2288 7496 2 18
