# Generated by NeuTu (https://github.com/janelia-flyem/NeuTu)
1 0 3656 2348 2313 6 -1
2 0 3660 2352 2309 6 1
3 0 3668 2352 2301 3.65685 2
4 0 3672 2348 2297 6 3
5 0 3680 2344 2289 6 4
6 0 3696 2344 2273 6.94427 5
7 0 3700 2344 2265 6 6
8 0 3704 2348 2261 2 7
9 0 3704 2348 2257 2 8
10 0 3708 2348 2245 6 9
11 0 3716 2352 2229 6 10
12 0 3724 2360 2221 6 11
13 0 3732 2368 2209 3.65685 12
14 0 3732 2372 2205 3.65685 13
15 0 3736 2376 2201 3.65685 14
16 0 3736 2376 2197 3.65685 15
17 0 3736 2376 2189 6 16
18 0 3740 2372 2173 6 17
19 0 3740 2372 2165 6 18
20 0 3736 2368 2157 3.65685 19
21 0 3736 2368 2149 3.65685 20
22 0 3732 2364 2141 6 21
23 0 3724 2356 2125 6 22
24 0 3716 2352 2117 6 23
25 0 3712 2348 2113 6 24
