# Generated by NeuTu (https://github.com/janelia-flyem/NeuTu)
1 0 2060 2776 7496 2 -1
2 0 2060 2780 7492 3.65685 1
3 0 2056 2784 7488 6 2
4 0 2052 2780 7484 6 3
5 0 2044 2784 7480 6 4
6 0 2040 2788 7476 3.65685 5
7 0 2040 2788 7472 3.65685 6
8 0 2036 2792 7468 6 7
9 0 2028 2796 7452 6 8
10 0 2024 2800 7448 3.65685 9
11 0 2016 2804 7436 10 10
12 2 2005.75 2821.93 7418.07 23.4377 11
13 2 2001.12 2830.04 7409.96 29.5122 12
14 2 1995.48 2830.06 7406.71 29.4266 13
15 2 1974.94 2821.26 7400.84 22.3367 14
16 2 1961.13 2798.27 7396.38 15.1382 15
17 0 1968 2768 7416 6.94427 16
18 2 1971.2 2760 7426.4 8.83982 17
19 0 1964 2760 7444 6.94427 18
20 0 1964 2760 7460 6.94427 19
21 0 1960 2760 7480 10 20
22 2 1963.6 2767.2 7498 13.6 21
23 0 1960 2792 7528 10 22
24 0 1968 2804 7540 14 23
25 0 1988 2812 7548 14.9706 24
26 0 2004 2828 7568 9.31371 25
27 2 2016.8 2828 7574.4 10.382 26
28 0 2028 2824 7584 6.94427 27
29 0 2044 2832 7600 12.4222 28
30 0 2044 2852 7620 6 29
31 0 2048 2856 7624 2 30
32 0 2048 2860 7624 2 31
33 0 2000 2848 7576 6.94427 27
34 0 1992 2856 7580 10 33
35 0 1980 2856 7592 6 34
36 0 1972 2852 7592 2 35
37 0 1968 2852 7592 2 36
38 0 1964 2740 7500 14 22
39 0 1956 2728 7504 9.31371 38
40 0 1944 2716 7516 9.31371 39
41 0 1924 2704 7524 9.31371 40
42 0 1916 2700 7520 6 41
43 0 1988 2720 7488 14.9706 38
44 0 2004 2720 7496 10 43
45 0 2020 2720 7496 2 44
46 0 1976 2740 7420 6.94427 18
47 0 1972 2732 7412 6 46
48 0 1968 2728 7408 3.65685 47
49 0 1964 2724 7404 6 48
50 0 1960 2712 7404 3.65685 49
51 0 1956 2708 7404 3.65685 50
52 0 1952 2704 7400 3.65685 51
53 0 1952 2700 7396 2 52
54 0 1968 2716 7420 6.94427 47
55 0 1964 2708 7420 6.94427 54
56 0 1956 2700 7424 3.65685 55
57 0 1952 2696 7428 2 56
58 0 1940 2808 7360 14 16
59 0 1948 2800 7348 6.94427 58
60 0 1944 2792 7324 9.31371 59
61 0 1944 2792 7312 6 60
62 0 1944 2792 7304 6 61
63 0 1944 2784 7296 6.94427 62
64 0 1956 2772 7288 6 63
65 0 1964 2768 7288 3.65685 64
66 0 1968 2764 7288 3.65685 65
67 0 1972 2760 7292 2 66
68 0 1912 2812 7344 12.4222 58
69 0 1908 2808 7332 10 68
70 0 1960 2844 7416 15.8885 15
71 0 1944 2836 7420 9.31371 70
72 0 1932 2828 7428 12.4222 71
73 0 1908 2816 7436 6.94427 72
74 0 1984 2880 7412 10 14
75 0 1988 2892 7416 6 74
76 2 2028.66 2809.23 7390.07 20.1828 13
77 0 2060 2804 7372 12.4222 76
78 0 2072 2800 7360 9.31371 77
79 0 2060 2832 7396 14.4924 76
80 0 2032 2832 7428 10.6491 12
81 0 2060 2852 7440 9.31371 80
82 0 2068 2856 7444 3.65685 81
83 0 2072 2856 7448 2 82
