# Generated by NeuTu (https://github.com/janelia-flyem/NeuTu)
1 0 3896 2277 2149 6 -1
2 0 3892 2285 2149 3.65685 1
3 0 3892 2293 2149 6 2
4 0 3900 2305 2149 2 3
5 0 3900 2309 2149 3.65685 4
6 0 3904 2317 2141 9.31371 5
7 2 3922.91 2335.91 2140.27 16.5455 6
8 0 3940 2361 2141 6 7
9 0 3940 2369 2141 6.94427 8
10 0 3948 2377 2145 3.65685 9
11 0 3956 2381 2149 9.31371 10
12 0 3976 2377 2165 6 11
13 0 3992 2377 2173 6 12
14 0 4012 2373 2177 6 13
15 0 4028 2373 2185 6 14
16 0 4036 2373 2189 6 15
17 0 4044 2365 2193 6.94427 16
18 0 4048 2357 2189 3.65685 17
19 0 4052 2353 2185 3.65685 18
20 0 4056 2349 2185 2 19
21 0 4060 2345 2185 2 20
22 0 3924 2337 2177 6 7
23 0 3920 2345 2185 6 22
