# Generated by NeuTu (https://github.com/janelia-flyem/NeuTu)
1 0 2033 2799 7289 2 -1
2 0 2037 2795 7289 3.65685 1
3 0 2049 2795 7297 10.6491 2
4 0 2061 2803 7297 10.6491 3
5 0 2073 2811 7297 6.94427 4
6 0 2085 2819 7297 6.94427 5
7 0 2105 2823 7297 6.94427 6
8 0 2125 2827 7305 9.31371 7
9 0 2141 2823 7313 6 8
10 0 2145 2819 7317 6 9
11 0 2149 2815 7321 3.65685 10
12 0 2153 2811 7325 3.65685 11
13 0 2161 2807 7333 6 12
14 0 2177 2807 7345 6 13
15 0 2189 2807 7353 6.94427 14
16 0 2209 2799 7357 6 15
17 0 2213 2795 7361 6 16
18 0 2213 2795 7377 6 17
