# Generated by NeuTu (https://github.com/janelia-flyem/NeuTu)
1 0 2184 2981 7404 6 -1
2 0 2192 2965 7412 10 1
3 0 2204 2961 7416 6 2
4 0 2220 2945 7424 6.94427 3
5 0 2228 2937 7428 6.94427 4
6 0 2251.69 2925 7445.13 12.9886 5
7 0 2276 2929 7448 6.94427 6
8 0 2284 2933 7452 6 7
9 0 2288 2941 7460 6 8
10 0 2288 2949 7464 6 9
11 0 2296 2957 7468 6 10
12 0 2312 2953 7472 6.94427 11
13 0 2320 2945 7472 6.94427 12
14 0 2320 2937 7468 6 13
15 0 2248 2905 7456 10 6
16 0 2248 2893 7456 10.6491 15
17 0 2264 2877 7472 10 16
18 0 2268 2877 7484 6.94427 17
19 0 2276 2877 7496 9.31371 18
