# Generated by NeuTu (https://github.com/janelia-flyem/NeuTu)
1 0 2375 3198 7424 2 -1
2 0 2371 3194 7420 2 1
3 0 2367 3194 7420 2 2
4 0 2363 3194 7420 2 3
5 0 2359 3194 7420 3.65685 4
6 0 2355 3186 7420 6 5
7 0 2355 3166 7420 6 6
8 0 2355 3150 7420 6 7
9 0 2355 3138 7420 10 8
10 0 2355 3118 7416 6 9
11 0 2355 3098 7416 6 10
12 0 2355 3082 7416 6 11
13 0 2347 3066 7416 6.94427 12
14 0 2335 3050 7412 6.94427 13
15 0 2327 3038 7408 9.31371 14
16 0 2327 3026 7408 6.94427 15
17 0 2331 3018 7412 2 16
18 0 2331 3014 7412 2 17
