# Generated by NeuTu (https://github.com/janelia-flyem/NeuTu)
1 0 1888 2099 7645 2 -1
2 0 1888 2103 7645 2 1
3 0 1888 2107 7645 2 2
4 0 1892 2115 7653 6 3
5 0 1904 2127 7677 14.4924 4
6 0 1944 2143 7701 18 5
7 0 2000 2159 7721 34.8782 6
8 0 2064 2195 7737 20.6274 7
9 0 2104 2223 7741 12.4222 8
10 2 2124.53 2243.53 7734.16 20.0354 9
11 0 2165.26 2275.76 7731.25 22.3047 10
12 0 2196 2323 7725 18 11
13 0 2208 2371 7729 18 12
14 0 2204 2407 7721 14 13
15 0 2208 2423 7709 10 14
16 2 2210.43 2442.29 7692.14 13.3802 15
17 0 2220 2459 7677 18 16
18 0 2240 2527 7673 26.2843 17
19 0 2248 2567 7673 34.8782 18
20 0 2305.61 2721.45 7630.87 33.7152 19
21 0 2312 2767 7633 18 20
22 0 2324.38 2829.26 7619.49 24.4361 21
23 0 2320.69 2860.75 7600.13 19.0268 22
24 2 2285.97 2895.84 7586.19 24.5963 23
25 0 2280 3031 7553 26.2843 24
26 0 2280 3091 7533 26 25
27 0 2272 3151 7533 23.2982 26
28 0 2264 3211 7533 18.3961 27
29 0 2268 3271 7525 30.249 28
30 0 2276 3343 7517 30 29
31 0 2268 3399 7505 26.2843 30
32 0 2228 3467 7473 23.2982 31
33 0 2196 3527 7457 23.2982 32
34 0 2168 3587 7441 22.3311 33
35 0 2152 3627 7417 19.5407 34
36 0 2136 3671 7385 19.5407 35
37 0 2124 3707 7365 18 36
38 0 2108 3751 7345 18.3961 37
39 0 2092 3799 7329 18.3961 38
40 0 2084 3859 7301 26 39
41 0 2076 3935 7257 24.8328 40
42 0 2040 4007 7233 29.241 41
43 0 2020 4063 7225 20.6274 42
44 0 1996 4103 7225 18 43
45 0 1972 4139 7217 18 44
46 0 1960 4179 7213 18 45
47 0 1944 4195 7205 6 46
48 0 2284 2863 7601 14 24
49 0 2276 2839 7625 18 48
50 0 2272 2815 7637 12.4222 49
51 0 2356 2839 7573 15.8885 23
52 0 2368 2803 7557 12.4222 51
53 0 2364 2791 7549 9.31371 52
54 0 2348 2807 7593 15.8885 22
55 0 2348 2791 7593 14 54
56 0 2348 2747 7581 23.6125 55
57 0 2348 2723 7577 6 56
58 0 2352 2719 7573 3.65685 57
59 0 2348 2715 7569 2 58
60 0 2284 2747 7657 30 21
61 0 2360 2719 7597 14.4924 20
62 0 2376 2719 7589 6.94427 61
63 0 2384 2731 7585 2 62
64 0 2216 2415 7693 10 16
65 0 2216 2391 7697 10.6491 64
66 0 2152 2263 7709 18 11
67 0 2132 2263 7689 21.3238 66
68 0 2116 2275 7681 12.4222 67
69 0 2112 2279 7669 3.65685 68
70 0 2112 2279 7665 3.65685 69
71 0 2108 2283 7661 2 70
72 0 2112 2223 7725 12.4222 10
73 0 2096 2211 7713 10.6491 72
74 0 2096 2203 7701 6 73
75 0 2000 2243 7537 2 -1
76 0 2004 2243 7537 2 75
