# Generated by NeuTu (https://github.com/janelia-flyem/NeuTu)
1 0 2138 4194 7267 6 -1
2 0 2158 4182 7267 18 1
3 0 2178 4162 7279 24.8328 2
4 0 2210 4102 7279 23.6125 3
5 0 2238 4050 7279 30.249 4
6 0 2266 3986 7303 37.3954 5
7 0 2282 3894 7359 54.5685 6
8 0 2306 3790 7407 34.8782 7
9 0 2314 3726 7427 30 8
10 0 2326 3662 7447 26 9
11 0 2342 3586 7471 23.2982 10
12 0 2354 3542 7475 20.6274 11
13 0 2366 3486 7495 24.8328 12
14 0 2378 3418 7531 41.0813 13
15 0 2397.05 3318.76 7576.52 37.051 14
16 0 2405.35 3280.58 7587.39 32.8642 15
17 2 2417.03 3214.86 7616.09 22.3153 16
18 0 2446 3110 7655 26.2843 17
19 0 2462 3042 7683 23.2982 18
20 0 2482 2982 7695 21.3238 19
21 0 2498 2934 7703 23.2982 20
22 0 2522 2858 7711 38.7922 21
23 0 2546 2762 7719 44.8188 22
24 0 2562 2646 7739 30 23
25 0 2574 2590 7755 22 24
26 0 2600.8 2503 7784.4 26.431 25
27 0 2638 2382 7795 34 26
28 0 2658 2286 7791 30.249 27
29 0 2670 2194 7783 38 28
30 0 2686 2098 7779 38 29
31 0 2706 2010 7795 34.8782 30
32 0 2722 1978 7807 28.4631 31
33 0 2758 1954 7819 3.65685 32
34 0 2762 1950 7823 2 33
35 0 2582 2502 7755 19.5407 26
36 0 2586 2522 7743 10.6491 35
37 0 2598 2518 7731 3.65685 36
38 0 2602 2518 7731 2 37
39 0 2406 3230 7555 18 17
40 0 2402 3238 7539 14 39
41 0 2390 3230 7527 2 40
42 0 2390 3226 7527 2 41
43 0 2398 3274 7527 10 16
44 0 2394 3274 7511 6 43
45 0 2394 3266 7507 6 44
46 0 2398 3254 7503 9.31371 45
47 0 2390 3242 7507 2 46
48 0 2390 3238 7507 2 47
49 0 2390 3234 7507 2 48
50 0 2398 3318 7535 10 15
51 0 2394 3318 7523 6 50
52 0 2394 3318 7507 6 51
53 0 2394 3326 7503 6 52
