# Generated by NeuTu (https://github.com/janelia-flyem/NeuTu)
1 0 3686 2380 2316 6 -1
2 0 3670 2380 2312 12.4222 1
3 0 3658 2384 2312 10.6491 2
4 0 3634 2392 2304 14 3
5 0 3614 2400 2284 6 4
6 0 3606 2396 2276 6 5
7 0 3606 2408 2256 9.31371 6
8 2 3598.6 2415.4 2244.91 13.6459 7
9 0 3594 2432 2204 9.31371 8
10 0 3602 2440 2196 12.4222 9
11 0 3622 2440 2180 10 10
12 0 3630 2432 2176 6.94427 11
13 0 3638 2428 2188 6.94427 12
14 0 3638 2432 2200 10.6491 13
15 0 3638 2440 2212 6.94427 14
16 0 3642 2444 2228 6.94427 15
17 0 3642 2448 2236 3.65685 16
18 0 3642 2448 2244 6 17
19 0 3582 2416 2192 10 9
20 0 3578 2404 2188 9.31371 19
21 0 3586 2388 2196 6 20
22 0 3586 2372 2208 6 21
23 0 3586 2364 2208 6 22
24 0 3590 2356 2204 2 23
25 0 3594 2352 2200 2 24
26 0 3586 2388 2240 9.31371 8
27 0 3582 2372 2228 6.94427 26
28 0 3582 2360 2224 10 27
29 0 3582 2344 2220 6 28
30 0 3586 2336 2212 2 29
31 0 3586 2336 2208 2 30
32 0 3598 2376 2288 6.94427 6
33 0 3578 2352 2304 14.4924 32
34 0 3578 2336 2324 9.31371 33
35 0 3586 2340 2332 3.65685 34
36 0 3586 2340 2336 3.65685 35
37 0 3590 2344 2340 2 36
