# Generated by NeuTu (https://github.com/janelia-flyem/NeuTu)
1 0 3917 2680 2296 6 -1
2 0 3925 2688 2288 6.94427 1
3 0 3933 2688 2284 6 2
4 0 3941 2696 2280 6 3
5 0 3945 2704 2272 6 4
6 0 3945 2716 2268 6 5
7 0 3945 2724 2260 6 6
8 0 3945 2728 2252 3.65685 7
9 0 3949 2732 2244 6 8
10 0 3953 2736 2236 3.65685 9
11 0 3953 2740 2228 3.65685 10
12 0 3953 2740 2220 3.65685 11
13 0 3953 2740 2216 3.65685 12
14 0 3957 2744 2212 6 13
15 0 3957 2748 2200 6 14
16 0 3965 2756 2188 6 15
17 0 3973 2756 2180 6 16
