# Generated by NeuTu (https://github.com/janelia-flyem/NeuTu)
1 0 2444 1939 7124 6 -1
2 0 2436 1939 7116 10 1
3 0 2416 1927 7124 6 2
4 0 2404 1923 7128 6.94427 3
5 0 2392 1939 7144 6 4
6 0 2392 1947 7152 6 5
7 0 2392 1955 7156 2 6
8 0 2392 1959 7160 2 7
9 0 2392 1963 7164 2 8
10 0 2392 1971 7168 6 9
11 0 2396 1975 7172 3.65685 10
12 0 2400 1983 7176 6.94427 11
13 0 2400 1995 7188 6.94427 12
14 0 2408 2011 7204 6.94427 13
15 0 2412 2023 7208 6 14
16 0 2416 2027 7212 2 15
17 0 2420 2027 7212 2 16
