# Generated by NeuTu (https://github.com/janelia-flyem/NeuTu)
1 0 2774 1958 7162 2 -1
2 0 2774 1970 7162 6.94427 1
3 0 2782 1990 7166 9.31371 2
4 0 2782 2006 7166 6 3
5 0 2786 2022 7166 6 4
6 0 2790 2030 7166 6 5
7 0 2798 2046 7162 10 6
8 0 2806 2058 7162 12.4222 7
9 0 2806 2070 7154 9.31371 8
10 0 2814 2086 7158 6 9
11 0 2818 2094 7158 6.94427 10
12 0 2830 2102 7166 9.31371 11
13 0 2850 2114 7182 9.31371 12
14 0 2858 2126 7190 6.94427 13
15 0 2870 2142 7190 6.94427 14
16 0 2882 2158 7190 6 15
17 0 2886 2166 7186 2 16
18 0 2886 2170 7186 2 17
19 0 2886 2174 7186 2 18
20 0 2826 2054 7174 6.94427 8
21 0 2846 2054 7190 6 20
22 0 2862 2054 7194 6 21
23 0 2878 2054 7210 6 22
24 0 2882 2058 7214 6 23
25 0 2886 2062 7218 2 24
26 0 2886 2062 7222 2 25
27 0 2886 2062 7226 2 26
