# Generated by NeuTu (https://github.com/janelia-flyem/NeuTu)
1 0 2952 2176 7063 6 -1
2 0 2952 2168 7071 6 1
3 0 2948 2164 7083 6 2
4 0 2948 2164 7091 6 3
5 0 2940 2172 7103 6 4
6 0 2940 2172 7111 6 5
7 0 2932 2176 7119 6 6
8 0 2920 2176 7135 6 7
9 0 2912 2172 7143 6 8
10 0 2900 2176 7155 6 9
11 0 2884 2164 7167 6.94427 10
12 0 2868 2152 7179 6.94427 11
13 0 2860 2136 7179 6 12
14 0 2860 2128 7179 6 13
15 0 2852 2120 7171 6 14
16 0 2844 2112 7167 6.94427 15
17 0 2836 2112 7159 3.65685 16
18 0 2832 2108 7155 6 17
19 0 2816 2104 7139 6.94427 18
