# Generated by NeuTu (https://github.com/janelia-flyem/NeuTu)
1 0 2544 2197 7390 2 -1
2 0 2548 2197 7394 2 1
3 0 2552 2189 7402 6.94427 2
4 0 2560 2177 7410 6.94427 3
5 0 2568 2169 7418 6.94427 4
6 0 2580 2161 7418 6.94427 5
7 0 2592 2153 7422 6.94427 6
8 0 2600 2145 7422 3.65685 7
9 0 2604 2137 7422 6.94427 8
10 0 2616 2121 7430 9.31371 9
11 0 2628 2109 7442 3.65685 10
12 0 2632 2109 7450 6 11
13 0 2640 2101 7458 6 12
14 0 2648 2093 7462 6.94427 13
15 0 2660 2089 7474 6.94427 14
16 0 2676 2077 7478 6 15
