# Generated by NeuTu (https://github.com/janelia-flyem/NeuTu)
1 0 2757 2464 7491 2 -1
2 0 2753 2468 7491 3.65685 1
3 0 2745 2476 7491 6.94427 2
4 0 2737 2496 7491 10 3
5 0 2737 2508 7491 6 4
6 0 2737 2524 7491 6 5
7 0 2737 2532 7491 6 6
8 0 2733 2540 7491 3.65685 7
9 0 2733 2560 7487 9.31371 8
10 0 2733 2568 7475 9.31371 9
11 0 2729 2576 7467 6 10
12 0 2729 2576 7459 6 11
13 0 2733 2584 7451 6 12
14 0 2737 2588 7447 3.65685 13
15 0 2745 2596 7439 6.94427 14
16 0 2757 2604 7431 6.94427 15
17 0 2769 2608 7415 3.65685 16
18 0 2773 2608 7403 6 17
19 0 2781 2604 7395 3.65685 18
20 0 2785 2604 7387 6 19
21 0 2797 2608 7375 6.94427 20
22 0 2813 2620 7367 6 21
23 0 2817 2624 7363 3.65685 22
24 0 2821 2632 7363 3.65685 23
25 0 2821 2640 7363 6 24
26 0 2825 2644 7359 6 25
27 0 2825 2660 7363 6 26
28 0 2821 2664 7367 3.65685 27
29 0 2817 2664 7371 3.65685 28
30 0 2813 2668 7375 2 29
31 0 2813 2668 7379 2 30
