# Generated by NeuTu (https://github.com/janelia-flyem/NeuTu)
1 0 3736 2623 2204 2 -1
2 0 3732 2627 2208 2 1
3 0 3728 2631 2208 2 2
4 0 3728 2635 2212 2 3
5 0 3728 2635 2216 2 4
6 0 3732 2631 2220 3.65685 5
7 0 3736 2623 2224 6.94427 6
8 0 3748 2607 2224 6.94427 7
9 0 3764 2607 2228 6 8
10 0 3772 2607 2228 6 9
11 0 3780 2599 2224 6.94427 10
12 0 3756 2611 2212 2 8
13 0 3760 2615 2212 2 12
14 0 3764 2619 2212 2 13
15 0 3768 2619 2212 2 14
16 0 3756 2611 2200 2 12
17 0 3752 2607 2200 2 16
18 0 3752 2603 2200 2 17
19 0 3752 2599 2200 2 18
20 0 3760 2615 2200 2 16
21 0 3764 2611 2200 2 20
