# Generated by NeuTu (https://github.com/janelia-flyem/NeuTu)
1 0 2551 2522 7323 6 -1
2 0 2555 2518 7319 6 1
3 0 2563 2510 7319 3.65685 2
4 0 2571 2502 7323 6.94427 3
5 0 2583 2494 7335 6 4
6 0 2595 2486 7351 6.94427 5
7 0 2607 2478 7351 6.94427 6
8 0 2619 2474 7347 10 7
9 0 2627 2478 7339 6.94427 8
10 0 2643 2490 7339 6 9
11 0 2655 2498 7327 6 10
12 0 2663 2502 7315 6.94427 11
13 0 2671 2510 7307 6 12
14 0 2679 2514 7295 6 13
15 0 2687 2522 7287 6.94427 14
16 0 2699 2530 7271 9.31371 15
17 0 2719 2534 7255 6 16
18 0 2735 2530 7243 6 17
19 0 2751 2522 7235 6 18
20 0 2767 2522 7231 6.94427 19
21 0 2783 2526 7219 6 20
22 0 2799 2530 7215 6 21
23 0 2815 2522 7203 6 22
24 0 2819 2514 7195 6 23
25 0 2827 2510 7179 6 24
26 0 2831 2502 7159 6 25
27 0 2831 2490 7147 6.94427 26
28 0 2831 2482 7139 6 27
29 0 2831 2466 7139 6 28
30 0 2835 2450 7135 6 29
31 0 2839 2438 7135 6 30
32 0 2847 2422 7127 6 31
33 0 2851 2414 7119 6.94427 32
34 0 2851 2406 7119 6 33
