# Generated by NeuTu (https://github.com/janelia-flyem/NeuTu)
1 0 2874 2485 7284 2 -1
2 0 2870 2489 7288 3.65685 1
3 0 2870 2493 7292 3.65685 2
4 0 2870 2501 7300 6 3
5 0 2870 2517 7304 6 4
6 0 2866 2525 7304 6 5
7 0 2874 2537 7316 6.94427 6
8 0 2882 2545 7320 6.94427 7
9 0 2894 2557 7316 9.31371 8
10 0 2906 2557 7316 6 9
11 0 2918 2557 7316 9.31371 10
12 2 2935 2549 7325 9.74264 11
13 0 2942 2549 7340 6.94427 12
14 0 2954 2545 7352 6.94427 13
15 0 2970 2537 7368 6.94427 14
16 0 2982.42 2538.26 7373.26 11.4995 15
17 0 2986 2549 7384 3.65685 16
18 0 2986 2553 7388 3.65685 17
19 0 2986 2557 7392 2 18
20 0 2986 2557 7400 6 19
21 0 2982 2561 7404 6 20
22 0 2982 2561 7412 3.65685 21
23 0 2974 2561 7428 6.94427 22
24 0 2994 2525 7380 6.94427 16
25 0 3010 2513 7384 9.31371 24
26 0 3022 2509 7392 6 25
27 0 2942 2537 7308 6.94427 12
28 0 2946 2525 7296 6 27
29 0 2946 2521 7288 6 28
