# Generated by NeuTu (https://github.com/janelia-flyem/NeuTu)
1 0 2656 3343 7289 6 -1
2 0 2640 3343 7285 6 1
3 0 2620 3343 7277 9.31371 2
4 0 2612 3339 7269 6 3
5 0 2608 3327 7253 6 4
6 0 2604 3315 7241 6 5
7 0 2596 3307 7233 6 6
8 0 2588 3311 7217 6 7
9 0 2588 3323 7201 6 8
10 0 2588 3331 7193 10 9
11 0 2588 3335 7165 6 10
12 0 2588 3339 7157 6 11
13 0 2596 3339 7149 3.65685 12
14 0 2596 3339 7141 3.65685 13
15 0 2596 3335 7133 6 14
16 0 2604 3327 7121 6.94427 15
17 0 2608 3319 7109 6.94427 16
18 0 2608 3319 7101 6.94427 17
19 0 2616 3319 7093 6 18
20 0 2616 3323 7081 6 19
21 0 2616 3327 7073 6 20
22 0 2612 3331 7065 3.65685 21
23 0 2608 3335 7061 3.65685 22
24 0 2608 3335 7057 3.65685 23
25 0 2608 3335 7049 6 24
26 0 2608 3335 7041 3.65685 25
27 0 2608 3331 7037 3.65685 26
28 0 2604 3327 7033 6 27
29 0 2600 3319 7025 6.94427 28
30 0 2588 3299 7025 6.94427 29
31 0 2580 3291 7025 6.94427 30
32 0 2576 3275 7025 6 31
33 0 2572 3259 7025 6 32
34 0 2572 3251 7025 6 33
35 0 2560 3239 7025 6.94427 34
36 0 2560 3231 7025 6 35
37 0 2560 3219 7029 9.31371 36
38 0 2564 3211 7033 6 37
39 0 2564 3203 7037 6 38
40 0 2572 3195 7045 9.31371 39
41 0 2588 3195 7065 3.65685 40
42 0 2592 3199 7069 2 41
43 0 2596 3199 7073 2 42
44 0 2596 3199 7077 2 43
