# Generated by NeuTu (https://github.com/janelia-flyem/NeuTu)
1 0 2489 2927 7301 9.31371 -1
2 0 2521 2927 7297 12.4222 1
3 0 2541 2939 7281 6 2
4 0 2549 2947 7269 6 3
5 2 2555.67 2950.33 7262.33 6.78689 4
6 0 2565 2963 7257 6 5
7 0 2573 2979 7241 6 6
8 0 2573 2995 7241 6.94427 7
9 0 2573 3003 7237 6 8
10 0 2573 3011 7229 9.31371 9
11 2 2569 3025 7215 9.31371 10
12 0 2573 3035 7209 6 11
13 0 2581 3051 7201 6 12
14 0 2585 3059 7197 6 13
15 0 2585 3071 7193 9.31371 14
16 0 2585 3083 7185 6.94427 15
17 0 2581 3095 7185 6 16
18 0 2549 3015 7213 6 11
19 0 2529 3003 7213 9.31371 18
20 0 2521 2991 7217 6.94427 19
21 0 2517 2983 7221 9.31371 20
22 0 2553 2939 7257 6 5
23 0 2549 2931 7249 6 22
24 0 2541 2923 7237 6 23
25 0 2537 2915 7229 6 24
26 0 2541 2899 7213 9.31371 25
27 0 2545 2887 7205 6 26
