# Generated by NeuTu (https://github.com/janelia-flyem/NeuTu)
1 0 2736 3023 7410 2 -1
2 0 2736 3011 7414 6 1
3 0 2728 3003 7418 9.31371 2
4 0 2716 3003 7418 6.94427 3
5 0 2712 3011 7418 3.65685 4
6 0 2708 3015 7418 3.65685 5
7 0 2700 3019 7414 6 6
8 0 2688 3011 7402 9.31371 7
9 0 2696 2995 7388 6 8
10 0 2696 3007 7366 6 9
11 0 2696 3007 7358 3.65685 10
12 0 2696 3003 7346 6 11
13 0 2696 3003 7330 6 12
14 0 2692 3007 7326 6 13
15 0 2692 3015 7318 2 14
16 0 2692 3019 7318 2 15
17 0 2688 3023 7314 3.65685 16
18 0 2680 3031 7310 6.94427 17
19 0 2672 3039 7306 6.94427 18
20 0 2664 3047 7306 3.65685 19
21 0 2660 3051 7306 2 20
22 0 2688 2979 7394 6.94427 9
23 0 2676 2975 7410 6 22
24 0 2672 2971 7414 6 23
25 0 2672 2971 7422 3.65685 24
26 0 2676 2967 7426 2 25
