# Generated by NeuTu (https://github.com/janelia-flyem/NeuTu)
1 0 2547 3470 7045 2 -1
2 0 2547 3474 7045 2 1
3 0 2547 3478 7045 3.65685 2
4 0 2547 3486 7053 6 3
5 0 2551 3494 7061 3.65685 4
6 0 2555 3498 7065 3.65685 5
7 0 2559 3498 7065 3.65685 6
8 0 2567 3506 7073 6.94427 7
9 0 2571 3514 7073 6 8
10 0 2567 3530.55 7089.55 7.88562 9
11 0 2591 3538 7113 6.94427 10
12 0 2607 3550 7133 10 11
13 0 2611 3554 7149 9.31371 12
14 0 2611 3562 7157 6 13
15 0 2611 3562 7165 6 14
16 0 2623 3562 7177 6 15
17 0 2623 3562 7185 3.65685 16
18 0 2619 3566 7189 3.65685 17
19 0 2619 3570 7189 2 18
20 0 2547 3534 7081 6 10
21 0 2535 3530 7073 6 20
22 0 2527 3526 7069 6 21
