# Generated by NeuTu (https://github.com/janelia-flyem/NeuTu)
1 0 2731 3267 7189 6 -1
2 0 2739 3275 7181 6 1
3 0 2743 3283 7173 6 2
4 0 2747 3291 7165 9.31371 3
5 0 2747 3295 7153 6.94427 4
6 0 2743.18 3311.18 7132.45 10.4378 5
7 0 2747 3315 7121 6 6
8 0 2751 3315 7109 6 7
9 0 2751 3319 7089 9.31371 8
10 0 2767 3327 7073 6.94427 9
11 0 2779 3331 7073 6.94427 10
12 0 2787 3335 7069 3.65685 11
13 0 2791 3335 7069 2 12
14 0 2727 3331 7141 9.31371 6
15 0 2711 3339 7141 9.31371 14
16 0 2699 3343 7137 3.65685 15
17 0 2695 3343 7137 2 16
18 0 2691 3343 7137 2 17
