# Generated by NeuTu (https://github.com/janelia-flyem/NeuTu)
1 0 2693 3518 7338 6 -1
2 0 2689 3518 7354 6 1
3 0 2693 3514 7370 6 2
4 0 2697 3506 7378 6 3
5 0 2701 3494 7386 6 4
6 0 2701 3486 7390 3.65685 5
7 0 2705 3482 7390 3.65685 6
8 0 2709 3474 7394 6.94427 7
9 0 2709 3454 7414 9.31371 8
10 0 2705 3446 7418 6 9
11 0 2701 3426 7422 6.94427 10
12 0 2693 3410 7430 6 11
13 0 2693 3394 7434 6 12
14 0 2689 3386 7438 6 13
15 0 2693 3382 7442 6 14
16 0 2693 3370 7438 6 15
17 0 2693 3362 7434 2 16
18 0 2693 3358 7434 2 17
