# Generated by NeuTu (https://github.com/janelia-flyem/NeuTu)
1 0 3032 2222 7484 6 -1
2 0 3028 2218 7492 9.31371 1
3 0 3024 2210 7520 6.94427 2
4 0 3008 2206 7520 6 3
5 0 3000 2202 7524 9.31371 4
6 0 2976 2198 7528 6 5
7 0 2954.82 2186.24 7541.18 13.8102 6
8 0 2968 2162 7560 6.94427 7
9 0 2984 2146 7568 6.94427 8
10 2 3016.73 2120.18 7600.73 28.8011 9
11 0 3020 2118 7604 30.9848 10
12 0 3048 2146 7620 14.4924 11
13 0 3056 2158 7628 14 12
14 0 3084 2170 7624 6 13
15 0 3108 2170 7624 9.31371 14
16 0 3128 2182 7620 12.4222 15
17 0 3132 2198 7612 6 16
18 0 3140 2206 7612 6 17
19 0 3152 2206 7612 9.31371 18
20 0 3168 2222 7612 9.31371 19
21 0 3180 2234 7612 6.94427 20
22 0 3192 2250 7616 9.31371 21
23 0 3180 2270 7616 3.65685 22
24 0 3172 2278 7620 6.94427 23
25 0 3172 2294 7628 6 24
26 0 3172 2302 7628 6 25
27 0 3168 2306 7624 6 26
28 0 3168 2314 7624 6 27
29 0 3152 2330 7612 6 28
30 0 3144 2342 7604 6 29
31 0 3144 2354 7596 6.94427 30
32 0 3148 2366 7588 12.4222 31
33 0 3148 2374 7576 6.94427 32
34 0 3036 2170 7648 19.5407 13
35 0 3028 2178 7664 10.6491 34
36 0 3032 2194 7692 12.4222 35
37 0 3024 2214 7716 6.94427 36
38 0 3012 2214 7736 6 37
39 0 3004 2210 7752 6 38
40 0 2996 2202 7764 6 39
41 0 2980 2202 7776 6 40
42 0 2972 2202 7784 6 41
43 0 2964 2202 7792 10 42
44 0 2952 2198 7792 12.4222 43
45 0 2956 2174 7792 3.65685 44
46 0 2956 2170 7796 2 45
47 0 2956 2166 7796 2 46
48 0 2956 2162 7796 2 47
49 0 3028 2042 7596 18 11
50 0 3032 1998 7556 18 49
51 0 3036 1962 7536 14 50
52 0 3036 2134 7568 18 10
53 2 2938.32 2184.34 7533.83 12.4474 7
54 0 2916 2190 7512 6.94427 53
55 0 2904 2202 7492 12.4222 54
56 0 2900 2214 7488 10 55
57 0 2896 2222 7496 6 56
58 0 2888 2230 7496 2 57
59 0 2888 2234 7496 2 58
60 0 2920 2190 7556 9.31371 53
61 0 2912 2186 7560 3.65685 60
62 0 2904 2182 7568 6 61
63 0 2900 2190 7580 9.31371 62
64 0 2908 2194 7584 3.65685 63
65 0 2912 2198 7584 2 64
66 0 2916 2198 7584 2 65
