# Generated by NeuTu (https://github.com/janelia-flyem/NeuTu)
1 0 3104 2071 7026 6 -1
2 0 3096 2071 7042 6 1
3 0 3092 2071 7050 2 2
4 0 3092 2075 7058 6 3
5 0 3076 2083 7074 9.31371 4
6 0 3060 2091 7086 9.31371 5
7 0 3052 2099 7090 10 6
8 0 3052 2111 7094 6 7
9 0 3060 2127 7094 6 8
10 0 3064 2147 7094 6.94427 9
11 0 3060 2163 7078 6.94427 10
12 0 3052 2171 7058 9.31371 11
13 0 3052 2179 7050 6 12
14 0 3052 2191 7034 6 13
15 0 3056 2195 7026 3.65685 14
16 0 3060 2199 7022 2 15
17 0 3060 2199 7018 2 16
