# Generated by NeuTu (https://github.com/janelia-flyem/NeuTu)
1 0 2921 1907 7238 9.31371 -1
2 0 2929 1899 7234 6.94427 1
3 0 2945 1895 7230 14.4924 2
4 0 2961 1879 7214 10 3
5 2 2969.6 1879.6 7204.19 8.81415 4
6 0 2973 1883 7186 6 5
7 0 2981 1879 7170 6 6
8 0 2985 1879 7154 6 7
9 0 2997 1871 7142 3.65685 8
10 0 2997 1867 7138 3.65685 9
11 0 3001 1863 7134 6 10
12 0 3009 1855 7126 6 11
13 0 3029 1859 7106 9.31371 12
14 0 3041 1867 7090 10 13
15 0 3041 1871 7078 10.6491 14
16 0 3033 1879 7066 6.94427 15
17 0 3021 1883 7066 2 16
18 0 2989 1899 7214 14.4924 5
19 0 3001 1891 7222 6.94427 18
