# Generated by NeuTu (https://github.com/janelia-flyem/NeuTu)
1 0 3192 2149 7314 2 -1
2 0 3188 2153 7310 3.65685 1
3 0 3192 2169 7306 9.31371 2
4 0 3196 2173 7298 9.31371 3
5 0 3212 2161 7286 6.94427 4
6 0 3228 2161 7282 12.4222 5
7 0 3236 2169 7270 9.31371 6
8 0 3248 2169 7262 6.94427 7
9 0 3260 2157 7254 9.31371 8
10 0 3268 2145 7250 9.31371 9
11 0 3268 2137 7242 3.65685 10
12 0 3268 2133 7238 2 11
13 0 3268 2125 7238 6 12
14 0 3268 2109 7234 6 13
15 0 3280 2089 7234 9.31371 14
16 0 3292 2085 7234 6 15
17 0 3304 2085 7238 10.6491 16
18 0 3324 2093 7234 9.31371 17
19 0 3332 2097 7238 6 18
