# Generated by NeuTu (https://github.com/janelia-flyem/NeuTu)
1 0 3217 1966 7420 2 -1
2 0 3221 1970 7420 3.65685 1
3 0 3225 1978 7420 6.94427 2
4 0 3209 1998 7424 9.31371 3
5 0 3189 2002 7428 6 4
6 0 3181 2002 7428 6 5
7 0 3169 2006 7432 10.6491 6
8 0 3149 2026 7428 14 7
9 0 3145 2042 7424 9.31371 8
10 0 3137 2050 7424 9.31371 9
11 0 3129 2058 7428 6 10
12 0 3117 2066 7432 9.31371 11
13 0 3117 2082 7444 6 12
14 0 3113 2086 7448 3.65685 13
15 0 3109 2094 7456 6.94427 14
16 0 3101 2106 7464 9.31371 15
17 0 3093 2134 7468 12.4222 16
18 0 3085 2150 7468 12.4222 17
19 0 3081 2162 7468 6.94427 18
20 0 3073 2178 7468 6 19
21 0 3069 2190 7468 9.31371 20
22 0 3061 2198 7464 2 21
23 0 3057 2198 7464 2 22
