# Generated by NeuTu (https://github.com/janelia-flyem/NeuTu)
1 0 3494 3190 7568 6 -1
2 0 3482 3186 7568 6 1
3 0 3466 3186 7564 6.94427 2
4 0 3454 3186 7564 6 3
5 0 3430 3174 7560 12.4222 4
6 0 3398 3170 7560 10 5
7 0 3374 3166 7560 10.6491 6
8 0 3350 3150 7544 12.4222 7
9 0 3330 3130 7528 14 8
10 0 3306 3100.95 7511.17 31.5683 9
11 0 3306 3090 7492 30.249 10
12 0 3338 3074 7448 15.8885 11
13 0 3350 3074 7436 9.31371 12
14 0 3370 3078 7412 10 13
15 0 3386 3090 7392 10 14
16 0 3386 3098 7384 6.94427 15
17 0 3398 3110 7372 9.31371 16
18 0 3422 3106 7356 14 17
19 0 3434 3102 7348 10.6491 18
20 0 3458 3094 7340 14 19
21 2 3497.07 3101.63 7312.93 21.8861 20
22 2 3517.33 3108.67 7258.67 21.4917 21
23 0 3522 3134 7212 14 22
24 0 3526 3146 7200 9.31371 23
25 0 3526 3158 7192 12.4222 24
26 0 3526 3174 7176 10 25
27 0 3526 3190 7152 14 26
28 2 3530 3198 7132 10.2164 27
29 0 3526 3206 7108 10 28
30 2 3522 3218.62 7089.08 13.0897 29
31 0 3518 3226 7068 10 30
32 0 3498 3238 7044 6 31
33 0 3490 3242 7036 6.94427 32
34 0 3490 3242 7028 6 33
35 0 3478 3246 7016 6 34
36 0 3470 3246 7008 6 35
37 0 3470 3246 7000 6 36
38 0 3466 3246 6988 9.31371 37
39 0 3462 3246 6964 9.31371 38
40 0 3454 3246 6948 6 39
41 0 3454 3250 6932 6 40
42 0 3450 3258 6916 6 41
43 0 3442 3274 6900 6.94427 42
44 0 3430 3286 6892 12.4222 43
45 0 3410 3278 6892 6.94427 44
46 0 3406 3270 6892 6 45
47 0 3402 3258 6892 10 46
48 0 3390 3250 6892 6 47
49 0 3382 3250 6892 6.94427 48
50 0 3362 3230 6876 9.31371 49
51 0 3354 3222 6872 3.65685 50
52 0 3346 3214 6872 6.94427 51
53 0 3342 3206 6868 9.31371 52
54 0 3326 3190 6864 6.94427 53
55 0 3310 3186 6860 6.94427 54
56 0 3298 3194 6844 6.94427 55
57 0 3290 3194 6832 6 56
58 0 3282 3198 6824 2 57
59 0 3434 3306 6880 6.94427 44
60 0 3442 3318 6868 6.94427 59
61 0 3446 3330 6860 6.94427 60
62 0 3454 3346 6852 6 61
63 0 3462 3358 6852 6.94427 62
64 0 3466 3366 6844 9.31371 63
65 0 3478 3382 6852 9.31371 64
66 0 3482 3390 6860 9.31371 65
67 0 3498 3218 7100 6.94427 30
68 0 3490 3214 7096 6 67
69 0 3482 3206 7088 9.31371 68
70 0 3474 3190 7076 3.65685 69
71 0 3474 3186 7072 2 70
72 0 3558 3198 7144 10 28
73 0 3586 3206 7144 6.94427 72
74 0 3598 3210 7144 10.6491 73
75 0 3614 3210 7148 6 74
76 0 3626 3210 7148 10 75
77 0 3658 3214 7156 10 76
78 0 3694 3214 7148 14.4924 77
79 0 3710 3210 7132 18.3961 78
80 0 3730 3218 7128 9.31371 79
81 0 3742 3222 7124 6.94427 80
82 0 3754 3230 7124 9.31371 81
83 0 3762 3238 7128 3.65685 82
84 0 3766 3242 7132 6 83
85 0 3786 3238 7128 10 84
86 0 3806 3246 7124 9.31371 85
87 0 3836.71 3262.9 7132.9 9.81132 86
88 0 3846 3266 7136 6.94427 87
89 0 3854 3266 7148 9.31371 88
90 0 3862 3278 7164 6 89
91 0 3866 3278 7172 6 90
92 0 3870 3274 7184 9.31371 91
93 0 3874 3266 7196 6 92
94 0 3878 3270 7204 9.31371 93
95 0 3874 3282 7208 6 94
96 2 3853.17 3269.65 7113.24 6.16919 87
97 0 3862 3274 7104 6.94427 96
98 0 3866 3274 7096 6.94427 97
99 0 3870 3274 7088 3.65685 98
100 0 3878 3282 7084 6.94427 99
101 0 3882 3290 7080 6 100
102 0 3870 3258 7128 6.94427 96
103 0 3870 3250 7136 6.94427 102
104 0 3486 3106 7268 10 22
105 0 3466 3110 7260 10.6491 104
106 0 3458 3118 7256 6.94427 105
107 0 3446 3134 7256 6 106
108 0 3526 3106 7336 26.8444 21
109 0 3542 3086 7356 9.31371 108
110 0 3542 3070 7364 10 109
111 0 3538 3050 7376 3.65685 110
112 0 3534 3046 7376 2 111
113 0 3266 3062 7488 14 11
114 0 3254 3054 7492 6.94427 113
115 0 3246 3054 7492 6 114
116 0 3354 3062 7524 12.4222 10
117 0 3374 3046 7524 3.65685 116
118 0 3378 3042 7528 2 117
