# Generated by NeuTu (https://github.com/janelia-flyem/NeuTu)
1 0 3184 2942 7479 6.94427 -1
2 0 3180 2962 7463 10 1
3 0 3184 2986 7447 9.31371 2
4 0 3188 3002 7443 10 3
5 0 3192 3014 7443 6 4
6 0 3192 3026 7443 6 5
7 0 3192 3034 7443 6 6
8 0 3200 3046 7447 6.94427 7
9 0 3204 3062 7447 6 8
10 2 3207.64 3072.91 7450.64 9.63636 9
11 0 3204 3086 7447 6 10
12 0 3208 3102 7439 6 11
13 0 3216 3114 7435 6.94427 12
14 0 3232 3118 7427 6 13
15 0 3236 3122 7423 3.65685 14
16 0 3236 3122 7419 2 15
17 0 3200 3078 7467 9.31371 10
18 0 3212 3078 7475 9.31371 17
19 0 3224 3090 7487 10 18
20 0 3232 3098 7495 9.31371 19
21 0 3236 3106 7499 6 20
