# Generated by NeuTu (https://github.com/janelia-flyem/NeuTu)
1 0 3262 2699 7016 2 -1
2 0 3258 2699 7016 2 1
3 0 3254 2703 7012 3.65685 2
4 0 3250 2703 7008 3.65685 3
5 0 3246 2711 7004 6 4
6 0 3246 2719 7004 6 5
7 0 3246 2727 7004 3.65685 6
8 0 3242 2731 7004 3.65685 7
9 0 3242 2739 7004 6 8
10 0 3238 2743 7008 6 9
11 0 3238 2759 7008 6.94427 10
12 0 3234 2767 7016 10 11
13 0 3222 2767 7024 6.94427 12
14 0 3214 2759 7032 9.31371 13
15 0 3210 2755 7040 6 14
16 0 3202 2751 7052 9.31371 15
17 0 3194 2743 7068 9.31371 16
18 0 3186 2739 7080 3.65685 17
19 0 3186 2739 7084 3.65685 18
20 0 3182 2739 7088 2 19
