# Generated by NeuTu (https://github.com/janelia-flyem/NeuTu)
1 0 3234 3580 7484 6 -1
2 0 3238 3576 7488 6 1
3 0 3242 3572 7492 3.65685 2
4 0 3242 3564 7496 6.94427 3
5 0 3258 3548 7496 9.31371 4
6 0 3266 3540 7496 10 5
7 0 3266 3520 7488 6 6
8 0 3262 3504 7488 6 7
9 0 3250 3488 7480 6 8
10 0 3230 3480 7476 6.94427 9
11 0 3218 3472 7476 6 10
12 0 3206 3468 7464 6 11
13 0 3190 3452 7452 9.31371 12
14 0 3170 3444 7448 6 13
15 0 3162 3444 7448 6 14
16 0 3158 3440 7444 2 15
17 0 3154 3440 7444 2 16
