# Generated by NeuTu (https://github.com/janelia-flyem/NeuTu)
1 0 2955 3697 7201 2 -1
2 0 2955 3697 7197 2 1
3 0 2959 3689 7189 6 2
4 0 2959 3685 7173 6.94427 3
5 0 2963 3673 7161 12.4222 4
6 0 2967 3661 7161 6.94427 5
7 0 2967 3645 7157 6 6
8 0 2967 3633 7157 9.31371 7
9 0 2971 3621 7145 9.31371 8
10 0 2967 3609 7141 6 9
11 0 2967 3601 7141 6 10
12 0 2975 3589 7137 6.94427 11
13 0 2991 3573 7129 6 12
14 0 3007 3565 7121 6.94427 13
15 0 3011 3561 7113 3.65685 14
16 0 3011 3561 7109 3.65685 15
17 0 3015 3561 7105 2 16
