# Generated by NeuTu (https://github.com/janelia-flyem/NeuTu)
1 0 2941 3410 7365 2 -1
2 0 2945 3414 7365 3.65685 1
3 0 2949 3414 7361 3.65685 2
4 0 2961 3418 7357 9.31371 3
5 0 2981 3430 7357 10 4
6 0 3009 3450 7333 6 5
7 0 3017 3454 7317 9.31371 6
8 0 3037 3462 7305 10.6491 7
9 0 3053 3478 7293 6.94427 8
10 0 3065 3494 7281 9.31371 9
11 0 3081 3498 7261 6.94427 10
12 0 3093 3498 7245 6 11
13 0 3113 3510 7229 6.94427 12
14 0 3121 3518 7213 6 13
15 0 3097 3514 7273 6 11
16 0 3113 3522 7281 9.31371 15
17 0 3121 3530 7289 9.31371 16
18 0 3129 3542 7289 6 17
19 0 3341 3470 7373 2 -1
20 0 3345 3466 7377 2 19
