# Generated by NeuTu (https://github.com/janelia-flyem/NeuTu)
1 0 3006 3696 7367 2 -1
2 0 3006 3692 7367 2 1
3 0 3002 3688 7363 3.65685 2
4 0 3010 3668 7363 9.31371 3
5 0 3022 3648 7375 6.94427 4
6 0 3034 3628 7375 10 5
7 0 3046 3632 7359 3.65685 6
8 0 3046 3632 7351 6 7
9 0 3050 3636 7343 6 8
10 0 3046 3636 7335 2 9
11 0 3046 3640 7327 6 10
12 0 3046 3640 7311 6 11
13 0 3042 3644 7295 6 12
14 0 3038 3648 7287 6 13
15 0 3030 3636 7271 6 14
16 0 3034 3628 7263 6 15
17 0 3038 3624 7259 3.65685 16
18 0 3042 3620 7255 6 17
19 0 3046 3616 7251 6 18
20 0 3050 3612 7247 3.65685 19
21 0 3058 3604 7243 6 20
22 0 3066 3604 7239 6 21
23 0 3082 3608 7243 6 22
24 0 3106 3612 7247 10 23
25 0 3114 3612 7255 6.94427 24
26 0 3126 3620 7259 6 25
27 0 3134 3620 7259 6 26
28 0 3142 3620 7267 6 27
