# Generated by NeuTu (https://github.com/janelia-flyem/NeuTu)
1 0 3578 2051 7400 9.31371 -1
2 0 3574 2063 7396 6 1
3 0 3574 2079 7396 6 2
4 0 3574 2095 7396 6.94427 3
5 0 3578 2111 7388 6 4
6 0 3574 2119 7380 6.94427 5
7 0 3566 2127 7380 6 6
8 0 3558 2127 7380 6 7
9 0 3554 2131 7384 3.65685 8
10 0 3554 2131 7388 3.65685 9
11 0 3554 2135 7396 6.94427 10
12 0 3554 2143 7404 6 11
13 0 3554 2143 7412 6 12
14 0 3554 2143 7420 3.65685 13
15 0 3554 2147 7424 2 14
16 0 3554 2147 7432 6 15
17 0 3546 2159 7440 6.94427 16
18 0 3530 2163 7448 6 17
19 0 3522 2163 7452 6.94427 18
20 0 3506 2175 7456 6.94427 19
21 0 3482 2187 7468 9.31371 20
22 0 3470 2187 7480 9.31371 21
23 0 3454 2187 7496 3.65685 22
24 0 3450 2187 7496 2 23
