# Generated by NeuTu (https://github.com/janelia-flyem/NeuTu)
1 0 3588 3025 2327 2 -1
2 0 3588 3025 2331 2 1
3 0 3592 3029 2335 3.65685 2
4 0 3592 3033 2343 3.65685 3
5 0 3592 3033 2351 3.65685 4
6 0 3592 3037 2359 6 5
7 0 3600 3045 2367 6.94427 6
8 0 3620 3065 2363 6 7
9 0 3628 3069 2367 6 8
10 0 3636 3069 2367 3.65685 9
11 0 3640 3073 2371 3.65685 10
12 0 3648 3077 2371 6.94427 11
13 0 3664 3085 2387 9.31371 12
14 0 3672 3077 2395 6 13
15 0 3676 3065 2407 6 14
16 0 3680 3053 2411 6.94427 15
17 0 3688 3049 2423 9.31371 16
18 0 3696 3053 2439 6 17
19 0 3704 3057 2455 6 18
20 0 3704 3057 2467 6 19
21 0 3704 3061 2483 6 20
22 0 3704 3065 2499 6 21
23 0 3704 3077 2499 2 22
