# Generated by NeuTu (https://github.com/janelia-flyem/NeuTu)
1 0 3942 3103 2496 2 -1
2 0 3942 3107 2496 2 1
3 0 3942 3119 2496 6 2
4 0 3934 3135 2484 9.31371 3
5 0 3930 3151 2480 6.94427 4
6 0 3926 3163 2476 6.94427 5
7 0 3926 3175 2472 10 6
8 0 3922 3183 2464 6.94427 7
9 0 3926 3187 2456 6 8
10 0 3926 3195 2448 3.65685 9
11 0 3930 3203 2440 6 10
12 0 3930 3211 2432 6 11
13 0 3930 3215 2424 3.65685 12
14 0 3926 3219 2420 2 13
15 0 3926 3227 2412 6 14
16 0 3930 3243 2396 6 15
17 0 3930 3251 2392 6.94427 16
18 0 3930 3259 2388 3.65685 17
19 0 3934 3263 2392 2 18
20 0 3938 3267 2392 2 19
21 0 3942 3271 2392 2 20
22 0 3946 3271 2392 2 21
