# Generated by NeuTu (https://github.com/janelia-flyem/NeuTu)
1 0 3856 2558 7000 2 -1
2 0 3852 2562 7004 3.65685 1
3 0 3852 2562 7012 3.65685 2
4 0 3852 2562 7020 3.65685 3
5 0 3848 2562 7028 6 4
6 0 3848 2558 7048 6.94427 5
7 0 3848 2554 7056 6.94427 6
8 0 3840 2538 7072 12.4222 7
9 0 3836 2526 7072 9.31371 8
10 0 3824 2510 7076 9.31371 9
11 0 3820 2494 7080 6 10
12 0 3820 2486 7080 6.94427 11
13 0 3812 2478 7084 3.65685 12
14 0 3808 2470 7088 6.94427 13
15 0 3804 2454 7092 6 14
16 0 3800 2442 7100 6.94427 15
17 0 3792 2430 7112 6 16
18 0 3780 2426 7116 9.31371 17
19 0 3764 2410 7124 6.94427 18
20 0 3744 2394 7132 6.94427 19
21 0 3728 2390 7136 6 20
22 0 3720 2390 7136 6 21
23 0 3716 2394 7140 6 22
