# Generated by NeuTu (https://github.com/janelia-flyem/NeuTu)
1 0 3959 2660 7128 2 -1
2 0 3955 2656 7128 3.65685 1
3 0 3955 2644 7124 10 2
4 0 3947 2624 7108 9.31371 3
5 0 3935 2608 7100 9.31371 4
6 0 3919 2592 7092 10 5
7 0 3907 2580 7080 9.31371 6
8 0 3891 2564 7060 9.31371 7
9 0 3887 2546 7042 6 8
10 0 3887 2524 7028 6.94427 9
11 0 3887 2516 7028 6.94427 10
12 0 3895 2504 7020 6 11
13 0 3899 2492 7020 9.31371 12
14 0 3907 2480 7020 6.94427 13
15 0 3919 2468 7016 9.31371 14
16 0 3947 2448 7016 14 15
17 0 3975 2436 7028 14.9706 16
18 0 3999 2412 7048 10.6491 17
19 0 4015 2396 7064 12.4222 18
20 2 4039 2369 7077 21.4458 19
21 2 4078.09 2312.73 7127.09 23.368 20
22 0 4111 2260 7180 18 21
23 0 4115 2220 7208 18 22
24 0 4119 2180 7216 18 23
25 0 4119 2144 7216 10 24
26 0 4131 2120 7220 12.4222 25
27 0 4147 2096 7224 10.6491 26
28 0 4163 2068 7248 12.4222 27
29 0 4187 2052 7264 9.31371 28
30 0 4211 2044 7272 9.31371 29
31 0 4243 2040 7276 10 30
32 0 4271 2040 7276 10 31
33 0 4283 2040 7276 10 32
34 0 4299 2040 7276 6 33
35 0 4307 2040 7276 6 34
36 0 4335 2044 7276 15.8885 35
37 0 4347 2032 7280 9.31371 36
38 0 4355 2024 7280 9.31371 37
39 0 4371 2016 7280 14.4924 38
40 0 4383 1988 7284 6 39
41 0 4043 2304 7144 6 21
42 0 4031 2308 7160 6.94427 41
43 0 4023 2308 7168 9.31371 42
44 0 4007 2312 7172 6 43
45 0 3999 2316 7172 6.94427 44
46 0 3995 2328 7184 6 45
47 0 3987 2336 7192 6 46
48 0 3979 2336 7200 3.65685 47
49 0 3975 2340 7204 6 48
50 0 3971 2344 7208 3.65685 49
51 0 3967 2344 7208 2 50
52 0 4047 2400 7080 9.31371 20
53 0 4059 2416 7096 6.94427 52
54 0 4075 2432 7100 9.31371 53
55 0 4083 2440 7100 10 54
56 0 4103 2440 7104 10 55
57 0 4115 2456 7116 10 56
58 0 4131 2480 7128 6.94427 57
59 0 4143 2488 7128 10 58
60 0 4167 2496 7108 10 59
61 0 4175 2500 7096 6 60
62 0 4183 2508 7084 6.94427 61
63 0 4183 2508 7072 6 62
64 0 4187 2516 7060 6 63
65 0 4191 2524 7048 6.94427 64
66 0 4191 2528 7040 6 65
67 0 4195 2528 7032 3.65685 66
68 0 4191 2532 7028 3.65685 67
69 0 4191 2532 7024 2 68
70 0 4147 2492 7144 6.94427 59
71 0 4151 2492 7160 3.65685 70
72 0 4155 2496 7168 6 71
73 0 4155 2500 7180 6.94427 72
74 0 4147 2504 7188 2 73
75 0 4143 2504 7188 2 74
76 0 3887 2564 7032 6.94427 9
77 0 3879 2576 7028 12.4222 76
