# Generated by NeuTu (https://github.com/janelia-flyem/NeuTu)
1 0 3554 2305 7326 6 -1
2 0 3562 2313 7334 10 1
3 0 3570 2321 7338 6.94427 2
4 0 3586 2337 7338 6.94427 3
5 0 3586 2345 7338 6.94427 4
6 0 3590 2353 7330 6 5
7 0 3590 2369 7330 6 6
8 0 3586 2381 7322 6 7
9 0 3582 2397 7318 6 8
10 0 3578 2413 7302 6 9
11 0 3578 2417 7290 6 10
12 0 3570 2425 7278 6 11
13 0 3570 2425 7262 6 12
14 0 3566 2433 7254 6 13
15 0 3566 2433 7246 3.65685 14
16 0 3566 2433 7238 3.65685 15
17 0 3570 2437 7226 6 16
18 0 3570 2437 7218 3.65685 17
19 0 3570 2437 7210 6 18
20 0 3578 2445 7194 6 19
21 0 3582 2449 7190 6 20
22 0 3582 2457 7178 2 21
