# Generated by NeuTu (https://github.com/janelia-flyem/NeuTu)
1 0 3509 2551 7202 9.31371 -1
2 0 3521 2539 7214 6.94427 1
3 0 3537 2527 7226 6.94427 2
4 0 3549 2519 7234 6 3
5 0 3549 2499 7246 10 4
6 0 3549 2487 7254 10 5
7 0 3533 2487 7270 3.65685 6
8 0 3529 2487 7278 6 7
9 0 3525 2487 7286 3.65685 8
10 0 3521 2491 7290 6 9
11 0 3505 2491 7302 9.31371 10
12 0 3489 2475 7322 6.94427 11
13 0 3481 2467 7342 6.94427 12
14 0 3473 2471 7354 6.94427 13
15 0 3469 2479 7362 6 14
16 0 3461 2483 7370 3.65685 15
17 0 3457 2483 7370 3.65685 16
18 0 3453 2487 7374 6 17
19 0 3437 2507 7382 6.94427 18
20 0 3433 2523 7382 6 19
21 0 3433 2539 7378 6.94427 20
22 0 3433 2555 7370 6 21
23 0 3433 2571 7366 6 22
24 0 3429 2583 7354 6 23
25 0 3429 2595 7346 6 24
26 0 3429 2611 7338 6 25
27 0 3429 2619 7330 6 26
