# Generated by NeuTu (https://github.com/janelia-flyem/NeuTu)
1 0 3816 2457 7340 2 -1
2 0 3812 2453 7340 3.65685 1
3 0 3812 2437 7340 6.94427 2
4 0 3812 2429 7344 6.94427 3
5 0 3796 2409 7344 6.94427 4
6 0 3784 2401 7340 6.94427 5
7 0 3772 2389 7344 9.31371 6
8 0 3748 2377 7352 9.31371 7
9 0 3740 2381 7356 6.94427 8
10 0 3724 2381 7364 9.31371 9
11 0 3706.86 2393.29 7368.57 9.53574 10
12 0 3684.29 2391.86 7378.57 13.7531 11
13 0 3660 2377 7392 9.31371 12
14 0 3652 2373 7400 6 13
15 0 3648 2369 7408 6 14
16 0 3652 2369 7416 6 15
17 0 3660 2377 7416 3.65685 16
18 0 3668 2385 7416 3.65685 17
19 0 3676 2393 7412 6.94427 18
20 0 3676 2401 7408 6 19
21 0 3672 2409 7404 2 20
22 0 3672 2413 7404 2 21
23 0 3692 2381 7364 9.31371 12
24 0 3700 2381 7356 6 23
25 0 3716 2373 7344 6 24
26 0 3720 2369 7340 3.65685 25
27 0 3728 2361 7328 6.94427 26
28 0 3728 2357 7320 2 27
29 0 3728 2357 7316 2 28
30 0 3720 2393 7380 6 11
31 0 3736 2393 7380 6 30
32 0 3748 2397 7380 3.65685 31
33 0 3752 2401 7384 2 32
34 0 3756 2401 7384 2 33
35 0 3760 2405 7388 2 34
36 0 3756 2353 7332 14.4924 8
37 0 3760 2341 7324 10 36
38 0 3768 2317 7328 6.94427 37
39 0 3772 2305 7332 6 38
40 0 3772 2297 7332 3.65685 39
41 0 3768 2293 7332 2 40
