# Generated by NeuTu (https://github.com/janelia-flyem/NeuTu)
1 0 3449 2809 7742 6 -1
2 0 3441 2797 7734 10 1
3 0 3437 2789 7726 6 2
4 0 3437 2773 7710 6 3
5 0 3429 2769 7702 6.94427 4
6 0 3429 2765 7694 6.94427 5
7 0 3421 2757 7686 6 6
8 0 3413 2749 7678 6 7
9 0 3397 2749 7662 6 8
10 0 3393 2753 7658 3.65685 9
11 0 3393 2757 7654 3.65685 10
12 0 3389 2761 7650 2 11
13 0 3389 2765 7650 2 12
14 0 3389 2769 7650 2 13
15 0 3397 2709 7706 6.94427 8
16 0 3405 2709 7718 12.4222 15
17 0 3417 2713 7726 6 16
18 0 3433 2713 7742 6 17
19 0 3437 2717 7746 6 18
20 0 3441 2721 7750 2 19
21 0 3445 2721 7750 2 20
22 0 3377 2697 7706 6.94427 15
23 0 3373 2681 7698 3.65685 22
24 0 3369 2677 7698 2 23
25 0 3421 2717 7686 10 15
26 0 3433 2717 7674 12.4222 25
27 0 3437 2709 7662 6.94427 26
28 0 3437 2697 7650 6 27
29 0 3441 2689 7642 6.94427 28
30 0 3453 2689 7630 6.94427 29
31 0 3461 2689 7622 9.31371 30
32 0 3477 2693 7618 6 31
33 0 3485 2697 7614 2 32
34 0 3489 2697 7614 2 33
35 0 3493 2697 7614 2 34
36 0 3497 2697 7614 2 35
