# Generated by NeuTu (https://github.com/janelia-flyem/NeuTu)
1 0 3419 2808 7084 9.31371 -1
2 0 3415 2816 7092 6 1
3 0 3411 2836 7100 6 2
4 0 3415 2840 7112 6.94427 3
5 0 3431 2848 7124 6 4
6 0 3439 2848 7124 6.94427 5
7 0 3447 2856 7124 6.94427 6
8 0 3455 2864 7116 6 7
9 0 3459 2872 7100 6 8
10 0 3455 2884 7088 14 9
11 0 3459 2908 7080 6.94427 10
12 0 3467 2928 7076 6.94427 11
13 0 3467 2944 7060 6 12
14 0 3467 2964 7044 6.94427 13
15 0 3459 2972 7036 6 14
16 0 3455 2972 7028 3.65685 15
17 0 3451 2972 7020 6 16
18 0 3451 2972 7012 6 17
19 0 3455 2980 7004 6.94427 18
20 0 3455 2988 7000 3.65685 19
21 0 3459 2992 7000 2 20
