# Generated by NeuTu (https://github.com/janelia-flyem/NeuTu)
1 0 3852 3106 7175 6 -1
2 0 3848 3098 7167 9.31371 1
3 0 3856 3098 7159 6 2
4 0 3856 3094 7151 3.65685 3
5 0 3852 3090 7143 6 4
6 0 3844 3090 7131 6 5
7 0 3836 3094 7119 6 6
8 0 3824 3114 7107 12.4222 7
9 0 3808 3126 7111 10.6491 8
10 0 3808 3142 7111 10 9
11 0 3824 3150 7123 6 10
12 0 3828 3150 7131 6 11
13 0 3832 3154 7139 3.65685 12
14 0 3832 3154 7147 3.65685 13
15 0 3836 3154 7151 2 14
16 0 3836 3154 7155 2 15
17 0 3844 3154 7163 6 16
18 0 3860 3158 7175 6 17
19 0 3872 3170 7183 6.94427 18
20 0 3880 3178 7187 6 19
21 0 3884 3186 7191 2 20
22 0 3884 3190 7191 2 21
23 0 3884 3194 7191 2 22
24 0 3796 3150 7119 6 10
25 0 3788 3150 7119 6 24
26 0 3780 3158 7119 3.65685 25
27 0 3772 3162 7119 3.65685 26
28 0 3764 3166 7119 6.94427 27
29 0 3752 3174 7119 6.94427 28
30 0 3744 3174 7115 6 29
