# Generated by NeuTu (https://github.com/janelia-flyem/NeuTu)
1 0 4295 2184 7499 2 -1
2 0 4299 2184 7499 2 1
3 0 4303 2184 7499 3.65685 2
4 0 4311 2180 7495 6.94427 3
5 0 4307 2172 7487 6.94427 4
6 0 4291 2148 7471 14 5
7 0 4291 2128 7467 10.6491 6
8 0 4299 2116 7467 6.94427 7
9 0 4311 2104 7467 12.4222 8
10 0 4343 2096 7467 9.31371 9
11 0 4359 2092 7479 9.31371 10
12 0 4375 2120 7487 10 11
13 0 4375 2144 7491 10 12
14 0 4367 2168 7495 10 13
15 0 4359 2176 7495 6.94427 14
16 0 4347 2184 7491 10 15
17 0 4339 2184 7483 9.31371 16
18 0 4331 2192 7475 3.65685 17
19 0 4327 2196 7475 2 18
20 0 4303 2084 7463 9.31371 9
21 0 4275 2060 7479 9.31371 20
22 0 4259 2060 7499 9.31371 21
23 0 4267 2152 7487 6 6
24 0 4259 2156 7495 6.94427 23
25 0 4251 2164 7499 2 24
26 0 4247 2168 7499 2 25
