# Generated by NeuTu (https://github.com/janelia-flyem/NeuTu)
1 0 4275 2064 7395 6 -1
2 0 4283 2072 7391 6.94427 1
3 0 4283 2080 7375 3.65685 2
4 0 4283 2084 7371 3.65685 3
5 0 4279 2088 7367 3.65685 4
6 0 4279 2092 7355 6 5
7 0 4287 2114.4 7324.87 9.9369 6
8 0 4287 2140 7323 10 7
9 0 4271 2160 7323 6 8
10 0 4263 2172 7323 6.94427 9
11 0 4247 2188 7327 6.94427 10
12 0 4235 2192 7335 6 11
13 0 4227 2196 7339 2 12
14 0 4223 2196 7339 2 13
15 0 4219 2196 7339 2 14
16 0 4299 2104 7303 9.31371 7
17 0 4307 2100 7295 6 16
18 0 4311 2100 7275 6 17
19 0 4311 2100 7267 6 18
20 0 4311 2092 7255 2 19
