# Generated by NeuTu (https://github.com/janelia-flyem/NeuTu)
1 0 4249 2953 2102 6.94427 -1
2 0 4233 2949 2118 10.6491 1
3 0 4213 2953 2134 6 2
4 0 4205 2945 2142 6 3
5 0 4201 2941 2158 6 4
6 0 4193 2937 2174 6 5
7 0 4185 2937 2190 6 6
8 0 4169 2929 2186 10 7
9 0 4165 2917 2190 6 8
10 0 4161 2901 2186 6 9
11 0 4145 2889 2190 6.94427 10
12 0 4125 2877 2198 6.94427 11
13 0 4109 2869 2202 6.94427 12
14 0 4097 2861 2214 6 13
15 0 4093 2857 2218 3.65685 14
16 0 4085 2849 2218 3.65685 15
17 0 4081 2845 2218 3.65685 16
18 0 4073 2845 2214 6 17
19 0 4065 2845 2210 6 18
20 0 4053 2845 2206 10.6491 19
21 0 4045 2853 2210 9.31371 20
22 0 4029 2853 2214 2 21
23 0 4025 2853 2214 2 22
24 0 4021 2853 2214 2 23
25 0 4017 2853 2214 2 24
26 0 4009 2853 2214 6 25
27 0 3993 2857 2214 6.94427 26
28 0 3977 2873 2214 6.94427 27
29 0 3977 2885 2210 6 28
30 0 3973 2893 2206 2 29
31 0 3973 2897 2202 2 30
32 0 3973 2901 2198 2 31
