# Generated by NeuTu (https://github.com/janelia-flyem/NeuTu)
1 0 4083 2610 7189 6 -1
2 0 4099 2610 7205 6 1
3 0 4099 2610 7213 6 2
4 0 4115 2610 7229 6 3
5 0 4123 2606 7237 6.94427 4
6 0 4139 2606 7241 9.31371 5
7 0 4151 2610 7253 6 6
8 0 4163 2622 7269 9.31371 7
9 0 4171 2630 7289 9.31371 8
10 0 4175 2634 7309 6.94427 9
11 0 4179 2634 7325 6 10
12 0 4179 2634 7341 6 11
13 0 4183 2634 7357 6 12
14 0 4183 2634 7365 3.65685 13
15 0 4183 2634 7373 6 14
16 0 4183 2634 7389 6 15
17 0 4179 2638 7393 6 16
18 0 4179 2642 7413 6.94427 17
19 0 4171 2646 7429 6 18
20 0 4171 2650 7437 6 19
21 0 4171 2642 7449 6.94427 20
22 0 4171 2634 7457 6 21
23 0 4163 2618 7461 6.94427 22
24 0 4155 2606 7469 6 23
25 0 4155 2590 7469 6 24
26 0 4151 2578 7469 6 25
27 0 4147 2570 7465 6.94427 26
28 0 4131 2570 7449 6 27
29 0 4115 2570 7437 9.31371 28
30 0 4099 2566 7421 6 29
31 0 4083 2578 7405 6.94427 30
32 0 4075 2578 7389 6 31
33 0 4067 2586 7381 6 32
34 0 4051 2602 7369 6.94427 33
35 0 4043 2610 7361 6.94427 34
36 0 4031 2610 7345 6 35
37 0 4031 2610 7337 6 36
38 0 4015 2622 7325 6.94427 37
39 0 4011 2630 7321 9.31371 38
40 0 4007 2646 7337 6 39
41 0 4003 2650 7353 6 40
