# Generated by NeuTu (https://github.com/janelia-flyem/NeuTu)
1 0 4032 2715 7278 2 -1
2 0 4036 2711 7282 3.65685 1
3 0 4040 2711 7290 3.65685 2
4 0 4048 2719 7298 6.94427 3
5 0 4060 2727 7310 9.31371 4
6 2 4066.67 2740.33 7316.67 13.219 5
7 0 4064 2767 7318 14 6
8 0 4092 2783 7310 9.31371 7
9 0 4108 2799 7310 3.65685 8
10 0 4112 2799 7310 2 9
11 0 4060 2771 7338 6.94427 7
12 0 4068 2771 7346 10.6491 11
13 0 4084 2767 7370 9.31371 12
14 0 4100 2775 7382 3.65685 13
15 0 4104 2775 7382 2 14
16 0 4076 2715 7330 15.8885 6
17 0 4084 2703 7342 6 16
