# Generated by NeuTu (https://github.com/janelia-flyem/NeuTu)
1 0 3888 2876 7348 2 -1
2 0 3888 2872 7348 2 1
3 0 3892 2868 7344 6 2
4 0 3900 2860 7336 9.31371 3
5 0 3912 2856 7336 6.94427 4
6 0 3924 2856 7344 6 5
7 0 3940 2856 7348 6.94427 6
8 0 3952 2860 7356 6 7
9 0 3970.13 2876.27 7364 6.44066 8
10 0 3992 2900 7344 12.4222 9
11 0 3996 2916 7324 2 10
12 0 3996 2920 7320 3.65685 11
13 0 4000 2924 7316 6 12
14 0 4004 2928 7312 6 13
15 0 4008 2936 7304 9.31371 14
16 0 3996 2948 7292 6.94427 15
17 0 3976 2956 7280 6 16
18 0 3960 2952 7272 10.6491 17
19 0 3928 2944 7268 10 18
20 0 3912 2960 7264 6 19
21 0 3912 2968 7264 6 20
22 0 3908 2980 7256 6 21
23 0 3900 2992 7248 6 22
24 0 3892 3008 7236 6 23
25 0 3888 3012 7232 2 24
26 0 3888 3016 7228 2 25
27 0 3888 3020 7224 2 26
28 0 3888 3024 7220 2 27
29 0 3888 3028 7216 2 28
30 0 3888 3028 7212 2 29
31 0 3976 2880 7380 6 9
32 0 3984 2880 7388 6 31
33 0 3992 2884 7396 9.31371 32
34 0 3992 2892 7404 6 33
35 0 3996 2896 7408 6 34
36 0 4000 2904 7416 10 35
37 0 4008 2916 7436 6 36
