# Generated by NeuTu (https://github.com/janelia-flyem/NeuTu)
1 0 4300 2869 7102 6 -1
2 0 4312 2865 7086 6 1
3 0 4320 2865 7078 10 2
4 0 4332 2857 7078 9.31371 3
5 0 4340 2849 7070 6.94427 4
6 0 4352.8 2839.4 7070 6.75542 5
7 0 4356 2833 7070 6 6
8 0 4360 2813 7078 10.6491 7
9 0 4356 2801 7082 6 8
10 0 4352 2781 7082 6 9
11 0 4348 2761 7082 6.94427 10
12 0 4344 2753 7082 6 11
13 0 4340 2749 7078 3.65685 12
14 0 4336 2745 7078 3.65685 13
15 0 4328 2737 7078 6.94427 14
16 0 4312 2717 7074 6 15
17 0 4312 2709 7074 6 16
18 0 4308 2705 7070 6 17
19 0 4376 2849 7054 6.94427 6
20 0 4380 2857 7046 6 19
21 0 4384 2865 7042 2 20
22 0 4384 2869 7042 2 21
