# Generated by NeuTu (https://github.com/janelia-flyem/NeuTu)
1 0 4204 3113 7130 6 -1
2 0 4208 3109 7134 6 1
3 0 4208 3101 7134 6.94427 2
4 0 4228 3089 7138 10 3
5 0 4244 3097 7154 9.31371 4
6 0 4252 3109 7158 6 5
7 0 4260 3117 7162 6 6
8 0 4264 3121 7158 6 7
9 0 4264 3129 7158 6 8
10 0 4268 3141 7154 10 9
11 0 4270.07 3165.15 7133.85 9.64415 10
12 0 4276 3169 7106 6.94427 11
13 0 4276 3181 7090 6 12
14 0 4280 3181 7074 6 13
15 0 4272 3181 7150 6.94427 11
16 0 4268 3189 7154 6 15
17 0 4260 3197 7154 2 16
18 0 4256 3197 7154 2 17
