# Generated by NeuTu (https://github.com/janelia-flyem/NeuTu)
1 0 4314 2961 7250 2 -1
2 0 4310 2965 7250 3.65685 1
3 0 4306 2965 7246 2 2
4 0 4302 2965 7242 3.65685 3
5 0 4294 2961 7242 6.94427 4
6 0 4278 2945 7242 6.94427 5
7 0 4270 2937 7238 9.31371 6
8 0 4258 2917 7234 6.94427 7
9 0 4242 2905 7234 10.6491 8
10 0 4230 2905 7234 6.94427 9
11 0 4214 2889 7242 6.94427 10
12 0 4202 2881 7258 6 11
13 0 4198 2881 7270 9.31371 12
14 0 4202 2877 7286 10 13
15 0 4194 2873 7298 6 14
16 0 4182 2869 7310 6.94427 15
17 0 4174 2865 7314 9.31371 16
18 0 4162 2857 7314 6 17
