# Generated by NeuTu (https://github.com/janelia-flyem/NeuTu)
1 0 4386 3077 7388 2 -1
2 0 4386 3073 7384 2 1
3 0 4386 3069 7380 2 2
4 0 4382 3061 7376 6 3
5 0 4374 3053 7376 6 4
6 0 4362 3049 7376 10 5
7 0 4350 3053 7372 6.94427 6
8 0 4330 3061 7368 6 7
9 0 4310 3065 7364 10 8
10 0 4286 3073 7360 6.94427 9
11 0 4270 3085 7360 6.94427 10
12 0 4250 3101 7368 6.94427 11
13 0 4238 3121 7372 6.94427 12
14 0 4234 3133 7372 9.31371 13
15 0 4230 3145 7372 6.94427 14
16 0 4226 3153 7364 6 15
17 0 4226 3153 7356 6.94427 16
18 0 4218 3161 7348 6 17
