# Generated by NeuTu (https://github.com/janelia-flyem/NeuTu)
1 0 2170 3695 6985 2 -1
2 0 2174 3691 6981 3.65685 1
3 0 2182 3683 6973 6.94427 2
4 0 2202 3659 6961 12.4222 3
5 0 2210 3647 6957 10 4
6 0 2222 3627 6957 12.4222 5
7 0 2238 3623 6961 6 6
8 0 2254 3611 6969 6 7
9 0 2262 3599 6973 9.31371 8
10 0 2278 3579 6969 9.31371 9
11 0 2286 3571 6977 6.94427 10
12 0 2298 3551 6989 10 11
13 0 2310 3531 6997 9.31371 12
14 0 2318 3519 7005 10 13
15 0 2330 3503 7013 6.94427 14
16 0 2338 3491 7017 10 15
17 0 2350 3471 7029 6 16
