1 0 3003 2263 7516 18 -1
2 0 2975 2255 7508 9.31371 1
3 0 2971 2247 7496 14.4924 2
4 0 2979 2235 7484 10 3
5 0 2987 2227 7484 6.94427 4
6 0 2995 2227 7476 6 5
7 0 3007.98 2239.98 7467.27 12.5776 6
8 0 3023 2255 7456 14.9706 7
9 0 3027 2263 7436 9.31371 8
10 0 3011 2279 7420 10 9
11 0 2995 2291 7408 19.5407 10
12 0 2983 2293.24 7384.32 15.8391 11
13 2 2954.39 2277.46 7344.21 42.8829 12
14 2 2950.79 2276.26 7340.21 45.82 13
15 2 2947.95 2275.32 7337.05 48.1388 14
16 0 2947 2275 7336 48.9117 15
17 2 2936.95 2285.05 7319.26 39.6742 16
18 2 2925.09 2296.91 7299.49 28.7689 17
19 2 2904.33 2325.14 7279.19 35.8647 18
20 2 2893.29 2340.59 7269.26 41.1949 19
21 2 2886.4 2350.25 7263.06 44.5263 20
22 2 2842.45 2367.8 7247.2 64.4627 21
23 2 2830.7 2371.52 7243.48 69.7694 22
24 0 2807 2379 7236 80.4621 23
25 2 2805.14 2381.89 7233.32 77.6535 24
26 2 2802.48 2386.03 7229.47 73.6238 25
27 2 2789.16 2406.75 7210.23 53.4753 26
28 2 2773.38 2431.3 7187.44 29.6023 27
29 0 2773.35 2470.75 7142.6 18.6984 28
30 0 2787 2479 7112 19.5407 29
31 0 2799 2483 7084 28.4631 30
32 0 2795 2527 7020 27.1204 31
33 0 2803 2535 6992 18 32
34 2 2806.77 2546.31 6973.14 18 33
35 0 2831 2567 6912 14.4924 34
36 0 2847 2564.8 6859.22 14 35
37 0 2855 2555 6812 18 36
38 0 2867 2551 6752 23.6125 37
39 2 2874.15 2540.27 6716.25 26.0005 38
40 0 2875 2539 6712 26.2843 39
41 0 2866.53 2539 6662.12 13.8144 40
42 0 2855 2547 6616 14 41
43 0 2851 2551 6592 10.6491 42
44 0 2847 2547 6560 14.9706 43
45 0 2831 2535 6540 18 44
46 0 2827 2515 6512 14.4924 45
47 2 2830.12 2508.04 6480.71 16.9585 46
48 0 2839 2511 6460 14 47
49 2 2850.9 2500.07 6440.1 18.8107 48
50 2 2858.9 2494.07 6432.1 20.4726 49
51 2 2866.23 2489.71 6422.84 23.4041 50
52 2 2882.57 2483.17 6396.69 33.9442 51
53 0 2891.43 2484.3 6344.54 32.4368 52
54 0 2893.55 2494.28 6310.2 19.2616 53
55 0 2887 2491 6274.67 16.5863 54
56 2 2894.27 2483.73 6245.82 12.6539 55
57 2 2898.8 2483 6232.6 12.4222 56
58 0 2891 2471 6192 14 57
59 0 2899 2471 6172 18.3961 58
60 0 2887 2479 6140 12.4222 59
61 2 2869.4 2489.8 6098 16.9842 60
62 0 2871 2507 6068 6.94427 61
63 0 2879 2515 6052 9.31371 62
64 0 2879 2515 6040 9.31371 63
65 0 2891 2531 6012 18 64
66 2 2893.84 2525.33 5986.47 18 65
67 0 2895 2523 5976 18 66
68 0 2895 2507 5948 9.31371 67
69 0 2891 2491 5928 9.31371 68
70 0 2887 2479 5916 14 69
71 0 2895 2467 5904 10 70
72 0 2899 2455 5880 10 71
73 0 2919 2459 5856 12.4222 72
74 0 2923 2459 5836 19.5407 73
75 0 2940.29 2482.73 5776.27 24.8173 74
76 2 2942.37 2495.22 5763.78 30.4664 75
77 2 2933.65 2505.23 5735.06 18.7692 76
78 0 2957.48 2518.62 5692.76 32.2068 77
79 0 2975 2523 5684 34.8782 78
80 2 3002.18 2506.01 5677.2 17.143 79
81 0 3016.58 2485.42 5671.27 12.4222 80
82 0 3027 2475 5640 10.6491 81
83 0 3035 2475 5612 10.6491 82
84 0 3043 2479 5580 12.4222 83
85 0 3055 2495 5552 10 84
86 0 3071 2511 5524 12.4222 85
87 0 3075 2527 5500 14.4924 86
88 0 3079 2551 5468 14 87
89 0 3087 2563 5456 10.6491 88
90 0 3107 2599 5428 18 89
91 0 3115 2611 5412 18 90
92 0 3127 2619 5400 10.6491 91
93 0 3155 2615 5356 26.2843 92
94 0 3175 2623 5320 30.249 93
95 0 3199 2647 5276 10 94
96 0 3211 2655 5252 12.4222 95
97 0 3231 2671 5228 14.4924 96
98 0 3259 2683 5208 12.4222 97
99 0 3287 2699 5188 18 98
100 0 3331 2735 5152 32.4093 99
101 0 3367 2751 5104 18.3961 100
102 0 3387 2755 5072 14 101
103 0 3391 2771 5040 14.9706 102
104 0 3407 2791 5008 12.4222 103
105 0 3419 2795 4996 12.4222 104
106 0 3463 2807 4960 33.7771 105
107 0 3471 2815 4904 18 106
108 0 3447 2835 4840 23.2982 107
109 0 3431 2819 4784 20.6274 108
110 0 3431 2823 4744 14.9706 109
111 0 3431 2827 4716 10.6491 110
112 0 3435 2823 4676 12.4222 111
113 0 3451 2819 4640 12.4222 112
114 0 3467 2819 4584 26.2843 113
115 0 3467 2807 4556 21.3238 114
116 0 3487 2803 4532 12.4222 115
117 0 3503 2815 4508 14 116
118 0 3523 2823 4492 10 117
119 0 3539 2823 4476 10 118
120 0 3559 2827 4444 14.4924 119
121 0 3567 2823 4416 14 120
122 0 3559 2811 4380 12.4222 121
123 0 3547 2807 4356 12.4222 122
124 0 3543 2803 4312 14.4924 123
125 0 3559 2815 4292 12.4222 124
126 0 3583 2823 4276 12.4222 125
127 0 3607 2827 4268 10.6491 126
128 0 3631 2827 4252 14.4924 127
129 0 3651 2831 4232 26.2843 128
130 0 3655 2819 4168 22.3311 129
131 0 3663 2791 4128 18 130
132 0 3675 2783 4096 12.4222 131
133 0 3691 2795 4068 14 132
134 0 3703 2823 4040 18 133
135 0 3707 2839 4008 14 134
136 0 3711 2851 3976 12.4222 135
137 0 3711 2855 3940 9.31371 136
138 0 3711 2855 3912 12.4222 137
139 0 3707 2867 3872 12.4222 138
140 0 3711 2871 3840 14 139
141 0 3719 2875 3812 12.4222 140
142 0 3731 2875 3784 10.6491 141
143 0 3735 2871 3760 9.31371 142
144 0 3739 2875 3736 12.4222 143
145 0 3739 2875 3696 14.4924 144
146 0 3743 2879 3652 14 145
147 0 3759 2883 3612 14 146
148 0 3771 2887 3576 14 147
149 0 3783 2891 3536 14 148
150 0 3795 2891 3504 15.8885 149
151 0 3811 2891 3464 14.4924 150
152 0 3827 2875 3424 14.9706 151
153 0 3851 2863 3376 30 152
154 0 3843 2871 3316 23.6125 153
155 0 3827 2887 3292 15.8885 154
156 0 3819 2911 3260 22.3311 155
157 0 3819 2923 3212 18 156
158 0 3811 2931 3172 14.9706 157
159 0 3811 2939 3144 12.4222 158
160 0 3803 2943 3104 14.9706 159
161 0 3799 2959 3060 22.3311 160
162 0 3799 2959 3036 23.2982 161
163 0 3823 2971 2992 22.3311 162
164 0 3823 2971 2944 15.8885 163
165 0 3819 2983 2904 14.9706 164
166 0 3819 3015 2852 23.2982 165
167 0 3819.71 3041.14 2791.02 26.601 166
168 0 3825.36 3051 2756.21 14.7105 167
169 0 3855 3043 2720 14.4924 168
170 0 3879 3027 2704 12.4222 169
171 0 3887 3023 2680 12.4222 170
172 0 3891 3011 2664 14 171
173 0 3891 3011 2628 10 172
174 0 3891 3015 2604 9.31371 173
175 0 3891 3031 2580 10.6491 174
176 0 3899 3035 2556 14.9706 175
177 0 3927 3035 2536 12.4222 176
178 0 3951 3031 2512 14.4924 177
179 0 3967 3035 2488 18 178
180 0 3975 3053.4 2444.8 10.9689 179
181 0 3987 3067 2416 10.6491 180
182 0 4007 3079 2392 10.6491 181
183 0 4019 3087 2372 12.4222 182
184 0 4047 3099 2348 14 183
185 0 4071 3099 2324 14 184
186 2 4083 3094.17 2305.93 14.7069 185
187 0 4087 3087 2276 10.6491 186
188 0 4099 3079 2248 10.6491 187
189 0 4115 3079 2220 10 188
190 0 4119 3079 2200 10 189
191 0 4131 3075 2172 10.6491 190
192 0 4135 3067 2136 10.6491 191
193 0 4135 3059 2108 10.6491 192
194 0 4131 3063 2072 12.4222 193
195 0 4135 3063 2048 9.31371 194
196 0 4135 3067 2024 10.6491 195
197 0 4131 3067 1996 10 196
198 0 4131 3075 1968 14 197
199 0 4131 3067 1932 10 198
200 0 4127 3055 1908 10 199
201 0 4123 3051 1876 10.6491 200
202 0 4123 3059 1852 10.6491 201
203 0 4127 3071 1828 10 202
204 0 4143 3083 1808 12.4222 203
205 0 4155 3087 1788 12.4222 204
206 0 4155 3087 1772 9.31371 205
207 0 4175 3083 1732 12.4222 206
208 0 4191 3083 1708 14.4924 207
209 0 4223 3099 1644 38 208
210 0 4275 3139 1624 15.8885 209
211 0 4299 3159 1604 12.4222 210
212 0 4336.89 3163 1570.11 13.477 211
213 0 4347 3163 1552 10.6491 212
214 0 4359 3163 1540 14 213
215 0 4383 3159 1524 10 214
216 0 4407 3163 1516 10 215
217 0 4419 3163 1516 10.6491 216
218 0 4439 3163 1496 10 217
219 0 4463 3167 1480 10.6491 218
220 0 4491 3175 1456 18 219
221 0 4515 3191 1432 9.31371 220
222 0 4531 3207 1424 6.94427 221
223 0 4547 3215 1412 9.31371 222
224 0 4563 3235 1400 12.4222 223
225 0 4583 3263 1388 12.4222 224
226 0 4595 3291 1388 9.31371 225
227 0 4603 3315 1388 10 226
228 0 4611 3331 1376 10.6491 227
229 0 4619 3367 1376 10.6491 228
230 0 4623 3383 1376 14 229
231 0 4623 3395 1364 15.8885 230
232 0 4627 3419 1344 29.241 231
233 2 4643.78 3444.56 1303.32 16.8845 232
234 0 4647 3451 1284 10.6491 233
235 0 4651 3467 1264 9.31371 234
236 0 4651 3475 1256 6.94427 235
237 0 4659 3491 1248 9.31371 236
238 0 4659 3515 1228 12.4222 237
239 0 4655 3535 1208 12.4222 238
240 0 4651 3555 1192 12.4222 239
241 0 4647 3583 1172 10.6491 240
242 0 4639 3611 1152 12.4222 241
243 0 4635 3623 1144 14 242
244 0 4631 3647 1128 10 243
245 0 4631 3659 1128 10.6491 244
246 0 4623 3683 1108 10 245
247 0 4619 3699 1092 10 246
248 0 4615 3719 1080 10 247
249 0 4603 3739 1068 12.4222 248
250 0 4591 3759 1048 14 249
251 0 4583 3791 1028 10.6491 250
252 0 4583 3819 1004 14.4924 251
253 2 4669.59 3458.25 1322.93 18.3177 233
254 0 4691 3463 1332 15.8885 253
255 0 4703 3463 1360 10 254
256 0 4671 3447 1360 14.4924 253
257 2 4346.2 3179.65 1573.29 11.6872 212
258 0 4355 3207 1576 10 257
259 0 4367 3223 1576 9.31371 258
260 0 4367 3235 1576 6 259
261 0 4367 3243 1580 6 260
262 0 4367 3243 1588 6 261
263 0 4363 3239 1596 3.65685 262
264 0 4363 3235 1600 2 263
265 0 4363 3235 1604 2 264
266 0 4355 3175 1600 6 257
267 0 4363 3167 1616 6.94427 266
268 0 4379 3171 1628 6 267
269 0 4387 3175 1632 3.65685 268
270 0 4391 3179 1632 2 269
271 0 4099 3107 2304 6.94427 186
272 0 4107 3107 2292 6 271
273 0 4111 3111 2288 3.65685 272
274 0 4115 3115 2284 6 273
275 0 4123 3123 2276 6.94427 274
276 0 4123 3123 2268 6 275
277 0 4135 3139 2256 9.31371 276
278 0 4139 3151 2244 10 277
279 0 4143 3163 2232 6.94427 278
280 2 3967.38 3035.91 2432.49 9.36913 180
281 0 3955 3023 2420 10 280
282 0 3939 3011 2412 9.31371 281
283 0 3935 3003 2404 6 282
284 0 3935 2995 2400 6 283
285 0 3935 2987 2396 3.65685 284
286 0 3931 2983 2392 2 285
287 0 3955 3027 2448 6 280
288 0 3947 3023 2448 6 287
289 0 3939 3023 2448 3.65685 288
290 0 3935 3019 2452 3.65685 289
291 0 3935 3019 2456 3.65685 290
292 0 3931 3015 2460 2 291
293 0 3799 3099 2756 18 168
294 0 3787 3127 2732 9.31371 293
295 0 3775 3147 2724 10 294
296 0 3771 3159 2720 6.94427 295
297 0 3775 3175 2736 6 296
298 0 3783 3171 2744 2 297
299 2 3789.68 3174.34 2744 5.34164 298
300 0 3799 3179 2720 6.94427 299
301 0 3803 3191 2700 6.94427 300
302 0 3803 3191 2684 6 301
303 0 3811 3191 2672 6 302
304 2 3818 3191 2665 6 303
305 0 3827 3195 2656 6 304
306 0 3827 3195 2648 6.94427 305
307 0 3835 3207 2636 6 306
308 0 3839 3211 2632 3.65685 307
309 0 3843 3215 2628 6 308
310 0 3855 3215 2616 6 309
311 0 3863 3215 2616 6.94427 310
312 0 3875 3211 2608 6 311
313 0 3807 3187 2648 6.94427 304
314 0 3803 3183 2636 6 313
315 0 3799 3179 2632 3.65685 314
316 0 3799 3175 2612 6.94427 315
317 0 3799 3167 2604 6 316
318 0 3779 3171 2760 6 299
319 0 3771 3163 2776 6.94427 318
320 0 3771 3155 2792 6 319
321 0 3775 3151 2800 6 320
322 0 3767 3147 2812 6 321
323 0 3767 3143 2832 3.65685 322
324 0 3763 3139 2836 3.65685 323
325 0 3767 3135 2840 3.65685 324
326 0 3771 3135 2844 2 325
327 0 3775 3187 2732 3.65685 297
328 0 3779 3195 2736 6 327
329 0 3783 3207 2736 6 328
330 0 3791 3219 2720 6 329
331 0 3779 3051 2804 29.241 167
332 0 3751 3059 2808 18.3961 331
333 0 3691 3059 2808 18 332
334 0 3647 3067 2804 22 333
335 2 3602.27 3103.73 2814.46 39.6025 334
336 2 3588.88 3117.12 2822.82 45.3571 335
337 2 3565.22 3129.89 2845.78 35.8345 336
338 0 3512.6 3123 2968.8 24.8908 337
339 0 3499 3119 3016 34.8782 338
340 2 3502.53 3112.83 3025.7 32.1124 339
341 2 3512.51 3095.37 3053.14 24.2873 340
342 2 3527.51 3069.1 3078.77 18.9434 341
343 0 3554.2 3048.6 3106 26.4577 342
344 2 3569.15 3043.62 3118.46 29.8324 343
345 2 3577.97 3043 3122.09 29.5084 344
346 2 3643.46 3043 3134.95 26.8266 345
347 2 3657.58 3043.86 3133.85 26.4212 346
348 2 3673.28 3049.09 3120.77 22.1758 347
349 2 3692.43 3053.69 3107.94 18.8633 348
350 0 3719 3067 3080 6.94427 349
351 0 3729.05 3081.14 3071.91 9.74628 350
352 2 3741.76 3109.14 3034.48 14.8964 351
353 0 3756.83 3124.83 3010.86 17.034 352
354 0 3759 3147 2980 14.4924 353
355 0 3759 3179 2964 10.6491 354
356 0 3767 3199 2964 10 355
357 0 3767 3215 2960 6.94427 356
358 0 3771 3239 2956 10 357
359 0 3759 3271 2948 10.6491 358
360 2 3750 3286 2936 13.5316 359
361 0 3739 3303 2924 10.6491 360
362 0 3739 3321.77 2906.15 10 361
363 0 3743 3347 2884 9.31371 362
364 2 3750.29 3363.94 2868.71 11.2434 363
365 2 3753.82 3369.24 2865.18 13.3108 364
366 0 3767 3383 2856 15.8885 365
367 0 3779 3387 2844 10.6491 366
368 0 3815 3399 2808 26.2843 367
369 0 3827 3399 2752 18 368
370 0 3847 3399 2716 15.8885 369
371 0 3883 3399 2660 18.3961 370
372 0 3887 3395 2640 15.8885 371
373 0 3896.87 3379 2602.4 10.0259 372
374 0 3907 3379 2584 6.94427 373
375 0 3919 3375 2568 9.31371 374
376 0 3931 3375 2556 14 375
377 2 3932.17 3373.83 2555.12 13.7548 376
378 0 3947 3359 2544 10.6491 377
379 0 3965.32 3344.89 2517.68 13.2526 378
380 0 3987 3347 2508 9.31371 379
381 2 4006.56 3350.78 2488.44 9.96187 380
382 0 4011 3355 2476 6.94427 381
383 0 4015 3363 2456 6.94427 382
384 0 4019 3379 2440 10 383
385 0 4019 3391 2436 6 384
386 0 4019 3399 2428 6 385
387 0 4019 3411 2420 10.6491 386
388 0 4007 3439 2412 14.4924 387
389 0 4003 3463 2404 23.2982 388
390 0 3991 3491 2384 23.2982 389
391 0 3995 3503 2364 10 390
392 0 3995 3503 2352 9.31371 391
393 0 3995 3507 2332 14 392
394 0 3987 3515 2320 6.94427 393
395 0 3979 3523 2312 6 394
396 0 3979 3523 2304 6 395
397 0 3979 3527 2292 10 396
398 0 3971 3535 2276 6.94427 397
399 0 3967 3539 2268 3.65685 398
400 0 3959 3543 2240 14 399
401 0 3955 3555 2228 9.31371 400
402 0 3959 3567 2224 3.65685 401
403 0 3963 3571 2220 2 402
404 0 4027 3335 2500 9.31371 381
405 0 4031 3319 2504 6.94427 404
406 0 4035 3307 2508 9.31371 405
407 0 4027 3291 2524 6.94427 406
408 0 4027 3283 2532 6.94427 407
409 0 4027 3283 2548 6 408
410 0 4031 3279 2552 6 409
411 0 4031 3271 2556 3.65685 410
412 0 4035 3267 2556 2 411
413 0 4039 3291 2488 6 406
414 0 4035 3291 2476 9.31371 413
415 0 4031 3279 2472 2 414
416 0 3979 3323 2536 12.4222 379
417 0 3979 3319 2548 12.4222 416
418 0 3947 3387 2556 6 377
419 0 3959 3387 2556 6 418
420 0 3971 3387 2556 9.31371 419
421 0 3991 3395 2548 6.94427 420
422 0 3999 3407 2536 6 421
423 0 4011 3407 2524 6 422
424 0 4019 3411 2516 6 423
425 0 4019 3411 2508 3.65685 424
426 0 4019 3411 2504 3.65685 425
427 0 4019 3411 2500 2 426
428 0 3975 3375 2572 6 420
429 0 3975 3367 2580 3.65685 428
430 0 3975 3363 2584 3.65685 429
431 0 3971 3359 2588 3.65685 430
432 0 3967 3355 2588 2 431
433 0 3963 3355 2588 2 432
434 0 3939 3399 2536 3.65685 376
435 0 3943 3403 2536 3.65685 434
436 0 3947 3407 2532 6 435
437 0 3951 3411 2528 3.65685 436
438 0 3955 3415 2524 6 437
439 0 3963 3431 2520 6.94427 438
440 0 3971 3447 2516 6 439
441 0 3971 3463 2516 6 440
442 0 3899 3351 2600 6.94427 373
443 0 3903 3335 2608 6.94427 442
444 0 3907 3323 2620 6 443
445 0 3887 3419 2628 6 372
446 0 3883 3431 2612 6 445
447 0 3883 3435 2596 6 446
448 0 3883 3443 2580 6 447
449 0 3883 3459 2564 6.94427 448
450 0 3879 3467 2556 6 449
451 0 3875 3475 2548 9.31371 450
452 0 3867 3483 2536 9.31371 451
453 0 3859 3491 2528 9.31371 452
454 0 3851 3491 2520 6 453
455 0 3835 3491 2504 6 454
456 0 3827 3483 2492 6 455
457 0 3827 3479 2484 2 456
458 0 3823 3475 2480 3.65685 457
459 0 3823 3471 2472 6 458
460 0 3819 3463 2456 6 459
461 0 3819 3455 2440 6 460
462 0 3815 3455 2432 6 461
463 0 3815 3463 2428 6 462
464 0 3807 3471 2416 6 463
465 0 3795 3483 2416 6 464
466 0 3779 3483 2408 6 465
467 0 3767 3479 2400 6 466
468 0 3755 3483 2392 6.94427 467
469 0 3747 3475 2388 6 468
470 0 3879 3479 2516 6.94427 452
471 0 3887 3471 2504 6 470
472 0 3887 3467 2488 6 471
473 0 3887 3467 2476 2 472
474 0 3887 3467 2472 2 473
475 0 3755 3403 2852 6.94427 366
476 0 3747 3419 2848 6 475
477 0 3751 3435 2836 6 476
478 0 3755 3439 2828 9.31371 477
479 0 3755 3439 2812 6.94427 478
480 0 3735 3375 2868 6 365
481 0 3727 3375 2884 6 480
482 0 3719 3387 2904 9.31371 481
483 0 3715 3383 2920 6 482
484 0 3755 3351 2852 3.65685 364
485 0 3755 3351 2848 3.65685 484
486 0 3759 3355 2844 3.65685 485
487 0 3759 3363 2836 6.94427 486
488 0 3751 3367 2828 3.65685 487
489 0 3747 3367 2824 2 488
490 0 3743 3367 2824 2 489
491 0 3747 3311 2888 6 362
492 0 3759 3315 2876 9.31371 491
493 0 3771 3315 2864 6.94427 492
494 0 3791 3295 2864 6.94427 493
495 0 3799 3287 2872 10 494
496 0 3803 3271 2880 6 495
497 0 3803 3259 2884 2 496
498 0 3803 3255 2884 2 497
499 0 3735 3287 2956 10 360
500 0 3723 3287 2968 10 499
501 0 3719 3291 2984 6.94427 500
502 0 3719 3295 3000 6.94427 501
503 0 3715 3307 3016 9.31371 502
504 0 3707 3315 3032 3.65685 503
505 0 3707 3315 3036 3.65685 504
506 0 3703 3315 3040 2 505
507 2 3759 3140.68 2961.03 12.1247 354
508 2 3759 3136.26 2947.77 10.4704 507
509 0 3759 3139 2932 6.94427 508
510 0 3767 3143 2916 6.94427 509
511 0 3777.22 3132.78 2906.89 7.97339 510
512 0 3783 3127 2904 10.6491 511
513 0 3795 3127 2908 6 512
514 0 3811 3127 2908 6 513
515 0 3819 3127 2908 6 514
516 0 3831 3127 2912 9.31371 515
517 0 3843 3123 2912 6 516
518 0 3863 3115 2908 6.94427 517
519 0 3879 3103 2912 6 518
520 0 3887 3107 2920 6.94427 519
521 0 3891 3123 2924 6 520
522 0 3895 3127 2928 6 521
523 0 3779 3111 2908 3.65685 512
524 0 3779 3107 2912 3.65685 523
525 0 3779 3099 2916 6.94427 524
526 0 3783 3091 2924 6.94427 525
527 0 3775 3131 2884 6.94427 511
528 0 3771 3131 2864 6.94427 527
529 0 3767 3127 2856 9.31371 528
530 0 3743 3111 2956 12.4222 508
531 0 3727 3087 2956 9.31371 530
532 0 3711 3067 2956 6.94427 531
533 0 3699 3051 2952 9.31371 532
534 0 3687 3043 2952 10 533
535 0 3671 3031 2940 9.31371 534
536 0 3651 3015 2936 9.31371 535
537 0 3655 3003 2948 6.94427 536
538 0 3663 3003 2944 2 537
539 0 3667 2999 2940 2 538
540 0 3787 3119 2960 6 507
541 0 3795 3111 2960 6 540
542 0 3803 3103 2960 10 541
543 0 3819 3087 2956 9.31371 542
544 0 3831 3071 2944 3.65685 543
545 0 3835 3071 2940 3.65685 544
546 0 3839 3067 2936 6 545
547 0 3847 3067 2928 6 546
548 0 3859 3067 2920 9.31371 547
549 0 3871 3063 2916 6 548
550 0 3879 3063 2916 6 549
551 0 3883 3059 2912 6 550
552 0 3891 3059 2912 6 551
553 0 3899 3063 2904 6 552
554 0 3907 3067 2900 2 553
555 0 3911 3067 2900 2 554
556 0 3787 3115 3016 6.94427 353
557 0 3799 3099 3016 6 556
558 0 3803 3091 3020 6 557
559 0 3803 3075 3012 6 558
560 0 3807 3055 3008 6.94427 559
561 0 3823 3051 3000 6.94427 560
562 0 3731 3099 3008 9.31371 352
563 0 3723 3091 2996 2 562
564 0 3719 3083 2988 6.94427 563
565 0 3711 3079 2984 2 564
566 0 3707 3079 2984 2 565
567 0 3751 3111 3072 12.4222 351
568 0 3763 3115 3076 6 567
569 0 3779 3115 3084 6 568
570 0 3787 3115 3088 6 569
571 0 3803 3115 3088 6.94427 570
572 0 3811 3119 3092 9.31371 571
573 0 3815 3135 3092 6 572
574 2 3821.67 3145.67 3090.67 6.94427 573
575 0 3827 3151 3088 6.94427 574
576 0 3835 3159 3084 3.65685 575
577 0 3839 3163 3084 3.65685 576
578 0 3847 3171 3080 6.94427 577
579 0 3863 3187 3084 6.94427 578
580 0 3875 3195 3084 6 579
581 0 3883 3195 3084 6 580
582 0 3891 3199 3084 3.65685 581
583 0 3899 3207 3084 6 582
584 0 3915 3215 3084 6 583
585 0 3927 3223 3080 6 584
586 0 3947 3227 3080 6 585
587 0 3955 3219 3092 6.94427 586
588 0 3939 3203 3108 6 587
589 0 3819 3159 3100 6 574
590 0 3827 3167 3108 6 589
591 0 3831 3171 3112 3.65685 590
592 0 3835 3171 3116 3.65685 591
593 0 3839 3175 3120 6 592
594 0 3843 3183 3120 3.65685 593
595 0 3847 3187 3124 6 594
596 0 3847 3203 3140 6 595
597 0 3851 3211 3144 6.94427 596
598 0 3863 3219 3156 6 597
599 0 3867 3223 3160 3.65685 598
600 0 3879 3227 3160 6 599
601 0 3883 3231 3156 3.65685 600
602 0 3887 3231 3156 2 601
603 0 3807 3095 3092 6 571
604 0 3807 3087 3092 3.65685 603
605 0 3815 3079 3092 6 604
606 0 3819 3071 3096 6.94427 605
607 0 3827 3075 3096 3.65685 606
608 0 3831 3079 3092 6 607
609 0 3847 3095 3092 6.94427 608
610 0 3859 3103 3092 10 609
611 0 3879 3099 3088 6 610
612 0 3895 3099 3084 6 611
613 0 3915 3111 3084 9.31371 612
614 0 3919 3123 3084 3.65685 613
615 0 3927 3131 3084 6.94427 614
616 0 3927 3147 3088 6.94427 615
617 0 3915 3163 3096 10.6491 616
618 0 3915 3175 3096 3.65685 617
619 0 3919 3179 3096 3.65685 618
620 0 3923 3183 3100 2 619
621 0 3867 3115 3112 9.31371 610
622 0 3871 3127 3128 6 621
623 0 3783 3115 3104 10 570
624 0 3775 3119 3120 12.4222 623
625 0 3771 3115 3132 6 624
626 0 3675 3035 3088 3.65685 349
627 0 3675 3035 3080 3.65685 626
628 0 3675 3031 3072 3.65685 627
629 0 3671 3027 3068 3.65685 628
630 0 3671 3027 3064 3.65685 629
631 0 3667 3023 3060 2 630
632 0 3679 3023 3108 10 348
633 0 3687 3011 3100 10 632
634 0 3679 3007 3088 9.31371 633
635 0 3659 3019 3088 6.94427 634
636 0 3651 3015 3084 2 635
637 0 3647 3015 3080 2 636
638 0 3683 3059 3168 23.2982 347
639 2 3697.43 3055 3206.59 20.6274 638
640 0 3694.31 3063.23 3237.14 17.8269 639
641 0 3683 3067 3256 14.9706 640
642 2 3676.03 3064.03 3299.76 19.1438 641
643 2 3675.31 3063.31 3310.2 19.4198 642
644 0 3679 3067 3336 18 643
645 0 3695 3075 3380 24.8328 644
646 0 3695 3115 3432 23.2982 645
647 2 3708.29 3125.71 3486.1 42.67 646
648 0 3711 3123 3524 53.7136 647
649 0 3743 3199 3540 14 648
650 0 3743 3219 3532 12.4222 649
651 2 3731.95 3247.19 3504.76 22.0367 650
652 2 3734.73 3262.18 3462.73 31.5707 651
653 0 3759 3287 3352 20.6274 652
654 0 3763 3295 3328 22 653
655 0 3791 3327 3324 9.31371 654
656 0 3819 3339 3324 10.6491 655
657 0 3840.33 3339 3324 13.435 656
658 2 3875.24 3331.94 3324 27.6701 657
659 0 3879 3331 3324 29.241 658
660 0 3907 3307 3308 14.9706 659
661 0 3919 3295 3308 15.8885 660
662 0 3935 3283 3304 6.94427 661
663 0 3947 3287 3296 6 662
664 0 3967 3295 3288 10 663
665 0 3983 3299 3284 14 664
666 0 3999 3295 3284 6 665
667 0 4015 3299 3272 6 666
668 0 4023 3303 3260 6 667
669 0 4039 3311 3248 6.94427 668
670 0 4051 3315 3252 10.6491 669
671 0 3919 3295 3284 6 661
672 0 3919 3283 3260 9.31371 671
673 0 3915 3283 3248 3.65685 672
674 0 3919 3287 3244 2 673
675 0 3907 3319 3348 6 659
676 0 3915 3319 3348 6.94427 675
677 0 3927 3323 3352 12.4222 676
678 0 3927 3335 3356 3.65685 677
679 0 3927 3339 3356 2 678
680 0 3903 3279 3344 14.9706 658
681 0 3919 3279 3344 14 680
682 0 3931 3275 3332 10.6491 681
683 0 3831 3351 3300 9.31371 657
684 0 3819 3355 3280 9.31371 683
685 0 3815 3355 3260 9.31371 684
686 0 3819 3351 3252 9.31371 685
687 0 3823 3347 3240 2 686
688 0 3823 3347 3236 2 687
689 2 3771 3274.2 3290.4 18.6163 654
690 0 3767 3299 3280 10.6491 689
691 0 3767 3323 3284 14 690
692 0 3759 3339 3280 12.4222 691
693 0 3747 3359 3256 9.31371 692
694 2 3737.67 3372.33 3245.33 7.96285 693
695 0 3715 3379 3244 6 694
696 0 3707 3387 3248 6.94427 695
697 0 3699 3395 3240 3.65685 696
698 0 3691 3399 3232 6.94427 697
699 0 3675 3407 3220 6 698
700 0 3663 3411 3212 6 699
701 0 3655 3419 3212 6.94427 700
702 0 3647 3423 3204 3.65685 701
703 0 3643 3423 3204 3.65685 702
704 0 3639 3427 3200 6 703
705 0 3623 3439 3180 9.31371 704
706 0 3627 3443 3168 9.31371 705
707 0 3619 3451 3160 2 706
708 0 3615 3455 3160 2 707
709 0 3743 3367 3228 6 694
710 0 3747 3367 3220 6 709
711 0 3747 3367 3208 9.31371 710
712 0 3751 3371 3188 6.94427 711
713 0 3759 3363 3176 12.4222 712
714 0 3771 3355 3176 12.4222 713
715 0 3779 3347 3184 6 714
716 0 3755 3351 3296 6 692
717 0 3739 3367 3292 6.94427 716
718 0 3731 3371 3296 9.31371 717
719 0 3723 3379 3304 6 718
720 0 3715 3383 3312 6 719
721 0 3699 3371 3320 9.31371 720
722 0 3687 3367 3320 6 721
723 0 3671 3359 3328 6 722
724 0 3651 3351 3348 10 723
725 0 3715 3371 3284 6 718
726 0 3699 3379 3280 6.94427 725
727 0 3691 3387 3272 6.94427 726
728 0 3683 3395 3268 3.65685 727
729 0 3683 3399 3268 3.65685 728
730 0 3679 3403 3268 2 729
731 0 3807 3263 3264 9.31371 689
732 0 3815 3267 3256 6.94427 731
733 0 3823 3279 3236 9.31371 732
734 0 3823 3279 3224 10 733
735 0 3831 3283 3216 6.94427 734
736 0 3835 3295 3192 6 735
737 0 3835 3307 3176 6 736
738 0 3835 3315 3168 6 737
739 0 3843 3323 3160 9.31371 738
740 0 3843 3339 3144 6 739
741 0 3847 3355 3136 6 740
742 0 3851 3359 3132 3.65685 741
743 0 3859 3367 3132 3.65685 742
744 0 3863 3367 3132 3.65685 743
745 0 3871 3371 3132 6.94427 744
746 0 3899 3359 3136 10.6491 745
747 0 3919 3351 3132 3.65685 746
748 0 3923 3351 3132 2 747
749 0 3823 3267 3272 6 731
750 0 3835 3263 3272 6 749
751 0 3851 3259 3268 6 750
752 0 3855 3255 3264 6 751
753 0 3863 3255 3256 9.31371 752
754 0 3867 3263 3248 9.31371 753
755 0 3871 3275 3244 6 754
756 0 3883 3291 3232 6.94427 755
757 0 3891 3299 3224 6.94427 756
758 0 3903 3303 3220 6 757
759 0 3915 3303 3216 2 758
760 0 3743 3307 3316 12.4222 654
761 2 3737.77 3314.85 3316 11.2629 760
762 0 3723 3331 3320 10 761
763 0 3699 3327 3320 9.31371 762
764 0 3679 3311 3316 9.31371 763
765 0 3671 3303 3308 12.4222 764
766 0 3659 3299 3308 6.94427 765
767 0 3643 3295 3312 10 766
768 0 3623 3279 3328 6 767
769 0 3727 3303 3300 6 761
770 0 3711 3303 3292 6.94427 769
771 0 3703 3299 3288 6 770
772 0 3695 3291 3288 3.65685 771
773 0 3691 3287 3288 2 772
774 0 3707 3279 3328 2 760
775 0 3707 3275 3332 2 774
776 0 3707 3247 3320 2 775
777 0 3711 3243 3320 2 776
778 0 3715 3239 3324 2 777
779 0 3691 3267 3452 14 652
780 0 3667 3275 3452 12.4222 779
781 0 3728.94 3282.76 3535.76 15.9394 651
782 0 3755 3303 3548 26.8444 781
783 0 3803 3315 3616 32.4093 782
784 2 3812.4 3312.44 3616.85 31.2789 783
785 2 3848.29 3304.55 3620.26 25.9716 784
786 0 3867 3327 3624 9.31371 785
787 0 3871 3335 3632 6 786
788 0 3875 3335 3648 6 787
789 0 3875 3335 3660 6 788
790 0 3879.59 3343.59 3672.59 9.68568 789
791 0 3899 3367 3688 6 790
792 0 3907 3383 3692 6 791
793 0 3923 3399 3692 6.94427 792
794 0 3939 3411 3696 6 793
795 0 3955 3443 3696 10 794
796 0 3947 3463 3696 10 795
797 0 3939 3483 3696 9.31371 796
798 0 3855 3351 3692 9.31371 790
799 0 3835 3347 3716 9.31371 798
800 0 3831 3351 3728 6 799
801 0 3831 3351 3744 6.94427 800
802 0 3831 3351 3760 6 801
803 0 3827 3339 3772 6 802
804 0 3827 3327 3776 10 803
805 0 3815 3303 3788 6 804
806 0 3811 3299 3792 3.65685 805
807 0 3811 3299 3796 3.65685 806
808 0 3807 3299 3800 2 807
809 0 3891 3287 3616 14.4924 785
810 0 3911 3295 3604 3.65685 809
811 0 3915 3295 3600 2 810
812 0 3915 3295 3596 2 811
813 0 3827 3299 3664 19.5407 784
814 0 3839 3315 3680 6.94427 813
815 0 3839 3323 3680 3.65685 814
816 0 3835 3327 3684 2 815
817 0 3783 3295 3648 22 783
818 0 3767 3295 3664 6 817
819 0 3767 3295 3672 3.65685 818
820 0 3767 3295 3688 6.94427 819
821 0 3763 3291 3700 9.31371 820
822 0 3759 3291 3716 6 821
823 0 3759 3279 3732 6 822
824 0 3759 3267 3748 6.94427 823
825 0 3759 3259 3756 9.31371 824
826 0 3759 3251 3776 6.94427 825
827 0 3747 3247 3788 6 826
828 0 3783 3315 3520 14.4924 782
829 0 3783 3327 3492 12.4222 828
830 0 3767 3343 3476 6 829
831 0 3711 3311 3516 9.31371 781
832 0 3707 3339 3508 9.31371 831
833 0 3719 3359 3504 6.94427 832
834 0 3727 3367 3504 6.94427 833
835 0 3727 3383 3504 6.94427 834
836 0 3723 3395 3496 10 835
837 0 3711 3419 3492 10.6491 836
838 0 3707 3443 3492 6.94427 837
839 0 3707 3459 3488 6 838
840 0 3699 3475 3488 6.94427 839
841 0 3691 3487 3488 10 840
842 0 3691 3499 3484 10 841
843 0 3687 3511 3484 6 842
844 0 3687 3527 3480 6 843
845 0 3687 3531 3472 2 844
846 0 3687 3531 3468 2 845
847 2 3711 3130.69 3562.46 44.3424 648
848 2 3711 3131.77 3567.85 43.0304 847
849 2 3711 3137.15 3594.77 36.4706 848
850 0 3728.94 3162.6 3631.09 27.5004 849
851 0 3714.37 3187.95 3651.58 32.1058 850
852 0 3691 3223 3636 38.1995 851
853 2 3662.75 3254.78 3604.22 34.688 852
854 2 3659 3263 3596 33.2071 853
855 0 3661.18 3328.05 3565.82 19.8246 854
856 0 3683 3367 3568 10.6491 855
857 0 3687 3395 3560 12.4222 856
858 0 3691 3419 3556 10 857
859 0 3683 3435 3548 9.31371 858
860 0 3675 3431 3540 6.94427 859
861 0 3667 3423 3540 2 860
862 0 3659 3415 3540 6 861
863 0 3651 3415 3540 6 862
864 0 3639 3411 3552 6 863
865 0 3631 3411 3552 3.65685 864
866 0 3623 3403 3552 6 865
867 0 3619 3399 3548 2 866
868 0 3619 3395 3544 2 867
869 0 3695 3459 3548 12.4222 859
870 0 3691 3471 3544 6 869
871 0 3639 3339 3548 6.94427 855
872 0 3627 3347 3536 6 871
873 0 3623 3359 3524 6.94427 872
874 0 3623 3367 3516 9.31371 873
875 0 3627 3375 3504 9.31371 874
876 0 3643 3391 3504 6.94427 875
877 0 3659 3407 3520 6.94427 876
878 0 3603 3375 3516 9.31371 874
879 0 3591 3387 3504 9.31371 878
880 0 3579 3387 3504 6.94427 879
881 0 3623 3263 3584 18.3961 854
882 0 3603 3271 3576 18 881
883 0 3607 3291 3580 6.94427 882
884 0 3615 3299 3584 6.94427 883
885 0 3619 3307 3588 3.65685 884
886 0 3615 3311 3592 2 885
887 0 3663 3287 3624 6 853
888 0 3667 3295 3636 9.31371 887
889 0 3667 3291 3648 9.31371 888
890 0 3667 3283 3656 6 889
891 0 3723 3251 3640 10.6491 852
892 0 3731 3259 3632 6 891
893 0 3735 3267 3620 6 892
894 2 3700.5 3197.32 3666.72 25.4958 851
895 0 3679 3211 3692 14.4924 894
896 0 3667 3223 3704 6.94427 895
897 0 3651 3235 3720 12.4222 896
898 0 3639 3231 3732 15.8885 897
899 0 3623 3239 3732 6.94427 898
900 0 3607 3243 3732 6 899
901 0 3599 3243 3732 6 900
902 0 3587 3243 3736 9.31371 901
903 0 3567 3243 3752 10 902
904 0 3551 3239 3772 6.94427 903
905 0 3543 3235 3788 6 904
906 0 3535 3235 3792 3.65685 905
907 0 3527 3227 3804 6.94427 906
908 0 3523 3219 3816 10 907
909 0 3519 3211 3828 9.31371 908
910 0 3515 3203 3836 3.65685 909
911 0 3511 3199 3836 2 910
912 0 3647 3239 3760 6 898
913 0 3647 3239 3768 6 912
914 0 3655 3227 3780 12.4222 913
915 0 3659 3215 3780 9.31371 914
916 0 3659 3203 3708 9.31371 895
917 0 3643 3199 3708 12.4222 916
918 0 3623 3207 3732 9.31371 917
919 0 3691 3175 3712 14 894
920 0 3703 3167 3728 9.31371 919
921 0 3711 3159 3728 6 920
922 2 3770.66 3173.59 3655.87 19.6251 850
923 0 3795 3191 3660 19.5407 922
924 0 3819 3207 3676 29.241 923
925 0 3823 3227 3700 15.8885 924
926 0 3839 3215 3732 10.6491 925
927 0 3839 3211 3752 12.4222 926
928 0 3843 3227 3760 14 927
929 0 3847 3255 3744 10 928
930 0 3787 3151 3688 14 922
931 0 3811 3163 3688 3.65685 930
932 0 3815 3163 3688 2 931
933 0 3707 3103 3632 35.7359 849
934 0 3735 3107 3656 30.9848 933
935 0 3671 3139 3640 6 933
936 0 3667 3147 3648 6 935
937 0 3667 3151 3660 3.65685 936
938 0 3667 3147 3664 2 937
939 0 3699 3071 3616 34.2215 848
940 0 3699 3043 3636 30 939
941 2 3708.54 3030.28 3655.08 21.684 940
942 0 3739 3019 3672 6 941
943 0 3755 3019 3680 6 942
944 0 3763 3019 3684 6 943
945 0 3775 3019 3688 9.31371 944
946 0 3787 3015 3688 6 945
947 0 3803 3011 3688 6 946
948 0 3811 3003 3688 6 947
949 0 3811 2995 3688 6 948
950 2 3818.26 2963.42 3691.26 13.2632 949
951 0 3831 2943 3696 9.31371 950
952 0 3851 2923 3696 6.94427 951
953 0 3859 2911 3696 6.94427 952
954 0 3863 2891 3708 9.31371 953
955 0 3867 2879 3720 9.31371 954
956 0 3879 2871 3740 6.94427 955
957 0 3879 2863 3752 6 956
958 0 3879 2863 3760 6 957
959 0 3839 2975 3708 6.94427 950
960 0 3855 2983 3716 6 959
961 0 3867 2979 3724 6.94427 960
962 0 3699 2987 3672 9.31371 941
963 0 3695 2975 3684 6.94427 962
964 0 3683 2963 3700 6.94427 963
965 0 3675 2959 3708 6 964
966 0 3667 2955 3708 6 965
967 0 3659 2947 3712 2 966
968 0 3659 2943 3712 2 967
969 0 3663 3035 3692 14.4924 940
970 0 3671 3019 3708 12.4222 969
971 0 3671 2999 3716 6.94427 970
972 0 3671 2991 3724 6.94427 971
973 0 3667 2979 3728 10 972
974 0 3659 2971 3732 6.94427 973
975 0 3651 2963 3740 9.31371 974
976 0 3655 2955 3744 6.94427 975
977 0 3659 2947 3736 6.94427 976
978 0 3655 3175 3588 19.5407 847
979 0 3675 3207 3588 22 978
980 0 3671 3179 3552 21.3238 648
981 0 3675 3203 3552 10.6491 980
982 0 3679 3219 3556 15.8885 981
983 0 3699 3247 3564 12.4222 982
984 0 3707 3255 3572 9.31371 983
985 2 3798.93 3114.89 3461.84 34.1412 647
986 2 3800.36 3146.97 3479.95 52.1183 985
987 2 3821.96 3138.51 3492.6 59.2307 986
988 2 3843.4 3155 3499.2 49.3623 987
989 0 3911 3207 3504 10 988
990 0 3923 3211 3512 10 989
991 0 3927 3223 3524 6 990
992 0 3927 3231 3540 6.94427 991
993 0 3927 3231 3552 10 992
994 0 3931 3215 3576 6.94427 993
995 0 3927 3195 3600 9.31371 994
996 0 3927 3183 3612 6 995
997 0 3927 3167 3624 10 996
998 0 3927 3159 3652 9.31371 997
999 0 3935 3163 3660 6 998
1000 0 3943 3167 3668 6 999
1001 0 3951 3175 3676 6 1000
1002 0 3959 3187 3688 9.31371 1001
1003 0 3967 3179 3704 6.94427 1002
1004 0 3975 3175 3728 9.31371 1003
1005 0 3983 3175 3736 10 1004
1006 0 3995 3175 3752 6 1005
1007 0 3999 3179 3756 2 1006
1008 0 3999 3183 3756 2 1007
1009 2 3888.75 3104.42 3465.08 23.2294 988
1010 0 3915 3107 3468 20.6274 1009
1011 0 3895 3155 3440 12.4222 1009
1012 0 3827 3175 3568 18 988
1013 0 3827 3171 3588 6 1012
1014 0 3827 3179 3600 6.94427 1013
1015 0 3823 3183 3608 6.94427 1014
1016 0 3867 3075 3512 18 987
1017 0 3891 3043 3512 9.31371 1016
1018 0 3891 3031 3508 6 1017
1019 0 3891 3015 3504 6 1018
1020 0 3895 3003 3504 12.4222 1019
1021 0 3907 2991 3504 15.8885 1020
1022 0 3931 2987 3516 10 1021
1023 0 3939 2979 3520 6 1022
1024 0 3947 2983 3528 6 1023
1025 0 3955 2987 3536 6 1024
1026 0 3959 2991 3540 6 1025
1027 0 3963 2991 3556 6 1026
1028 0 3963 2983 3568 2 1027
1029 0 3963 2979 3572 2 1028
1030 0 3779 3211 3460 10 986
1031 0 3771 3223 3456 2 1030
1032 0 3767 3227 3460 2 1031
1033 0 3815 3103 3428 6 985
1034 0 3835 3107 3412 14 1033
1035 0 3851 3119 3400 14 1034
1036 0 3855 3131 3388 9.31371 1035
1037 0 3859 3143 3388 6.94427 1036
1038 0 3859 3155 3372 6 1037
1039 0 3859 3155 3364 6 1038
1040 0 3863 3163 3356 3.65685 1039
1041 0 3863 3171 3348 6.94427 1040
1042 0 3863 3171 3328 6 1041
1043 0 3867 3175 3312 10.6491 1042
1044 0 3867 3167 3292 12.4222 1043
1045 0 3867 3155 3276 6.94427 1044
1046 0 3887 3155 3272 6 1045
1047 0 3903 3155 3284 6.94427 1046
1048 0 3915 3147 3288 6.94427 1047
1049 0 3923 3143 3296 6 1048
1050 0 3935 3143 3296 6 1049
1051 0 3951 3143 3296 6 1050
1052 0 3967 3135 3292 6 1051
1053 0 3987 3135 3292 12.4222 1052
1054 0 3999 3139 3300 6 1053
1055 2 3873.97 3180.94 3281.54 6.82596 1044
1056 0 3875 3191 3272 6 1055
1057 0 3875 3195 3256 6 1056
1058 0 3875 3203 3244 12.4222 1057
1059 0 3879 3227 3224 9.31371 1058
1060 0 3883 3235 3204 3.65685 1059
1061 0 3883 3235 3200 3.65685 1060
1062 0 3887 3235 3196 2 1061
1063 0 3863 3199 3296 6.94427 1055
1064 0 3859 3207 3296 6 1063
1065 0 3855 3215 3292 9.31371 1064
1066 0 3847 3219 3288 6 1065
1067 0 3831 3219 3272 9.31371 1066
1068 0 3839 3223 3252 9.31371 1067
1069 0 3851 3215 3308 6 1065
1070 0 3851 3215 3316 3.65685 1069
1071 0 3855 3219 3320 3.65685 1070
1072 0 3859 3219 3332 6 1071
1073 0 3859 3219 3344 6 1072
1074 0 3863 3211 3352 2 1073
1075 0 3671 3095 3348 14.4924 644
1076 0 3671 3111 3352 6.94427 1075
1077 0 3687 3039 3324 9.31371 643
1078 0 3699 3023 3328 9.31371 1077
1079 0 3699 3005.67 3328 8.59087 1078
1080 0 3699 2987 3324 10 1079
1081 0 3711 2979 3324 6 1080
1082 0 3719 2983 3324 6.94427 1081
1083 0 3735 2979 3308 9.31371 1082
1084 0 3747 2975 3308 6 1083
1085 0 3763 2971 3308 6 1084
1086 0 3787 2971 3304 9.31371 1085
1087 0 3803 2975 3292 6.94427 1086
1088 0 3819 2979 3288 6 1087
1089 0 3831 2983 3284 9.31371 1088
1090 0 3851 2975 3280 9.31371 1089
1091 0 3863 2967 3272 6 1090
1092 0 3875 2963 3264 10 1091
1093 0 3887 2963 3256 3.65685 1092
1094 0 3891 2963 3256 2 1093
1095 0 3691 2971 3340 9.31371 1080
1096 0 3683 2951 3352 9.31371 1095
1097 0 3675 2931 3356 10 1096
1098 0 3667 2907 3356 14 1097
1099 0 3675 2895 3356 6.94427 1098
1100 0 3679 2879 3352 6 1099
1101 0 3683 2867 3352 6 1100
1102 0 3691 2855 3356 6.94427 1101
1103 0 3691 2847 3356 6 1102
1104 0 3695 2843 3360 3.65685 1103
1105 0 3695 2839 3360 2 1104
1106 0 3695 2835 3360 2 1105
1107 0 3719 3011 3336 6 1079
1108 0 3727 3011 3336 6.94427 1107
1109 0 3735 3019 3344 6.94427 1108
1110 0 3755 3039 3340 6 1109
1111 0 3755 3047 3336 6 1110
1112 0 3751 3047 3328 6 1111
1113 0 3739 3051 3320 6.94427 1112
1114 0 3731 3051 3316 3.65685 1113
1115 0 3727 3047 3312 2 1114
1116 0 3667 3087 3312 14 642
1117 0 3655 3099 3312 6.94427 1116
1118 2 3644.19 3102.6 3319.21 9.69715 1117
1119 0 3627 3087 3348 6 1118
1120 0 3623 3079 3356 6 1119
1121 0 3619 3071 3372 6.94427 1120
1122 0 3611 3063 3380 6 1121
1123 0 3639 3127 3304 6.94427 1118
1124 0 3631 3143 3288 6 1123
1125 0 3719 3071 3252 6.94427 640
1126 0 3723 3075 3276 10.6491 1125
1127 0 3723 3071 3288 6.94427 1126
1128 2 3716.34 3051.98 3196.29 14.437 639
1129 0 3759 3055 3196 6.94427 1128
1130 0 3775 3039 3196 9.31371 1129
1131 0 3783 3031 3204 12.4222 1130
1132 0 3807 3035 3208 9.31371 1131
1133 0 3827 3043 3208 18 1132
1134 0 3843 3051 3216 10.6491 1133
1135 0 3855 3071 3232 10 1134
1136 0 3863 3087 3244 9.31371 1135
1137 0 3879 3111 3252 6.94427 1136
1138 0 3887 3119 3252 6.94427 1137
1139 0 3895 3119 3252 6 1138
1140 0 3907 3123 3252 10 1139
1141 0 3919 3127 3244 6 1140
1142 0 3927 3127 3236 6 1141
1143 0 3939 3131 3228 10 1142
1144 0 3955 3127 3232 6.94427 1143
1145 0 3975 3123 3248 9.31371 1144
1146 0 3987 3119 3260 12.4222 1145
1147 0 4007 3123 3272 6.94427 1146
1148 0 4023 3127 3276 6.94427 1147
1149 0 4039 3135 3288 3.65685 1148
1150 0 4051 3139 3292 6 1149
1151 0 4067 3155 3300 6 1150
1152 0 4075 3159 3304 6.94427 1151
1153 0 4091 3175 3300 3.65685 1152
1154 0 4099 3183 3296 6.94427 1153
1155 0 4111 3187 3288 6 1154
1156 0 4135 3195 3272 9.31371 1155
1157 0 4147 3199 3264 12.4222 1156
1158 0 4175 3203 3264 10 1157
1159 0 4191 3199 3260 6.94427 1158
1160 0 4203 3195 3256 10 1159
1161 0 4215 3195 3256 6.94427 1160
1162 0 4223 3195 3264 6 1161
1163 0 3935 3139 3208 9.31371 1143
1164 2 3928.33 3150.34 3189.99 9.88613 1163
1165 0 3919 3155 3180 6 1164
1166 0 3911 3167 3176 6 1165
1167 0 3907 3175 3176 6 1166
1168 0 3899 3187 3180 9.31371 1167
1169 0 3891 3195 3188 6.94427 1168
1170 0 3879 3203 3188 2 1169
1171 0 3927 3171 3196 6 1164
1172 0 3919 3187 3192 9.31371 1171
1173 0 3915 3203 3188 9.31371 1172
1174 0 3911 3211 3180 6 1173
1175 0 3843 3035 3184 6 1133
1176 0 3843 3039 3176 6 1175
1177 0 3839 3043 3168 9.31371 1176
1178 0 3827 3034.18 3148.71 9.17647 1177
1179 0 3827 3031 3136 6 1178
1180 0 3827 3031 3128 6.94427 1179
1181 0 3835 3023 3120 6 1180
1182 0 3843 3011 3112 6 1181
1183 0 3843 3003 3112 6 1182
1184 0 3847 2991 3112 9.31371 1183
1185 0 3843 2983 3104 9.31371 1184
1186 0 3835 2983 3096 6 1185
1187 0 3819 3047 3136 9.31371 1178
1188 0 3819 3055 3124 6 1187
1189 0 3815 3059 3112 9.31371 1188
1190 0 3711 3023 3196 6 1128
1191 0 3711 3015 3192 2 1190
1192 0 3707 3007 3188 6 1191
1193 0 3719 3003 3176 6.94427 1192
1194 0 3723 3003 3156 6 1193
1195 0 3687 3103 3156 9.31371 638
1196 0 3687 3119 3156 6 1195
1197 0 3687 3127 3156 2 1196
1198 0 3691 3135 3156 6 1197
1199 0 3695 3151 3156 6 1198
1200 0 3699 3159 3156 6.94427 1199
1201 0 3699 3167 3160 3.65685 1200
1202 0 3703 3171 3168 6 1201
1203 0 3707 3171 3184 6 1202
1204 0 3715 3171 3192 3.65685 1203
1205 0 3719 3175 3192 2 1204
1206 0 3639 3007 3176 6.94427 346
1207 0 3639 2999 3192 6.94427 1206
1208 0 3639 2995 3200 6 1207
1209 0 3635 2995 3208 3.65685 1208
1210 0 3635 2991 3212 2 1209
1211 0 3591 3023 3144 15.8885 345
1212 0 3591 3003 3144 6 1211
1213 0 3587 2995 3140 3.65685 1212
1214 0 3591 2987 3132 6 1213
1215 0 3599 2991 3120 6.94427 1214
1216 0 3611 2999 3112 6 1215
1217 0 3627 3007 3100 6 1216
1218 0 3631 3011 3096 3.65685 1217
1219 0 3631 3011 3092 2 1218
1220 0 3551 3043 3160 26 344
1221 2 3536.09 3039.27 3189.83 23.4817 1220
1222 0 3523 3023 3212 18 1221
1223 0 3491 2999 3260 18 1222
1224 0 3475 2991 3292 14 1223
1225 2 3462.86 2987 3313.66 15.4978 1224
1226 0 3447 2987 3320 14 1225
1227 0 3427 2987 3324 19.5407 1226
1228 0 3387 3003 3340 18 1227
1229 2 3350.53 3032.65 3353.65 18.0582 1228
1230 2 3347.35 3034.76 3355.76 18.0058 1229
1231 0 3327 3039 3376 14 1230
1232 0 3315 3031 3424 18 1231
1233 2 3329.61 2995.32 3478.13 38.3564 1232
1234 2 3333.13 2982.73 3502.67 42.9335 1233
1235 2 3335.4 2978.2 3514 42.2179 1234
1236 2 3337.47 2974.07 3524.33 41.5654 1235
1237 2 3339 2973.46 3559.05 37.9252 1236
1238 2 3339 2974.67 3572.39 36.3682 1237
1239 0 3335 2991.32 3626.85 34.9462 1238
1240 0 3335 2995 3660 35.7359 1239
1241 0 3347 2979 3736 18 1240
1242 2 3332.24 2961.48 3760.14 10 1241
1243 0 3327 2939 3768 10.6491 1242
1244 0 3347 2923 3756 6.94427 1243
1245 0 3359 2919 3760 10 1244
1246 0 3383 2907 3756 10.6491 1245
1247 0 3407 2891 3752 6.94427 1246
1248 0 3427 2887 3752 6.94427 1247
1249 0 3447 2883 3748 10 1248
1250 0 3475 2879 3760 9.31371 1249
1251 0 3483 2887 3764 6 1250
1252 0 3323 2975 3772 6.94427 1242
1253 0 3327 2983 3776 6.94427 1252
1254 0 3335 2991 3784 2 1253
1255 0 3335 2991 3788 2 1254
1256 0 3335 2991 3792 2 1255
1257 0 3339 2991 3796 2 1256
1258 2 3324.71 2986.58 3663.74 34.8482 1240
1259 2 3287.43 2930.45 3676 28.8376 1258
1260 0 3293.56 2876.69 3664.29 30.0031 1259
1261 0 3275 2847 3668 26.8444 1260
1262 0 3299 2827 3676 30.249 1261
1263 0 3331 2835 3676 3.65685 1262
1264 0 3335 2839 3680 2 1263
1265 0 3327 2851 3656 14.4924 1260
1266 0 3355 2859 3644 3.65685 1265
1267 0 3355 2859 3640 3.65685 1266
1268 0 3359 2855 3636 2 1267
1269 2 3257.28 2912.59 3698.33 27.2657 1259
1270 0 3220.89 2882.37 3697.89 19.5744 1269
1271 0 3223 2843 3708 14 1270
1272 0 3215 2831 3712 9.31371 1271
1273 0 3191 2879 3704 9.31371 1270
1274 0 3175 2879 3716 9.31371 1273
1275 0 3163 2879 3716 6 1274
1276 0 3271 2883 3712 18 1269
1277 0 3263 2871 3724 3.65685 1276
1278 0 3251 2863 3736 12.4222 1277
1279 0 3243 2851 3736 10 1278
1280 0 3235 2839 3736 3.65685 1279
1281 0 3231 2839 3732 2 1280
1282 0 3227 2839 3732 2 1281
1283 0 3295 2891 3728 10 1276
1284 0 3303 2895 3736 6 1283
1285 0 3307 2899 3748 6.94427 1284
1286 0 3315 2907 3756 6.94427 1285
1287 0 3311 3055 3676 18 1258
1288 0 3323 3071 3676 6 1287
1289 0 3371 3035 3660 12.4222 1239
1290 0 3375 3047 3664 3.65685 1289
1291 0 3375 3051 3664 2 1290
1292 0 3379 2987 3572 12.4222 1238
1293 0 3391 2991 3572 9.31371 1292
1294 0 3403 3003 3568 12.4222 1293
1295 0 3423 3011 3552 6 1294
1296 0 3439 3011 3540 12.4222 1295
1297 0 3459 3015 3516 9.31371 1296
1298 0 3463 3023 3500 6 1297
1299 0 3471 3031 3492 9.31371 1298
1300 0 3483 3047 3468 9.31371 1299
1301 0 3487 3067 3452 10 1300
1302 0 3487 3083 3432 10 1301
1303 0 3491 3095 3416 10 1302
1304 0 3483 3095 3404 6 1303
1305 0 3327 2915 3596 6 1237
1306 0 3323 2907 3600 3.65685 1305
1307 0 3319 2903 3612 6 1306
1308 0 3315 2899 3616 6 1307
1309 0 3315 2895 3624 3.65685 1308
1310 0 3319 2891 3624 2 1309
1311 0 3283 3019 3552 22.3311 1236
1312 0 3343 2923 3512 6.94427 1235
1313 0 3323 2911 3512 6.94427 1312
1314 0 3311 2899 3520 6 1313
1315 0 3295 2883 3520 6.94427 1314
1316 0 3279 2879 3516 10 1315
1317 0 3263 2879 3508 14 1316
1318 0 3247 2879 3504 10 1317
1319 0 3235 2871 3484 6.94427 1318
1320 0 3227 2867 3464 6 1319
1321 0 3227 2867 3456 6 1320
1322 0 3223 2863 3448 3.65685 1321
1323 0 3223 2863 3428 9.31371 1322
1324 0 3215 2859 3416 6 1323
1325 0 3207 2859 3408 6 1324
1326 0 3191 2871 3404 6.94427 1325
1327 0 3179 2887 3400 9.31371 1326
1328 0 3163 2903 3396 6.94427 1327
1329 0 3155 2907 3396 3.65685 1328
1330 0 3151 2907 3392 2 1329
1331 0 3251 2979 3516 18 1234
1332 0 3239 2955 3496 9.31371 1331
1333 0 3239 2943 3484 9.31371 1332
1334 0 3227 2931 3472 9.31371 1333
1335 0 3223 2923 3468 2 1334
1336 0 3223 2923 3464 2 1335
1337 0 3363 2971 3460 15.8885 1233
1338 0 3383 2955 3464 12.4222 1337
1339 0 3395 2951 3464 6.94427 1338
1340 0 3411 2943 3468 9.31371 1339
1341 0 3419 2939 3464 6.94427 1340
1342 0 3291 3031 3424 6 1232
1343 0 3263 3027 3420 12.4222 1342
1344 0 3243 3039 3416 14.4924 1343
1345 0 3227 3039 3416 6 1344
1346 0 3343 3059 3340 9.31371 1230
1347 0 3343 3087 3344 10 1346
1348 0 3343 3103 3328 10 1347
1349 0 3347 3119 3324 2 1348
1350 0 3323 3023 3344 10.6491 1229
1351 0 3307 3007 3344 12.4222 1350
1352 0 3295 3015 3328 6 1351
1353 0 3299 3023 3320 9.31371 1352
1354 0 3287 3051 3312 6.94427 1353
1355 0 3279 3059 3304 6.94427 1354
1356 0 3263 3083 3288 14 1355
1357 0 3255 3083 3272 6 1356
1358 0 3259 3079 3256 6 1357
1359 0 3259 3083 3248 6 1358
1360 0 3267 3079 3236 6 1359
1361 0 3263 3075 3220 6.94427 1360
1362 0 3255 3071 3212 9.31371 1361
1363 0 3251 3067 3200 6 1362
1364 0 3251 3067 3192 6 1363
1365 0 3315 3011 3304 9.31371 1353
1366 0 3307 3003 3284 6 1365
1367 0 3303 2991 3272 6 1366
1368 0 3307 2979 3260 6.94427 1367
1369 0 3319 2967 3244 6.94427 1368
1370 0 3327 2963 3240 3.65685 1369
1371 0 3331 2963 3240 2 1370
1372 0 3303 2987 3352 6 1351
1373 0 3303 2979 3352 2 1372
1374 0 3299 2971 3352 6 1373
1375 0 3295 2955 3348 6 1374
1376 0 3295 2943 3344 10 1375
1377 0 3299 2927 3332 6.94427 1376
1378 0 3311 2919 3324 6 1377
1379 0 3319 2919 3316 6 1378
1380 0 3331 2915 3316 9.31371 1379
1381 0 3339 2907 3312 6 1380
1382 0 3351 2899 3320 6 1381
1383 0 3355 2899 3340 3.65685 1382
1384 0 3355 2903 3344 2 1383
1385 0 3339 2931 3328 6.94427 1380
1386 0 3335 2939 3336 10.6491 1385
1387 0 3331 2947 3344 6 1386
1388 0 3403 2959 3312 6.94427 1227
1389 0 3395 2955 3308 6 1388
1390 2 3380 2955 3293 9.91421 1389
1391 0 3379 2963 3284 6.94427 1390
1392 0 3371 2979.31 3259.54 9.22258 1391
1393 0 3371 2987 3248 6.94427 1392
1394 0 3375 2987 3240 6 1393
1395 0 3375 2995 3228 6.94427 1394
1396 0 3375 2999 3212 9.31371 1395
1397 0 3375 3003 3200 6.94427 1396
1398 0 3379 3011 3192 3.65685 1397
1399 0 3383 3015 3192 2 1398
1400 0 3351 2999 3264 9.31371 1392
1401 0 3343 3003 3268 6 1400
1402 0 3335 3003 3276 6 1401
1403 0 3375 2935 3288 6 1390
1404 0 3367 2927 3284 6 1403
1405 0 3363 2919 3280 6 1404
1406 0 3359 2911 3272 9.31371 1405
1407 0 3359 2907 3260 9.31371 1406
1408 0 3355 2915 3248 3.65685 1407
1409 0 3351 2915 3248 2 1408
1410 0 3347 2915 3248 2 1409
1411 0 3479 2975 3332 6 1225
1412 0 3479 2959 3332 6 1411
1413 0 3475 2947 3344 6 1412
1414 0 3471 2931 3360 6 1413
1415 0 3459 2923 3376 9.31371 1414
1416 0 3447 2907 3392 9.31371 1415
1417 0 3447 2895 3396 6.94427 1416
1418 0 3455 2887 3396 10 1417
1419 0 3467 2891 3388 6.94427 1418
1420 0 3483 2971 3252 6.94427 1223
1421 0 3483 2963 3244 6 1420
1422 0 3483 2955 3236 9.31371 1421
1423 0 3487 2955 3220 6 1422
1424 0 3487 2967 3208 9.31371 1423
1425 0 3487 2971 3196 6 1424
1426 0 3487 2971 3188 6 1425
1427 0 3491 2971 3180 3.65685 1426
1428 0 3495 2975 3180 2 1427
1429 0 3491 2939 3248 9.31371 1422
1430 0 3499 2931 3260 6.94427 1429
1431 0 3507 2919 3276 6 1430
1432 0 3511 3063 3184 6 1221
1433 0 3507 3067 3180 6 1432
1434 0 3503 3071 3176 3.65685 1433
1435 0 3499 3075 3172 6 1434
1436 2 3485.91 3074.64 3163.64 9.09831 1435
1437 0 3475 3071 3160 6.94427 1436
1438 0 3463 3055 3152 10 1437
1439 0 3491 3091 3144 6.94427 1436
1440 0 3491 3095 3136 6 1439
1441 0 3547 3007 3160 6 1220
1442 0 3543 2991 3160 6.94427 1441
1443 0 3531 2975 3152 6 1442
1444 0 3523 2967 3148 6.94427 1443
1445 0 3515 2959 3152 6 1444
1446 0 3507 2959 3152 2 1445
1447 0 3491 2963 3156 10 1446
1448 0 3479 2983 3164 6.94427 1447
1449 0 3523 3035 3136 6 343
1450 0 3507 3035 3136 6 1449
1451 0 3479 3035 3132 14 1450
1452 0 3471 3047 3128 6.94427 1451
1453 0 3467 3055 3128 6 1452
1454 0 3471 3063 3128 2 1453
1455 0 3471 3067 3128 2 1454
1456 0 3551 3051 3052 6.94427 342
1457 0 3563 3043 3048 6 1456
1458 0 3575 3039 3048 6 1457
1459 0 3587 3031 3044 6.94427 1458
1460 0 3603 3027 3040 6 1459
1461 0 3619 3023 3036 6 1460
1462 0 3635 3019 3032 6 1461
1463 0 3643 3023 3024 9.31371 1462
1464 0 3663 3039 3016 9.31371 1463
1465 0 3667 3043 3004 6 1464
1466 0 3667 3043 2996 6 1465
1467 0 3499 3111 3080 6 341
1468 0 3495 3115 3084 6 1467
1469 0 3483 3111 3096 12.4222 1468
1470 0 3467 3091 3104 9.31371 1469
1471 0 3459 3071 3108 9.31371 1470
1472 0 3447 3047 3116 6.94427 1471
1473 2 3435.4 3028.2 3116 9.69443 1472
1474 0 3439 3015 3112 6 1473
1475 0 3443 3007 3104 6 1474
1476 0 3451 2999 3096 6.94427 1475
1477 0 3455 2991 3092 9.31371 1476
1478 0 3451 2979 3084 6 1477
1479 0 3455 2963 3080 6 1478
1480 0 3459 2943 3072 6 1479
1481 0 3467 2935 3060 6 1480
1482 0 3475 2931 3052 6 1481
1483 0 3479 2919 3036 9.31371 1482
1484 0 3479 2911 3024 6 1483
1485 0 3423 3027 3132 6.94427 1473
1486 0 3407 3027 3140 6 1485
1487 0 3395 3019 3156 9.31371 1486
1488 0 3475 3131 3112 10.6491 1469
1489 0 3475 3135 3124 6.94427 1488
1490 0 3475 3139 3148 9.31371 1489
1491 0 3479 3175 3164 10 1490
1492 0 3475 3191 3180 6 1491
1493 0 3463 3195 3188 6 1492
1494 0 3454.33 3203.67 3196.33 7.25301 1493
1495 0 3447 3211 3200 10.6491 1494
1496 0 3435 3211 3200 6 1495
1497 0 3419 3207 3200 6.94427 1496
1498 0 3407 3203 3200 9.31371 1497
1499 0 3467 3203 3216 6 1494
1500 0 3475 3203 3228 9.31371 1499
1501 0 3479 3203 3240 3.65685 1500
1502 0 3479 3207 3244 2 1501
1503 0 3487 3191 3184 6 1492
1504 0 3503 3191 3192 6.94427 1503
1505 0 3511 3187 3200 10 1504
1506 0 3515 3187 3216 9.31371 1505
1507 0 3515 3179 3228 3.65685 1506
1508 0 3515 3175 3228 2 1507
1509 0 3479 3155 3104 6.94427 1488
1510 0 3475 3171 3092 6 1509
1511 0 3467 3179 3084 6 1510
1512 0 3463 3187 3080 9.31371 1511
1513 0 3535 3107 3028 10.6491 340
1514 0 3543 3087 3032 9.31371 1513
1515 2 3472.63 3149.14 3031.07 23.9715 339
1516 0 3453.07 3175.83 3032 14.7363 1515
1517 0 3447 3191 3032 14 1516
1518 0 3447 3207 3036 6.94427 1517
1519 0 3447 3215 3036 6 1518
1520 0 3443 3247 3040 12.4222 1519
1521 0 3443 3263 3072 12.4222 1520
1522 0 3423 3267 3092 14.4924 1521
1523 0 3407 3267 3108 14.4924 1522
1524 0 3399 3263 3124 10 1523
1525 0 3391 3259 3152 10.6491 1524
1526 2 3383.4 3259 3174.8 17.6325 1525
1527 2 3371.49 3266.67 3199.02 25.9461 1526
1528 0 3369.1 3258.8 3262.69 23.5464 1527
1529 0 3375 3239 3296 14 1528
1530 2 3382.64 3223.71 3315.11 14 1529
1531 0 3383 3219 3344 10 1530
1532 0 3383 3219 3360 12.4222 1531
1533 0 3379 3219 3376 10 1532
1534 0 3375 3227 3404 14 1533
1535 0 3367 3223 3440 14.4924 1534
1536 2 3348.22 3216.22 3495.11 29.001 1535
1537 2 3344.7 3210.4 3509.96 36.1862 1536
1538 2 3343.36 3207.71 3515.79 39.2308 1537
1539 2 3335.79 3192.57 3548.6 56.3571 1538
1540 2 3332.82 3188.51 3555.74 57.2148 1539
1541 2 3314.84 3167.96 3586.55 49.6383 1540
1542 2 3283.28 3154.69 3608.62 29.9228 1541
1543 2 3272.05 3152.65 3612.71 22.15 1542
1544 0 3247 3151 3616 10.6491 1543
1545 0 3203 3179 3608 26 1544
1546 0 3171 3151 3644 14 1545
1547 0 3139 3135 3652 6.94427 1546
1548 0 3131 3127 3656 3.65685 1547
1549 0 3127 3127 3656 3.65685 1548
1550 0 3119 3119 3664 6.94427 1549
1551 0 3099 3103 3672 9.31371 1550
1552 0 3068.33 3084.33 3676 13.2988 1551
1553 0 3051 3047 3676 6 1552
1554 0 3047 3035 3672 6.94427 1553
1555 0 3031 3011 3664 10.6491 1554
1556 0 3039 2991 3660 6 1555
1557 0 3035 2983 3660 3.65685 1556
1558 0 3035 2975 3660 6 1557
1559 0 3031 2963 3668 6.94427 1558
1560 0 3027 2955 3668 6 1559
1561 0 3047 3087 3692 9.31371 1552
1562 0 3035 3087 3700 6 1561
1563 0 3027 3087 3708 9.31371 1562
1564 0 3019 3087 3720 9.31371 1563
1565 0 3019 3091 3748 9.31371 1564
1566 0 3023 3087 3756 6 1565
1567 2 3192.62 3195.61 3585.16 24.5976 1545
1568 0 3183 3231 3544 18 1567
1569 0 3183 3243 3528 10.6491 1568
1570 0 3179 3251 3504 9.31371 1569
1571 0 3179 3255 3492 6 1570
1572 0 3171 3267 3472 9.31371 1571
1573 0 3175 3275 3452 9.31371 1572
1574 0 3179 3283 3440 6 1573
1575 0 3164.51 3199.2 3545.51 23.3429 1567
1576 0 3143 3219 3532 9.31371 1575
1577 0 3135 3231 3516 9.31371 1576
1578 0 3119 3235 3500 3.65685 1577
1579 0 3115 3235 3500 2 1578
1580 0 3111 3235 3500 2 1579
1581 0 3107 3235 3500 2 1580
1582 0 3147 3163 3528 14.9706 1575
1583 0 3123 3147 3524 6 1582
1584 0 3251 3187 3636 23.2982 1543
1585 0 3283 3119 3648 15.8885 1542
1586 0 3287 3103 3676 6 1585
1587 0 3287 3107 3688 6 1586
1588 0 3287 3111 3700 6 1587
1589 0 3283 3119 3712 6 1588
1590 0 3275 3127 3724 9.31371 1589
1591 0 3259 3135 3732 14.9706 1590
1592 0 3243 3139 3724 6.94427 1591
1593 0 3395 3151 3628 18 1541
1594 0 3411 3147 3640 18 1593
1595 0 3423 3151 3660 10 1594
1596 0 3427 3159.24 3680.97 10.0394 1595
1597 0 3419 3163 3716 10.6491 1596
1598 0 3415 3159 3728 6 1597
1599 0 3403 3147 3744 6.94427 1598
1600 0 3395 3143 3752 6.94427 1599
1601 0 3443 3175 3676 6.94427 1596
1602 0 3455 3191 3676 6 1601
1603 0 3455 3199 3668 6 1602
1604 0 3307 3091 3544 23.2982 1540
1605 0 3283 3059 3540 3.65685 1604
1606 0 3283 3055 3544 3.65685 1605
1607 0 3279 3051 3548 2 1606
1608 0 3303 3223 3592 38 1539
1609 2 3276.11 3237.94 3615.91 36.3086 1608
1610 0 3267 3243 3624 35.7359 1609
1611 0 3207 3239 3628 9.31371 1610
1612 0 3199 3243 3636 6 1611
1613 0 3187 3247 3652 6 1612
1614 0 3179 3255 3664 6 1613
1615 0 3179 3259 3680 6 1614
1616 0 3179 3251 3692 9.31371 1615
1617 0 3187 3231 3700 6 1616
1618 0 3191 3215 3712 6.94427 1617
1619 0 3195 3207 3720 3.65685 1618
1620 0 3195 3203 3728 6 1619
1621 0 3199 3199 3732 3.65685 1620
1622 0 3199 3195 3740 6 1621
1623 0 3191 3191 3752 10 1622
1624 0 3183 3187 3764 9.31371 1623
1625 0 3179 3179 3772 3.65685 1624
1626 0 3179 3175 3772 2 1625
1627 0 3275 3303 3620 9.31371 1610
1628 0 3295 3263 3648 10 1609
1629 0 3307 3263 3672 6 1628
1630 0 3311 3263 3688 6.94427 1629
1631 0 3315 3267 3704 6.94427 1630
1632 0 3331 3271 3716 18 1631
1633 0 3351 3279 3720 14 1632
1634 0 3363 3287 3724 6 1633
1635 0 3331 3267 3600 14.4924 1608
1636 0 3355 3263 3604 10 1635
1637 0 3371 3263 3612 6 1636
1638 0 3347 3147 3508 30 1538
1639 0 3391 3191 3512 22.3311 1537
1640 0 3407 3191 3496 9.31371 1639
1641 0 3419 3195 3468 10 1640
1642 0 3419 3199 3456 10 1641
1643 0 3423 3207 3448 6 1642
1644 0 3319 3275 3540 12.4222 1537
1645 0 3331 3255 3496 9.31371 1536
1646 0 3323 3271 3484 6 1645
1647 0 3323 3279 3476 6 1646
1648 0 3395 3203 3352 10 1531
1649 0 3399 3195 3360 9.31371 1648
1650 0 3423 3179 3360 12.4222 1649
1651 0 3435 3175 3356 9.31371 1650
1652 0 3375 3191 3320 6.94427 1530
1653 0 3363 3175 3324 9.31371 1652
1654 0 3359 3167 3328 6 1653
1655 0 3351 3155 3328 6.94427 1654
1656 0 3335 3139 3316 6.94427 1655
1657 0 3323 3135 3316 6.94427 1656
1658 0 3311 3135 3308 6.94427 1657
1659 0 3299 3131 3304 10.6491 1658
1660 0 3283 3119 3300 6 1659
1661 0 3271 3115 3300 6 1660
1662 0 3255 3111 3296 6 1661
1663 0 3239 3111 3296 6 1662
1664 0 3219 3115 3288 10 1663
1665 0 3203 3115 3288 10 1664
1666 0 3199 3107 3280 6 1665
1667 0 3203 3091 3272 6.94427 1666
1668 0 3203 3079 3272 6 1667
1669 0 3199 3071 3268 9.31371 1668
1670 0 3195 3071 3256 3.65685 1669
1671 0 3199 3071 3252 2 1670
1672 0 3199 3071 3248 2 1671
1673 0 3335 3267 3272 6.94427 1528
1674 0 3311 3259 3288 10.6491 1673
1675 0 3299 3247 3300 10.6491 1674
1676 0 3299 3239 3308 6 1675
1677 0 3339 3283 3192 10.6491 1527
1678 0 3327 3283 3192 6 1677
1679 0 3319 3283 3192 6.94427 1678
1680 0 3315 3275 3196 6 1679
1681 0 3315 3267 3212 6 1680
1682 0 3307 3259 3224 9.31371 1681
1683 0 3299 3255 3232 9.31371 1682
1684 0 3315 3295 3176 6 1679
1685 0 3311 3299 3172 6 1684
1686 0 3307 3303 3164 9.31371 1685
1687 0 3303 3307 3152 6 1686
1688 0 3375 3223 3176 6 1526
1689 0 3375 3211 3176 6.94427 1688
1690 0 3379 3191 3188 9.31371 1689
1691 0 3371 3179 3184 2 1690
1692 0 3371 3175 3184 2 1691
1693 0 3447 3263 3020 10 1520
1694 0 3459 3255 3000 6.94427 1693
1695 0 3463 3251 2988 6 1694
1696 0 3475 3247 2968 10 1695
1697 0 3487 3247 2952 14.4924 1696
1698 0 3499 3263 2928 10 1697
1699 0 3503 3275 2904 12.4222 1698
1700 2 3514 3293 2883 13.5316 1699
1701 0 3543 3339 2852 18 1700
1702 0 3567 3351 2820 6 1701
1703 0 3579 3355 2808 6 1702
1704 0 3587 3359 2800 6.94427 1703
1705 0 3595 3367 2792 12.4222 1704
1706 0 3607 3371 2780 14 1705
1707 0 3615 3367 2768 9.31371 1706
1708 0 3635 3367 2748 10.6491 1707
1709 0 3643 3363 2728 10 1708
1710 0 3657 3349 2708 9.31371 1709
1711 0 3663 3339 2692 6 1710
1712 0 3663 3339 2664 14 1711
1713 2 3651.8 3343 2633.6 18.5298 1712
1714 2 3657.8 3343 2615.6 22.5035 1713
1715 0 3667 3343 2536 14.9706 1714
1716 2 3652.85 3350.38 2502.46 15.032 1715
1717 0 3631 3351 2472 18 1716
1718 0 3627 3367 2432 6 1717
1719 2 3631 3371 2416 7.73408 1718
1720 0 3635 3375 2404 3.65685 1719
1721 0 3639 3379 2400 6 1720
1722 0 3643 3379 2392 6 1721
1723 0 3651 3379 2380 10 1722
1724 0 3659 3379 2368 9.31371 1723
1725 0 3667 3383 2360 3.65685 1724
1726 0 3667 3383 2356 2 1725
1727 0 3659 3359 2424 14 1719
1728 0 3667 3367 2488 9.31371 1716
1729 0 3679 3383 2476 6 1728
1730 0 3683 3395 2464 6 1729
1731 0 3687 3399 2460 3.65685 1730
1732 0 3691 3399 2460 2 1731
1733 0 3651 3311 2608 10.6491 1714
1734 0 3635 3295 2608 6.94427 1733
1735 0 3611 3275 2616 9.31371 1734
1736 0 3599 3271 2616 9.31371 1735
1737 0 3591 3267 2620 6 1736
1738 0 3568.33 3263 2628 7.84095 1737
1739 0 3551 3267 2620 9.31371 1738
1740 0 3539 3263 2620 6 1739
1741 0 3523 3263 2620 6 1740
1742 0 3515 3267 2616 9.31371 1741
1743 0 3511 3275 2612 6 1742
1744 0 3563 3259 2644 6.94427 1738
1745 0 3547 3251 2672 6.94427 1744
1746 0 3543 3247 2680 6 1745
1747 0 3543 3243 2688 2 1746
1748 0 3543 3243 2692 2 1747
1749 0 3631 3367 2616 15.8885 1713
1750 0 3599 3391 2608 6.94427 1749
1751 0 3575 3395 2592 9.31371 1750
1752 2 3555.67 3410.33 2580.67 10.5378 1751
1753 0 3555 3419 2572 9.31371 1752
1754 0 3571 3443 2564 10.6491 1753
1755 0 3591 3463 2564 10.6491 1754
1756 0 3603 3467 2564 10 1755
1757 0 3615 3467 2564 6 1756
1758 0 3635 3467 2568 6.94427 1757
1759 0 3643 3475 2576 6.94427 1758
1760 0 3639 3483 2584 10 1759
1761 0 3635 3475 2596 3.65685 1760
1762 0 3639 3475 2600 2 1761
1763 0 3535 3403 2584 6 1752
1764 0 3523 3395 2584 6 1763
1765 0 3507 3391 2588 12.4222 1764
1766 0 3495 3407 2576 3.65685 1765
1767 0 3495 3411 2576 2 1766
1768 0 3675 3327 2728 6.94427 1710
1769 0 3691 3323 2724 6.94427 1768
1770 0 3699 3327 2724 6 1769
1771 0 3491 3287 2868 6.94427 1700
1772 0 3475 3279 2856 6 1771
1773 0 3467 3271 2844 6 1772
1774 0 3459 3259 2832 6.94427 1773
1775 0 3439 3239 2820 6 1774
1776 0 3423 3235 2816 6 1775
1777 0 3415 3243 2816 2 1776
1778 0 3411 3243 2816 2 1777
1779 2 3448.73 3276.84 3025.19 10.2807 1693
1780 0 3459 3307 3036 9.31371 1779
1781 0 3471 3319 3048 10 1780
1782 2 3483.89 3320.56 3064.89 10.6491 1781
1783 0 3495 3311 3080 10 1782
1784 0 3511 3315 3088 10 1783
1785 0 3543 3331 3088 14.9706 1784
1786 0 3567 3347 3084 19.5407 1785
1787 0 3595 3371 3068 12.4222 1786
1788 0 3619 3383 3064 9.31371 1787
1789 0 3643 3391 3068 12.4222 1788
1790 0 3659 3407 3072 3.65685 1789
1791 0 3667 3411 3080 6 1790
1792 0 3675 3411 3080 6 1791
1793 0 3691 3407 3096 6 1792
1794 0 3703 3407 3112 6 1793
1795 0 3703 3407 3120 6.94427 1794
1796 0 3715 3407 3128 10 1795
1797 0 3731 3411 3136 6.94427 1796
1798 0 3747 3415 3140 6 1797
1799 0 3767 3415 3144 6 1798
1800 0 3783 3411 3156 6.94427 1799
1801 0 3791 3407 3164 6 1800
1802 0 3799 3403 3172 9.31371 1801
1803 0 3803 3407 3180 3.65685 1802
1804 0 3803 3411 3188 6 1803
1805 0 3811 3419 3196 6 1804
1806 0 3811 3427 3204 6 1805
1807 0 3811 3443 3212 6 1806
1808 0 3807 3455 3208 6 1807
1809 0 3803 3467 3208 6.94427 1808
1810 0 3791 3475 3212 6.94427 1809
1811 0 3783 3479 3212 6 1810
1812 0 3771 3483 3216 10 1811
1813 0 3759 3479 3224 9.31371 1812
1814 0 3751 3483 3232 3.65685 1813
1815 0 3747 3483 3232 3.65685 1814
1816 0 3743 3483 3240 6 1815
1817 0 3743 3483 3248 6 1816
1818 0 3739 3487 3252 6 1817
1819 0 3735 3491 3256 3.65685 1818
1820 0 3735 3495 3256 3.65685 1819
1821 0 3731 3499 3260 6 1820
1822 0 3723 3511 3260 6.94427 1821
1823 0 3719 3519 3264 6 1822
1824 0 3719 3531 3264 6 1823
1825 0 3715 3535 3260 6 1824
1826 0 3827 3407 3220 10.6491 1806
1827 0 3835 3403 3228 9.31371 1826
1828 0 3843 3403 3236 3.65685 1827
1829 0 3847 3407 3236 2 1828
1830 0 3807 3383 3164 6 1802
1831 0 3807 3367 3160 6 1830
1832 0 3803 3363 3156 2 1831
1833 0 3803 3359 3152 2 1832
1834 0 3667 3423 3080 6 1791
1835 0 3667 3431 3080 3.65685 1834
1836 0 3667 3439 3088 6.94427 1835
1837 0 3683 3459 3096 10 1836
1838 0 3667 3467 3096 6 1837
1839 0 3651 3467 3100 6.94427 1838
1840 0 3631 3475 3108 9.31371 1839
1841 0 3615 3487 3124 6 1840
1842 0 3615 3487 3132 6 1841
1843 0 3615 3487 3144 9.31371 1842
1844 0 3619 3499 3152 6 1843
1845 0 3619 3515 3160 6 1844
1846 0 3623 3523 3160 6 1845
1847 0 3627 3539 3160 10 1846
1848 0 3635 3563 3160 12.4222 1847
1849 0 3651 3587 3156 6 1848
1850 0 3659 3371 3060 6.94427 1789
1851 0 3671 3363 3056 10 1850
1852 0 3687 3367 3056 6.94427 1851
1853 0 3711 3351 3050 8.47214 1852
1854 0 3715 3339 3048 6 1853
1855 0 3715 3327 3052 9.31371 1854
1856 0 3719 3319 3060 9.31371 1855
1857 0 3723 3315 3068 6 1856
1858 0 3723 3303 3088 6 1857
1859 0 3727 3295 3100 6 1858
1860 0 3735 3291 3108 6.94427 1859
1861 0 3735 3291 3116 6 1860
1862 0 3743 3291 3124 6 1861
1863 0 3755 3299 3132 10.6491 1862
1864 0 3775 3299 3136 9.31371 1863
1865 0 3787 3299 3136 6 1864
1866 0 3735 3367 3052 6.94427 1853
1867 0 3743 3371 3052 6.94427 1866
1868 0 3755 3371 3064 6 1867
1869 0 3763 3359 3084 6 1868
1870 0 3767 3347 3100 6.94427 1869
1871 0 3767 3343 3116 6 1870
1872 0 3775 3347 3120 6.94427 1871
1873 0 3783 3355 3120 3.65685 1872
1874 0 3787 3355 3120 2 1873
1875 0 3503 3327 3056 10 1782
1876 0 3535.53 3322.2 3056.27 12.2145 1875
1877 0 3559 3291 3064 6.94427 1876
1878 0 3579 3283 3072 9.31371 1877
1879 0 3587 3283 3080 3.65685 1878
1880 0 3591 3283 3080 2 1879
1881 0 3559 3331 3048 10.6491 1876
1882 0 3575 3323 3044 6.94427 1881
1883 0 3583 3315 3036 9.31371 1882
1884 0 3423 3279 3024 6 1779
1885 0 3403 3287 3016 6.94427 1884
1886 0 3387 3291 3004 6 1885
1887 0 3383 3295 3000 6 1886
1888 0 3375 3303 3000 3.65685 1887
1889 0 3371 3303 3000 2 1888
1890 0 3422.56 3191.44 3003.56 8.59087 1516
1891 0 3411 3203 3000 6.94427 1890
1892 0 3399 3207 3000 10.6491 1891
1893 0 3391 3199 3000 6.94427 1892
1894 0 3375 3187 3000 6.94427 1893
1895 0 3355 3183 3000 6 1894
1896 0 3347 3183 3000 6 1895
1897 0 3331 3183 3000 10 1896
1898 0 3323 3183 3008 9.31371 1897
1899 0 3387 3227 3000 10 1892
1900 0 3367 3231 3004 6 1899
1901 0 3411 3183 2992 6 1890
1902 0 3399 3179 2984 6 1901
1903 0 3391 3175 2984 6 1902
1904 0 3383 3167 2972 6 1903
1905 0 3375 3155 2968 6 1904
1906 0 3455 3147 3060 18 1515
1907 0 3443 3135 3072 6.94427 1906
1908 0 3439 3127 3076 6 1907
1909 0 3431 3115 3084 10 1908
1910 2 3417.48 3102.62 3088.76 14.4924 1909
1911 0 3379.59 3097.52 3110.52 18 1910
1912 0 3355.21 3097.36 3108 15.641 1911
1913 0 3304.14 3101.29 3088.57 16.9632 1912
1914 0 3291 3119 3060 10 1913
1915 0 3287 3131 3044 10 1914
1916 0 3287 3148.85 3017.23 9.31371 1915
1917 0 3283 3163 2984 12.4222 1916
1918 0 3271 3179 2956 12.4222 1917
1919 0 3271 3191 2928 9.31371 1918
1920 0 3271 3207 2900 10 1919
1921 0 3271 3222.33 2872.67 9.71405 1920
1922 0 3275 3243 2852 6.94427 1921
1923 0 3283 3247 2844 6 1922
1924 0 3291 3251 2836 9.31371 1923
1925 0 3291 3251 2824 10 1924
1926 0 3291 3251 2812 6.94427 1925
1927 0 3291 3251 2788 9.31371 1926
1928 0 3291 3251 2772 9.31371 1927
1929 0 3311 3251 2756 14 1928
1930 0 3335 3247 2736 30.249 1929
1931 2 3338.74 3247 2679.85 32.2707 1930
1932 0 3327 3263 2648 10.6491 1931
1933 0 3327 3275 2636 6 1932
1934 0 3331 3291 2624 6.94427 1933
1935 0 3339 3303 2616 9.31371 1934
1936 0 3347 3311 2608 6 1935
1937 0 3351 3319 2600 6.94427 1936
1938 0 3355 3327 2600 6 1937
1939 0 3359 3343 2600 10 1938
1940 0 3355 3359 2604 14 1939
1941 0 3347 3371 2608 6.94427 1940
1942 0 3347 3387 2612 6 1941
1943 0 3347 3399 2620 6.94427 1942
1944 0 3347 3415 2624 6 1943
1945 0 3347 3423 2628 6.94427 1944
1946 0 3359 3427 2640 6 1945
1947 0 3363 3215 2676 14.9706 1931
1948 0 3371 3191 2672 14 1947
1949 0 3371 3175 2664 10 1948
1950 0 3375 3155 2640 12.4222 1949
1951 0 3379 3143 2620 6.94427 1950
1952 0 3391 3143 2604 3.65685 1951
1953 0 3391 3139 2600 2 1952
1954 0 3391 3183 2684 6.94427 1948
1955 0 3411 3171 2684 9.31371 1954
1956 0 3419 3175 2688 9.31371 1955
1957 0 3371 3267 2668 9.31371 1931
1958 0 3387 3283 2656 6.94427 1957
1959 0 3395 3283 2648 6.94427 1958
1960 0 3411 3299 2640 9.31371 1959
1961 0 3415 3315 2648 6.94427 1960
1962 0 3359 3219 2720 18 1930
1963 0 3371 3207 2708 6.94427 1962
1964 0 3251 3207 2860 9.31371 1921
1965 0 3243 3199 2852 3.65685 1964
1966 0 3235 3195 2852 3.65685 1965
1967 0 3231 3191 2852 2 1966
1968 0 3295 3171 3020 6.94427 1916
1969 0 3291 3179 3020 6 1968
1970 0 3295 3191 3032 6 1969
1971 0 3299 3199 3036 2 1970
1972 0 3299 3203 3036 2 1971
1973 0 3275 3127 3092 10 1913
1974 0 3263 3127 3092 10 1973
1975 0 3255 3119 3096 6.94427 1974
1976 0 3251 3107 3092 6 1975
1977 0 3243 3091 3084 6.94427 1976
1978 0 3235 3083 3084 6 1977
1979 0 3231 3079 3080 3.65685 1978
1980 0 3227 3075 3080 3.65685 1979
1981 0 3215 3067 3072 6.94427 1980
1982 0 3195 3063 3072 6 1981
1983 0 3167 3055 3076 9.31371 1982
1984 0 3147 3055 3088 9.31371 1983
1985 0 3135 3059 3096 10 1984
1986 0 3123 3067 3096 6 1985
1987 0 3115 3075 3096 6.94427 1986
1988 0 3115 3095 3080 6 1987
1989 0 3119 3111 3080 6 1988
1990 0 3127 3123 3076 6 1989
1991 0 3131 3131 3076 6 1990
1992 0 3135 3139 3068 6 1991
1993 0 3143 3147 3060 9.31371 1992
1994 0 3155 3139 3048 6.94427 1993
1995 0 3163 3139 3048 3.65685 1994
1996 0 3167 3139 3044 2 1995
1997 0 3243 3123 3100 6 1975
1998 0 3231 3127 3108 6.94427 1997
1999 0 3211 3127 3108 6 1998
2000 0 3203 3131 3116 9.31371 1999
2001 0 3187 3119 3128 6.94427 2000
2002 0 3171 3115 3132 6 2001
2003 0 3163 3115 3140 9.31371 2002
2004 0 3155 3107 3148 9.31371 2003
2005 0 3139 3099 3148 6 2004
2006 0 3123 3091 3152 6 2005
2007 0 3111 3083 3152 6.94427 2006
2008 0 3095 3071 3164 9.31371 2007
2009 0 3091 3059 3168 6 2008
2010 0 3087 3043 3172 6.94427 2009
2011 0 3079 3031 3184 6.94427 2010
2012 0 3071 3023 3192 6 2011
2013 0 3067 3003 3212 10 2012
2014 0 3071 2991 3228 3.65685 2013
2015 0 3075 2987 3228 2 2014
2016 0 3167 3139 3152 10 2003
2017 0 3159 3163 3160 6 2016
2018 0 3155 3171 3168 6.94427 2017
2019 0 3139 3179 3176 6.94427 2018
2020 0 3131 3187 3176 6.94427 2019
2021 0 3123 3195 3188 9.31371 2020
2022 0 3127 3203 3200 3.65685 2021
2023 0 3127 3207 3208 6 2022
2024 0 3131 3211 3212 6 2023
2025 0 3259 3147 3104 6.94427 1974
2026 2 3268 3156 3104 9.23607 2025
2027 0 3283 3159 3112 6.94427 2026
2028 0 3295 3167 3128 6 2027
2029 0 3303 3175 3140 6.94427 2028
2030 0 3311 3179 3152 9.31371 2029
2031 0 3311 3191 3168 6.94427 2030
2032 0 3299 3191 3180 6 2031
2033 0 3291 3187 3188 6 2032
2034 0 3255 3171 3124 10 2026
2035 0 3271 3187 3132 6.94427 2034
2036 0 3283 3199 3140 6 2035
2037 0 3287 3207 3156 6.94427 2036
2038 0 3335 3095 3088 10.6491 1912
2039 0 3319 3079 3076 14.4924 2038
2040 0 3315 3071 3064 6 2039
2041 0 3307 3067 3056 9.31371 2040
2042 0 3299 3071 3044 9.31371 2041
2043 0 3295 3067 3032 2 2042
2044 0 3291 3067 3028 2 2043
2045 0 3339 3087 3132 22 1911
2046 0 3323 3055 3116 6.94427 2045
2047 0 3327 3047 3108 10 2046
2048 0 3345.22 3022.56 3109.78 6.41968 2047
2049 0 3351 3011 3100 6 2048
2050 0 3371 3011 3088 6 2049
2051 0 3387 2999 3084 6.94427 2050
2052 0 3403 2987 3084 6 2051
2053 0 3423 2975 3084 6.94427 2052
2054 0 3427 2967 3080 6 2053
2055 0 3427 2955 3080 2 2054
2056 0 3427 2947 3084 6 2055
2057 0 3419 2939 3084 9.31371 2056
2058 0 3407 2935 3084 6 2057
2059 0 3391 2935 3084 6 2058
2060 0 3379 2935 3084 6.94427 2059
2061 0 3371 2943 3080 2 2060
2062 0 3371 2947 3080 2 2061
2063 0 3355 3011 3124 9.31371 2048
2064 0 3375 2983 3136 10 2063
2065 0 3407 2975 3156 9.31371 2064
2066 0 3415 2967 3164 6.94427 2065
2067 0 3427 2955 3172 9.31371 2066
2068 0 3415 3087 3072 9.31371 1910
2069 0 3403 3075 3056 9.31371 2068
2070 0 3443 3167 3068 6 1906
2071 0 3439 3171 3064 6 2070
2072 0 3439 3187 3068 6 2071
2073 0 3443 3203 3080 6 2072
2074 0 3459 3095 3020 10 339
2075 0 3447 3091 3024 6 2074
2076 0 3427 3091 3044 6.94427 2075
2077 0 3423 3091 3052 2 2076
2078 0 3419 3091 3056 2 2077
2079 2 3493.75 3095.23 2978.73 21.8218 338
2080 0 3475 3059 2972 6.94427 2079
2081 0 3475 3039 2972 6 2080
2082 0 3483 3019 2968 9.31371 2081
2083 0 3491 3011 2960 6.94427 2082
2084 0 3499 3003 2952 9.31371 2083
2085 0 3503 3003 2940 6.94427 2084
2086 0 3511 3003 2932 2 2085
2087 2 3513 3003 2930 2 2086
2088 0 3515 3003 2928 2 2087
2089 0 3519 3007 2924 6 2088
2090 0 3523 3003 2912 6.94427 2089
2091 0 3543 2995 2904 6 2090
2092 0 3559 2995 2904 6 2091
2093 0 3575 2999 2904 6 2092
2094 0 3591 2999 2904 6 2093
2095 0 3599 3003 2912 6 2094
2096 0 3615 3007 2916 6 2095
2097 0 3507 2999 2924 6 2087
2098 0 3507 2995 2912 6.94427 2097
2099 0 3511 3007 2896 6 2098
2100 0 3523 3023 2880 6.94427 2099
2101 0 3531 3027 2872 9.31371 2100
2102 0 3539 3035 2864 6 2101
2103 0 3479 3067 2948 10.6491 2079
2104 0 3471 3051 2932 6 2103
2105 0 3467 3047 2928 6 2104
2106 0 3463 3047 2920 2 2105
2107 0 3459 3043 2916 6 2106
2108 0 3451 3039 2908 6 2107
2109 0 3443 3039 2900 6 2108
2110 0 3431 3039 2888 9.31371 2109
2111 0 3423 3039 2880 9.31371 2110
2112 0 3511 3091 2872 10.6491 337
2113 0 3499 3091 2868 6.94427 2112
2114 2 3618.08 3152.32 2827.03 27.844 336
2115 0 3647 3167 2836 9.31371 2114
2116 0 3663 3167 2836 2 2115
2117 0 3671 3171 2844 6 2116
2118 0 3679 3171 2848 6 2117
2119 0 3687 3167 2852 3.65685 2118
2120 0 3695 3167 2856 6 2119
2121 0 3707 3159 2868 6.94427 2120
2122 0 3715 3155 2876 9.31371 2121
2123 0 3723 3147 2892 6 2122
2124 0 3731 3139 2904 6 2123
2125 0 3731 3123 2916 6 2124
2126 0 3731 3107 2920 6.94427 2125
2127 0 3731 3099 2924 6 2126
2128 0 3591 3163 2780 6 2114
2129 0 3575 3163 2776 6 2128
2130 0 3563 3155 2772 6 2129
2131 0 3623 3163 2808 22.3311 336
2132 0 3647 3171 2796 6 2131
2133 0 3663 3171 2800 6 2132
2134 0 3679 3171 2812 6 2133
2135 0 3687 3171 2820 6 2134
2136 0 3691 3167 2824 2 2135
2137 0 3695 3167 2828 3.65685 2136
2138 0 3699 3167 2828 3.65685 2137
2139 0 3703 3163 2832 3.65685 2138
2140 0 3711 3159 2832 3.65685 2139
2141 0 3719 3155 2832 3.65685 2140
2142 0 3727 3147 2836 6.94427 2141
2143 0 3735 3135 2840 6 2142
2144 0 3743 3123 2836 6.94427 2143
2145 0 3751 3123 2840 2 2144
2146 0 3755 3127 2844 2 2145
2147 0 3555 3075 2784 18 335
2148 0 3531 3051 2768 6 2147
2149 0 3519 3035 2756 6 2148
2150 0 3515 3027 2756 6.94427 2149
2151 0 3519 3019 2748 9.31371 2150
2152 0 3523 3003 2732 6 2151
2153 0 3532.14 2992.71 2716.57 9.80392 2152
2154 0 3539 2979 2688 6 2153
2155 0 3539 2979 2680 6 2154
2156 0 3547 2975 2668 6 2155
2157 0 3555 2967 2660 10 2156
2158 0 3563 2959 2652 6.94427 2157
2159 2 3580 2951 2639 8.33359 2158
2160 0 3591 2943 2628 10 2159
2161 0 3599 2939 2620 6.94427 2160
2162 0 3615 2943 2608 10.6491 2161
2163 0 3636.33 2951 2586.67 18 2162
2164 0 3659 2939 2568 10.6491 2163
2165 0 3675 2923 2552 6.94427 2164
2166 0 3683 2907 2536 9.31371 2165
2167 0 3687 2891 2520 10.6491 2166
2168 0 3691 2867 2488 10 2167
2169 0 3695 2859 2480 6 2168
2170 0 3695 2863 2464 6 2169
2171 0 3707 2863 2448 6 2170
2172 0 3715 2867 2436 9.31371 2171
2173 0 3719 2863 2428 6 2172
2174 0 3719 2851 2412 6 2173
2175 0 3723 2843 2396 9.31371 2174
2176 0 3727 2839 2388 6 2175
2177 0 3731 2839 2372 6 2176
2178 0 3735 2831 2356 6.94427 2177
2179 0 3739 2827 2344 6.94427 2178
2180 0 3735 2823 2336 3.65685 2179
2181 0 3735 2823 2328 3.65685 2180
2182 0 3735 2823 2324 3.65685 2181
2183 0 3739 2819 2320 3.65685 2182
2184 0 3739 2819 2316 2 2183
2185 0 3739 2819 2312 2 2184
2186 0 3643 2979 2584 10.6491 2163
2187 0 3651 2991 2584 6.94427 2186
2188 0 3651 3003 2580 6 2187
2189 0 3655 3011 2580 3.65685 2188
2190 0 3655 3019 2576 6 2189
2191 0 3663 3035 2576 6 2190
2192 0 3663 3051 2576 6 2191
2193 0 3667 3059 2576 6.94427 2192
2194 0 3675 3071 2580 2 2193
2195 0 3591 2939 2656 9.31371 2159
2196 0 3603 2935 2672 3.65685 2195
2197 0 3611 2935 2676 6 2196
2198 0 3619 2935 2676 6 2197
2199 0 3631 2927 2676 2 2198
2200 0 3519 2983 2708 3.65685 2153
2201 0 3515 2979 2704 3.65685 2200
2202 0 3511 2975 2696 6 2201
2203 0 3507 2967 2684 6 2202
2204 0 3507 2963 2676 3.65685 2203
2205 0 3503 2959 2672 6 2204
2206 0 3499 2959 2652 3.65685 2205
2207 0 3499 2959 2644 6 2206
2208 0 3503 2959 2636 6 2207
2209 0 3507 2959 2628 3.65685 2208
2210 0 3507 2959 2612 6.94427 2209
2211 0 3507 2947 2596 6 2210
2212 0 3507 2931 2580 6 2211
2213 0 3507 2919 2572 10.6491 2212
2214 0 3523 2903 2560 10.6491 2213
2215 0 3543 2895 2556 3.65685 2214
2216 0 3551 2895 2548 6 2215
2217 0 3547 2895 2536 6 2216
2218 0 3547 2895 2528 6 2217
2219 0 3543 2899 2524 6 2218
2220 0 3539 2899 2508 6 2219
2221 0 3543 2903 2504 6 2220
2222 0 3543 3099 2776 6 2147
2223 0 3539 3115 2776 6 2222
2224 0 3539 3131 2776 6 2223
2225 0 3543 3143 2776 9.31371 2224
2226 0 3535 3163 2792 6.94427 2225
2227 0 3527 3175 2792 6 2226
2228 0 3507 3191 2800 6.94427 2227
2229 0 3495 3195 2804 12.4222 2228
2230 0 3479 3195 2804 10 2229
2231 0 3735 2951 3016 14 162
2232 0 3715 2927 3004 6.94427 2231
2233 0 3707 2919 3000 6 2232
2234 0 3003 2475 5700 12.4222 81
2235 0 2999 2471 5732 10.6491 2234
2236 0 2987 2471 5764 10 2235
2237 0 2987 2479 5776 6.94427 2236
2238 2 3012.29 2524.1 5675.57 20.7463 80
2239 0 3031 2543 5672 21.3238 2238
2240 0 3079 2547 5676 12.4222 2239
2241 0 3091 2555 5684 10.6491 2240
2242 0 3127 2567 5692 14 2241
2243 0 3159 2571 5700 19.5407 2242
2244 0 3179 2571 5708 14 2243
2245 0 3191 2559 5708 2 2244
2246 0 3191 2555 5708 2 2245
2247 0 3043 2527 5704 14 2238
2248 0 3063 2523 5724 10.6491 2247
2249 0 3059 2519 5744 9.31371 2248
2250 0 3055 2519 5756 6 2249
2251 0 3059 2519 5764 6 2250
2252 0 3071 2523 5768 10.6491 2251
2253 0 3095 2523 5788 9.31371 2252
2254 0 3095 2531 5800 6 2253
2255 2 2930.09 2560.42 5639.09 55.6301 79
2256 2 2924.48 2564.47 5634.74 55.1502 2255
2257 2 2899.44 2579.08 5622.22 36.1388 2256
2258 0 2843 2607 5564 10 2257
2259 0 2839 2631 5548 10 2258
2260 0 2835 2659 5540 14.4924 2259
2261 0 2811 2679 5548 6.94427 2260
2262 0 2795 2695 5560 9.31371 2261
2263 0 2791 2707 5568 9.31371 2262
2264 0 2795 2715 5572 3.65685 2263
2265 0 2791 2719 5572 2 2264
2266 2 2919.33 2534.86 5604.92 38.8533 2257
2267 0 2919 2515 5588 30.9848 2266
2268 0 2895 2551 5568 21.3238 2266
2269 0 2903 2571 5560 6.94427 2268
2270 0 2955 2539 5568 21.3238 2256
2271 0 2971 2539 5548 9.31371 2270
2272 0 2947 2575 5588 26.8444 2255
2273 0 2935 2575 5544 22 2272
2274 0 2959 2463 5692 14.9706 78
2275 0 2959 2451 5704 9.31371 2274
2276 0 2963 2439 5704 2 2275
2277 0 2963 2435 5704 2 2276
2278 0 2979 2519 5744 14 77
2279 0 2991 2531 5736 6 2278
2280 0 2991 2539 5736 6 2279
2281 0 2967 2483 5792 10.6491 76
2282 0 2975 2471 5800 12.4222 2281
2283 0 2975 2471 5828 10.6491 2282
2284 0 2975 2475 5856 9.31371 2283
2285 0 2979 2471 5880 10 2284
2286 0 2983 2459 5912 10.6491 2285
2287 0 2983 2427 5948 14 2286
2288 0 2979 2411 5972 14 2287
2289 0 2975 2407 6012 14.4924 2288
2290 0 2967 2403 6040 14 2289
2291 0 2959 2395 6068 9.31371 2290
2292 0 2955 2391 6096 9.31371 2291
2293 0 2955 2387 6120 10.6491 2292
2294 0 2951 2387 6144 10 2293
2295 0 2939 2395 6168 14 2294
2296 0 2935 2399 6200 14 2295
2297 0 2931 2391 6236 12.4222 2296
2298 0 2931 2383 6260 10 2297
2299 0 2931 2371 6296 12.4222 2298
2300 0 2931 2363 6328 10 2299
2301 0 2931 2363 6352 10 2300
2302 0 2931 2359 6388 14 2301
2303 0 2923 2351 6428 14.4924 2302
2304 0 2915 2343 6468 12.4222 2303
2305 0 2911 2339 6496 12.4222 2304
2306 0 2907 2331 6520 12.4222 2305
2307 0 2899 2323 6560 14 2306
2308 0 2899 2323 6592 12.4222 2307
2309 0 2899 2315 6624 14 2308
2310 0 2899 2311 6656 10.6491 2309
2311 0 2899 2331 6696 18 2310
2312 0 2895 2331 6720 18 2311
2313 0 2895 2331 6752 28.4631 2312
2314 0 2883 2335 6788 38 2313
2315 0 2851 2327 6840 18.3961 2314
2316 0 2831 2335 6876 18 2315
2317 0 2819 2343 6924 14 2316
2318 0 2819 2359 6956 18.3961 2317
2319 0 2831 2359 6976 21.3238 2318
2320 0 2851 2359 6988 14.4924 2319
2321 0 2867 2363 6988 2 2320
2322 0 2871 2363 6988 2 2321
2323 0 2947 2363 6744 12.4222 2313
2324 0 2943 2367 6732 6.94427 2323
2325 0 2955 2507 5800 9.31371 75
2326 0 2947 2507 5816 9.31371 2325
2327 0 2947 2519 5832 6 2326
2328 0 2943 2531 5848 9.31371 2327
2329 0 2943 2535 5864 6.94427 2328
2330 0 2943 2535 5888 10 2329
2331 0 2951 2539 5900 12.4222 2330
2332 0 2967 2543 5916 9.31371 2331
2333 0 2979 2547 5924 6 2332
2334 0 2979 2543 5940 6.94427 2333
2335 0 2987 2543 5956 6 2334
2336 0 2987 2543 5964 6 2335
2337 0 2983 2547 5968 6 2336
2338 0 2979 2551 5972 3.65685 2337
2339 0 2975 2547 5976 2 2338
2340 0 2907 2567 5972 14.4924 67
2341 0 2915 2579 5980 14 2340
2342 0 2923 2591 5980 6.94427 2341
2343 0 2935 2603 5976 9.31371 2342
2344 0 2963 2611 5960 18 2343
2345 0 2979 2615 5952 12.4222 2344
2346 0 2899 2555 6008 22 66
2347 0 2887 2555 6028 14 2346
2348 0 2871 2575 6032 12.4222 2347
2349 0 2895 2475 6100 6.94427 61
2350 0 2911 2479 6084 6 2349
2351 0 2919 2479 6076 6 2350
2352 0 2927 2483 6064 9.31371 2351
2353 0 2939 2491 6052 6.94427 2352
2354 0 2951 2495 6040 9.31371 2353
2355 0 2967 2503 6028 9.31371 2354
2356 0 2935 2463 6172 14 59
2357 0 2951 2471 6176 14.9706 2356
2358 0 2967 2475 6176 9.31371 2357
2359 0 2919 2471 6248 9.31371 57
2360 0 2935 2463 6260 3.65685 2359
2361 0 2939 2463 6260 2 2360
2362 2 2891.11 2467.77 6259.46 10.1266 56
2363 0 2883 2455 6268 9.31371 2362
2364 0 2879 2443 6268 12.4222 2363
2365 0 2871 2419 6272 6.94427 2364
2366 0 2879 2407 6288 6 2365
2367 0 2907 2459 6268 6 2362
2368 0 2899 2451 6284 6 2367
2369 0 2899 2447 6292 6 2368
2370 0 2871 2459 6288 6 55
2371 0 2863 2451 6296 6.94427 2370
2372 0 2859 2443 6300 9.31371 2371
2373 0 2935 2495 6320 30 54
2374 0 2979 2499 6316 42 2373
2375 2 2999.16 2507.06 6309.95 37.1663 2374
2376 2 3011 2511.8 6306.4 34.3274 2375
2377 0 3058.32 2560.24 6313.24 30.0814 2376
2378 0 3087 2571 6324 14 2377
2379 0 3095 2587 6328 18 2378
2380 0 3099 2607 6332 14.4924 2379
2381 2 3106.48 2625.7 6350.7 17.7727 2380
2382 0 3123 2643 6352 6.94427 2381
2383 0 3131 2651 6356 6 2382
2384 2 3142.33 2662.33 6367.33 13.5556 2383
2385 0 3167 2663 6372 10.6491 2384
2386 0 3195 2675 6372 9.31371 2385
2387 0 3207 2679 6372 6.94427 2386
2388 0 3231 2687 6368 12.4222 2387
2389 0 3267 2691 6368 10 2388
2390 0 3295 2703 6372 9.31371 2389
2391 0 3311 2715 6388 9.31371 2390
2392 0 3327 2731 6396 3.65685 2391
2393 0 3327 2735 6396 3.65685 2392
2394 0 3331 2739 6396 2 2393
2395 0 3331 2743 6396 2 2394
2396 0 3115 2675 6380 6 2384
2397 0 3107 2675 6380 6.94427 2396
2398 0 3091 2687 6376 6 2397
2399 0 3083 2687 6376 6 2398
2400 0 3075 2687 6376 3.65685 2399
2401 0 3071 2691 6372 2 2400
2402 0 3067 2691 6372 2 2401
2403 0 3095 2639 6336 6.94427 2381
2404 0 3079 2655 6336 6 2403
2405 0 3071 2667 6332 6 2404
2406 0 3067 2671 6328 6 2405
2407 0 3059 2667 6328 6 2406
2408 0 3051 2667 6320 6.94427 2407
2409 0 3071 2595 6312 15.8885 2377
2410 0 3075 2611 6320 14 2409
2411 0 3087 2631 6316 2 2410
2412 0 3087 2635 6316 2 2411
2413 0 3087 2639 6312 3.65685 2412
2414 0 3087 2647 6304 3.65685 2413
2415 0 3079 2651 6296 6.94427 2414
2416 0 3067 2663 6292 15.8885 2415
2417 0 3047 2659 6296 14.9706 2416
2418 0 3051 2643 6316 3.65685 2417
2419 0 3055 2639 6316 2 2418
2420 0 3031 2527 6276 24.8328 2376
2421 0 3051 2547 6280 18 2420
2422 0 3059 2559 6268 6 2421
2423 0 3063 2563 6252 6 2422
2424 0 3063 2563 6236 6.94427 2423
2425 0 3063 2563 6216 6 2424
2426 0 3054 2563 6195 10 2425
2427 0 3015 2559 6172 9.31371 2426
2428 0 3003 2563 6172 6 2427
2429 0 2991 2567 6168 6.94427 2428
2430 0 2975 2567 6168 6 2429
2431 0 2959 2567 6164 6.94427 2430
2432 0 2935 2571 6160 10.6491 2431
2433 0 2911 2575 6172 6.94427 2432
2434 0 2899 2583 6184 6 2433
2435 0 2895 2587 6188 6 2434
2436 0 2895 2595 6192 2 2435
2437 0 2895 2599 6196 3.65685 2436
2438 0 2891 2603 6196 2 2437
2439 0 3071 2559 6164 10.6491 2426
2440 0 3079 2559 6156 10 2439
2441 0 3087 2559 6148 6 2440
2442 0 3091 2559 6136 6 2441
2443 0 3095 2559 6120 9.31371 2442
2444 0 3095 2563 6108 6 2443
2445 0 3023 2459 6284 14 2375
2446 0 3027 2447 6272 6.94427 2445
2447 0 3027 2439 6256 6.94427 2446
2448 0 3031 2427 6236 10 2447
2449 0 3035 2403 6224 10 2448
2450 0 3039 2391 6216 9.31371 2449
2451 0 3043 2383 6212 3.65685 2450
2452 0 3043 2379 6208 2 2451
2453 0 3035 2507 6352 18 2374
2454 0 3055 2515 6356 15.8885 2453
2455 0 3075 2543 6356 30.9848 2454
2456 0 3091 2583 6360 14 2455
2457 0 3083 2599 6360 12.4222 2456
2458 0 3071 2603 6352 9.31371 2457
2459 0 3019 2539 6364 15.8885 2374
2460 0 3019 2555 6360 12.4222 2459
2461 0 3007 2567 6364 12.4222 2460
2462 0 2971 2567 6376 14.9706 2461
2463 0 2959 2579 6376 12.4222 2462
2464 0 2939 2495 6368 28.4631 2373
2465 0 2875 2443 6328 6.94427 53
2466 0 2875 2431 6320 12.4222 2465
2467 0 2883 2423 6312 9.31371 2466
2468 0 2891 2427 6304 6 2467
2469 0 2895 2427 6296 6 2468
2470 2 2834.72 2494.15 6399.81 13.9687 52
2471 0 2811 2507 6420 6.94427 2470
2472 0 2803 2499 6424 6 2471
2473 0 2815 2467 6396 10 2470
2474 0 2807 2463 6388 6 2473
2475 0 2803 2459 6384 6 2474
2476 0 2795 2459 6384 3.65685 2475
2477 0 2791 2459 6388 2 2476
2478 0 2867 2455 6448 14.9706 51
2479 0 2855 2435 6440 10 2478
2480 0 2843 2407 6452 18 2479
2481 0 2827 2387 6468 6.94427 2480
2482 0 2835 2519 6428 14.4924 50
2483 0 2823 2527 6440 10.6491 2482
2484 0 2811 2523 6440 6 2483
2485 0 2827 2479 6440 14 49
2486 0 2827 2463 6440 10.6491 2485
2487 0 2831 2455 6432 6.94427 2486
2488 0 2795 2515 6488 20.6274 47
2489 0 2751 2515 6496 10 2488
2490 0 2727 2531 6472 12.4222 2489
2491 0 2707 2547 6468 12.4222 2490
2492 0 2691 2579 6440 12.4222 2491
2493 0 2687 2587 6412 9.31371 2492
2494 0 2687 2587 6396 6 2493
2495 0 2691 2587 6380 6 2494
2496 0 2695 2587 6364 9.31371 2495
2497 0 2691 2583 6344 3.65685 2496
2498 0 2687 2583 6340 2 2497
2499 0 2671 2595 6456 9.31371 2492
2500 0 2667 2603 6468 9.31371 2499
2501 0 2659 2607 6484 3.65685 2500
2502 0 2659 2607 6492 3.65685 2501
2503 0 2655 2603 6496 2 2502
2504 0 2863 2507 6672 12.4222 41
2505 0 2855 2499 6688 15.8885 2504
2506 0 2863 2507 6732 12.4222 40
2507 0 2863 2499 6744 9.31371 2506
2508 0 2911 2527 6728 19.5407 39
2509 0 2911 2507 6740 9.31371 2508
2510 0 2903 2499 6744 6 2509
2511 0 2823 2555 6868 10.6491 36
2512 0 2811 2551 6884 18 2511
2513 0 2795 2543 6916 14 2512
2514 0 2807 2519 6968 6.94427 34
2515 0 2807 2511 6960 3.65685 2514
2516 0 2811 2507 6956 6 2515
2517 0 2815 2499 6952 6 2516
2518 0 2803 2447 7096 12.4222 31
2519 0 2803 2427 7096 10 2518
2520 0 2819 2407 7104 23.6125 2519
2521 0 2831 2383 7092 24.8328 2520
2522 2 2831 2359 7092 19.3156 2521
2523 0 2831 2355 7092 18.3961 2522
2524 2 2851.94 2344.53 7067.57 28.7359 2523
2525 0 2855 2343 7064 30.249 2524
2526 0 2871 2383 7044 6 2525
2527 0 2863 2387 7040 6 2526
2528 0 2847 2403 7028 10.6491 2527
2529 0 2839 2427 7024 10.6491 2528
2530 0 2831 2451 7032 14 2529
2531 0 2891 2319 7068 14 2525
2532 0 2899 2307 7076 6 2531
2533 0 2843 2327 7032 14 2524
2534 2 2855.76 2340.52 7019.62 14.4972 2533
2535 0 2863 2355 7016 10 2534
2536 0 2831 2363 7004 23.6125 2534
2537 0 2803 2391 7000 3.65685 2536
2538 0 2799 2395 7000 2 2537
2539 0 2799 2399 7000 2 2538
2540 0 2847 2319 7104 30.249 2523
2541 0 2839 2275 7148 18 2540
2542 0 2835 2255 7148 14 2541
2543 0 2823 2243 7148 3.65685 2542
2544 0 2819 2235 7148 3.65685 2543
2545 0 2815 2231 7148 3.65685 2544
2546 0 2811 2227 7144 2 2545
2547 0 2811 2363 7052 12.4222 2522
2548 0 2811 2367 7040 6.94427 2547
2549 0 2815 2371 7024 6.94427 2548
2550 0 2823 2375 7024 3.65685 2549
2551 0 2859 2387 7112 10.6491 2521
2552 0 2863 2387 7124 6 2551
2553 0 2863 2391 7132 6 2552
2554 0 2867 2399 7140 9.31371 2553
2555 0 2883 2407 7148 3.65685 2554
2556 0 2887 2411 7152 2 2555
2557 2 2741.42 2489.84 7158.6 19.579 29
2558 0 2739 2491 7160 19.5407 2557
2559 0 2739 2491 7196 14 2558
2560 0 2739 2499 7212 9.31371 2559
2561 0 2731 2507 7216 6 2560
2562 0 2727 2519 7228 6.94427 2561
2563 0 2715 2535 7236 6.94427 2562
2564 0 2711 2543 7240 6 2563
2565 0 2715.67 2522.33 7160 13.6873 2558
2566 0 2687 2527 7176 9.31371 2565
2567 0 2667 2519 7192 9.31371 2566
2568 0 2663 2523 7200 6 2567
2569 0 2723 2551 7148 10 2565
2570 0 2719 2575 7132 9.31371 2569
2571 0 2723 2583 7128 3.65685 2570
2572 0 2727 2587 7128 2 2571
2573 0 2759 2503 7176 14 2557
2574 0 2783 2499 7184 6 2573
2575 0 2791 2499 7188 6 2574
2576 0 2719 2471 7216 18 28
2577 0 2691 2483 7216 9.31371 2576
2578 0 2683 2491 7212 9.31371 2577
2579 0 2683 2491 7196 6 2578
2580 0 2691 2487 7180 14 2579
2581 0 2691 2479 7168 9.31371 2580
2582 0 2679 2511 7224 6.94427 2578
2583 0 2675 2523 7232 6 2582
2584 0 2672.54 2385.06 7224.52 38.1858 27
2585 2 2649.25 2378.08 7240.82 32.5021 2584
2586 2 2641.85 2366.44 7276.55 33.4812 2585
2587 2 2640.99 2368.37 7293.37 32.0446 2586
2588 2 2633.28 2388.93 7313.93 21.2032 2587
2589 0 2611 2419 7316 14.4924 2588
2590 0 2595 2443 7320 10 2589
2591 0 2587 2459 7332 10.6491 2590
2592 0 2579 2471 7336 6.94427 2591
2593 0 2575 2487 7340 10 2592
2594 0 2567 2495 7332 12.4222 2593
2595 0 2563 2519 7320 6 2594
2596 0 2563 2527 7312 6 2595
2597 0 2627 2391 7344 18 2588
2598 0 2607 2411 7360 18 2597
2599 0 2587 2419 7388 9.31371 2598
2600 0 2583 2411 7396 9.31371 2599
2601 0 2679 2379 7360 12.4222 2587
2602 0 2683 2391 7372 14.9706 2601
2603 0 2699 2399 7404 14.4924 2602
2604 0 2711 2407 7416 9.31371 2603
2605 0 2723 2403 7416 6 2604
2606 0 2695 2407 7356 10 2602
2607 0 2683 2403 7336 6 2606
2608 0 2643 2323 7260 15.8885 2586
2609 0 2635 2307 7256 18 2608
2610 0 2639 2291 7248 10.6491 2609
2611 0 2639 2295 7236 6 2610
2612 0 2639 2299 7224 9.31371 2611
2613 0 2627 2307 7212 14.4924 2612
2614 0 2619 2299 7200 9.31371 2613
2615 0 2583 2375 7276 18.3961 2586
2616 0 2579 2367 7256 14 2615
2617 0 2591 2347 7248 2 2616
2618 0 2591 2343 7248 2 2617
2619 0 2627 2363 7208 21.3238 2585
2620 0 2639 2343 7208 6.94427 2619
2621 0 2647 2335 7208 6 2620
2622 0 2655 2423 7200 14 2584
2623 0 2671 2439 7180 6 2622
2624 0 2675 2443 7176 2 2623
2625 0 2679 2443 7176 2 2624
2626 0 2819 2315 7180 15.8885 27
2627 0 2827 2307 7164 12.4222 2626
2628 2 2871.95 2490.21 7250.69 40.1802 26
2629 2 2880.94 2499.24 7256.24 39.2594 2628
2630 0 2903 2515 7272 37.3954 2629
2631 2 2903 2516.15 7274.6 36.5936 2630
2632 2 2903 2526.38 7297.61 29.4916 2631
2633 2 2903 2529.27 7304.1 27.487 2632
2634 0 2899 2543 7332 10.6491 2633
2635 0 2907 2555 7348 6 2634
2636 0 2919 2551 7364 6 2635
2637 0 2919 2547 7372 6 2636
2638 0 2903 2535 7400 14.9706 2637
2639 0 2899 2531 7420 18 2638
2640 0 2903 2527 7440 12.4222 2639
2641 0 2899 2499 7324 14 2633
2642 0 2903 2503 7340 9.31371 2641
2643 0 2915 2499 7352 2 2642
2644 0 2919 2499 7352 2 2643
2645 0 2891 2575 7296 12.4222 2632
2646 0 2887 2587 7292 9.31371 2645
2647 0 2907 2567 7256 14 2631
2648 0 2895 2571 7248 9.31371 2647
2649 0 2891 2579 7236 10 2648
2650 0 2899 2579 7220 14.9706 2649
2651 0 2903 2571 7204 12.4222 2650
2652 0 2963 2507 7268 6 2630
2653 0 2987 2511 7268 10 2652
2654 0 3011 2535 7276 15.8885 2653
2655 0 3007 2551 7284 6 2654
2656 0 3003 2559 7292 6 2655
2657 0 2995 2563 7304 6 2656
2658 0 2923 2503 7224 14.9706 2629
2659 0 2939 2503 7212 14.9706 2658
2660 0 2943 2519 7204 6 2659
2661 0 2839 2491 7200 18 2628
2662 0 2859 2487 7160 10 2661
2663 2 2753.67 2333.51 7281.5 41.0817 25
2664 2 2732.23 2318.49 7305.9 31.4065 2663
2665 2 2726.51 2312.04 7314.96 27.1674 2664
2666 0 2723 2291 7336 12.4222 2665
2667 2 2715 2289.62 7354.92 10 2666
2668 0 2719 2287 7380 10 2667
2669 0 2719 2283 7400 10 2668
2670 0 2731 2287 7420 6 2669
2671 0 2743 2287 7440 9.31371 2670
2672 0 2747 2283 7464 6.94427 2671
2673 0 2743 2283 7484 6 2672
2674 0 2739 2283 7492 3.65685 2673
2675 0 2739 2287 7496 2 2674
2676 0 2703 2303 7364 10.6491 2667
2677 0 2695 2311 7372 6 2676
2678 0 2679 2315 7384 10 2677
2679 0 2667 2311 7392 3.65685 2678
2680 0 2667 2311 7396 3.65685 2679
2681 0 2663 2315 7400 2 2680
2682 0 2687 2307 7316 14 2665
2683 0 2683 2299 7328 6 2682
2684 0 2683 2291 7332 6 2683
2685 0 2759 2271 7308 14.9706 2664
2686 0 2775 2243 7308 10 2685
2687 0 2779 2231 7304 6.94427 2686
2688 0 2783 2223 7296 6.94427 2687
2689 0 2779 2211 7284 6.94427 2688
2690 0 2771 2207 7276 6 2689
2691 0 2771 2211 7260 6 2690
2692 0 2695 2339 7260 14.4924 2663
2693 0 2687 2327 7248 10.6491 2692
2694 0 2679 2315 7248 6 2693
2695 0 2823 2299 7228 22.3311 24
2696 0 2827 2263 7208 12.4222 2695
2697 0 2823 2247 7204 10.6491 2696
2698 0 2807 2231 7212 9.31371 2697
2699 0 2791 2219 7220 10 2698
2700 0 2779 2211 7232 6.94427 2699
2701 0 2775 2207 7240 6 2700
2702 0 2779 2207 7248 2 2701
2703 0 2783 2211 7252 2 2702
2704 0 2799 2295 7248 19.5407 24
2705 0 2773.81 2272.7 7250.3 13.6569 2704
2706 0 2755 2283 7248 15.8885 2705
2707 0 2739 2283 7248 10.6491 2706
2708 0 2719 2283 7244 12.4222 2707
2709 0 2711 2275 7236 9.31371 2708
2710 0 2783 2243 7248 6 2705
2711 0 2783 2235 7244 6.94427 2710
2712 0 2775 2231 7240 6 2711
2713 0 2827 2291 7204 15.8885 23
2714 0 2831 2255 7180 12.4222 2713
2715 0 2819 2235 7172 3.65685 2714
2716 0 2815 2231 7168 3.65685 2715
2717 0 2811 2227 7164 2 2716
2718 0 2899 2359 7200 10 22
2719 0 2907 2351 7192 6.94427 2718
2720 0 2919 2335 7188 6 2719
2721 0 2923 2331 7184 6 2720
2722 0 2923 2319 7184 2 2721
2723 0 2903 2299 7236 6 21
2724 0 2907 2283 7228 6 2723
2725 0 2911 2267 7216 9.31371 2724
2726 0 2947 2359 7296 6 20
2727 0 2951 2367 7304 3.65685 2726
2728 0 2951 2371 7308 2 2727
2729 0 2955 2335 7304 12.4222 19
2730 0 2899 2239 7288 10 18
2731 0 2895 2219 7288 3.65685 2730
2732 0 2891 2215 7292 2 2731
2733 0 2879 2247 7344 9.31371 17
2734 0 2879 2247 7356 6 2733
2735 0 2879 2247 7364 6 2734
2736 0 2959 2231 7356 14 16
2737 0 2959 2215 7360 14.9706 2736
2738 0 2943 2215 7376 6.94427 2737
2739 0 2947 2287 7388 18 15
2740 0 2955 2295 7404 18 2739
2741 0 2951 2299 7424 10 2740
2742 0 2951 2303 7436 12.4222 2741
2743 2 3008.81 2325.84 7329.03 18.5713 14
2744 0 3027 2343 7316 9.31371 2743
2745 0 3047 2351 7308 10.6491 2744
2746 0 3055 2359 7304 10 2745
2747 0 3059 2375 7300 2 2746
2748 0 3003 2347 7352 6.94427 2743
2749 0 3015 2363 7360 6.94427 2748
2750 0 3019 2371 7368 6 2749
2751 0 2919 2243 7400 9.31371 13
2752 0 2919 2235 7408 3.65685 2751
2753 0 2923 2227 7416 6 2752
2754 0 2915 2223 7424 6 2753
2755 0 3003 2303 7396 14.4924 12
2756 2 3011.29 2325.43 7414.14 14.2638 2755
2757 0 3035 2371 7420 20.6274 2756
2758 0 3031 2407 7420 10 2757
2759 0 3031 2419 7424 6 2758
2760 0 3031 2435 7424 6 2759
2761 0 3031 2443 7424 3.65685 2760
2762 0 3027 2447 7424 2 2761
2763 0 3003 2327 7432 6 2756
2764 0 3007 2339 7444 6.94427 2763
2765 0 3027 2351 7468 18 2764
2766 0 3031 2359 7488 18 2765
2767 0 3019 2363 7504 6.94427 2766
2768 0 3011 2363 7504 3.65685 2767
2769 0 3007 2363 7508 2 2768
2770 0 3003 2363 7508 2 2769
2771 0 3019 2223 7484 9.31371 7
2772 0 3011 2211 7496 10.6491 2771
2773 0 3003 2203 7496 3.65685 2772
2774 0 2999 2199 7496 2 2773
2775 0 2995 2199 7496 2 2774
