# Generated by NeuTu (https://github.com/janelia-flyem/NeuTu)
1 0 4012 3715 2356 6 -1
2 0 4012 3719 2364 6 1
3 0 4004 3719 2372 10 2
4 0 3992 3707 2384 3.65685 3
5 0 3988 3707 2384 3.65685 4
6 0 3984 3707 2388 2 5
7 0 3980 3707 2392 3.65685 6
8 0 3972 3703 2400 6.94427 7
9 0 3972 3703 2416 6 8
10 0 3968 3699 2428 6.94427 9
11 0 3964 3691 2448 6.94427 10
12 0 3956 3691 2460 6 11
13 0 3952 3683 2468 6 12
14 0 3948 3675 2476 6 13
15 0 3944 3663 2492 6 14
16 0 3940 3659 2496 2 15
17 0 3940 3655 2496 2 16
