# Generated by NeuTu (https://github.com/janelia-flyem/NeuTu)
1 0 3567 3409 2181 6 -1
2 0 3567 3417 2181 6 1
3 0 3567 3433 2181 10 2
4 0 3571 3441 2173 6.94427 3
5 0 3579 3453 2161 9.31371 4
6 0 3579 3461 2153 6 5
7 0 3575 3473 2145 6 6
8 0 3579 3481 2137 3.65685 7
9 0 3583 3485 2133 2 8
10 0 3587 3485 2129 3.65685 9
11 0 3591 3489 2125 3.65685 10
12 0 3595 3493 2121 6 11
13 0 3599 3509 2117 6.94427 12
14 0 3607 3517 2121 6 13
15 0 3611 3521 2125 2 14
16 0 3615 3525 2133 6 15
17 0 3615 3541 2149 6 16
18 0 3611 3553 2161 6 17
19 0 3611 3553 2169 6 18
20 0 3611 3553 2177 3.65685 19
21 0 3611 3557 2185 6 20
22 0 3599 3561 2193 6 21
23 0 3595 3573 2205 6 22
24 0 3595 3581 2209 2 23
25 0 3599 3585 2209 2 24
26 0 3603 3585 2209 2 25
27 0 3607 3585 2209 3.65685 26
28 0 3611 3589 2205 6 27
29 0 3611 3593 2193 3.65685 28
30 0 3615 3597 2189 6 29
31 0 3615 3597 2181 6 30
32 0 3619 3601 2177 3.65685 31
33 0 3619 3605 2165 6 32
34 0 3619 3613 2149 6 33
35 0 3615 3617 2141 6.94427 34
36 0 3615 3617 2121 6 35
37 0 3615 3617 2113 6 36
38 0 3615 3617 2105 3.65685 37
39 0 3611 3613 2093 6 38
