1 0 3833 3425 1958 2 -1
2 0 3829 3421 1962 3.65685 1
3 0 3829 3421 1970 3.65685 2
4 0 3829 3421 1974 3.65685 3
5 0 3829 3421 1978 2 4
6 0 3829 3421 1982 2 5
7 0 3829 3421 1986 3.65685 6
8 0 3833 3425 1990 3.65685 7
9 0 3833 3425 1998 3.65685 8
10 0 3841 3433 2006 3.65685 9
11 0 3837 3437 2010 3.65685 10
12 0 3837 3445 2010 6 11
13 0 3837 3461 2010 6 12
14 0 3833 3481 2014 9.31371 13
15 0 3829 3489 2022 6 14
16 0 3825 3497 2030 6 15
17 0 3825 3501 2046 6.94427 16
18 0 3825 3509 2066 3.65685 17
19 0 3829 3509 2074 3.65685 18
20 0 3829 3509 2082 3.65685 19
21 0 3825 3505 2094 9.31371 20
22 2 3825 3504.53 2107.88 9.52941 21
23 0 3825 3501 2122 6 22
24 0 3829 3497 2126 3.65685 23
25 0 3837 3489 2134 3.65685 24
26 0 3837 3489 2142 6 25
27 0 3837 3485 2154 3.65685 26
28 0 3837 3485 2162 3.65685 27
29 0 3837 3485 2166 3.65685 28
30 0 3837 3485 2174 6 29
31 0 3837 3489 2190 6 30
32 0 3837 3489 2198 6 31
33 0 3833 3489 2206 2 32
34 0 3829 3489 2214 6 33
35 0 3833 3489 2230 6 34
36 0 3833 3485 2242 6 35
37 0 3837 3481 2254 6 36
38 0 3845 3485 2262 6 37
39 0 3849 3493 2274 6 38
40 0 3853 3505 2286 6.94427 39
41 0 3857 3505 2294 3.65685 40
42 0 3861 3509 2298 3.65685 41
43 0 3861 3509 2306 3.65685 42
44 0 3861 3509 2310 3.65685 43
45 0 3865 3513 2314 2 44
46 0 3865 3513 2318 2 45
47 0 3865 3513 2322 2 46
48 0 3869 3513 2326 3.65685 47
49 0 3873 3509 2330 6 48
50 0 3877 3501 2342 6 49
51 0 3877 3485 2358 6 50
52 0 3881 3469 2370 6 51
53 0 3889 3461 2378 6 52
54 0 3889 3457 2386 6 53
55 0 3893 3461 2394 6 54
56 0 3893 3461 2402 3.65685 55
57 0 3897 3465 2406 6 56
58 0 3905 3469 2418 6 57
59 0 3909 3473 2422 6 58
60 0 3913 3477 2426 3.65685 59
61 0 3921 3477 2434 6 60
62 0 3925 3481 2438 3.65685 61
63 0 3925 3481 2442 3.65685 62
64 0 3929 3485 2446 6 63
65 0 3933 3489 2450 6 64
66 0 3941 3493 2450 3.65685 65
67 0 3949 3497 2450 6.94427 66
68 0 3957 3505 2446 6 67
69 0 3969 3509 2446 6 68
70 0 3977 3513 2442 9.31371 69
71 0 3985 3521 2438 6.94427 70
72 0 3993 3529 2438 9.31371 71
73 0 4013 3537 2438 6.94427 72
74 0 4029 3537 2438 6 73
75 0 4037 3537 2438 6 74
76 0 4049 3537 2438 9.31371 75
77 0 4065 3533 2438 6 76
78 0 4085 3529 2438 6 77
79 0 4101 3529 2438 6 78
80 0 4113 3525 2438 9.31371 79
81 0 4121 3521 2442 6.94427 80
82 0 4129 3525 2442 6 81
83 0 4141 3521 2450 9.31371 82
84 0 4162.66 3517 2451.11 9.4453 83
85 0 4173 3517 2458 6 84
86 0 4173 3517 2466 3.65685 85
87 0 4173 3517 2470 3.65685 86
88 0 4177 3521 2474 6 87
89 0 4185 3521 2482 3.65685 88
90 0 4189 3517 2486 6 89
91 0 4193 3517 2502 6 90
92 0 4193 3517 2510 3.65685 91
93 0 4197 3521 2514 6 92
94 0 4201 3521 2526 6 93
95 0 4201 3521 2534 6 94
96 0 4201 3525 2546 9.31371 95
97 0 4209 3529 2558 6.94427 96
98 0 4225 3537 2570 10 97
99 0 4245 3545 2582 9.31371 98
100 0 4253 3545 2590 6 99
101 0 4261 3549 2598 6 100
102 0 4273 3557 2610 6.94427 101
103 0 4285 3573 2622 6.94427 102
104 0 4305 3593 2626 12.4222 103
105 0 4309 3621 2642 6.94427 104
106 0 4309 3629 2650 9.31371 105
107 0 4309 3645 2666 21.3238 106
108 0 4338.59 3679.12 2691.59 18.8073 107
109 0 4357 3709 2706 6.94427 108
110 0 4369 3725 2714 6.94427 109
111 0 4377 3737 2726 6 110
112 0 4381 3745 2734 6 111
113 0 4385 3753 2746 6.94427 112
114 0 4397.8 3774.6 2750 6 113
115 0 4401 3797 2750 6 114
116 0 4401 3813 2750 6 115
117 0 4401 3829 2750 6 116
118 2 4397.6 3847.2 2750 11.6005 117
119 0 4397 3865 2746 9.31371 118
120 0 4393 3881 2746 14 119
121 0 4381 3905 2734 6.94427 120
122 0 4377 3925 2726 9.31371 121
123 0 4369 3949 2714 6.94427 122
124 0 4365 3965 2714 6 123
125 0 4361 3977 2714 10 124
126 0 4349 4009 2714 10.6491 125
127 0 4337 4025 2714 9.31371 126
128 0 4321 4045 2710 6 127
129 0 4317 4065 2698 9.31371 128
130 0 4309 4073 2690 6.94427 129
131 0 4301 4081 2690 10 130
132 0 4285 4109 2682 6 131
133 0 4273 4125 2674 12.4222 132
134 0 4257 4149 2662 14 133
135 0 4269 4181 2650 14.9706 134
136 0 4293 4189 2630 14 135
137 0 4314.69 4203.46 2618 17.9055 136
138 0 4329.57 4214.71 2619.14 25.807 137
139 0 4341 4285 2654 9.31371 138
140 0 4341 4297 2670 6.94427 139
141 0 4337 4293 2686 6 140
142 0 4333 4309 2706 6.94427 141
143 0 4333 4325 2722 6.94427 142
144 0 4341 4337 2738 6.94427 143
145 0 4345 4345 2750 6.94427 144
146 0 4349 4345 2762 6.94427 145
147 0 4377 4345 2774 14 146
148 0 4409 4357 2770 9.31371 147
149 0 4421 4373 2758 6.94427 148
150 0 4437 4389 2758 6.94427 149
151 0 4453 4405 2758 9.31371 150
152 0 4465 4417 2750 6.94427 151
153 0 4477 4417 2750 6.94427 152
154 0 4493 4429 2746 6.94427 153
155 0 4505 4437 2746 10.6491 154
156 0 4529 4445 2746 9.31371 155
157 0 4549 4457 2750 6.94427 156
158 0 4565 4465 2754 6.94427 157
159 0 4593 4473 2766 10 158
160 0 4605 4477 2774 6.94427 159
161 0 4617 4477 2774 10.6491 160
162 0 4633 4493 2774 6 161
163 0 4641 4501 2774 3.65685 162
164 0 4649 4509 2774 6 163
165 0 4649 4517 2774 6 164
166 0 4653 4529 2774 10.6491 165
167 0 4669 4545 2774 9.31371 166
168 0 4681 4553 2770 6.94427 167
169 0 4693 4553 2770 6 168
170 0 4701 4557 2766 9.31371 169
171 0 4713 4561 2750 6.94427 170
172 0 4721 4565 2746 6.94427 171
173 0 4729 4565 2738 10.6491 172
174 0 4741 4561 2730 6.94427 173
175 0 4753 4569 2726 12.4222 174
176 0 4765 4573 2718 6 175
177 0 4773 4573 2710 6 176
178 0 4781 4573 2710 2 177
179 0 4785 4573 2710 2 178
180 0 4345 4169 2630 10 138
181 0 4341 4157 2634 6.94427 180
182 0 4317 4213 2574 6.94427 137
183 0 4317 4217 2554 6.94427 182
184 0 4325 4225 2546 6 183
185 0 4325 4229 2530 6 184
186 0 4325 4229 2522 6 185
187 0 4329 4237 2514 6 186
188 0 4329 4245 2494 6 187
189 0 4325 4245 2486 6 188
190 0 4321 4245 2478 3.65685 189
191 0 4317 4249 2474 2 190
192 0 4317 4249 2470 2 191
193 0 4393 3841 2766 6 118
194 0 4405 3833 2782 10 193
195 0 4417 3837 2786 6 194
196 0 4421 3841 2790 6 195
197 0 4397 3777 2738 6 114
198 0 4393 3773 2734 6 197
199 0 4393 3765 2730 3.65685 198
200 0 4389 3761 2726 6 199
201 0 4385 3749 2714 6 200
202 0 4381.58 3740.42 2705.42 5.42265 201
203 0 4385 3737 2702 2 202
204 0 4385 3737 2698 2 203
205 0 4373 3721 2690 6.94427 202
206 0 4365 3709 2678 6.94427 205
207 0 4313 3657 2718 14.4924 108
208 0 4317 3633 2722 2 207
209 0 4313 3629 2718 2 208
210 0 4325 3577 2606 9.31371 104
211 0 4337 3565 2594 6 210
212 0 4353 3561 2578 6.94427 211
213 0 4357 3569 2570 3.65685 212
214 0 4361 3573 2566 2 213
215 0 4361 3577 2566 2 214
216 0 4173 3505 2430 6.94427 84
217 0 4169 3497 2414 10 216
218 0 4169 3477 2394 9.31371 217
219 0 4161 3461 2382 6.94427 218
220 0 4149 3445 2378 6.94427 219
221 0 4145 3437 2374 3.65685 220
222 0 4145 3433 2370 3.65685 221
223 0 4137 3425 2362 9.31371 222
224 0 4149 3405 2354 12.4222 223
225 0 4145 3393 2350 9.31371 224
226 0 4145 3373 2326 9.31371 225
227 0 4137 3357 2310 6.94427 226
228 0 4129 3345 2294 6 227
229 0 4125 3325 2266 12.4222 228
230 0 4117 3313 2230 21.3238 229
231 0 4101 3285 2202 14 230
232 0 4105 3269 2202 10.6491 231
233 0 4101 3249 2206 12.4222 232
234 0 4101 3237 2202 9.31371 233
235 0 4113 3201 2194 9.31371 234
236 0 4121 3181 2186 10 235
237 0 4133 3165 2186 10 236
238 0 4137 3153 2190 10 237
239 0 4129 3141 2194 6 238
240 0 4133 3329 2190 23.6125 230
241 0 4145 3333 2170 14.4924 240
242 0 3817 3521 2110 6.94427 22
243 0 3801 3537 2110 6.94427 242
244 0 3793 3545 2106 6.94427 243
245 0 3781 3549 2094 6 244
246 0 3777 3553 2090 3.65685 245
247 0 3769 3553 2082 6.94427 246
248 0 3757 3557 2082 2 247
249 0 3753 3553 2078 3.65685 248
250 0 3749 3553 2074 3.65685 249
251 0 3737 3545 2066 6.94427 250
252 0 3717 3533 2062 6 251
253 0 3713 3517 2050 6.94427 252
254 0 3773 3545 2074 3.65685 247
255 0 3777 3541 2070 6 254
256 0 3785 3541 2062 6 255
257 0 3789 3541 2050 3.65685 256
258 0 3789 3541 2046 3.65685 257
259 0 3789 3537 2038 6.94427 258
260 0 3789 3537 2030 3.65685 259
261 0 3789 3537 2026 3.65685 260
262 0 3785 3533 2022 2 261
