# Generated by NeuTu (https://github.com/janelia-flyem/NeuTu)
1 0 2358 2410 7508 2 -1
2 0 2358 2406 7504 3.65685 1
3 0 2354 2402 7500 6 2
4 0 2342 2386 7504 6.94427 3
5 0 2318 2374 7504 10 4
6 0 2298 2374 7504 6 5
7 0 2286 2374 7504 9.31371 6
8 0 2262 2370 7500 6.94427 7
9 0 2254 2366 7500 6.94427 8
10 0 2230 2350 7500 14 9
11 0 2218 2342 7500 6.94427 10
12 0 2202 2326 7500 6.94427 11
13 0 2190 2314 7500 10 12
14 0 2174 2310 7504 6.94427 13
15 0 2166 2310 7508 6 14
16 0 2154 2302 7512 10 15
17 0 2122 2294 7520 9.31371 16
18 0 2114 2290 7524 6 17
19 0 2106 2290 7528 6.94427 18
20 0 2090 2278 7536 6.94427 19
21 0 2078 2274 7548 6.94427 20
22 0 2070 2270 7552 9.31371 21
23 0 2058 2270 7560 6.94427 22
24 0 2046 2270 7572 9.31371 23
25 0 2026 2270 7588 9.31371 24
26 0 2006 2266 7588 6.94427 25
27 0 1986 2266 7588 10 26
28 0 1974 2266 7584 6 27
29 0 1962 2258 7576 6.94427 28
30 0 1946 2246 7564 6.94427 29
31 0 1938 2242 7560 9.31371 30
32 0 1922 2234 7556 6.94427 31
33 0 1906 2226 7544 6 32
