# Generated by NeuTu (https://github.com/janelia-flyem/NeuTu)
1 0 1932 2529 7924 6 -1
2 0 1928 2525 7912 6.94427 1
3 0 1928 2549 7880 12.4222 2
4 0 1932 2557 7852 10 3
5 2 1935.69 2545.92 7837.23 7.17933 4
6 0 1940 2541 7828 6 5
7 0 1936 2549 7816 6 6
8 0 1928 2566.6 7799.2 6 7
9 0 1932 2581 7796 6 8
10 0 1928 2573 7816 3.65685 8
11 0 1928 2577 7820 3.65685 10
12 0 1932 2581 7824 6 11
13 0 1936 2581 7840 6 12
14 0 1940 2577 7844 6 13
15 0 1940 2577 7860 6 14
16 0 1944 2533 7852 6 5
17 0 1944 2525 7860 9.31371 16
18 0 1944 2525 7872 9.31371 17
19 0 1952 2517 7880 6.94427 18
