# Generated by NeuTu (https://github.com/janelia-flyem/NeuTu)
1 0 2441 2315 7976 2 -1
2 0 2445 2311 7976 2 1
3 0 2445 2307 7976 2 2
4 0 2449 2303 7972 6 3
5 0 2453 2295 7972 6.94427 4
6 0 2461 2291 7964 9.31371 5
7 0 2469 2287 7960 3.65685 6
8 0 2485 2283 7948 10 7
9 0 2489 2271 7944 10.6491 8
10 0 2505 2271 7924 22.3311 9
11 0 2509 2311 7920 39.1825 10
12 0 2482.48 2350.88 7910.52 28.3792 11
13 0 2482.71 2378.45 7908 32.0999 12
14 2 2470.9 2416.82 7908 30.5059 13
15 2 2459.4 2439.8 7908 25.4982 14
16 2 2409.69 2539.28 7908 27.4464 15
17 2 2397.9 2582.96 7900.9 33.3297 16
18 0 2389 2639 7888 34.8782 17
19 0 2393 2675 7880 21.3238 18
20 2 2396.18 2682.42 7874.7 21.3238 19
21 2 2402.98 2698.28 7863.37 21.3238 20
22 2 2404.64 2702.16 7860.6 21.3238 21
23 0 2397 2727 7856 14.4924 22
24 0 2389 2771 7852 23.6125 23
25 0 2397 2795 7844 15.8885 24
26 0 2389 2815 7836 19.5407 25
27 0 2373 2839 7832 14.4924 26
28 0 2357 2855 7832 20.6274 27
29 0 2353 2875 7820 19.5407 28
30 0 2345 2895 7816 10 29
31 0 2345 2907 7812 12.4222 30
32 0 2337 2927 7804 6 31
33 0 2337 2939 7804 10 32
34 0 2333 2951 7800 6.94427 33
35 0 2329 2971 7800 6 34
36 0 2329 2983 7796 10.6491 35
37 0 2321 2999 7792 9.31371 36
38 0 2314.95 3007.09 7773.86 10.0921 37
39 0 2313 3035 7772 10 38
40 0 2313 3067 7772 10 39
41 0 2313 3079 7772 10 40
42 0 2325 3103 7780 10 41
43 0 2333 3127 7780 10 42
44 0 2341 3155 7768 14 43
45 2 2352.43 3160.72 7762.28 14.8995 44
46 2 2363 3166 7757 15.7312 45
47 0 2369 3183 7748 10 46
48 0 2369 3191 7740 10 47
49 0 2365 3135 7760 10.6491 46
50 0 2357 3123 7760 3.65685 49
51 0 2357 3119 7760 2 50
52 0 2357 3115 7760 2 51
53 0 2321 3175 7740 14 45
54 0 2309 3167 7740 6.94427 53
55 0 2301 3171 7740 2 54
56 0 2297 3171 7740 2 55
57 0 2321 3147 7752 6.94427 44
58 0 2317 3131 7752 6.94427 57
59 0 2317 3123 7752 6 58
60 0 2297 3083 7748 6.94427 41
61 0 2289 3083 7740 6 60
62 0 2313 2979 7776 10 38
63 0 2313 2955 7780 10 62
64 0 2313 2943 7788 9.31371 63
65 0 2425 2795 7836 6.94427 25
66 0 2437 2779 7836 10.6491 65
67 0 2437 2763 7840 10 66
68 0 2449 2751 7836 14.4924 67
69 0 2457 2727 7832 19.5407 68
70 0 2469 2707 7828 15.8885 69
71 0 2485 2691 7828 22.3311 70
72 0 2489 2639 7836 14 71
73 0 2497 2595 7844 10.6491 72
74 0 2505 2567 7848 9.31371 73
75 0 2513 2559 7844 6 74
76 0 2517 2543 7844 6.94427 75
77 0 2521 2531 7844 6 76
78 0 2473 2771 7828 12.4222 68
79 0 2481 2799 7812 9.31371 78
80 0 2481 2807 7804 6.94427 79
81 0 2473 2819 7804 6 80
82 0 2469 2827 7796 2 81
83 0 2437 2683 7852 6 22
84 0 2445 2679 7848 9.31371 83
85 0 2453 2675 7840 2 84
86 0 2457 2675 7840 2 85
87 0 2381 2687 7856 6.94427 21
88 0 2377 2679 7852 9.31371 87
89 0 2381 2671 7844 6 88
90 0 2377 2667 7840 6 89
91 0 2381 2663 7832 3.65685 90
92 0 2385 2659 7828 2 91
93 0 2385 2655 7824 2 92
94 0 2409 2647 7876 26 20
95 0 2449 2627 7864 10 94
96 0 2465 2611 7860 6 95
97 0 2469 2603 7860 3.65685 96
98 0 2477 2595 7856 9.31371 97
99 0 2477 2579 7860 2 98
100 0 2353 2683 7884 19.5407 19
101 0 2329 2727 7876 12.4222 100
102 0 2313 2743 7872 18.3961 101
103 0 2301 2771 7868 14.4924 102
104 0 2305 2799 7864 26.2843 103
105 0 2297 2827 7864 14.9706 104
106 0 2281 2863 7856 15.8885 105
107 0 2257 2899 7848 15.8885 106
108 0 2225 2943 7824 14 107
109 0 2221 2971 7824 10 108
110 0 2213 2987 7816 10 109
111 0 2213 2999 7820 6 110
112 0 2433 2555 7884 21.3238 17
113 0 2449 2543 7876 9.31371 112
114 0 2405 2487 7948 9.31371 16
115 0 2405 2475 7948 6 114
116 0 2509 2435 7900 15.8885 15
117 0 2529 2435 7892 19.5407 116
118 0 2545 2447 7884 14.9706 117
119 0 2577 2455 7884 6.94427 118
120 0 2597 2463 7880 10.6491 119
121 0 2593 2475 7872 6 120
122 0 2597 2479 7868 6 121
123 0 2545 2479 7868 14.4924 118
124 0 2545 2495 7860 14 123
125 0 2533 2507 7860 6.94427 124
126 0 2437 2399 7936 10.6491 15
127 0 2433 2383 7952 10.6491 126
128 0 2429 2375 7960 6 127
129 0 2421 2371 7968 6.94427 128
130 0 2413 2379 7976 6.94427 129
131 0 2409 2399 7976 6 130
132 0 2405 2411 7968 6 131
133 0 2409 2415 7964 3.65685 132
134 0 2413 2415 7964 2 133
135 0 2465 2379 7920 21.3238 14
136 0 2449 2371 7944 9.31371 135
137 0 2457 2347 7956 10.6491 136
138 0 2461 2335 7956 6 137
139 0 2525 2403 7908 18 13
140 0 2541 2395 7900 10 139
141 0 2541 2383 7896 6 140
142 0 2529 2359 7920 22 12
143 0 2545 2375 7916 12.4222 142
144 0 2529 2223 7912 24.8328 11
145 0 2557 2211 7920 10.6491 144
146 0 2569 2215 7916 6 145
