# Generated by NeuTu (https://github.com/janelia-flyem/NeuTu)
1 0 2481 2254 7921 2 -1
2 0 2481 2250 7921 2 1
3 0 2485 2242 7921 6 2
4 0 2485 2234 7917 3.65685 3
5 0 2485 2226 7921 6 4
6 0 2485 2210 7917 6.94427 5
7 0 2485 2182 7913 12.4222 6
8 0 2501 2158 7921 9.31371 7
9 0 2517 2150 7937 9.31371 8
10 0 2529 2162 7949 9.31371 9
11 0 2537 2174 7961 12.4222 10
12 0 2549 2162 7969 10.6491 11
13 0 2561 2138 7973 18 12
14 0 2557 2118 7973 10 13
15 0 2561 2090 7977 26.8444 14
16 0 2605 2074 7973 44.6476 15
17 0 2629 2114 7965 26.2843 16
18 2 2625.47 2152.81 7961.47 26.0335 17
19 2 2625.9 2167.02 7960.1 26.0641 18
20 0 2629 2226 7949 24.8328 19
21 2 2637 2276 7941 19.3866 20
22 2 2637.42 2282.19 7940.16 19.7275 21
23 0 2641 2318 7933 21.3238 22
24 0 2641 2362 7933 43.2548 23
25 2 2675 2396 7933 38.2919 24
26 2 2701.6 2410.3 7930.54 40.4603 25
27 2 2725.75 2430.03 7921.34 46.2295 26
28 2 2732.45 2439.25 7915.48 49.4678 27
29 2 2736.42 2444.7 7912.01 51.3843 28
30 2 2741.21 2451.28 7907.82 53.6973 29
31 2 2746.54 2458.62 7903.15 56.2747 30
32 0 2749 2462 7901 57.4643 31
33 2 2752.75 2478.26 7892.24 55.5571 32
34 2 2754.2 2495.86 7911.54 38.2725 33
35 2 2758.36 2502.55 7879.17 52.7097 34
36 0 2761 2514 7873 51.3667 35
37 2 2756.9 2539.99 7867.53 46.8639 36
38 2 2751.97 2537.2 7852.96 33.0193 37
39 2 2753.97 2558.5 7863.63 43.6574 38
40 2 2744.4 2576.01 7851.31 30.4144 39
41 0 2749 2630 7857 31.9411 40
42 0 2749 2662 7857 22 41
43 0 2741 2694 7857 24.8328 42
44 0 2761 2714 7857 18 43
45 2 2758.41 2739.88 7854.41 20.8024 44
46 2 2757.47 2749.29 7853.47 21.8215 45
47 2 2751.19 2767.55 7849.13 20.427 46
48 2 2747.32 2776.58 7846.55 19.1577 47
49 2 2734.67 2802.67 7834.67 16.2368 48
50 0 2709 2838 7817 18 49
51 0 2693 2862 7809 12.4222 50
52 0 2677 2890 7801 14 51
53 0 2656.24 2929.14 7786.62 13.0608 52
54 0 2645 2946 7777 6.94427 53
55 0 2637 2974 7769 12.4222 54
56 0 2625 3006 7761 14.4924 55
57 0 2609 3022 7757 20.6274 56
58 0 2605 3046 7753 10.6491 57
59 0 2581 3074 7745 15.8885 58
60 0 2565 3110 7737 18 59
61 0 2565 3138 7721 6.94427 60
62 0 2557 3158 7713 6.94427 61
63 0 2549 3170 7709 6.94427 62
64 0 2545 3178 7705 6.94427 63
65 0 2541 3190 7705 2 64
66 0 2541 3194 7701 2 65
67 0 2657 2970 7777 6.94427 55
68 0 2669 2966 7785 6.94427 67
69 0 2685 2966 7793 6 68
70 0 2697 2962 7797 10.6491 69
71 0 2717 2950 7805 9.31371 70
72 0 2733 2934 7821 10 71
73 2 2743.91 2921.64 7829.36 8.88883 72
74 2 2748.59 2914.62 7836.38 7.10219 73
75 0 2757 2906 7845 6 74
76 0 2765 2898 7853 6 75
77 0 2769 2906 7865 6 76
78 0 2769 2910 7877 10 77
79 0 2769 2910 7893 9.31371 78
80 0 2769 2906 7905 3.65685 79
81 0 2769 2910 7917 6 80
82 0 2765 2910 7925 3.65685 81
83 0 2757 2906 7933 6.94427 82
84 0 2749 2882 7941 10.6491 83
85 0 2757 2874 7941 9.31371 84
86 0 2769 2886 7861 6 76
87 0 2777 2882 7869 9.31371 86
88 0 2777 2882 7885 10 87
89 0 2745 2898 7829 6.94427 74
90 0 2757 2882 7837 6.94427 89
91 0 2761 2874 7837 6.94427 90
92 0 2765 2866 7841 3.65685 91
93 0 2765 2862 7841 2 92
94 0 2749 2934 7841 2 73
95 0 2753 2938 7845 6 94
96 0 2761 2934 7857 6 95
97 0 2757 2934 7865 6 96
98 0 2757 2934 7873 3.65685 97
99 0 2757 2934 7877 3.65685 98
100 0 2757 2938 7881 3.65685 99
101 0 2753 2942 7885 6 100
102 0 2745 2942 7893 6 101
103 0 2761 2926 7881 6 99
104 0 2757 2926 7901 6 103
105 0 2757 2930 7917 6 104
106 0 2757 2926 7925 6 105
107 0 2681 2930 7789 12.4222 53
108 0 2693 2926 7789 6.94427 107
109 0 2705 2918 7797 3.65685 108
110 0 2705 2918 7805 6.94427 109
111 0 2677 2850 7809 2 51
112 0 2673 2846 7813 2 111
113 0 2669 2838 7817 6 112
114 0 2673 2826 7825 6 113
115 0 2673 2810 7825 6 114
116 0 2677 2802 7829 6 115
117 0 2765 2810 7841 12.4222 49
118 0 2777 2806 7845 10.6491 117
119 0 2785 2810 7853 6 118
120 0 2793 2819.2 7863.4 6 119
121 0 2793 2822 7869 6 120
122 0 2793 2826 7881 10 121
123 0 2793 2826 7893 6 122
124 0 2797 2826 7905 6 123
125 0 2797 2830 7921 6 124
126 0 2793 2826 7933 9.31371 125
127 0 2797 2818 7941 10 126
128 0 2793 2810 7949 6 127
129 0 2789 2798 7957 10 128
130 0 2785 2838 7869 6 120
131 0 2785 2850 7877 10 130
132 0 2781 2858 7889 9.31371 131
133 0 2785 2858 7901 6 132
134 0 2785 2858 7917 6 133
135 0 2785 2858 7925 2 134
136 0 2785 2858 7929 2 135
137 0 2788.79 2774 7855.6 10.8488 48
138 0 2805 2778 7869 6 137
139 0 2813 2778 7877 9.31371 138
140 0 2813 2774 7893 6.94427 139
141 2 2817.82 2773.18 7902.63 6.19275 140
142 0 2821 2766 7921 9.31371 141
143 0 2821 2762 7933 2 142
144 0 2821 2762 7937 2 143
145 2 2821 2753.5 7942.66 7.6641 144
146 0 2833 2730 7945 9.31371 145
147 0 2837 2722 7949 6.94427 146
148 0 2849 2718 7949 2 147
149 0 2801 2762 7961 10.6491 145
150 0 2801 2754 7969 9.31371 149
151 0 2813 2786 7917 6 141
152 0 2813 2790 7929 2 151
153 0 2813 2790 7933 2 152
154 0 2805 2786 7941 9.31371 153
155 0 2797 2790 7861 6 137
156 0 2801 2802 7873 6.94427 155
157 0 2801 2802 7885 10 156
158 0 2805 2802 7897 6 157
159 0 2805 2802 7905 6 158
160 0 2805 2802 7913 2 159
161 0 2805 2802 7917 2 160
162 0 2741 2774 7869 6.94427 47
163 0 2737 2778 7877 6 162
164 0 2721.62 2768.46 7886.85 12.2495 163
165 0 2701 2746 7897 3.65685 164
166 0 2701 2746 7901 3.65685 165
167 0 2701 2746 7905 2 166
168 0 2701 2746 7909 2 167
169 0 2701 2746 7913 3.65685 168
170 0 2701 2750 7917 3.65685 169
171 0 2709 2754 7925 9.31371 170
172 0 2709 2762 7933 6 171
173 0 2713 2774 7945 14 172
174 0 2709 2782 7957 6 173
175 0 2709 2786 7965 6 174
176 0 2697 2802 7885 18 164
177 0 2693 2822 7881 6.94427 176
178 0 2757 2746 7881 6.94427 46
179 0 2749 2742 7889 6.94427 178
180 0 2733 2742 7893 14.9706 179
181 0 2717 2730 7893 12.4222 180
182 0 2709 2722 7901 6 181
183 0 2709 2718 7909 3.65685 182
184 0 2709 2722 7917 6 183
185 0 2717 2730 7925 6.94427 184
186 0 2793 2742 7857 12.4222 45
187 0 2805 2750 7865 9.31371 186
188 0 2821 2742 7877 6 187
189 0 2829 2734 7885 6 188
190 0 2833 2726 7885 6 189
191 0 2785 2682 7873 14 44
192 2 2804.4 2662.6 7869.77 20.7333 191
193 0 2809 2658 7869 22.3311 192
194 0 2833 2658 7873 10.6491 193
195 0 2848.41 2646 7883.73 16.517 194
196 0 2865 2646 7897 9.31371 195
197 0 2873 2654 7905 10.6491 196
198 2 2878.65 2648.35 7913.47 10.6491 197
199 0 2881 2646 7917 10.6491 198
200 0 2909 2614 7917 22 199
201 0 2933 2582 7937 15.8885 200
202 0 2948.62 2552.48 7941.76 14.7279 201
203 2 2945.31 2539.24 7948.38 12.6195 202
204 0 2933 2534 7949 10.6491 203
205 0 2929 2518 7961 9.31371 204
206 0 2929 2518 7977 9.31371 205
207 0 2941 2518 7989 12.4222 206
208 0 2953 2518 7993 6.94427 207
209 0 2961 2510 7997 6 208
210 0 2981 2514 7945 10.6491 203
211 0 2985 2502 7945 10 210
212 0 2989 2490 7949 2 211
213 0 2989 2486 7949 2 212
214 0 2977 2558 7933 10 202
215 0 2985 2566 7925 12.4222 214
216 0 2985 2590 7929 10 215
217 0 2977 2614 7937 6 216
218 0 2877 2638 7933 10 199
219 0 2889 2618 7949 10 218
220 2 2889 2607 7960 12.2204 219
221 0 2893 2594 7965 6.94427 220
222 0 2897 2582 7969 12.4222 221
223 0 2917 2562 7977 12.4222 222
224 0 2937 2550 7985 6.94427 223
225 0 2873 2614 7973 6 220
226 0 2857 2618 7981 18 225
227 0 2845 2638 7981 14 226
228 0 2837 2650 7981 6.94427 227
229 0 2833 2658 7981 6 228
230 0 2865 2658 7929 6 198
231 0 2861 2662 7933 3.65685 230
232 0 2861 2666 7937 3.65685 231
233 0 2857 2674 7941 6.94427 232
234 0 2849 2678 7945 6 233
235 0 2857 2614 7885 14 195
236 0 2869 2602 7873 6 235
237 0 2869 2602 7865 3.65685 236
238 0 2865 2602 7861 2 237
239 0 2849 2686 7893 9.31371 194
240 0 2857 2686 7905 6 239
241 0 2853 2690 7917 6.94427 240
242 0 2849 2694 7925 2 241
243 0 2845 2698 7929 3.65685 242
244 0 2841 2702 7937 9.31371 243
245 0 2817 2610 7873 22.3311 193
246 0 2841 2582 7877 6 245
247 0 2845 2578 7873 6 246
248 0 2865 2574 7865 15.8885 247
249 0 2881 2566 7865 6 248
250 2 2793.93 2640.02 7883.75 11.476 192
251 0 2805 2626 7901 10 250
252 0 2813 2614 7909 15.8885 251
253 0 2821 2582 7917 12.4222 252
254 0 2829 2574 7925 6.94427 253
255 0 2848.44 2568.85 7940.44 9.90857 254
256 0 2857 2566 7949 3.65685 255
257 0 2857 2566 7953 2 256
258 0 2857 2562 7965 10 257
259 0 2865 2542 7981 14.9706 258
260 0 2865 2526 7981 9.31371 259
261 0 2869 2514 7985 9.31371 260
262 0 2877 2498 7981 2 261
263 0 2877 2494 7981 2 262
264 0 2881 2542 7941 12.4222 255
265 0 2905 2526 7945 6 264
266 0 2909 2538 7933 6 265
267 0 2777 2638 7913 6.94427 250
268 0 2777 2630 7921 6 267
269 0 2777 2622 7921 6 268
270 0 2785 2614 7921 3.65685 269
271 0 2789 2610 7925 2 270
272 0 2773 2710 7885 10.6491 44
273 0 2749 2702 7901 9.31371 272
274 0 2733 2678 7901 14.4924 273
275 0 2717 2690 7909 3.65685 274
276 0 2717 2694 7917 6 275
277 0 2717 2710 7937 6 276
278 0 2741 2710 7913 2 273
279 0 2741 2710 7917 2 278
280 0 2741 2710 7925 6 279
281 0 2741 2718 7933 2 280
282 0 2741 2722 7945 6 281
283 0 2737 2738 7945 6 282
284 2 2715.77 2711.66 7857 17.0033 43
285 0 2701 2722 7857 12.4222 284
286 0 2685 2754 7849 18 285
287 0 2665 2774 7845 18 286
288 0 2661 2810 7857 14 287
289 0 2661 2830 7865 15.8885 288
290 2 2657.92 2858.31 7878.23 10.559 289
291 0 2661.37 2874.56 7893.74 14.9255 290
292 2 2662.38 2876.07 7895.76 14.8032 291
293 2 2662.93 2876.9 7896.86 14.7363 292
294 2 2668.03 2884.55 7907.07 14.1171 293
295 2 2665.85 2895.44 7918.44 10.8529 294
296 0 2665 2910 7937 12.4222 295
297 2 2665.22 2910.22 7937.89 12.6148 296
298 2 2669 2915.41 7958.65 15.222 297
299 2 2669 2917.29 7966.18 14.3333 298
300 0 2661 2926 7985 10 299
301 0 2653 2938 7993 14.4924 300
302 0 2653 2954 7993 10 301
303 0 2653 2977 7994 9.31371 302
304 0 2653 2998 7993 6 303
305 2 2656 3012 7987 9 304
306 0 2653 3038 7953 9.31371 305
307 2 2646.57 3047.64 7946.57 7.41065 306
308 0 2637 3058 7941 6.94427 307
309 0 2633 3070 7937 10 308
310 0 2617 3086 7945 3.65685 309
311 0 2613 3090 7945 3.65685 310
312 0 2605 3094 7945 6 311
313 0 2641 3062 7961 6.94427 307
314 0 2633 3070 7961 6.94427 313
315 0 2625 3078 7965 3.65685 314
316 0 2617 3086 7965 3.65685 315
317 0 2613 3086 7965 2 316
318 0 2645 3030 7993 6.94427 305
319 0 2637 3050 7989 6.94427 318
320 0 2633 3062 7981 6 319
321 0 2629 3070 7981 3.65685 320
322 0 2621 3078 7981 3.65685 321
323 0 2617 3082 7981 3.65685 322
324 0 2609 3090 7981 6 323
325 0 2605 3098 7977 6.94427 324
326 0 2673 2990 7989 6.94427 303
327 0 2677 3002 7985 6.94427 326
328 0 2677 3006 7977 2 327
329 0 2677 3006 7973 2 328
330 0 2689 2894 7969 14.9706 299
331 0 2709 2874 7977 21.3238 330
332 0 2721 2846 7977 26.2843 331
333 0 2709 2802 7985 10 332
334 0 2705 2786 7993 6 333
335 0 2733 2894 7985 10 331
336 0 2737 2910 7993 10.6491 335
337 0 2745 2918 7997 6 336
338 0 2695.45 2939.22 7958.22 13.5972 298
339 0 2709 2946 7965 6 338
340 0 2721 2946 7977 10 339
341 0 2721 2950 7993 10 340
342 0 2713 2962 7997 6.94427 341
343 0 2701 2966 7997 2 342
344 2 2697.11 2962.91 7953.78 7.58174 338
345 0 2701 2990 7957 6 344
346 0 2697 3006 7953 6 345
347 0 2689 3018 7945 6 346
348 0 2681 3026 7949 2 347
349 0 2709 2966 7965 6 344
350 0 2709 2974 7973 6 349
351 0 2705 2978 7977 3.65685 350
352 0 2705 2982 7981 3.65685 351
353 0 2701 2986 7985 2 352
354 0 2697 2986 7989 2 353
355 0 2645 2918 7949 6 297
356 0 2641 2922 7953 3.65685 355
357 0 2629 2926 7953 6 356
358 0 2609 2926 7953 6 357
359 0 2601 2926 7957 6 358
360 0 2585 2922 7961 6 359
361 0 2577 2922 7969 6 360
362 0 2573 2918 7973 3.65685 361
363 0 2565 2918 7981 6 362
364 0 2549 2918 7989 6 363
365 0 2533 2914 7993 6 364
366 0 2529 2918 7997 6 365
367 0 2517 2914 7997 2 366
368 0 2597 2930 7973 6 359
369 0 2593 2930 7981 2 368
370 0 2593 2934 7989 6 369
371 0 2597 2938 7993 6 370
372 0 2673 2938 7945 12.4222 296
373 0 2669 2978 7933 10.6491 372
374 0 2661 3006 7921 10 373
375 0 2653 3018 7913 9.31371 374
376 0 2645 3030 7917 6 375
377 0 2641 3038 7917 6 376
378 2 2680.39 2912.2 7914.38 9.22718 295
379 0 2693 2930 7913 6.94427 378
380 0 2697 2942 7913 10 379
381 0 2709 2958 7917 9.31371 380
382 0 2709 2974 7909 6.94427 381
383 0 2709 2982 7901 6 382
384 0 2709 2990 7901 6 383
385 0 2697 2906 7921 6.94427 378
386 0 2709 2906 7925 10.6491 385
387 0 2725 2918 7937 10 386
388 0 2717 2926 7941 6 387
389 0 2669 2878 7925 9.31371 294
390 0 2693 2862 7933 14.9706 389
391 0 2713 2838 7937 14.4924 390
392 0 2713 2810 7941 18 391
393 0 2657 2914 7873 9.31371 293
394 0 2645 2942 7857 6.94427 393
395 0 2633 2962 7845 6.94427 394
396 0 2621 2978 7837 6.94427 395
397 0 2613 2990 7837 9.31371 396
398 0 2613 3002 7841 6 397
399 0 2609 3014 7841 6 398
400 0 2605 3022 7841 6.94427 399
401 2 2605 3033.54 7848.69 6.03632 400
402 0 2609 3038 7853 6 401
403 0 2605 3054 7853 9.31371 402
404 0 2605 3070 7865 10 403
405 0 2597 3078 7857 9.31371 404
406 0 2585 3090 7857 6.94427 405
407 0 2577 3098 7857 6.94427 406
408 0 2569 3098 7849 6 407
409 0 2597 3038 7841 3.65685 401
410 0 2589 3046 7841 6 409
411 0 2581 3054 7833 6.94427 410
412 0 2569 3070 7833 9.31371 411
413 0 2565 3082 7837 3.65685 412
414 0 2561 3086 7837 2 413
415 0 2681 2846 7909 12.4222 292
416 0 2693 2818 7917 12.4222 415
417 0 2693 2802 7921 6 416
418 0 2641 2886 7909 6 291
419 0 2629 2898 7917 6 418
420 0 2621 2906 7917 3.65685 419
421 0 2613 2910 7921 6 420
422 0 2601 2914 7933 6 421
423 0 2593 2914 7937 2 422
424 0 2589 2914 7937 2 423
425 0 2585 2914 7937 2 424
426 0 2581 2914 7937 2 425
427 0 2645 2874 7853 10 290
428 0 2621 2874 7833 6.94427 427
429 0 2613 2866 7837 6 428
430 0 2605 2858 7837 2 429
431 0 2601 2854 7837 2 430
432 0 2597 2850 7837 2 431
433 0 2609 2882 7817 6 428
434 0 2601 2874 7817 3.65685 433
435 0 2597 2870 7817 2 434
436 0 2693 2694 7849 9.31371 284
437 0 2673 2678 7829 12.4222 436
438 0 2661 2670 7821 15.8885 437
439 0 2633 2702 7821 12.4222 438
440 0 2621 2710 7825 14 439
441 0 2609 2718 7821 9.31371 440
442 0 2597 2722 7821 9.31371 441
443 2 2563 2734 7821 21.6335 442
444 0 2509 2746 7825 14.4924 443
445 0 2505 2762 7821 6 444
446 0 2509 2770 7817 6.94427 445
447 0 2505 2790 7809 6.94427 446
448 0 2501 2798 7805 6 447
449 0 2497 2802 7801 2 448
450 0 2497 2806 7801 2 449
451 0 2573 2774 7833 12.4222 443
452 0 2577 2786 7837 6.94427 451
453 0 2573 2798 7837 2 452
454 0 2713 2562 7829 20.6274 40
455 0 2689 2578 7825 26.8444 454
456 0 2681 2606 7825 18 455
457 0 2665 2626 7821 24.8328 456
458 0 2645 2642 7821 18 457
459 0 2745 2562 7909 23.6125 39
460 0 2741 2586 7917 10.6491 459
461 0 2745 2614 7937 14 460
462 2 2741.38 2645.24 7933.19 10.8087 461
463 0 2733 2658 7937 6 462
464 0 2729 2674 7937 6 463
465 0 2725 2690 7949 6 464
466 0 2721 2694 7953 2 465
467 0 2717 2694 7957 2 466
468 0 2753 2666 7933 6 462
469 0 2753 2682 7937 6 468
470 0 2749 2686 7941 6 469
471 0 2709 2518 7833 38 38
472 0 2669 2514 7841 9.31371 471
473 0 2813 2546 7877 12.4222 37
474 2 2831.67 2556.13 7894.07 20.999 473
475 0 2849 2570 7901 14.4924 474
476 0 2849 2598 7905 6 475
477 0 2873 2534 7913 9.31371 474
478 0 2877 2522 7921 6.94427 477
479 0 2821 2518 7881 10 36
480 2 2841.55 2519.18 7895.82 17.0882 479
481 0 2873 2454 7937 14 480
482 0 2885 2430 7957 10.6491 481
483 0 2893 2422 7961 9.31371 482
484 0 2873 2526 7881 9.31371 480
485 0 2877 2534 7877 9.31371 484
486 0 2885 2542 7881 2 485
487 0 2885 2546 7885 2 486
488 0 2785 2426 7853 18 35
489 0 2781 2406 7849 6.94427 488
490 0 2781 2398 7845 6 489
491 0 2757 2514 7961 14 34
492 0 2765 2530 7961 14.9706 491
493 0 2781 2546 7961 21.3238 492
494 2 2766.98 2577.55 7961 21.9163 493
495 0 2765 2582 7961 22 494
496 0 2757 2622 7961 14 495
497 0 2753 2654 7965 10 496
498 0 2753 2685.79 7967.6 11.5734 497
499 0 2749 2702 7969 10 498
500 0 2757 2774 7973 26 499
501 0 2753 2806 7965 20.6274 500
502 0 2745 2822 7977 12.4222 501
503 0 2757 2834 7993 6 502
504 0 2721 2698 7977 6.94427 498
505 0 2717 2726 7977 10 504
506 0 2717 2758 7981 14 505
507 0 2737 2582 7969 14.4924 495
508 0 2729 2594 7973 14 507
509 0 2725 2610 7977 6.94427 508
510 0 2721 2622 7973 6 509
511 0 2721 2638 7973 6 510
512 0 2717 2642 7977 6 511
513 0 2785 2590 7973 6 494
514 0 2797 2598 7981 10.6491 513
515 0 2809 2610 7985 9.31371 514
516 0 2821 2610 7993 12.4222 515
517 0 2833 2602 7997 6.94427 516
518 0 2841 2602 7989 6 517
519 0 2857 2602 7985 14.4924 518
520 0 2869 2590 7989 10.6491 519
521 0 2869 2578 7993 3.65685 520
522 0 2869 2574 7989 2 521
523 0 2869 2570 7989 2 522
524 0 2801 2638 7985 12.4222 515
525 0 2805 2650 7981 6 524
526 0 2805 2662 7973 6 525
527 0 2809 2530 7969 12.4222 493
528 0 2817 2514 7969 12.4222 527
529 0 2829 2502 7977 6.94427 528
530 0 2829 2498 7993 3.65685 529
531 0 2829 2498 7997 2 530
532 0 2741 2546 7965 3.65685 492
533 0 2729 2546 7969 10 532
534 0 2721 2554 7965 6 533
535 0 2721 2554 7957 2 534
536 0 2721 2554 7953 2 535
537 0 2693 2470 7857 30 33
538 0 2723.42 2423.24 7832.83 27.5758 537
539 0 2757 2382 7821 9.31371 538
540 0 2769 2374 7821 6.94427 539
541 0 2785 2354 7821 9.31371 540
542 0 2793 2346 7821 9.31371 541
543 0 2793 2334 7813 3.65685 542
544 0 2793 2330 7813 2 543
545 0 2797 2326 7809 2 544
546 0 2705 2382 7821 18 538
547 0 2705 2362 7817 3.65685 546
548 0 2705 2358 7817 2 547
549 0 2705 2350 7817 6.94427 548
550 0 2701 2338 7817 10 549
551 0 2633 2486 7861 10 537
552 0 2621 2482 7869 6 551
553 0 2817 2414 7901 39.1825 32
554 2 2836.52 2394.48 7903.79 34.2992 553
555 2 2847.42 2384.62 7906.38 31.6423 554
556 2 2849.84 2383.23 7907.77 31.1086 555
557 2 2856.06 2379.68 7911.32 29.7361 556
558 2 2858.48 2378.3 7912.7 29.2024 557
559 0 2873 2370 7921 26 558
560 0 2893 2346 7921 10 559
561 0 2901 2334 7929 10 560
562 0 2914.04 2307.74 7952.13 25.3772 561
563 2 2916.26 2294.43 7958.78 24.0537 562
564 2 2919.54 2282.39 7962.27 21.1634 563
565 2 2923.83 2269.51 7964.41 17.0189 564
566 0 2929 2250 7969 10 565
567 2 2936.38 2238.92 7969 10.5992 566
568 0 2953 2222 7969 18 567
569 0 2978.04 2166.17 7989.52 26.0091 568
570 2 2994.84 2087.89 7990.56 31.3682 569
571 2 2999.96 2047.74 7965.87 20.8726 570
572 2 2997.91 2035.48 7959.74 16.1224 571
573 0 2997 2018 7945 15.8885 572
574 2 3000.29 2001.57 7931.86 20.9087 573
575 2 2986.31 1975.97 7917.98 18.3279 574
576 0 2989 1962 7881 14 575
577 0 2985 1986 7873 9.31371 576
578 0 2981 1998 7873 6 577
579 0 2981 2006 7881 3.65685 578
580 0 2981 2010 7881 3.65685 579
581 0 2981 2014 7885 2 580
582 0 2965 1982 7925 9.31371 575
583 0 2949 1986 7929 6.94427 582
584 0 2941 1986 7929 6 583
585 0 2933 1986 7933 2 584
586 0 2929 1986 7933 2 585
587 0 3029 1982 7941 14.4924 574
588 0 3049 1966 7953 14 587
589 0 3061 1958 7965 6.94427 588
590 0 3001 2054 7925 14 573
591 0 2997 2070 7921 10.6491 590
592 0 2985 2110 7917 14 591
593 0 2969 2130 7913 6 592
594 0 2965 2134 7909 6 593
595 0 2961 2138 7905 3.65685 594
596 0 2973 2038 7965 6.94427 572
597 0 2961 2034 7961 6 596
598 0 2945 2034 7965 6 597
599 0 2937 2034 7965 3.65685 598
600 0 2933 2034 7969 3.65685 599
601 0 2929 2030 7969 2 600
602 2 3015.02 2039.65 7969.12 15.6035 571
603 0 3033 2030 7973 9.31371 602
604 0 3061 2014 7969 10 603
605 0 3073 1990 7977 9.31371 604
606 0 3081 1962 7985 9.31371 605
607 0 3093 1954 7989 6 606
608 0 3013 2018 7969 9.31371 602
609 0 3033 1998 7981 9.31371 608
610 0 3029 2002 7989 3.65685 609
611 0 3025 2006 7993 2 610
612 0 3025 2010 7997 2 611
613 0 2953 2062 7997 9.31371 570
614 0 2933 2054 7993 6 613
615 0 2917 2050 7993 6 614
616 0 2909 2046 7993 6 615
617 0 2969 2138 7957 6 569
618 0 2965 2138 7949 2 617
619 0 2965 2138 7945 2 618
620 0 2969 2134 7941 2 619
621 0 2969 2130 7941 2 620
622 0 2969 2126 7941 2 621
623 0 2969 2122 7937 2 622
624 0 2933 2238 7953 6 567
625 0 2937 2222 7941 6 624
626 0 2941 2214 7937 6 625
627 0 2949 2202 7929 10 626
628 0 2957 2182 7929 9.31371 627
629 0 2969 2166 7929 14.4924 628
630 0 2993 2146 7929 6.94427 629
631 0 3001 2142 7929 6.94427 630
632 0 3005 2134 7933 3.65685 631
633 0 3005 2130 7933 2 632
634 0 2953 2266 7961 9.31371 565
635 0 2957 2258 7949 6 634
636 0 2961 2242 7945 6 635
637 0 2957 2234 7941 2 636
638 0 2957 2230 7937 2 637
639 2 2913.33 2270.63 7983.85 14.8299 564
640 0 2921 2254 7997 18 639
641 0 2925 2222 7997 3.65685 640
642 0 2929 2214 7997 6 641
643 0 2929 2302 7993 14.9706 639
644 0 2925 2318 7993 12.4222 643
645 0 2909 2278 7937 12.4222 563
646 0 2925 2250 7933 6.94427 645
647 0 2933 2242 7925 10.6491 646
648 0 2933 2230 7925 6 647
649 0 2961 2290 7969 12.4222 562
650 0 2981 2274 7977 18 649
651 0 2985 2254 7985 14 650
652 0 2993 2214 7993 18 651
653 0 3009 2210 7981 6 652
654 0 3017 2202 7977 6 653
655 0 2909 2378 7925 2 559
656 0 2921 2382 7929 10 655
657 0 2925 2398 7929 6 656
658 0 2929 2406 7933 6 657
659 0 2929 2418 7929 6.94427 658
660 0 2857 2346 7973 14.9706 558
661 0 2873 2350 7981 9.31371 660
662 0 2889 2366 7981 10.6491 661
663 2 2907.57 2377.14 7977.29 17.4749 662
664 0 2925 2390 7969 9.31371 663
665 0 2925 2406 7965 14.4924 664
666 0 2925 2426 7945 6 665
667 0 2925 2438 7933 6 666
668 0 2921 2450 7925 6 667
669 0 2913 2470 7921 6 668
670 0 2909 2474 7917 6 669
671 0 2905 2482 7921 2 670
672 0 2905 2486 7921 2 671
673 0 2933 2354 7985 10.6491 663
674 0 2945 2342 7981 12.4222 673
675 0 2873 2386 7981 6 662
676 0 2865 2398 7985 6.94427 675
677 0 2877 2410 7913 10 557
678 0 2873 2434 7909 10 677
679 0 2873 2450 7905 14 678
680 0 2845 2346 7869 9.31371 556
681 0 2841 2330 7857 6 680
682 0 2837 2326 7853 3.65685 681
683 0 2837 2326 7849 2 682
684 0 2865 2350 7893 20.6274 555
685 0 2861 2330 7877 6.94427 684
686 0 2857 2322 7869 6.94427 685
687 0 2853 2314 7861 3.65685 686
688 0 2853 2306 7853 6 687
689 0 2857 2294 7849 9.31371 688
690 0 2857 2278 7845 6 689
691 0 2865 2262 7845 6.94427 690
692 0 2865 2242 7837 6.94427 691
693 0 2861 2222 7825 6.94427 692
694 0 2857 2214 7821 6 693
695 0 2849 2210 7813 6 694
696 0 2837 2210 7805 6.94427 695
697 0 2825 2218 7801 10 696
698 0 2809 2226 7801 6.94427 697
699 0 2797 2226 7797 9.31371 698
700 0 2789 2230 7789 6 699
701 0 2781 2230 7789 6.94427 700
702 0 2777 2246 7797 6.94427 701
703 0 2781 2270 7801 10.6491 702
704 0 2765 2286 7801 3.65685 703
705 0 2761 2286 7801 2 704
706 0 2757 2286 7801 2 705
707 0 2885 2318 7901 10.6491 684
708 0 2893 2306 7909 14 707
709 0 2909 2274 7909 10.6491 708
710 0 2913 2262 7909 6.94427 709
711 0 2921 2242 7909 6.94427 710
712 0 2925 2226 7909 6 711
713 0 2929 2222 7905 6 712
714 0 2937 2206 7913 6 713
715 0 2941 2190 7913 6 714
716 0 2945 2174 7901 6.94427 715
717 0 2949 2166 7905 6 716
718 0 2893 2286 7893 6 708
719 0 2893 2278 7885 6 718
720 0 2889 2274 7877 2 719
721 0 2885 2270 7873 2 720
722 0 2885 2266 7873 2 721
723 0 2885 2262 7869 2 722
724 0 2885 2258 7869 2 723
725 0 2885 2254 7869 2 724
726 0 2885 2250 7865 2 725
727 0 2825 2374 7861 12.4222 554
728 0 2813 2354 7845 6 727
729 0 2833 2394 7933 21.3238 553
730 0 2849 2406 7941 6 729
731 0 2853 2410 7945 3.65685 730
732 0 2857 2418 7953 6 731
733 0 2861 2410 7965 6 732
734 0 2661 2450 7893 9.31371 31
735 0 2649 2446 7897 6.94427 734
736 0 2789 2470 7937 18.3961 30
737 0 2805 2482 7937 14.4924 736
738 0 2821 2482 7945 6 737
739 0 2821 2486 7953 2 738
740 0 2821 2490 7957 2 739
741 2 2793.73 2434.58 7947.01 23.8978 29
742 0 2813 2450 7949 12.4222 741
743 0 2833 2462 7961 6 742
744 0 2833 2470 7969 6 743
745 0 2837 2466 7985 14.9706 744
746 0 2845 2450 7997 12.4222 745
747 0 2857 2438 7997 6 746
748 0 2865 2430 7989 6 747
749 0 2865 2422 7993 3.65685 748
750 0 2865 2418 7989 2 749
751 0 2813 2390 7965 26.2843 741
752 0 2837 2350 7993 14 751
753 0 2825 2338 7997 2 752
754 0 2821 2334 7997 2 753
755 0 2861 2330 7997 18 752
756 0 2881 2302 7989 6.94427 755
757 0 2885 2294 7989 6.94427 756
758 0 2733 2458 7965 9.31371 28
759 0 2729 2462 7973 6 758
760 0 2721 2470 7981 6 759
761 0 2709 2478 7989 6.94427 760
762 0 2701 2478 7997 6.94427 761
763 0 2685 2478 7997 6 762
764 0 2677 2474 7997 2 763
765 0 2673 2474 7997 2 764
766 0 2737 2402 7973 26 27
767 0 2729 2378 7981 10.6491 766
768 0 2725 2358 7985 6 767
769 0 2725 2342 7997 6.94427 768
770 0 2717 2322 7997 6 769
771 0 2713 2306 7997 6 770
772 0 2713 2298 7997 6 771
773 0 2709 2350 7973 6 768
774 0 2701 2338 7973 6 773
775 0 2697 2330 7973 6.94427 774
776 0 2689 2326 7969 6 775
777 0 2661 2438 7949 12.4222 26
778 0 2649 2454 7961 6.94427 777
779 0 2653 2466 7973 6 778
780 0 2661 2474 7981 6 779
781 0 2613 2410 7909 12.4222 25
782 0 2589 2422 7905 10 781
783 0 2569 2434 7893 10.6491 782
784 0 2561 2442 7889 6 783
785 2 2591.43 2365.81 7929.19 29.8966 24
786 0 2533 2366 7929 26 785
787 2 2506.1 2362.16 7932.84 23.7061 786
788 0 2441 2390 7961 19.5407 787
789 0 2417 2426 7961 10 788
790 0 2417 2438 7961 6 789
791 0 2413 2446 7957 9.31371 790
792 0 2409 2462 7957 6.94427 791
793 0 2405 2470 7957 6 792
794 0 2397 2482 7957 9.31371 793
795 0 2397 2494 7965 6 794
796 0 2425 2398 7981 20.6274 788
797 0 2413 2418 7981 10.6491 796
798 0 2401 2446 7981 6 797
799 0 2401 2454 7981 6 798
800 0 2397 2462 7985 3.65685 799
801 0 2397 2466 7985 3.65685 800
802 0 2393 2470 7989 2 801
803 0 2393 2474 7989 2 802
804 0 2393 2478 7989 2 803
805 0 2497 2322 7933 14 787
806 0 2497 2306 7933 10 805
807 0 2497 2290 7933 12.4222 806
808 0 2509 2282 7929 6 807
809 0 2513 2274 7929 2 808
810 0 2525 2262 7929 14 809
811 0 2525 2246 7929 9.31371 810
812 0 2589 2330 7929 12.4222 785
813 0 2581 2298 7929 10.6491 812
814 0 2581 2286 7933 10 813
815 0 2573 2278 7933 6.94427 814
816 0 2565 2278 7929 2 815
817 0 2561 2274 7925 2 816
818 0 2553 2278 7925 6 817
819 2 2662.41 2282 7954.41 8.92318 22
820 0 2673 2282 7965 6 819
821 0 2689 2282 7977 6 820
822 0 2705 2282 7993 6 821
823 0 2709 2278 7997 6 822
824 0 2669 2262 7965 6 819
825 0 2677 2254 7973 6 824
826 0 2685 2246 7981 6 825
827 0 2701 2246 7997 6 826
828 2 2633 2230 7913 14 21
829 0 2641 2206 7889 10 828
830 0 2645 2206 7877 9.31371 829
831 0 2653 2202 7869 3.65685 830
832 0 2657 2198 7869 2 831
833 0 2637 2242 7889 6.94427 828
834 0 2641 2242 7881 6 833
835 0 2645 2238 7873 2 834
836 0 2645 2238 7869 2 835
837 0 2585 2238 7949 14.4924 20
838 0 2557 2234 7953 6.94427 837
839 0 2545 2230 7957 10 838
840 0 2533 2222 7957 6.94427 839
841 0 2517 2218 7949 15.8885 840
842 0 2501 2214 7961 9.31371 841
843 0 2497 2230 7965 6.94427 842
844 0 2485 2246 7965 6.94427 843
845 0 2481 2266 7957 6.94427 844
846 0 2657 2218 7965 6 20
847 0 2673 2218 7977 6 846
848 0 2689 2218 7993 6 847
849 0 2693 2222 7997 6 848
850 0 2653 2162 7973 9.31371 19
851 0 2665 2158 7985 6 850
852 0 2673 2162 7993 6 851
853 0 2681 2174 7997 6 852
854 0 2597 2138 7953 14 18
855 0 2581 2146 7953 10 854
856 0 2581 2166 7957 2 855
857 0 2581 2170 7957 2 856
858 0 2653 1982 7993 33.7771 16
859 0 2685 1970 7985 10.6491 858
860 0 2533 2090 7989 14.4924 15
861 0 2509 2118 7997 9.31371 860
862 0 2497 2142 7997 6.94427 861
863 0 2497 2158 7993 6 862
864 0 2501 2166 7989 3.65685 863
865 0 2505 2170 7989 2 864
