# Generated by NeuTu (https://github.com/janelia-flyem/NeuTu)
1 0 2388 2598 7676 2 -1
2 0 2392 2598 7676 2 1
3 0 2396 2598 7676 3.65685 2
4 0 2404 2598 7668 9.31371 3
5 0 2412 2598 7660 10.6491 4
6 0 2424 2606 7648 6.94427 5
7 0 2436 2606 7640 9.31371 6
8 0 2440 2610 7632 6 7
9 0 2472 2622 7612 19.5407 8
10 0 2488 2618 7600 15.8885 9
11 0 2488 2606 7584 6 10
12 0 2483.56 2585.56 7571.56 11.0407 11
13 0 2464 2578 7564 6 12
14 0 2444 2574 7560 10 13
15 0 2416 2566 7560 6.94427 14
16 0 2400 2558 7556 6.94427 15
17 0 2392 2554 7548 3.65685 16
18 0 2388 2550 7544 2 17
19 0 2388 2550 7540 2 18
20 0 2500 2574 7568 6 12
21 0 2524 2558 7560 14 20
22 0 2540 2554 7560 6 21
23 0 2548 2546 7556 2 22
24 0 2524 2630 7608 18 10
25 0 2552 2642 7616 12.4222 24
26 0 2572 2634 7620 3.65685 25
27 0 2576 2630 7620 2 26
