# Generated by NeuTu (https://github.com/janelia-flyem/NeuTu)
1 0 3883 3764 2244 6 -1
2 0 3883 3752 2268 9.31371 1
3 0 3875 3736 2280 6 2
4 0 3871 3720 2292 6 3
5 0 3867 3704 2304 6 4
6 0 3871 3692 2316 6 5
7 0 3875 3684 2324 6.94427 6
8 0 3883 3676 2332 3.65685 7
9 0 3887 3672 2336 2 8
10 0 3891 3672 2336 3.65685 9
11 0 3899 3664 2336 3.65685 10
12 0 3907 3656 2340 6.94427 11
13 0 3923 3640 2348 10 12
14 2 3935 3640 2356 7.42809 13
15 0 3943 3640 2356 3.65685 14
16 0 3947 3636 2352 3.65685 15
17 0 3951 3636 2352 2 16
18 0 3955 3636 2352 2 17
19 0 3959 3636 2352 2 18
20 0 3963 3632 2352 3.65685 19
21 0 3971 3624 2352 6 20
22 0 3979 3616 2356 6.94427 21
23 0 3991 3612 2356 6 22
24 0 3999 3612 2364 6 23
25 0 4011 3612 2376 10 24
26 0 4019 3628 2392 2 25
27 0 4019 3632 2392 2 26
28 0 3935 3636 2372 3.65685 14
29 0 3939 3632 2376 3.65685 28
30 0 3939 3628 2388 6 29
31 0 3935 3616 2400 6 30
32 0 3931 3608 2412 6.94427 31
33 0 3931 3608 2424 6 32
34 0 3935 3616 2432 6 33
35 0 3939 3620 2436 6 34
36 0 3851 3684 2292 2 5
37 0 3847 3684 2292 2 36
