# Generated by NeuTu (https://github.com/janelia-flyem/NeuTu)
1 0 3130 2159 7648 6 -1
2 0 3118 2163 7644 10 1
3 0 3110 2159 7636 6.94427 2
4 0 3098 2151 7624 14.4924 3
5 0 3078 2159 7620 9.31371 4
6 0 3050 2167 7616 10 5
7 0 3022 2159 7616 6.94427 6
8 0 3014 2155 7612 9.31371 7
9 0 2994 2151 7612 6 8
10 0 2986 2147 7604 6 9
11 0 2966 2147 7588 6.94427 10
12 0 2958 2147 7580 10 11
13 0 2962 2155 7548 14 12
14 0 2974 2159 7536 6 13
15 0 2982 2163 7528 3.65685 14
16 0 2982 2167 7524 3.65685 15
17 0 2986 2179 7512 9.31371 16
18 0 3002 2195 7512 3.65685 17
19 0 3006 2199 7508 2 18
