# Generated by NeuTu (https://github.com/janelia-flyem/NeuTu)
1 0 3325 3688 7539 2 -1
2 0 3325 3688 7543 2 1
3 0 3321 3692 7547 6 2
4 0 3301 3684 7567 12.4222 3
5 0 3253 3668 7599 28.4631 4
6 0 3221 3628 7639 24.8328 5
7 2 3209.07 3597.12 7661.88 23.2982 6
8 0 3189 3564 7703 18 7
9 0 3161 3536 7731 15.8885 8
10 0 3145 3528 7763 18 9
11 0 3141 3508 7811 18.3961 10
12 0 3141 3500 7835 22.3311 11
13 0 3145 3488 7871 18.3961 12
14 0 3129 3488 7911 22 13
15 0 3097 3492 7975 22 14
16 0 3081 3496 7991 22.3311 15
17 0 3065 3512 7983 6 16
18 0 3057 3512 7975 2 17
19 0 3053 3512 7971 2 18
20 0 3217 3576 7639 6 7
21 0 3221 3568 7631 9.31371 20
22 0 3229 3568 7623 6.94427 21
23 0 3237 3572 7615 10 22
24 0 3245 3584 7607 3.65685 23
25 0 3249 3588 7607 2 24
