# Generated by NeuTu (https://github.com/janelia-flyem/NeuTu)
1 0 3222 3612 7508 10 -1
2 0 3222 3600 7512 6.94427 1
3 0 3222 3576 7528 9.31371 2
4 0 3210 3556 7544 9.31371 3
5 0 3206 3548 7540 6 4
6 0 3206 3532 7540 6 5
7 0 3210 3516 7540 9.31371 6
8 0 3214 3500 7540 10 7
9 0 3222 3488 7536 6 8
10 0 3226 3476 7536 6 9
11 0 3234 3460 7540 6 10
12 0 3234 3444 7540 6 11
13 0 3234 3432 7540 10 12
14 0 3238 3416 7536 6.94427 13
15 0 3238 3400 7536 6 14
16 0 3238 3384 7536 6 15
17 0 3238 3360 7532 9.31371 16
18 0 3234 3344 7532 6.94427 17
19 0 3234 3336 7528 3.65685 18
20 0 3230 3332 7524 3.65685 19
21 0 3230 3328 7524 3.65685 20
22 0 3230 3324 7520 2 21
23 0 3230 3316 7520 6 22
24 0 3226 3304 7516 6 23
25 0 3226 3280 7508 9.31371 24
26 0 3222 3268 7504 6 25
27 0 3218 3252 7504 6.94427 26
28 0 3218 3244 7500 3.65685 27
29 0 3214 3240 7504 2 28
