# Generated by NeuTu (https://github.com/janelia-flyem/NeuTu)
1 0 3392 2134 7680 6 -1
2 0 3400 2138 7680 6 1
3 0 3400 2146 7684 6.94427 2
4 0 3392 2138 7704 6 3
5 0 3400 2130 7712 6 4
6 0 3408 2122 7720 6.94427 5
7 0 3416 2114 7728 3.65685 6
8 0 3420 2114 7728 3.65685 7
9 0 3428 2110 7732 6.94427 8
10 0 3444 2098 7732 6.94427 9
11 0 3460 2086 7724 9.31371 10
12 0 3476 2074 7728 3.65685 11
13 0 3488 2074 7732 9.31371 12
14 0 3496 2070 7740 6.94427 13
15 0 3508 2046 7744 10 14
16 0 3512 2034 7748 9.31371 15
17 0 3524 2026 7748 6 16
18 0 3536 2018 7748 6 17
19 0 3544 2014 7752 9.31371 18
20 2 3557.78 2000.22 7758.89 9.80936 19
21 0 3572 1994 7768 6.94427 20
22 0 3580 1986 7772 3.65685 21
23 0 3584 1982 7776 3.65685 22
24 0 3588 1974 7784 6.94427 23
25 0 3604 1970 7800 6.94427 24
26 0 3612 1966 7804 6.94427 25
27 0 3620 1962 7812 10.6491 26
28 0 3644 1958 7828 10 27
29 0 3668 1966 7828 9.31371 28
30 0 3696 1970 7836 10 29
31 0 3720 1970 7840 10 30
32 0 3732 1970 7844 10 31
33 0 3756.08 1958 7827.92 8.04044 32
34 0 3780 1962 7800 6.94427 33
35 0 3780 1974 7788 6.94427 34
36 0 3788 1986 7776 6 35
37 0 3792 1994 7768 9.31371 36
38 0 3800 2002 7760 6 37
39 0 3804 2010 7744 6 38
40 0 3808 2018 7728 9.31371 39
41 0 3812 2022 7720 6 40
42 0 3764 1954 7844 6 33
43 0 3768 1958 7852 9.31371 42
44 0 3780 1958 7860 10 43
45 0 3796 1954 7868 6 44
46 0 3804 1950 7872 2 45
47 0 3808 1950 7872 2 46
48 0 3812 1950 7872 2 47
49 0 3552 1990 7744 6.94427 20
50 0 3560 1974 7736 6.94427 49
51 0 3560 1958 7728 6 50
52 0 3508 2046 7772 6 16
53 0 3496 2050 7784 6 52
54 2 3486.4 2061.21 7796.81 11.9925 53
55 2 3484.13 2065.74 7803.61 13.8918 54
56 0 3508 2098 7816 6.94427 55
57 0 3524 2106 7804 6.94427 56
58 0 3532 2114 7796 10 57
59 0 3532 2130 7796 14 58
60 0 3532 2154 7780 3.65685 59
61 0 3536 2158 7780 2 60
62 0 3460 2042 7804 10 55
63 0 3432 2042 7792 10.6491 62
64 0 3408 2042 7792 6 63
65 0 3396 2042 7792 6.94427 64
66 0 3388 2046 7800 2 65
67 0 3388 2050 7800 2 66
68 0 3484 2082 7764 12.4222 54
