# Generated by NeuTu (https://github.com/janelia-flyem/NeuTu)
1 0 3927 1966 7803 2 -1
2 0 3927 1962 7803 2 1
3 0 3919 1958 7799 6.94427 2
4 0 3903 1970 7795 9.31371 3
5 0 3883 1982 7795 12.4222 4
6 0 3871 1994 7803 14 5
7 0 3867 2022 7815 9.31371 6
8 0 3859 2030 7823 10 7
9 0 3835 2026 7823 10.6491 8
10 0 3819 2022 7831 6.94427 9
11 0 3799 2006 7835 6.94427 10
12 0 3779 1998 7839 6.94427 11
13 0 3771 1990 7847 10 12
14 0 3755 1978 7859 10 13
15 0 3731 1978 7859 6 14
16 0 3723 1978 7859 6 15
17 0 3711 1978 7859 10 16
18 0 3703 1978 7851 9.31371 17
19 0 3687 1982 7851 10 18
20 0 3679 1982 7843 6 19
21 0 3663 1982 7839 6 20
22 0 3647 1982 7835 9.31371 21
23 0 3635 1978 7823 9.31371 22
24 0 3623 1978 7819 6 23
25 0 3611 1978 7815 9.31371 24
26 0 3599 1982 7811 9.31371 25
27 0 3587 1982 7795 6 26
28 0 3579 1978 7787 6 27
29 0 3571 1982 7783 6 28
30 0 3563 1986 7775 3.65685 29
31 0 3559 1986 7775 2 30
32 0 3555 1986 7775 2 31
33 0 3547 1994 7775 6 32
34 0 3535 1998 7775 10.6491 33
35 0 3511 2010 7779 6.94427 34
36 0 3503 2018 7779 3.65685 35
37 0 3499 2022 7779 3.65685 36
38 0 3491 2034 7779 9.31371 37
39 0 3483 2042 7775 3.65685 38
40 0 3471 2054 7767 10 39
41 0 3455 2074 7763 6.94427 40
42 0 3447 2082 7763 6.94427 41
43 0 3439 2094 7763 10.6491 42
44 0 3439 2106 7771 6 43
