# Generated by NeuTu (https://github.com/janelia-flyem/NeuTu)
1 0 4026 4268 2188 2 -1
2 0 4030 4264 2192 3.65685 1
3 0 4030 4260 2200 6 2
4 0 4038 4240 2208 6.94427 3
5 0 4054 4212 2208 15.8885 4
6 2 4057.96 4164.73 2231.22 26.4566 5
7 0 4034 4136 2248 12.4222 6
8 0 4022 4124 2248 10.6491 7
9 0 4010 4112 2256 15.8885 8
10 0 3970.91 4076.19 2273.64 18.2339 9
11 0 3931.85 4035.9 2268 12.4222 10
12 0 3906 4020 2284 10.6491 11
13 0 3890 4004 2292 12.4222 12
14 0 3866 3992 2308 9.31371 13
15 0 3842 3980 2324 10 14
16 0 3826 3972 2340 10 15
17 0 3814 3964 2352 12.4222 16
18 0 3802 3960 2364 10 17
19 0 3778 3960 2388 14 18
20 0 3754 3964 2404 12.4222 19
21 0 3750 3964 2420 10 20
22 0 3742 3960 2432 12.4222 21
23 0 3726 3960 2456 9.31371 22
24 0 3722 3960 2468 6.94427 23
25 0 3702 3952 2488 10 24
26 0 3678 3948 2500 14 25
27 0 3642 3948 2532 24.8328 26
28 0 3594 3948 2540 10 27
29 0 3574 3948 2552 10 28
30 0 3550 3960 2556 10 29
31 0 3526 3960 2556 10 30
32 0 3498 3964 2568 14 31
33 0 3470 3984 2576 12.4222 32
34 0 3446 4008 2580 10.6491 33
35 0 3438 4028 2580 10 34
36 0 3434 4040 2580 6.94427 35
37 0 3426 4052 2576 9.31371 36
38 0 3422 4064 2576 6.94427 37
39 0 3406 4092 2572 12.4222 38
40 0 3386 4112 2560 14 39
41 0 3362 4124 2560 14 40
42 0 3350 4136 2556 9.31371 41
43 0 3338 4156 2548 9.31371 42
44 0 3330 4164 2548 9.31371 43
45 0 3318 4176 2548 14.4924 44
46 0 3294 4196 2548 15.8885 45
47 0 3258 4228 2544 12.4222 46
48 0 3234 4236 2540 6 47
49 0 3226 4236 2540 6 48
50 0 3218 4236 2532 6 49
51 0 3218 4240 2524 2 50
52 0 3218 4240 2520 2 51
53 0 3218 4240 2516 2 52
54 0 3718 3952 2444 6 23
55 0 3710 3948 2436 9.31371 54
56 0 3702 3952 2428 6.94427 55
57 0 3938 4036 2248 6.94427 11
58 0 3942 4048 2240 10 57
59 0 3950 4064 2220 6.94427 58
60 0 3950 4060 2204 6 59
61 0 3950 4056 2196 3.65685 60
62 0 3954 4052 2188 6.94427 61
63 0 3954 4052 2180 6.94427 62
64 0 3958 4044 2172 6 63
65 0 3978 4092 2240 12.4222 10
66 0 3966 4080 2220 6.94427 65
67 0 4098 4208 2232 26.2843 6
68 0 4126 4244 2224 10 67
69 0 4130 4256 2220 6.94427 68
70 0 4138 4264 2220 3.65685 69
71 0 4142 4268 2220 2 70
