# Generated by NeuTu (https://github.com/janelia-flyem/NeuTu)
1 0 3733 2627 7500 6 -1
2 0 3741 2607 7508 9.31371 1
3 0 3745 2591 7508 6 2
4 0 3749 2575 7512 6.94427 3
5 0 3753 2567 7516 3.65685 4
6 0 3753 2559 7516 6 5
7 0 3761 2547 7520 6.94427 6
8 0 3765 2523 7520 10 7
9 2 3768.81 2511.57 7523.81 7.09013 8
10 0 3777 2507 7532 3.65685 9
11 0 3793 2507 7544 6.94427 10
12 0 3805 2503 7552 9.31371 11
13 0 3813 2495 7556 6.94427 12
14 0 3821 2487 7560 9.31371 13
15 0 3829 2471 7560 9.31371 14
16 0 3841 2447 7576 6.94427 15
17 0 3841 2435 7588 6 16
18 0 3845 2431 7592 6 17
19 0 3845 2431 7600 3.65685 18
20 0 3841 2431 7608 6 19
21 0 3841 2427 7616 3.65685 20
22 0 3845 2415 7632 9.31371 21
23 0 3849 2403 7636 6 22
24 0 3853 2399 7640 2 23
25 0 3853 2395 7640 2 24
26 0 3813 2499 7580 6 14
27 0 3813 2499 7588 6 26
28 0 3805 2507 7596 6 27
29 0 3797 2515 7604 6 28
30 0 3789 2531 7616 6.94427 29
31 0 3785 2543 7620 10 30
32 0 3785 2563 7624 6 31
33 0 3781 2507 7508 6.94427 9
34 0 3789 2499 7508 9.31371 33
35 0 3801 2487 7504 6.94427 34
