# Generated by NeuTu (https://github.com/janelia-flyem/NeuTu)
1 0 3742 2523 7514 2 -1
2 0 3738 2527 7514 3.65685 1
3 0 3730 2535 7522 9.31371 2
4 0 3730 2539 7546 9.31371 3
5 0 3730 2519 7570 10 4
6 0 3722 2499 7574 6.94427 5
7 0 3710 2491 7582 9.31371 6
8 0 3706 2499 7594 6 7
9 0 3710 2511 7606 6 8
10 0 3714 2523 7618 6 9
11 0 3718 2531 7626 9.31371 10
12 0 3734 2539 7630 6.94427 11
13 0 3746 2555 7626 6 12
14 0 3758 2571 7626 6.94427 13
15 0 3766 2579 7626 3.65685 14
16 0 3766 2583 7626 2 15
17 0 3766 2587 7626 2 16
18 0 3706 2531 7642 6.94427 11
19 0 3698 2535 7654 6.94427 18
20 0 3694 2535 7662 6.94427 19
21 0 3686 2543 7674 2 20
22 0 3698 2475 7574 9.31371 7
23 0 3678 2467 7574 10 22
24 0 3662 2467 7570 6.94427 23
25 0 3654 2471 7570 3.65685 24
26 0 3650 2467 7570 2 25
