# Generated by NeuTu (https://github.com/janelia-flyem/NeuTu)
1 0 3751 2322 7630 6.94427 -1
2 0 3759 2314 7626 10 1
3 0 3775 2310 7638 6.94427 2
4 0 3779 2314 7646 6.94427 3
5 0 3767 2322 7658 6 4
6 0 3759 2334 7662 6 5
7 0 3751 2350 7666 6 6
8 0 3747 2358 7674 6.94427 7
9 0 3739 2370 7674 6.94427 8
10 0 3731 2382 7682 6.94427 9
11 0 3723 2390 7686 3.65685 10
12 0 3715 2394 7686 6.94427 11
13 0 3699 2402 7682 6 12
14 0 3695 2406 7686 3.65685 13
15 0 3687 2410 7686 6 14
16 0 3675 2414 7686 6 15
17 0 3663 2414 7686 6.94427 16
18 0 3655 2414 7694 6.94427 17
19 0 3651 2414 7702 3.65685 18
20 0 3643 2422 7710 6.94427 19
21 0 3643 2426 7718 2 20
22 0 3643 2426 7722 3.65685 21
23 0 3635 2434 7726 6.94427 22
24 0 3631 2450 7726 6 23
25 0 3635 2462 7722 6 24
26 0 3635 2470 7722 6 25
27 0 3635 2482 7718 10 26
28 0 3635 2494 7714 10 27
29 0 3639 2510 7714 6 28
