# Generated by NeuTu (https://github.com/janelia-flyem/NeuTu)
1 0 3772 2529 7724 6 -1
2 0 3764 2533 7716 6 1
3 0 3752 2541 7716 6.94427 2
4 0 3736 2549 7712 15.8885 3
5 0 3724 2577 7704 6 4
6 0 3708 2597 7704 9.31371 5
7 0 3700 2605 7704 6 6
8 0 3676 2621 7708 10 7
9 0 3668 2621 7716 6 8
10 0 3660 2621 7716 6 9
11 0 3652 2625 7724 6 10
12 0 3644 2629 7728 6 11
13 0 3632 2625 7732 9.31371 12
14 0 3624 2617 7728 6 13
15 0 3624 2609 7720 9.31371 14
16 0 3628 2601 7712 6.94427 15
17 0 3664 2617 7692 6.94427 8
18 0 3664 2609 7680 6 17
19 0 3664 2601 7676 6 18
