# Generated by NeuTu (https://github.com/janelia-flyem/NeuTu)
1 0 3643 2512 7662 2 -1
2 0 3647 2516 7666 3.65685 1
3 0 3643 2520 7670 6 2
4 0 3639 2524 7674 3.65685 3
5 0 3639 2528 7682 3.65685 4
6 0 3639 2528 7686 3.65685 5
7 0 3635 2536 7690 6.94427 6
8 0 3631 2548 7702 9.31371 7
9 0 3627 2552 7710 6 8
10 0 3623 2560 7718 6 9
11 0 3619 2564 7722 3.65685 10
12 0 3615 2564 7722 3.65685 11
13 0 3611 2568 7726 6 12
14 0 3607 2576 7734 6 13
15 0 3591 2592 7742 6.94427 14
16 0 3583 2600 7746 6 15
17 0 3575 2600 7746 6 16
18 0 3567 2604 7746 2 17
19 0 3563 2604 7746 2 18
