# Generated by NeuTu (https://github.com/janelia-flyem/NeuTu)
1 0 3718 3940 2176 2 -1
2 0 3718 3936 2176 2 1
3 0 3718 3928 2176 6 2
4 0 3714 3912 2168 10 3
5 0 3718 3900 2164 6 4
6 0 3726 3896 2156 6 5
7 0 3738 3892 2152 6.94427 6
8 0 3746 3892 2136 6 7
9 0 3750 3892 2120 6 8
10 0 3754 3896 2116 6 9
11 0 3754 3896 2108 6 10
12 0 3754 3904 2100 2 11
13 0 3754 3904 2096 2 12
14 0 3754 3912 2088 6 13
15 0 3750 3916 2084 3.65685 14
16 0 3754 3920 2080 3.65685 15
17 0 3754 3928 2072 3.65685 16
18 0 3758 3932 2060 6 17
19 0 3770 3944 2048 6.94427 18
20 0 3778 3956 2040 6 19
21 0 3782 3964 2040 6 20
