# Generated by NeuTu (https://github.com/janelia-flyem/NeuTu)
1 0 4224 2068 7600 6 -1
2 0 4208 2068 7616 6.94427 1
3 0 4200 2068 7624 6 2
4 0 4188 2072 7624 9.31371 3
5 0 4164 2068 7628 10 4
6 0 4152 2068 7628 10 5
7 0 4132 2084 7640 6.94427 6
8 0 4124 2092 7640 6.94427 7
9 0 4108 2100 7640 10.6491 8
10 0 4104 2088 7628 6 9
11 0 4104 2076 7612 6 10
12 0 4104 2076 7596 6 11
13 0 4100 2076 7588 6 12
14 0 4104 2072 7572 10 13
15 0 4096 2068 7560 6 14
16 0 4088 2076 7548 6.94427 15
17 0 4084 2080 7540 9.31371 16
18 0 4088 2080 7528 6 17
19 0 4096 2080 7516 6 18
20 0 4104 2076 7508 6 19
21 0 4112 2080 7500 2 20
22 0 4116 2080 7500 2 21
23 0 4120 2080 7500 2 22
