# Generated by NeuTu (https://github.com/janelia-flyem/NeuTu)
1 0 3901 3967 2039 6 -1
2 0 3881 3951 2047 6 1
3 0 3865 3947 2051 6.94427 2
4 0 3849 3943 2051 9.31371 3
5 0 3825 3959 2063 6.94427 4
6 0 3817 3963 2071 3.65685 5
7 0 3813 3967 2075 3.65685 6
8 0 3809 3971 2079 6 7
9 0 3793 3971 2083 6 8
10 0 3785 3967 2087 2 9
11 0 3781 3967 2087 3.65685 10
12 0 3777 3967 2087 3.65685 11
13 0 3773 3963 2091 3.65685 12
14 0 3769 3963 2091 3.65685 13
15 0 3761 3959 2099 6 14
16 0 3745 3955 2115 9.31371 15
17 0 3737 3951 2131 6.94427 16
18 0 3729 3947 2147 6 17
19 0 3729 3947 2155 6.94427 18
20 0 3741 3955 2167 6 19
21 0 3749 3959 2167 3.65685 20
22 0 3757 3959 2163 6 21
