# Generated by NeuTu (https://github.com/janelia-flyem/NeuTu)
1 0 4385 2276 7924 2 -1
2 0 4385 2280 7924 2 1
3 0 4385 2284 7924 2 2
4 0 4381 2292 7920 6 3
5 0 4377 2308 7920 6.94427 4
6 0 4365 2324 7916 6.94427 5
7 0 4357 2320 7900 6 6
8 0 4357 2316 7888 6 7
9 0 4353 2316 7880 6 8
10 0 4349 2312 7872 9.31371 9
11 0 4345 2300 7856 10 10
12 0 4337 2296 7844 6 11
13 0 4329 2288 7832 6 12
14 0 4329 2284 7820 6 13
15 0 4321 2284 7812 9.31371 14
16 0 4313 2268 7796 3.65685 15
17 0 4309 2264 7792 3.65685 16
18 0 4301 2256 7784 6.94427 17
19 0 4281 2244 7772 6.94427 18
20 0 4269 2236 7776 2 19
