# Generated by NeuTu (https://github.com/janelia-flyem/NeuTu)
1 0 4055 2880 7577 14.4924 -1
2 0 4047 2868 7589 10 1
3 0 4051 2860 7609 6.94427 2
4 0 4059 2864 7617 6 3
5 0 4071 2856 7621 9.31371 4
6 0 4087 2852 7625 6 5
7 0 4103 2852 7629 6 6
8 0 4119 2848 7637 6 7
9 0 4139 2848 7645 9.31371 8
10 0 4155 2848 7645 14.9706 9
11 0 4175 2832 7653 12.4222 10
12 0 4183 2820 7661 6.94427 11
13 0 4187 2812 7669 9.31371 12
14 0 4195 2808 7677 6 13
15 0 4199 2808 7689 6 14
16 0 4207 2808 7701 6.94427 15
17 0 4219 2804 7717 10 16
18 0 4235 2792 7737 10 17
19 0 4236.45 2774.18 7762.82 21.5908 18
20 0 4225.02 2760.2 7777 36.5115 19
21 0 4167 2764 7777 14.4924 20
22 0 4139 2764 7777 19.5407 21
23 2 4133.74 2769.26 7776.12 19.7789 22
24 0 4091 2812 7769 26.2843 23
25 0 4107 2864 7757 14 24
26 2 4111 2883.8 7746.4 10.4017 25
27 0 4103 2896 7745 6.94427 26
28 0 4095 2904 7741 10 27
29 0 4075 2924 7745 12.4222 28
30 0 4047 2940 7745 6 29
31 0 4031 2948 7745 6.94427 30
32 0 4011 2948 7741 6.94427 31
33 0 3995 2964 7741 6 32
34 0 3987 2968 7741 6 33
35 0 3979 2976 7733 6.94427 34
36 0 3963 2992 7725 12.4222 35
37 0 3947 3004 7721 10 36
38 0 3947 3032 7721 10 37
39 0 3947 3044 7729 14 38
40 0 3963 3084 7729 10 39
41 0 3971 3100 7733 10.6491 40
42 0 3967 3112 7737 9.31371 41
43 0 3959 3120 7745 3.65685 42
44 0 3955 3124 7749 3.65685 43
45 0 3955 3128 7749 3.65685 44
46 0 3955 3132 7749 2 45
47 0 3955 3136 7749 2 46
48 0 4059 2876 7741 6 28
49 0 4055 2868 7733 9.31371 48
50 0 4047 2872 7725 3.65685 49
51 0 4043 2872 7725 2 50
52 2 4103.59 2868.86 7730.4 9.47554 26
53 0 4095 2860 7721 6.94427 52
54 0 4083 2844 7709 6.94427 53
55 0 4071 2840 7697 6.94427 54
56 0 4067 2836 7689 6 55
57 0 4067 2828 7685 3.65685 56
58 0 4063 2824 7685 2 57
59 0 4107 2868 7705 10.6491 52
60 0 4111 2864 7693 12.4222 59
61 0 4119 2856 7685 9.31371 60
62 0 4131 2852 7689 3.65685 61
63 0 4135 2856 7689 2 62
64 0 4087 2780 7725 9.31371 24
65 0 4143 2756 7745 12.4222 23
66 0 4147 2732 7733 6.94427 65
67 0 4147 2724 7733 6.94427 66
68 0 4139 2736 7757 10 22
69 2 4127.67 2713.01 7757 7.14324 68
70 0 4119 2704 7757 6.94427 69
71 0 4107 2696 7761 10.6491 70
72 0 4087 2676 7761 9.31371 71
73 0 4059 2672 7773 10 72
74 0 4027 2664 7785 14.4924 73
75 0 3999 2660 7785 10 74
76 0 3975 2652 7773 14 75
77 0 3947 2644 7773 12.4222 76
78 0 3931 2624 7757 6 77
79 0 3931 2616 7745 2 78
80 0 4135 2696 7737 14 69
81 0 4135 2680 7733 12.4222 80
82 0 4139 2664 7725 6 81
83 0 4139 2656 7725 2 82
84 0 4139 2652 7725 3.65685 83
85 0 4135 2640 7721 6 84
86 0 4131 2628 7717 6.94427 85
87 0 4131 2616 7713 6 86
88 0 4127 2608 7709 9.31371 87
89 0 4123 2596 7709 6 88
90 0 4115 2580 7701 6.94427 89
91 0 4107 2556 7685 12.4222 90
92 0 4083 2532 7681 9.31371 91
93 0 4079 2524 7673 3.65685 92
94 0 4079 2520 7673 2 93
95 2 4242.45 2750.44 7789.15 29.952 20
96 0 4279 2744 7817 18 95
97 0 4307 2748 7833 19.5407 96
98 0 4335 2752 7849 30.249 97
99 0 4363 2732 7857 24.8328 98
100 0 4379 2708 7857 10 99
101 0 4239 2708 7761 20.6274 95
102 0 4231 2688 7749 6 101
103 0 4239 2808 7781 10 19
104 0 4243 2832 7781 9.31371 103
105 0 4251 2844 7781 6.94427 104
106 0 4255 2852 7777 9.31371 105
107 0 4263 2860 7777 3.65685 106
108 0 4263 2864 7777 2 107
