# Generated by NeuTu (https://github.com/janelia-flyem/NeuTu)
1 0 4088 2775 7844 2 -1
2 0 4092 2775 7844 2 1
3 0 4096 2771 7840 6 2
4 0 4104 2759 7828 6.94427 3
5 0 4108 2735 7816 9 4
6 0 4108 2723 7816 6 5
7 0 4108 2715 7820 6 6
8 0 4116 2707 7824 10 7
9 0 4128 2707 7820 6.94427 8
10 0 4140 2711 7816 10 9
11 0 4168 2707 7824 9.31371 10
12 0 4176 2707 7832 6 11
13 0 4188 2711 7836 10 12
14 0 4196 2731 7844 10 13
15 0 4200 2743 7844 9.31371 14
16 0 4204 2755 7844 2 15
17 0 4204 2759 7844 2 16
18 0 4104 2727 7796 9.31371 5
19 0 4104 2719 7788 6 18
20 0 4104 2711 7780 6 19
