# Generated by NeuTu (https://github.com/janelia-flyem/NeuTu)
1 0 3992 4059 2155 6 -1
2 0 3988 4067 2155 6 1
3 0 3984 4075 2147 3.65685 2
4 0 3984 4075 2143 3.65685 3
5 0 3980 4079 2139 3.65685 4
6 0 3976 4079 2135 2 5
7 0 3976 4079 2131 3.65685 6
8 0 3968 4079 2123 3.65685 7
9 0 3964 4075 2119 2 8
10 0 3960 4075 2115 3.65685 9
11 0 3952 4067 2107 3.65685 10
12 0 3948 4063 2103 3.65685 11
13 0 3948 4059 2099 3.65685 12
14 0 3944 4055 2095 6 13
15 0 3940 4047 2087 6.94427 14
16 0 3940 4039 2083 2 15
17 0 3940 4035 2083 2 16
