# Generated by NeuTu (https://github.com/janelia-flyem/NeuTu)
1 0 3738 4155 2347 2 -1
2 0 3738 4159 2347 3.65685 1
3 0 3742 4163 2347 3.65685 2
4 0 3746 4167 2351 6 3
5 0 3746 4183 2343 10 4
6 0 3742 4187 2327 9.31371 5
7 0 3758 4179 2311 10 6
8 0 3770 4175 2295 6.94427 7
9 0 3770 4187 2279 6.94427 8
10 0 3774 4191 2267 9.31371 9
11 0 3778 4195 2255 6 10
12 0 3790 4199 2239 6 11
13 0 3794 4199 2227 6.94427 12
14 0 3810 4207 2215 12.4222 13
15 0 3826 4211 2215 14 14
16 2 3838.97 4204.52 2224.72 14.7865 15
17 2 3851.71 4190.06 2236.71 12.9094 16
18 0 3862 4171 2247 14.9706 17
19 2 3865.25 4164.5 2266.5 10.3752 18
20 0 3866 4163 2287 6.94427 19
21 0 3878 4163 2299 12.4222 20
22 0 3886 4171 2307 9.31371 21
23 2 3899.66 4183 2312.11 11.6626 22
24 0 3910 4183 2319 6.94427 23
25 0 3922 4183 2335 6 24
26 0 3926 4183 2351 6.94427 25
27 0 3926 4179 2367 6.94427 26
28 0 3938 4183 2379 9.31371 27
29 0 3942 4179 2403 6.94427 28
30 0 3938 4183 2419 6 29
31 0 3922 4199 2423 6.94427 30
32 0 3954 4187 2359 6 28
33 0 3962 4187 2351 6 32
34 0 3958 4179 2339 6 33
35 0 3958 4175 2331 6 34
36 0 3894 4203 2335 12.4222 23
37 0 3882 4203 2347 6.94427 36
38 0 3870 4199 2347 9.31371 37
39 0 3862 4203 2355 10.6491 38
40 0 3858 4203 2367 6 39
41 0 3858 4211 2375 9.31371 40
42 0 3854 4215 2387 6.94427 41
43 0 3838 4231 2399 14.4924 42
44 0 3890 4167 2263 6.94427 19
45 0 3898 4179 2263 6.94427 44
46 0 3898 4187 2259 6 45
47 0 3902 4199 2251 10 46
48 0 3898 4219 2255 6 47
49 0 3902 4223 2259 3.65685 48
50 0 3906 4223 2259 2 49
51 0 3870 4155 2219 12.4222 18
52 0 3882 4119 2219 9.31371 51
53 0 3886 4107 2215 6 52
54 0 3886 4099 2207 6.94427 53
55 0 3858 4211 2203 15.8885 17
56 2 3889 4220 2203 17.1231 55
57 0 3910 4203 2199 18 56
58 0 3914 4195 2179 10 57
59 0 3930 4203 2151 10.6491 58
60 0 3938 4211 2135 6.94427 59
61 0 3942 4219 2127 9.31371 60
62 0 3950 4223 2119 6 61
63 0 3906 4247 2227 14 56
64 0 3902 4259 2219 6.94427 63
65 0 3842 4235 2223 10 16
66 0 3854 4243 2235 14 65
67 0 3858 4235 2255 6 66
68 0 3866 4235 2263 10.6491 67
69 0 3878 4219 2279 9.31371 68
70 0 3882 4211 2287 10.6491 69
71 0 3878 4207 2299 3.65685 70
72 0 3874 4203 2303 2 71
73 0 3874 4203 2307 2 72
74 0 3818 4231 2191 15.8885 15
75 0 3818 4231 2175 10.6491 74
76 0 3822 4227 2155 10 75
77 0 3822 4223 2127 10.6491 76
78 0 3814 4227 2115 14 77
79 0 3802 4239 2099 10 78
80 0 3790 4235 2091 3.65685 79
81 0 3790 4231 2087 2 80
