# Generated by NeuTu (https://github.com/janelia-flyem/NeuTu)
1 0 3731 3896 2105 2 -1
2 0 3731 3892 2105 3.65685 1
3 0 3723 3884 2109 6.94427 2
4 0 3711 3876 2121 9.31371 3
5 0 3699 3868 2141 9.31371 4
6 0 3691 3868 2149 6 5
7 0 3683 3868 2169 3.65685 6
8 0 3679 3864 2173 6 7
9 0 3679 3864 2181 6 8
10 0 3675 3864 2189 3.65685 9
11 0 3675 3864 2197 6 10
12 0 3671 3860 2201 6 11
13 0 3667 3856 2221 6 12
14 0 3663 3852 2233 6 13
15 0 3663 3852 2241 6 14
16 0 3667 3852 2249 2 15
17 0 3667 3852 2253 2 16
