# Generated by NeuTu (https://github.com/janelia-flyem/NeuTu)
1 0 2863 3417 3933 2 -1
2 0 2863 3417 3929 2 1
3 0 2859 3409 3925 6 2
4 0 2851 3389 3925 9.31371 3
5 0 2839 3369 3921 6.94427 4
6 0 2819 3353 3905 6.94427 5
7 0 2807 3353 3893 6.94427 6
8 0 2795 3353 3893 6.94427 7
9 0 2783 3357 3889 10 8
10 0 2763 3361 3897 6 9
11 2 2740.41 3364.65 3897 9.10464 10
12 2 2737.8 3365.4 3897 8.98234 11
13 0 2727 3369 3897 6 12
14 0 2711 3369 3897 6.94427 13
15 0 2703 3369 3893 6 14
16 0 2687 3369 3885 6.94427 15
17 0 2679 3369 3881 6.94427 16
18 0 2663 3361 3881 6.94427 17
19 0 2655 3353 3881 3.65685 18
20 0 2651 3349 3877 3.65685 19
21 0 2643 3341 3873 6 20
22 0 2635 3333 3873 3.65685 21
23 2 2630.76 3328.76 3873 5.40027 22
24 2 2627.46 3325.46 3873 6.75341 23
25 0 2623 3313 3881 10.6491 24
26 0 2647 3297 3881 10.6491 25
27 0 2655 3289 3881 6.94427 26
28 0 2675 3277 3881 6 27
29 0 2683 3269 3885 9.31371 28
30 0 2691 3249 3893 9.31371 29
31 0 2707 3233 3897 6.94427 30
32 2 2727.13 3216.23 3893.65 22.9265 31
33 2 2741.74 3208.7 3882.26 24.549 32
34 0 2751 3205 3873 23.2982 33
35 2 2751 3211.87 3848.96 26.3426 34
36 2 2751 3209.4 3808.96 28.3028 35
37 2 2745.41 3209 3790.1 27.4483 36
38 2 2744.92 3209 3788.78 27.3588 37
39 2 2739.82 3209 3775.19 26.4335 38
40 0 2723 3221 3753 14.9706 39
41 2 2708.41 3235.59 3731.12 14.0856 40
42 0 2707 3237 3729 14 41
43 2 2704.23 3248.08 3720.69 12.9077 42
44 0 2699 3265 3705 12.4222 43
45 0 2715 3289 3713 10 44
46 0 2723 3301 3717 14 45
47 0 2719 3317 3721 12.4222 46
48 0 2703 3333 3725 18 47
49 0 2683 3341 3725 14.4924 48
50 0 2655 3353 3717 22 49
51 0 2667 3393 3717 9.31371 50
52 0 2667 3429 3717 14 51
53 0 2679 3457 3713 15.8885 52
54 2 2677.67 3486.33 3714.33 15.8885 53
55 0 2719 3509 3729 12.4222 54
56 0 2731 3509 3733 9.31371 55
57 0 2739 3517 3741 10.6491 56
58 0 2739 3529 3753 6.94427 57
59 0 2747 3533 3765 9.31371 58
60 2 2744.17 3533 3779.83 8.14214 59
61 0 2739 3533 3785 6 60
62 0 2735 3533 3793 6 61
63 0 2731 3529 3797 3.65685 62
64 0 2723 3521 3805 3.65685 63
65 0 2719 3517 3809 3.65685 64
66 0 2715 3513 3813 6 65
67 0 2707 3505 3813 6 66
68 0 2699 3505 3813 6 67
69 0 2691 3501 3813 3.65685 68
70 0 2683 3497 3813 6 69
71 0 2675 3493 3813 3.65685 70
72 0 2667 3489 3813 6 71
73 0 2655 3489 3813 2 72
74 0 2647 3489 3813 6 73
75 0 2635 3485 3813 12.4222 74
76 0 2603 3509 3813 19.5407 75
77 0 2579 3529 3813 30.9848 76
78 0 2547 3521 3813 18 77
79 0 2503 3501 3813 14.4924 78
80 0 2475 3497 3813 6 79
81 0 2467 3497 3813 3.65685 80
82 0 2463 3493 3813 2 81
83 0 2583 3573 3813 22 77
84 0 2603 3585 3813 6.94427 83
85 0 2611 3589 3813 3.65685 84
86 0 2615 3597 3813 6.94427 85
87 0 2623 3605 3813 6.94427 86
88 0 2631 3613 3813 2 87
89 0 2635 3613 3813 2 88
90 0 2731 3529 3777 6 61
91 0 2723 3525 3765 6 90
92 0 2715 3517 3757 6 91
93 0 2699 3509 3757 6.94427 92
94 0 2687 3509 3757 2 93
95 0 2755 3549 3781 10 60
96 0 2751 3557 3773 6 95
97 0 2739 3569 3761 6.94427 96
98 0 2735 3585 3749 9.31371 97
99 0 2731 3589 3741 6.94427 98
100 0 2727 3597 3733 9.31371 99
101 0 2727 3593 3721 3.65685 100
102 0 2723 3589 3717 2 101
103 0 2743 3489 3725 10 56
104 0 2755 3473 3725 19.5407 103
105 0 2787 3469 3721 10 104
106 0 2795 3473 3713 6 105
107 0 2803 3477 3705 6 106
108 0 2811 3481 3697 3.65685 107
109 0 2815 3485 3693 2 108
110 0 2651 3497 3717 18 54
111 0 2631 3485 3713 6 110
112 0 2703 3449 3713 9.31371 53
113 0 2711 3441 3709 6.94427 112
114 0 2719 3437 3701 9.31371 113
115 0 2715 3429 3697 3.65685 114
116 0 2711 3425 3697 3.65685 115
117 0 2699 3417 3697 10 116
118 0 2687 3409 3697 6 117
119 0 2679 3409 3697 6 118
120 0 2743 3433 3693 6.94427 114
121 0 2755 3433 3685 9.31371 120
122 0 2647 3437 3713 2 52
123 0 2639 3437 3713 6 122
124 0 2631 3433 3713 6.94427 123
125 0 2615 3437 3713 10 124
126 0 2607 3429 3713 6.94427 125
127 0 2603 3417 3713 10.6491 126
128 0 2603 3405 3713 2 127
129 0 2603 3401 3713 2 128
130 0 2603 3397 3713 2 129
131 0 2603 3393 3713 2 130
132 0 2607 3389 3713 2 131
133 0 2611 3385 3713 2 132
134 0 2623 3325 3721 6.94427 50
135 0 2619 3309 3721 6 134
136 0 2615 3301 3717 6 135
137 0 2615 3293 3713 3.65685 136
138 0 2611 3289 3713 2 137
139 0 2611 3285 3713 2 138
140 0 2691 3233 3717 6 43
141 0 2675 3233 3717 6.94427 140
142 0 2663 3237 3717 6 141
143 0 2655 3233 3717 3.65685 142
144 0 2651 3229 3717 3.65685 143
145 0 2643 3225 3717 6 144
146 0 2635 3221 3717 6 145
147 0 2691 3237 3741 9.31371 42
148 0 2687 3237 3757 6 147
149 0 2683 3241 3765 6 148
150 0 2679 3245 3773 2 149
151 0 2679 3249 3777 2 150
152 2 2731.97 3207.28 3718.52 17.2414 41
153 2 2738.2 3205 3715.4 18.5775 152
154 2 2771.44 3198.78 3689.44 22.3311 153
155 2 2772.51 3198.24 3688.11 22.3311 154
156 0 2775 3197 3685 22.3311 155
157 2 2775 3197.4 3682.2 22.5812 156
158 2 2775 3200.6 3659.8 24.5826 157
159 2 2775 3216.25 3639.21 30.7974 158
160 0 2775 3225 3629 34.2215 159
161 2 2786.13 3231.49 3628.07 33.0663 160
162 0 2823 3253 3625 29.241 161
163 0 2873.06 3277.57 3644.31 31.78 162
164 0 2907.16 3293.97 3669 21.0269 163
165 0 2911 3337 3673 9.31371 164
166 0 2915 3345 3681 3.65685 165
167 0 2919 3345 3685 3.65685 166
168 0 2923 3345 3685 2 167
169 0 2939 3293 3681 10.6491 164
170 0 2947 3301 3697 6 169
171 0 2939 3277 3645 10.6491 163
172 0 2959 3273 3649 6 171
173 0 2967 3273 3653 6 172
174 0 2867 3241 3597 6 162
175 0 2875 3241 3589 6 174
176 0 2879 3245 3585 3.65685 175
177 0 2883 3245 3581 3.65685 176
178 0 2887 3249 3577 3.65685 177
179 0 2891 3249 3577 2 178
180 0 2895 3249 3577 2 179
181 0 2783 3221 3565 22 161
182 0 2767 3205 3565 6 181
183 0 2759 3197 3565 2 182
184 0 2751 3189 3561 9.31371 183
185 0 2747 3177 3561 6 184
186 0 2747 3161 3545 6 185
187 0 2743 3153 3537 6.94427 186
188 0 2739 3149 3521 6.94427 187
189 0 2731 3145 3509 2 188
190 2 2791.57 3215.86 3551.29 21.4118 181
191 0 2803 3209 3533 20.6274 190
192 0 2815 3197 3521 14.4924 191
193 0 2819 3181 3521 6.94427 192
194 0 2827 3169 3521 6.94427 193
195 0 2843 3153 3505 6 194
196 0 2791 3229 3493 6.94427 191
197 0 2807 3229 3477 6 196
198 0 2815 3225 3469 6 197
199 0 2815 3193 3561 12.4222 190
200 0 2823 3169 3557 6.94427 199
201 0 2827 3157 3553 10 200
202 0 2839 3153 3553 3.65685 201
203 0 2843 3149 3553 2 202
204 2 2743.85 3225 3601.74 18.4307 160
205 0 2711 3225 3577 6 204
206 0 2703 3229 3573 6.94427 205
207 0 2699 3237 3561 6.94427 206
208 0 2695 3245 3553 6.94427 207
209 0 2687 3245 3537 6.94427 208
210 0 2675 3249 3521 6 209
211 0 2663 3245 3509 6 210
212 0 2655 3245 3505 6 211
213 0 2647 3249 3501 2 212
214 0 2643 3249 3501 2 213
215 0 2683 3221 3569 10.6491 206
216 0 2671 3205 3561 6 215
217 0 2671 3197 3553 3.65685 216
218 0 2671 3197 3545 3.65685 217
219 0 2671 3197 3541 3.65685 218
220 0 2667 3193 3537 2 219
221 0 2667 3193 3533 2 220
222 0 2731 3201 3597 9.31371 204
223 0 2739 3189 3597 6.94427 222
224 0 2743 3181 3589 6 223
225 0 2747 3177 3585 2 224
226 0 2747 3173 3585 2 225
227 0 2811 3181 3601 12.4222 159
228 0 2819 3173 3593 6.94427 227
229 0 2807 3173 3633 14.4924 158
230 0 2819 3157 3613 10 229
231 0 2827 3149 3593 9.31371 230
232 0 2827 3149 3581 10 231
233 0 2835 3149 3573 6 232
234 0 2803 3161 3661 14.9706 157
235 0 2819 3137 3641 10.6491 234
236 0 2827 3129 3633 2 235
237 0 2827 3125 3629 2 236
238 0 2747 3197 3657 18 156
239 0 2731 3189 3649 10 238
240 0 2731 3173 3641 6.94427 239
241 0 2727 3165 3645 6.94427 240
242 0 2727 3157 3649 3.65685 241
243 0 2731 3153 3649 2 242
244 0 2799 3157 3701 12.4222 155
245 0 2803 3141 3725 9.31371 244
246 0 2795 3221 3693 9.31371 154
247 0 2815 3225 3677 6.94427 246
248 2 2759.16 3198.24 3733.65 21.4694 153
249 0 2783 3145 3741 6 248
250 0 2791 3133 3741 9.31371 249
251 0 2795 3125 3749 6 250
252 0 2759 3201 3761 22.3311 248
253 0 2791 3221 3765 6.94427 252
254 0 2803 3229 3765 9.31371 253
255 0 2815 3229 3765 3.65685 254
256 0 2819 3233 3765 2 255
257 0 2719 3185 3741 14 152
258 0 2715 3165 3745 6 257
259 0 2711 3157 3749 6 258
260 0 2703 3153 3757 6.94427 259
261 0 2703 3141 3769 6 260
262 0 2703 3133 3769 6 261
263 0 2703 3125 3773 2 262
264 0 2703 3121 3773 2 263
265 0 2719 3205 3809 28.4631 39
266 2 2692.33 3171.67 3827.67 15.077 265
267 0 2691 3153 3833 6.94427 266
268 0 2683 3125 3829 10 267
269 0 2695 3157 3805 6.94427 266
270 0 2695 3149 3805 2 269
271 0 2695 3145 3805 2 270
272 0 2695 3141 3805 2 271
273 0 2695 3137 3805 2 272
274 0 2691 3133 3805 3.65685 273
275 0 2687 3125 3805 3.65685 274
276 0 2687 3121 3805 2 275
277 0 2687 3117 3805 3.65685 276
278 0 2683 3113 3805 2 277
279 2 2762.47 3181.83 3800.64 12.8625 38
280 0 2771 3161 3817 6 279
281 0 2771 3145 3817 6 280
282 0 2771 3129 3829 6 281
283 0 2771 3121 3837 6 282
284 0 2779 3113 3841 2 283
285 0 2771 3165 3785 10 279
286 0 2771 3153 3789 6 285
287 0 2775 3137 3793 6 286
288 0 2779 3129 3801 9.31371 287
289 0 2775 3121 3805 3.65685 288
290 0 2775 3117 3801 2 289
291 0 2771 3241 3785 10 37
292 0 2775 3253 3785 6.94427 291
293 0 2783 3261 3777 6 292
294 0 2731 3209 3849 26 36
295 0 2715 3189 3865 6.94427 294
296 0 2707 3181 3865 3.65685 295
297 0 2703 3173 3865 3.65685 296
298 0 2699 3169 3865 2 297
299 0 2759 3169 3849 6 35
300 0 2763 3153 3849 6 299
301 0 2763 3137 3861 6 300
302 0 2771 3129 3869 6.94427 301
303 0 2775 3125 3877 6 302
304 0 2779 3129 3885 2 303
305 0 2779 3129 3889 2 304
306 0 2755 3177 3881 6.94427 34
307 0 2759 3161 3881 6 306
308 0 2763 3153 3881 2 307
309 0 2763 3149 3881 2 308
310 0 2763 3145 3881 2 309
311 0 2763 3141 3881 2 310
312 2 2751 3191.34 3913.14 16.7933 33
313 0 2751 3185 3929 10.6491 312
314 0 2751 3185 3945 15.8885 313
315 0 2755 3181 3961 10.6491 314
316 0 2759 3169 3965 3.65685 315
317 0 2763 3165 3965 2 316
318 0 2763 3161 3965 2 317
319 0 2763 3157 3965 2 318
320 0 2763 3153 3965 2 319
321 0 2755 3169 3913 6.94427 312
322 0 2759 3157 3909 6 321
323 0 2759 3149 3909 3.65685 322
324 0 2763 3145 3905 2 323
325 0 2763 3141 3905 2 324
326 2 2699.93 3199.86 3896.03 20.3513 32
327 2 2690.94 3192.31 3896.71 20.5433 326
328 0 2683 3165 3893 10 327
329 0 2679 3153 3885 9.31371 328
330 0 2663 3161 3885 6 329
331 0 2663 3169 3885 2 330
332 0 2663 3173 3885 2 331
333 0 2663 3181 3885 6 332
334 0 2667 3201 3885 6 333
335 0 2675 3213 3885 2 334
336 0 2679 3209 3913 9.31371 327
337 0 2667 3221 3913 10 336
338 0 2655 3221 3917 6.94427 337
339 0 2647 3213 3917 3.65685 338
340 0 2647 3209 3917 3.65685 339
341 0 2643 3205 3917 2 340
342 0 2699 3185 3941 12.4222 326
343 0 2703 3181 3953 10 342
344 0 2691 3177 3961 10.6491 343
345 0 2671 3185 3961 6 344
346 0 2663 3189 3965 3.65685 345
347 0 2655 3193 3965 3.65685 346
348 0 2651 3193 3965 2 347
349 0 2647 3193 3965 2 348
350 0 2607 3313 3873 6.94427 25
351 0 2587 3325 3873 6.94427 350
352 0 2579 3325 3873 3.65685 351
353 0 2575 3321 3873 2 352
354 0 2607 3341 3869 6.94427 24
355 0 2599 3349 3869 9.31371 354
356 0 2595 3361 3869 2 355
357 0 2595 3365 3869 2 356
358 0 2631 3345 3889 9.31371 23
359 0 2627 3365 3889 10 358
360 0 2619 3373 3889 3.65685 359
361 0 2615 3377 3889 3.65685 360
362 0 2611 3377 3889 2 361
363 0 2607 3377 3889 3.65685 362
364 0 2603 3373 3889 2 363
365 0 2599 3369 3889 2 364
366 0 2595 3369 3889 2 365
367 0 2591 3369 3889 2 366
368 0 2587 3369 3889 2 367
369 0 2583 3369 3889 3.65685 368
370 0 2579 3369 3889 2 369
371 0 2575 3369 3889 2 370
372 0 2687 3377 3865 6 17
373 0 2695.22 3372.56 3856.56 6 372
374 0 2699 3357 3841 6.94427 373
375 0 2703 3337 3841 12.4222 374
376 0 2695 3325 3845 12.4222 375
377 0 2695 3313 3849 6 376
378 0 2687 3305 3853 10 377
379 0 2687 3289 3853 2 378
380 0 2687 3281 3857 6 379
381 0 2687 3269 3857 6 380
382 0 2687 3253 3857 6.94427 381
383 0 2683 3245 3857 6 382
384 0 2691 3237 3857 2 383
385 0 2695 3233 3857 2 384
386 0 2707 3373 3861 6 373
387 0 2715 3373 3861 6 386
388 0 2731 3373 3861 6 387
389 0 2747 3369 3857 6 388
390 0 2751 3365 3853 6 389
391 0 2759 3365 3853 6.94427 390
392 0 2767 3361 3857 3.65685 391
393 0 2771 3357 3857 3.65685 392
394 0 2771 3353 3857 2 393
395 0 2715 3369 3845 6 387
396 0 2731 3357 3837 9.31371 395
397 0 2747 3361 3825 9.31371 396
398 0 2759 3377 3821 3.65685 397
399 0 2759 3381 3821 2 398
400 0 2707 3377 3885 6 15
401 0 2711 3381 3881 6 400
402 0 2727 3381 3881 6 401
403 0 2735 3381 3877 6 402
404 0 2743 3349 3909 6 12
405 0 2747 3345 3913 6 404
406 0 2755 3337 3917 10 405
407 0 2767 3337 3917 10 406
408 0 2775 3341 3925 2 407
409 0 2779 3345 3929 2 408
410 0 2755 3369 3885 6 11
411 0 2763 3369 3877 6 410
412 0 2771 3369 3869 9.31371 411
