# Generated by NeuTu (https://github.com/janelia-flyem/NeuTu)
1 0 2826 3940 1943 2 -1
2 0 2814 3940 1947 6.94427 1
3 0 2806 3940 1959 14 2
4 0 2798 3944 1971 9.31371 3
5 0 2782 3932 1995 12.4222 4
6 0 2778 3936 2007 6 5
7 0 2778 3936 2023 6 6
8 0 2782 3932 2027 3.65685 7
9 0 2782 3928 2035 6 8
10 0 2782 3924 2043 3.65685 9
11 0 2782 3924 2051 6 10
12 0 2778 3916 2063 6 11
13 0 2778 3908 2067 6 12
14 0 2786 3908 1995 10 5
15 0 2790 3888 1999 3.65685 14
16 0 2794 3884 1999 3.65685 15
17 0 2798 3880 1999 2 16
