# Generated by NeuTu (https://github.com/janelia-flyem/NeuTu)
1 0 3559 4268 2241 2 -1
2 0 3563 4268 2241 2 1
3 0 3571 4264 2241 6 2
4 0 3583 4260 2245 10 3
5 0 3603 4260 2253 10 4
6 0 3627 4260 2257 6.94427 5
7 0 3651 4260 2261 10 6
8 0 3675 4260 2257 6 7
9 0 3691 4260 2257 6 8
10 0 3699 4256 2261 9.31371 9
11 0 3711 4256 2257 10 10
12 0 3731 4240 2257 6.94427 11
13 0 3739 4232 2261 3.65685 12
14 0 3743 4228 2265 6 13
15 0 3747 4220 2269 3.65685 14
16 0 3751 4212 2265 6.94427 15
17 0 3755 4192 2245 6 16
18 0 3759 4176 2237 6.94427 17
