# Generated by NeuTu (https://github.com/janelia-flyem/NeuTu)
1 0 2769 3943 2330 2 -1
2 0 2769 3947 2330 3.65685 1
3 0 2765 3951 2326 3.65685 2
4 0 2753 3975 2322 14.4924 3
5 0 2745 4003 2310 28.4631 4
6 0 2761 4043 2282 10 5
7 0 2781 4055 2270 10 6
8 0 2797 4055 2254 10 7
9 0 2861 4055 2186 37.9797 8
10 2 2919.37 4055 2166.47 27.2918 9
11 0 2982.79 4073.34 2159.1 32.7422 10
12 2 3000.17 4086.38 2150.41 40.8791 11
13 0 3029 4115 2134 34.8782 12
14 0 3037 4139 2106 18 13
15 0 3033 4163 2066 18 14
16 0 3013 4183 2030 20.6274 15
17 0 2997 4195 1974 19.5407 16
18 0 3009 4223 1938 14.4924 17
19 0 3029 4247 1922 12.4222 18
20 0 3049 4267 1922 6 19
21 0 2993 4075 2202 10 12
22 0 2981 4067 2218 18 21
23 0 2969 4071 2234 14.4924 22
24 0 2941 4075 2238 6 23
25 0 2929 4075 2246 6.94427 24
26 0 2913 4075 2258 6 25
27 0 2909 4071 2262 6 26
28 0 3009 4047 2190 12.4222 11
29 0 2997 4047 2198 14 28
30 0 2981 4043 2198 10 29
31 0 2877 4043 2138 34 10
32 0 2865 4063 2094 9.31371 31
33 0 2865 4063 2070 9.31371 32
34 0 2869 4071 2062 10 33
35 0 2873 4079 2054 6 34
36 2 2819.31 4030.68 2154.73 29.7135 9
37 2 2813.53 4027.31 2150.39 28.5673 36
38 2 2811.89 4028.11 2149.56 27.4374 37
39 0 2793 4047 2142 10 38
40 0 2785 4055 2142 6.94427 39
41 0 2785 4067 2138 10.6491 40
42 0 2797 4079 2138 14.4924 41
43 0 2809 4091 2146 6 42
44 0 2773 3999 2146 10.6491 38
45 0 2757 3987 2130 6 44
46 0 2813 3979 2174 14 37
47 0 2813 3967 2186 6 46
48 0 2817 3963 2194 6 47
49 0 2805 4003 2194 10.6491 36
50 0 2793 3991 2194 10.6491 49
51 0 2781 3975 2190 18 50
