# Generated by NeuTu (https://github.com/janelia-flyem/NeuTu)
1 0 3628 4000 2263 2 -1
2 0 3628 4000 2267 3.65685 1
3 0 3636 3992 2275 6.94427 2
4 0 3636 3984 2283 9.31371 3
5 0 3632 3980 2291 6 4
6 0 3624 3972 2303 3.65685 5
7 0 3624 3972 2311 3.65685 6
8 2 3624 3975.79 2322.58 5.87631 7
9 0 3620 4000 2323 6 8
10 0 3620 4016 2323 6 9
11 0 3620 4032 2323 6 10
12 0 3628 4048 2323 6 11
13 0 3640 4064 2327 6.94427 12
14 0 3648 4064 2327 6 13
15 0 3656 4064 2339 9.31371 14
16 0 3644 4076 2351 6.94427 15
17 0 3636 4084 2359 6 16
18 0 3628 4092 2371 9.31371 17
19 0 3616 4108 2375 6.94427 18
20 0 3600 4124 2375 6 19
21 0 3600 4132 2375 6 20
22 0 3600 4140 2367 6 21
23 0 3668 4052 2327 3.65685 15
24 0 3676 4052 2323 6 23
25 0 3684 4056 2315 6 24
26 0 3612 3956 2327 10 8
27 0 3600 3960 2343 3.65685 26
28 0 3596 3964 2347 3.65685 27
29 0 3596 3968 2351 3.65685 28
30 0 3592 3968 2355 2 29
31 0 3592 3968 2359 2 30
