# Generated by NeuTu (https://github.com/janelia-flyem/NeuTu)
1 0 4431 4054 2035 6.94427 -1
2 0 4427 4050 2043 9.31371 1
3 0 4427 4034 2055 6 2
4 0 4427 4018 2067 9.31371 3
5 0 4435 4006 2079 6.94427 4
6 0 4447 4002 2091 6 5
7 0 4463 4006 2103 6 6
8 0 4467 4022 2115 6 7
9 0 4467 4030 2115 6 8
10 0 4467 4038 2123 9.31371 9
11 0 4471 4054 2127 6 10
12 0 4471 4070 2127 6 11
13 2 4475 4088 2145 13.219 12
14 0 4479 4086 2175 6.94427 13
15 0 4475 4086 2191 9.31371 14
16 0 4479 4086 2207 6.94427 15
17 2 4479.67 4091.33 2220.33 8.76142 16
18 0 4483 4098 2227 6 17
19 0 4483 4106 2231 6 18
20 0 4483 4114 2239 3.65685 19
21 0 4483 4122 2247 6 20
22 0 4483 4126 2255 6 21
23 0 4479 4126 2263 2 22
24 0 4479 4126 2267 2 23
25 0 4479 4126 2271 3.65685 24
26 0 4475 4130 2279 6 25
27 0 4467 4130 2295 6 26
28 0 4467 4138 2311 6 27
29 0 4467 4146 2327 6 28
30 0 4459 4158 2343 6.94427 29
31 0 4451 4166 2351 6.94427 30
32 0 4447 4178 2359 12.4222 31
33 0 4487 4066 2235 6 17
34 0 4495 4058 2239 6 33
35 0 4483 4098 2115 12.4222 13
36 0 4487 4098 2095 14.4924 35
37 0 4511 4098 2071 6.94427 36
38 0 4515 4098 2063 6 37
39 0 4519 4102 2059 2 38
40 0 4519 4102 2055 2 39
41 0 3915 4234 2283 6 -1
42 0 3903 4242 2283 9.31371 41
43 0 3891 4258 2275 6 42
44 0 3887 4266 2283 2 43
45 0 3815 4262 2379 6.94427 -1
46 0 3811 4262 2371 3.65685 45
47 0 3811 4258 2367 2 46
