# Generated by NeuTu (https://github.com/janelia-flyem/NeuTu)
1 0 4174 4114 1695 2 -1
2 0 4170 4114 1695 2 1
3 0 4166 4114 1695 2 2
4 0 4158 4106 1691 2 3
5 0 4154 4106 1691 2 4
6 0 4150 4102 1691 2 5
7 0 4146 4102 1691 2 6
8 0 4142 4098 1691 2 7
9 0 4126 4090 1691 2 8
10 0 4122 4090 1691 2 9
11 0 4118 4090 1687 2 10
12 0 4110 4086 1687 2 11
13 0 4106 4086 1687 2 12
14 0 4102 4086 1687 2 13
15 0 4074 4062 1691 2 14
16 0 4070 4058 1691 2 15
17 0 4070 4054 1691 2 16
18 0 4130 4094 1647 24.8328 11
19 0 4186 4102 1667 14 18
20 0 4218 4122 1687 14 19
21 0 4250 4146 1715 14.4924 20
22 0 4254 4154 1731 14 21
23 0 4262.71 4174.71 1756.06 12.6049 22
24 0 4282 4190 1799 14.9706 23
25 0 4294 4182 1827 14.4924 24
26 0 4314 4170 1859 14 25
27 0 4338 4170 1887 9.31371 26
28 0 4346 4174 1895 9.31371 27
29 0 4354 4178 1915 18 28
30 0 4362 4182 1939 20.6274 29
31 0 4390 4190 1967 10.6491 30
32 0 4402 4198 1979 14 31
33 0 4410 4202 1991 9.31371 32
34 0 4422 4206 2007 10.6491 33
35 0 4434 4206 2027 12.4222 34
36 0 4446 4206 2039 14.9706 35
37 2 4476.67 4220.67 2077.67 36.3459 36
38 2 4488 4232 2089 40.5285 37
39 0 4530 4234 2107 19.5407 38
40 0 4550 4222 2107 10.6491 39
41 0 4566 4214 2119 6.94427 40
42 0 4578 4214 2119 6.94427 41
43 0 4594 4214 2119 14 42
44 0 4614 4214 2127 18 43
45 0 4634 4214 2127 10.6491 44
46 0 4666 4218 2127 10 45
47 0 4718.45 4240.77 2135.15 24.2052 46
48 0 4759.33 4263.33 2143 29.0669 47
49 0 4782 4302 2143 9.31371 48
50 0 4786 4322 2139 6 49
51 0 4790 4338 2139 10 50
52 0 4794 4350 2143 12.4222 51
53 0 4806 4366 2159 6 52
54 0 4822 4370 2175 9.31371 53
55 0 4830 4370 2183 10 54
56 0 4846 4358 2195 3.65685 55
57 0 4850 4358 2195 3.65685 56
58 0 4854 4358 2195 2 57
59 0 4806 4270 2151 18 48
60 0 4838 4274 2155 14.4924 59
61 0 4854 4266 2159 6 60
62 0 4710 4278 2151 14.9706 47
63 0 4690 4298 2147 21.3238 62
64 0 4502 4242 2127 19.5407 38
65 0 4498 4274 2135 6.94427 64
66 0 4486 4278 2131 9.31371 65
67 0 4502 4186 2111 18 37
68 0 4514 4174 2119 6 67
69 0 4514 4158 2135 6 68
70 0 4514 4150 2139 3.65685 69
71 0 4518 4146 2143 2 70
72 0 4254 4166 1779 9.31371 23
73 0 4246 4158 1787 6 72
74 0 4246 4158 1795 6.94427 73
75 0 4238 4150 1803 6 74
76 0 4234 4154 1755 2 22
77 0 4230 4150 1751 2 76
78 0 4230 4146 1747 2 77
79 0 4230 4142 1747 2 78
80 0 4230 4138 1747 2 79
81 0 4234 4134 1747 3.65685 80
82 0 4238 4130 1747 2 81
83 0 4222 4146 1747 2 78
84 0 4218 4150 1747 2 83
85 0 4218 4134 1743 2 83
86 0 4218 4130 1743 2 85
87 0 4082 4074 1635 15.8885 18
88 0 4050 4066 1635 18 87
89 0 4038 4034 1671 6 88
90 0 4022 4058 1631 14 88
91 0 3990 4050 1611 18 90
92 0 3986 4022 1611 10 91
93 0 3986 3990 1615 10 92
94 2 3982 3968 1611 13.4083 93
95 0 3982 3938 1615 10 94
96 0 3982 3914 1619 10 95
97 0 3978 3890 1627 12.4222 96
98 0 3974 3862 1643 10 97
99 0 3974 3842 1655 14 98
100 0 3978 3814 1663 9.31371 99
101 0 3982 3790 1675 12.4222 100
102 0 3982 3766 1691 10 101
103 0 3978 3742 1711 10 102
104 2 3978 3728 1725 10 103
105 0 3974 3714 1763 9.31371 104
106 0 3974 3710 1787 9.31371 105
107 0 3978 3702 1807 9.31371 106
108 0 3974 3702 1827 9.31371 107
109 0 3962 3694 1855 10.6491 108
110 0 3954 3686 1863 9.31371 109
111 0 3942 3674 1879 14 110
112 0 3922 3662 1899 26.2843 111
113 0 3914 3654 1931 18 112
114 2 3903.64 3638 1968.51 19.8813 113
115 0 3894 3638 1991 14 114
116 0 3878 3650 2007 6.94427 115
117 0 3862 3654 2023 10.6491 116
118 0 3850 3654 2039 18 117
119 0 3838 3662 2051 12.4222 118
120 0 3830.22 3657.78 2075.44 14.1204 119
121 0 3846 3646 2099 9.31371 120
122 0 3850 3642 2107 6.94427 121
123 0 3854 3638 2123 9.31371 122
124 0 3858 3622 2155 10 123
125 0 3870 3598 2175 6.94427 124
126 0 3874 3586 2187 6.94427 125
127 0 3874 3574 2195 9.31371 126
128 0 3890 3558 2207 10 127
129 2 3910 3546 2219 10.8074 128
130 0 3922 3546 2231 6.94427 129
131 0 3938 3550 2251 9.31371 130
132 2 3943.33 3548.67 2268.33 9.77124 131
133 0 3954 3542 2291 6 132
134 0 3954 3538 2311 6.94427 133
135 0 3962 3530 2331 9.31371 134
136 0 3962 3526 2343 6 135
137 0 3958 3522 2351 9.31371 136
138 0 3958 3510 2375 10.6491 137
139 0 3958 3502 2399 12.4222 138
140 0 3966 3490 2423 14.9706 139
141 0 3946 3470 2459 14.9706 140
142 0 3934 3454 2511 32.4093 141
143 0 3906 3402 2547 18 142
144 0 3890 3382 2559 3.65685 143
145 0 3890 3378 2563 3.65685 144
146 0 3882 3370 2571 6.94427 145
147 0 3862 3354 2571 9.31371 146
148 0 3842 3338 2575 6.94427 147
149 0 3838 3330 2575 6.94427 148
150 0 3830 3322 2583 6.94427 149
151 0 3822 3318 2583 6 150
152 0 3814 3310 2591 6.94427 151
153 0 3798 3294 2603 9.31371 152
154 0 3786 3290 2607 6.94427 153
155 0 3778 3286 2615 10 154
156 0 3762 3282 2631 6 155
157 0 3754 3274 2639 6 156
158 0 3742 3258 2643 6 157
159 0 3734 3250 2643 3.65685 158
160 0 3722 3234 2647 9.31371 159
161 0 3706 3218 2663 6.94427 160
162 0 3694 3206 2671 6.94427 161
163 0 3686 3202 2679 10 162
164 0 3678 3194 2683 6 163
165 0 3658 3186 2683 10 164
166 0 3634 3182 2663 6.94427 165
167 0 3626 3174 2651 6 166
168 0 3614 3166 2639 6 167
169 0 3598 3158 2627 6.94427 168
170 0 3586 3150 2615 6 169
171 0 3574 3146 2599 6 170
172 0 3570 3142 2591 3.65685 171
173 0 3566 3138 2587 6 172
174 2 3558 3142.8 2581.4 5.53137 173
175 0 3558 3146 2575 3.65685 174
176 0 3558 3150 2567 6 175
177 0 3558 3154 2551 6.94427 176
178 0 3550 3158 2539 6 177
179 0 3550 3166 2531 6 178
180 0 3554 3178 2527 6 179
181 0 3558 3190 2519 6 180
182 0 3562 3198 2511 3.65685 181
183 0 3574 3214 2507 6.94427 182
184 0 3582 3230 2495 6 183
185 0 3594 3246 2483 6.94427 184
186 0 3594 3262 2471 6 185
187 0 3594 3270 2471 6 186
188 0 3598 3274 2467 6 187
189 0 3602 3290 2475 6 188
190 0 3602 3298 2475 3.65685 189
191 0 3602 3306 2471 6 190
192 0 3598 3310 2467 3.65685 191
193 0 3594 3318 2467 6 192
194 0 3590 3330 2459 6 193
195 0 3582 3346 2443 6 194
196 0 3578 3354 2435 6 195
197 0 3574 3362 2427 3.65685 196
198 0 3566 3370 2427 6 197
199 0 3554 3378 2415 6.94427 198
200 0 3546 3386 2407 6 199
201 0 3542 3394 2399 3.65685 200
202 0 3530 3398 2391 10 201
203 0 3514 3382 2379 6 202
204 0 3518 3370 2375 6 203
205 0 3522 3358 2367 6.94427 204
206 0 3522 3342 2355 6 205
207 0 3526 3322 2343 6.94427 206
208 0 3542 3314 2339 6.94427 207
209 0 3554 3306 2335 6.94427 208
210 0 3562 3306 2331 3.65685 209
211 0 3566 3302 2327 3.65685 210
212 0 3574 3298 2327 6.94427 211
213 0 3582 3290 2319 9.31371 212
214 0 3590 3286 2311 6 213
215 0 3594 3286 2295 6 214
216 0 3590 3286 2275 3.65685 215
217 0 3590 3286 2271 3.65685 216
218 0 3594 3286 2263 6.94427 217
219 0 3594 3302 2251 6 218
220 0 3590 3318 2251 6.94427 219
221 0 3590 3338 2243 3.65685 220
222 0 3590 3338 2239 2 221
223 0 3590 3342 2227 9.31371 222
224 0 3594 3334 2219 6 223
225 0 3594 3250 2455 2 186
226 0 3594 3250 2451 2 225
227 0 3594 3250 2447 2 226
228 0 3594 3242 2439 6.94427 227
229 0 3594 3246 2419 6.94427 228
230 0 3602 3246 2411 3.65685 229
231 0 3606 3246 2407 2 230
232 0 3606 3246 2403 2 231
233 0 3542 3146 2583 6.94427 174
234 0 3522 3154 2583 6 233
235 0 3506 3154 2583 6 234
236 0 3494 3158 2591 6 235
237 0 3486 3154 2595 6.94427 236
238 0 3478 3142 2595 6 237
239 0 3474 3134 2595 6 238
240 0 3466 3130 2603 6 239
241 0 3450 3122 2611 6 240
242 0 3446 3118 2615 6 241
243 0 3426 3110 2615 9.31371 242
244 2 3418 3092.88 2631.16 9.63421 243
245 0 3422 3090 2647 6 244
246 0 3430 3090 2659 6.94427 245
247 0 3450 3090 2679 6.94427 246
248 0 3402 3078 2627 6.94427 244
249 0 3394 3074 2635 6 248
250 0 3386 3086 2647 6 249
251 0 3918 3494 2523 26 142
252 0 3894 3518 2539 6 251
253 0 3886 3526 2539 6 252
254 0 3882 3538 2539 10 253
255 0 3882 3562 2547 10 254
256 0 3878 3578 2559 6 255
257 0 3874 3594 2575 6 256
258 0 3878 3606 2587 6.94427 257
259 0 3878 3622 2599 6 258
260 0 3878 3634 2607 6 259
261 0 3882 3638 2611 3.65685 260
262 0 3878 3642 2615 3.65685 261
263 0 3882 3646 2623 6 262
264 0 3882 3654 2635 9.31371 263
265 0 3890 3654 2651 8.12899 264
266 0 3906 3670 2655 3.65685 265
267 0 3906 3674 2655 2 266
268 0 3910 3682 2655 6 267
269 0 3914 3690 2655 6 268
270 0 3914 3702 2663 6 269
271 0 3914 3706 2671 6 270
272 0 3914 3710 2679 2 271
273 0 3914 3710 2683 3.65685 272
274 0 3914 3714 2695 6 273
275 0 3914 3718 2703 6 274
276 0 3882 3642 2663 6.94427 265
277 0 3874 3638 2675 2 276
278 0 3870 3634 2679 3.65685 277
279 0 3866 3634 2683 2 278
280 0 3862 3634 2683 2 279
281 0 3938 3574 2271 9.31371 132
282 0 3926 3586 2287 3.65685 281
283 0 3922 3586 2291 2 282
284 0 3914 3534 2199 6.94427 129
285 0 3918 3522 2183 3.65685 284
286 0 3918 3522 2179 3.65685 285
287 0 3918 3522 2171 6 286
288 0 3918 3522 2163 6 287
289 0 3922 3522 2151 9.31371 288
290 0 3918 3518 2139 9.31371 289
291 0 3914 3514 2127 6 290
292 0 3914 3502 2111 6 291
293 0 3914 3498 2103 3.65685 292
294 0 3910 3494 2099 2 293
295 0 3798 3646 2083 9.31371 120
296 0 3770 3626 2091 9.31371 295
297 0 3750 3606 2091 9.31371 296
298 0 3730 3590 2091 9.31371 297
299 2 3693.91 3582.65 2105.04 14.8123 298
300 2 3666.21 3576.74 2130.79 6.64608 299
301 0 3658 3574 2139 6 300
302 0 3646 3574 2163 10.6491 301
303 0 3638 3578 2183 9.31371 302
304 0 3638 3574 2207 9.31371 303
305 0 3638 3566 2235 6.94427 304
306 0 3634 3562 2259 9.31371 305
307 0 3630 3566 2287 9.31371 306
308 0 3634 3570 2303 6.94427 307
309 0 3638 3582 2323 9.31371 308
310 0 3634 3590 2343 6.94427 309
311 0 3630 3594 2355 10.6491 310
312 0 3630 3594 2383 10 311
313 0 3630 3586 2411 12.4222 312
314 0 3634 3582 2451 14 313
315 0 3614 3578 2483 6 314
316 0 3602 3578 2495 6.94427 315
317 0 3578 3574 2503 10.6491 316
318 0 3558 3574 2519 12.4222 317
319 2 3523 3574 2550 29.5436 318
320 0 3508.6 3561.06 2588.17 32.6213 319
321 0 3486 3546 2607 14 320
322 0 3462 3518 2611 12.4222 321
323 0 3442 3514 2595 6.94427 322
324 0 3418 3506 2583 10.6491 323
325 0 3394 3498 2571 6.94427 324
326 0 3378 3494 2571 6 325
327 0 3370 3494 2571 6 326
328 0 3362 3486 2575 6 327
329 0 3354 3478 2579 6 328
330 0 3342 3470 2587 6 329
331 0 3326 3454 2595 9.31371 330
332 0 3314 3454 2599 2 331
333 0 3310 3454 2599 2 332
334 0 3502 3558 2631 19.5407 320
335 0 3490 3542 2643 18 334
336 0 3474 3522 2663 6.94427 335
337 0 3466 3518 2667 6 336
338 0 3506 3606 2543 14 319
339 0 3494 3626 2551 12.4222 338
340 0 3490 3626 2563 9.31371 339
341 0 3514 3546 2539 14 319
342 0 3510 3530 2539 15.8885 341
343 0 3506 3514 2543 9.31371 342
344 0 3646 3578 2127 6.94427 300
345 0 3638 3586 2135 6.94427 344
346 0 3682 3570 2083 6 299
347 0 3682 3562 2067 6 346
348 0 3686 3558 2059 3.65685 347
349 0 3686 3550 2043 6.94427 348
350 0 3694 3550 2031 6 349
351 0 3694 3554 2019 3.65685 350
352 0 3690 3554 2007 6 351
353 0 3686 3558 2003 6 352
354 0 3682 3558 1991 6 353
355 0 3666 3558 1975 6 354
356 0 3654 3562 1963 6 355
357 0 3638 3562 1951 6 356
358 0 3630 3570 1935 9.31371 357
359 0 3626 3582 1903 10 358
360 0 3622 3590 1891 6 359
361 0 3622 3590 1875 6 360
362 0 3618 3590 1859 6 361
363 0 3618 3590 1843 6 362
364 0 3622 3590 1835 6.94427 363
365 0 3630 3590 1827 3.65685 364
366 0 3634 3594 1823 2 365
367 2 3918.04 3616.97 1970.95 23.1043 114
368 0 3942 3582 1975 28.4631 367
369 0 3938 3562 1999 15.8885 368
370 0 3930 3554 2011 2 369
371 0 3930 3554 2015 2 370
372 0 3946 3598 1999 19.5407 367
373 0 3970 3598 2023 6.94427 372
374 0 3978 3590 2027 3.65685 373
375 0 3982 3590 2031 2 374
376 0 3978 3710 1703 9.31371 104
377 0 3986 3702 1683 10 376
378 0 3994 3702 1671 6 377
379 0 3998 3698 1667 2 378
380 0 4002 3694 1663 3.65685 379
381 0 4002 3686 1659 6.94427 380
382 0 4010 3678 1655 10.6491 381
383 0 4034 3674 1643 6 382
384 0 4042 3674 1643 6 383
385 0 4058 3674 1631 6 384
386 0 4074 3670 1615 6.94427 385
387 0 4082 3650 1603 6 386
388 0 4086 3634 1595 6 387
389 0 4094 3614 1595 6 388
390 0 4102 3594 1595 6.94427 389
391 0 4110 3586 1595 10 390
392 0 4126 3562 1595 9.31371 391
393 0 4146 3546 1603 9.31371 392
394 0 4162 3526 1603 6.94427 393
395 0 4166 3518 1603 6.94427 394
396 0 4174 3506 1599 12.4222 395
397 0 4194 3490 1615 9.82843 396
398 0 4194 3490 1627 9.31371 397
399 0 4186 3482 1635 6.94427 398
400 0 4190 3466 1647 6 399
401 0 4194 3454 1651 6.94427 400
402 0 4202 3438 1655 6.94427 401
403 0 4206 3426 1655 9.31371 402
404 0 4214 3418 1655 6.94427 403
405 0 4214 3414 1647 3.65685 404
406 0 4210 3414 1643 2 405
407 0 4202 3414 1635 6 406
408 0 4202 3422 1623 6 407
409 0 4206 3426 1619 6 408
410 0 4210 3430 1607 2 409
411 0 4206 3426 1607 3.65685 410
412 0 4202 3422 1607 2 411
413 0 4198 3422 1607 2 412
414 0 4194 3418 1607 2 413
415 0 4214 3486 1623 6 397
416 0 4226 3486 1627 6 415
417 0 4234 3490 1635 6.94427 416
418 0 4246 3482 1651 6.94427 417
419 0 4254 3474 1659 6 418
420 0 4258 3458 1663 6.94427 419
421 0 4258 3438 1659 6 420
422 0 4258 3422 1659 6 421
423 0 4258 3414 1663 3.65685 422
424 0 4254 3410 1667 2 423
425 0 3962 3974 1595 6 94
426 0 3946 3970 1595 6 425
427 0 3930 3954 1595 6.94427 426
428 0 3922 3942 1591 6 427
429 0 3918 3938 1587 6 428
430 0 3914 3934 1583 3.65685 429
431 0 3910 3930 1579 3.65685 430
432 0 3902 3926 1571 6 431
433 0 3890 3926 1555 6 432
434 0 3882 3930 1543 6 433
435 0 3874 3942 1531 6.94427 434
436 0 3870 3950 1523 9.31371 435
437 0 3870 3966 1511 6 436
438 0 3870 3982 1511 6 437
439 0 3866 3990 1503 6.94427 438
440 0 3866 4002 1503 6.94427 439
441 0 3866 4018 1503 12.4222 440
442 0 3850 4026 1519 9.31371 441
443 0 3838 4030 1531 6.94427 442
444 0 3830 4034 1535 9.31371 443
445 0 3818 4034 1543 6 444
446 0 3806 4026 1551 6 445
447 0 3802 4022 1555 3.65685 446
448 0 3798 4018 1559 6 447
449 0 3790 4010 1571 6.94427 448
450 0 3786 4002 1579 6 449
451 0 3778 3998 1587 9.31371 450
452 0 3950 4070 1603 14 91
453 0 3906 4066 1607 14.4924 452
454 0 3870 4066 1611 14 453
455 0 3854 4062 1623 18 454
456 0 3826 4058 1639 14.4924 455
457 0 3794 4058 1643 14 456
458 0 3762 4058 1643 18 457
459 0 3750 4046 1683 10 458
460 0 3746 4042 1703 6 459
461 0 3750 4034 1723 10 460
462 0 3742 4026 1755 10 461
463 0 3738 4026 1779 9.31371 462
464 0 3742 4030 1791 6.94427 463
465 0 3742 4026 1815 9.31371 464
466 0 3742 4030 1839 9.31371 465
467 0 3746 4042 1859 10 466
468 0 3746 4042 1883 10.6491 467
469 0 3746 4042 1895 6 468
470 2 3746 4042 1910 9.1066 469
471 0 3726 4050 1951 12.4222 470
472 0 3706 4058 1999 27.1204 471
473 0 3726 4070 2019 10 472
474 0 3724.67 4060.67 2052.33 19.1677 473
475 2 3696.48 4041.17 2102.04 23.8645 474
476 0 3698 4058 2163 6.94427 475
477 0 3698 4058 2191 10 476
478 0 3698 4050 2227 14 477
479 0 3698 4034 2267 20.6274 478
480 2 3698 4012.46 2305.31 22.1492 479
481 0 3670 3986 2383 18 480
482 0 3646 3970 2407 6 481
483 0 3638 3970 2415 9.31371 482
484 0 3634 3974 2427 6 483
485 0 3634 3974 2435 6 484
486 0 3702 4042 2339 9.31371 480
487 0 3710 4050 2347 6 486
488 0 3690 4078 2091 9.31371 475
489 0 3698 4086 2099 9.31371 488
490 0 3702 4090 2107 6 489
491 0 3734 4062 2079 10 474
492 0 3746 4062 2091 9.31371 491
493 0 3750 4050 2099 10 492
494 0 3754 4038 2103 6 493
495 0 3758 4026 2103 6.94427 494
496 0 3774 4010 2115 6.94427 495
497 0 3690 4026 2027 6.94427 472
498 0 3694 4022 2039 6 497
499 0 3694 4018 2047 6.94427 498
500 0 3778 4058 1923 19.5407 470
501 0 3758 4066 1951 6.94427 500
502 0 3758 4066 1967 6 501
503 0 3762 4070 1971 2 502
504 0 3762 4074 1971 2 503
505 0 3806 4066 1903 12.4222 500
506 0 3818 4062 1895 9.31371 505
507 0 3822 4054 1899 6 506
508 0 3726 4066 1611 23.2982 458
509 0 3686 4078 1571 26.2843 508
510 2 3661.06 4107.41 1542.06 24.502 509
511 0 3690 4118 1507 10 510
512 0 3702 4118 1503 9.31371 511
513 0 3638 4150 1511 23.2982 510
514 0 3622 4170 1515 14.9706 513
515 0 3582 4198 1515 23.2982 514
516 0 3522 4218 1491 18.3961 515
517 0 3474 4230 1483 22 516
518 0 3414 4246 1487 15.8885 517
519 0 3378 4270 1511 19.5407 518
520 0 3346 4286 1523 18 519
521 0 3334 4294 1535 14.9706 520
522 0 3280.7 4324.49 1565.16 26.5282 521
523 0 3278 4334 1619 19.5407 522
524 0 3282 4342 1655 15.8885 523
525 0 3298.49 4364.74 1694.23 17.7207 524
526 0 3314 4382 1719 15.8885 525
527 0 3318 4398 1723 6 526
528 0 3270 4354 1719 12.4222 525
529 0 3258 4346 1719 6 528
530 0 3206 4282 1551 18 522
531 0 3174 4254 1539 18 530
532 0 3130 4230 1535 20.6274 531
533 0 3098 4206 1547 14.9706 532
534 0 3066 4178 1547 18 533
535 0 3026 4138 1555 19.5407 534
536 0 3010 4102 1555 19.5407 535
537 0 2990 4066 1563 14.9706 536
538 0 2966 4034 1583 20.6274 537
539 0 2926 3986 1607 21.3238 538
540 2 2908.82 3968.82 1614.76 23.373 539
541 0 2894 3966 1651 12.4222 540
542 0 2894 3962 1675 10.6491 541
543 0 2894 3955.85 1706.23 8.92308 542
544 0 2898 3946 1719 6 543
545 0 2898 3942 1735 6 544
546 0 2898 3938 1747 9.31371 545
547 0 2906 3938 1775 10 546
548 0 2910 3922 1799 12.4222 547
549 0 2914 3918 1823 10 548
550 0 2918 3910 1843 9.31371 549
551 0 2918 3906 1863 9.31371 550
552 0 2910 3906 1887 10.6491 551
553 0 2910 3906 1915 9.31371 552
554 0 2906 3898 1935 6.94427 553
555 0 2902 3898 1951 9.31371 554
556 0 2898 3898 1967 12.4222 555
557 0 2902 3882 1995 10 556
558 0 2906 3870 2031 19.5407 557
559 2 2907.27 3855.46 2058.61 23.7848 558
560 0 2910 3850 2075 24.8328 559
561 2 2903.99 3846.99 2094.53 27.5031 560
562 2 2898.32 3844.16 2112.97 30.023 561
563 2 2864 3819 2172 18.5 562
564 0 2858 3818 2195 10.6491 563
565 0 2854 3806 2215 9.31371 564
566 0 2854 3806 2247 6 565
567 0 2854 3806 2259 6 566
568 0 2854 3806 2275 6 567
569 0 2858 3798 2299 6.94427 568
570 0 2862 3798 2315 6 569
571 0 2866 3802 2331 6.94427 570
572 0 2870 3806 2343 6 571
573 0 2874 3806 2351 6 572
574 0 2878 3802 2355 2 573
575 0 2878 3802 2359 3.65685 574
576 0 2878 3802 2367 3.65685 575
577 0 2874 3798 2371 2 576
578 0 2870 3854 2179 6 563
579 0 2870 3862 2175 6.94427 578
580 0 2858 3870 2175 6.94427 579
581 0 2846 3882 2191 9.31371 580
582 0 2834 3886 2199 6 581
583 0 2826 3886 2207 6 582
584 0 2818 3882 2211 2 583
585 0 2814 3882 2211 2 584
586 0 2918 3878 2111 10 562
587 0 2934 3890 2111 9.31371 586
588 0 2954 3886 2123 9.31371 587
589 2 2913.47 3811.97 2106.33 18.5071 561
590 0 2898 3794 2111 10.6491 589
591 0 2886 3794 2115 6 590
592 0 2942 3838 2139 10 589
593 0 2954 3854 2139 3.65685 592
594 0 2958 3858 2139 2 593
595 0 2958 3862 2139 2 594
596 0 2958 3866 2139 2 595
597 0 2866 3814 2107 12.4222 560
598 0 2854 3806 2115 6 597
599 0 2866 3826 2079 14.4924 559
600 0 2846 3814 2087 6 599
601 0 2842 3810 2091 6 600
602 0 2902 3970 1727 6 543
603 0 2906 3970 1739 6 602
604 0 2906 3970 1747 6 603
605 0 2910 3966 1755 3.65685 604
606 0 2914 3962 1759 2 605
607 0 2874 3934 1603 18 540
608 0 2850 3910 1599 14.9706 607
609 0 2826 3882 1603 18 608
610 2 2802.89 3858.89 1614.56 21.2007 609
611 2 2780.12 3844.12 1582.18 15.6455 610
612 0 2754 3814 1551 10.6491 611
613 0 2738 3806 1543 12.4222 612
614 0 2714 3790 1559 9.31371 613
615 0 2698 3774 1563 6.94427 614
616 0 2690 3766 1567 6.94427 615
617 0 2682 3762 1575 10 616
618 0 2674 3762 1583 9.31371 617
619 0 2650 3754 1583 6.94427 618
620 0 2634 3738 1579 6 619
621 0 2634 3730 1571 2 620
622 0 2634 3730 1567 2 621
623 0 2766 3866 1575 6.94427 611
624 0 2762 3882 1575 6 623
625 0 2758 3890 1575 6.94427 624
626 0 2754 3898 1571 3.65685 625
627 0 2754 3902 1571 2 626
628 2 2802.57 3856.29 1616.14 20.688 610
629 0 2758 3850 1647 14 628
630 0 2722 3850 1683 18 629
631 0 2682 3850 1707 10 630
632 0 2662 3842 1719 12.4222 631
633 2 2650.32 3838.11 1730.68 13.9585 632
634 0 2642 3830 1743 14.9706 633
635 0 2646 3810 1767 10 634
636 0 2646 3802 1775 6.94427 635
637 0 2642 3782 1795 9.31371 636
638 0 2642 3770 1823 9.31371 637
639 0 2642 3770 1859 12.4222 638
640 0 2638 3762 1883 18 639
641 0 2622 3746 1911 12.4222 640
642 0 2614 3734 1919 12.4222 641
643 0 2602 3710 1943 22.3311 642
644 2 2597.56 3701.11 1951.89 18.2419 643
645 0 2590 3678 1971 10.6491 644
646 0 2594 3662 1987 9.31371 645
647 0 2598 3654 1999 10 646
648 0 2602 3646 2019 6 647
649 0 2606 3642 2035 6 648
650 0 2614 3638 2047 10 649
651 0 2618 3626 2067 10 650
652 0 2622 3622 2079 9.31371 651
653 0 2638 3606 2111 18.3961 652
654 0 2646 3590 2143 29.241 653
655 0 2642 3542 2143 6 654
656 0 2646 3526 2135 6 655
657 0 2646 3514 2127 6.94427 656
658 0 2654 3494 2127 6 657
659 0 2662 3482 2127 12.4222 658
660 0 2666 3454 2123 10 659
661 0 2658 3438 2119 14.4924 660
662 0 2650 3406 2107 12.4222 661
663 0 2642 3390 2091 14.4924 662
664 0 2642 3374 2087 10 663
665 0 2658 3362 2083 6 664
666 0 2674 3366 2083 6 665
667 0 2686 3374 2083 6.94427 666
668 0 2694 3382 2075 6 667
669 0 2694 3386 2067 6.94427 668
670 0 2698 3390 2055 9.31371 669
671 0 2706 3394 2047 6 670
672 0 2714 3394 2039 6 671
673 0 2718 3402 2027 6 672
674 0 2722 3402 2019 6.94427 673
675 0 2738 3398 1999 6.94427 674
676 0 2746 3390 1991 6.94427 675
677 0 2758 3382 1995 6.94427 676
678 0 2774 3382 1983 12.4222 677
679 0 2774 3386 1967 6 678
680 0 2774 3394 1951 6 679
681 0 2774 3394 1935 6 680
682 0 2770 3386 1923 6 681
683 0 2770 3378 1919 6 682
684 0 2770 3374 1911 3.65685 683
685 0 2762 3366 1903 6.94427 684
686 0 2750 3346 1887 9.31371 685
687 0 2734 3326 1883 6 686
688 0 2726 3322 1883 3.65685 687
689 0 2718 3314 1875 3.65685 688
690 0 2706 3310 1871 6 689
691 0 2694 3310 1863 6 690
692 0 2686 3310 1855 6 691
693 0 2686 3310 1847 6 692
694 0 2678 3302 1835 3.65685 693
695 0 2674 3298 1831 6 694
696 0 2666 3294 1819 6 695
697 0 2658 3286 1807 6.94427 696
698 0 2654 3278 1791 6 697
699 0 2654 3274 1783 6 698
700 0 2654 3270 1775 3.65685 699
701 0 2650 3266 1771 6 700
702 0 2646 3262 1755 6 701
703 0 2634 3254 1743 6 702
704 0 2626 3250 1735 6 703
705 0 2610 3234 1723 6.94427 704
706 0 2602 3222 1711 6.94427 705
707 0 2590 3210 1703 9.31371 706
708 2 2582.94 3199.41 1695.94 9.31371 707
709 0 2586 3186 1695 6 708
710 0 2586 3178 1691 6 709
711 0 2594 3166 1691 6.94427 710
712 0 2598 3162 1699 6 711
713 0 2590 3154 1711 6 712
714 0 2586 3150 1731 6.94427 713
715 0 2586 3138 1747 6.94427 714
716 0 2590 3134 1763 6 715
717 0 2598 3126 1771 6 716
718 0 2606 3122 1787 6 717
719 0 2610 3122 1803 6 718
720 0 2610 3122 1819 6 719
721 0 2614 3126 1823 6 720
722 0 2614 3126 1831 3.65685 721
723 0 2614 3130 1839 6 722
724 0 2618 3130 1855 6 723
725 0 2622 3134 1859 6 724
726 0 2570 3190 1711 6 708
727 0 2570 3174 1715 6.94427 726
728 0 2794 3382 1991 6.94427 678
729 0 2806 3370 2007 10 728
730 0 2806 3366 2019 6 729
731 0 2806 3366 2035 6 730
732 0 2802 3366 2051 6 731
733 2 2798 3366.8 2060.6 6.75542 732
734 0 2798 3374 2075 6.94427 733
735 0 2798 3378 2083 6 734
736 0 2798 3386 2095 9.31371 735
737 0 2798 3386 2107 6 736
738 0 2794 3386 2115 6 737
739 0 2786 3386 2123 2 738
740 0 2782 3386 2127 3.65685 739
741 0 2782 3386 2135 6 740
742 0 2770 3390 2147 9.31371 741
743 0 2766 3402 2143 2 742
744 0 2766 3406 2139 2 743
745 0 2790 3350 2075 6 733
746 0 2786 3346 2071 6 745
747 0 2782 3338 2075 6 746
748 0 2766 3322 2067 6 747
749 0 2706 3410 2007 6.94427 674
750 0 2690 3410 2007 6 749
751 0 2674 3406 2007 6.94427 750
752 0 2662 3398 2011 9.31371 751
753 0 2654 3390 2019 6.94427 752
754 0 2654 3370 2023 6 753
755 0 2658 3354 2019 6 754
756 0 2682 3374 2055 6 669
757 0 2674 3366 2055 3.65685 756
758 0 2670 3366 2055 2 757
759 0 2666 3362 2055 3.65685 758
760 0 2662 3358 2051 2 759
761 2 2696.59 3582 2197.35 28.5453 654
762 2 2704.24 3582 2201.94 29.1106 761
763 0 2742 3638 2199 6 762
764 0 2750 3646 2195 2 763
765 0 2754 3646 2195 2 764
766 0 2730 3606 2171 24.8328 762
767 2 2689.73 3579.05 2214.19 24.656 761
768 0 2678 3574 2243 18 767
769 0 2646 3578 2263 6 768
770 0 2734 3578 2239 10 767
771 0 2622 3730 1967 9.31371 644
772 0 2634 3742 1979 10 771
773 0 2634 3750 1991 6 772
774 0 2638 3758 2007 6 773
775 0 2646 3766 2015 9.31371 774
776 0 2650 3778 2015 9.31371 775
777 0 2650 3790 2015 6 776
778 0 2650 3798 2019 6.94427 777
779 0 2642 3806 2023 2 778
780 0 2638 3806 2023 2 779
781 0 2638 3706 1955 10.6491 643
782 0 2662 3714 1955 6.94427 781
783 0 2670 3714 1963 3.65685 782
784 0 2674 3714 1963 2 783
785 0 2622 3842 1727 14 633
786 0 2598 3842 1727 10.6491 785
787 0 2570 3862 1719 14.4924 786
788 0 2542 3878 1711 10.6491 787
789 0 2530 3882 1707 10 788
790 0 2522 3886 1699 3.65685 789
791 0 2518 3886 1695 2 790
792 0 2810 3834 1631 12.4222 628
793 0 2814 3814 1639 14 792
794 0 2822 3786 1651 10 793
795 0 2826 3766 1667 10.6491 794
796 0 2834 3742 1675 10 795
797 0 2834 3714 1679 14.4924 796
798 0 2850 3686 1687 9.31371 797
799 0 2858 3658 1679 9.31371 798
800 0 2866 3646 1679 6.94427 799
801 0 2882 3626 1675 9.31371 800
802 2 2893.58 3607.26 1664.26 12.095 801
803 0 2910 3622 1655 9.31371 802
804 0 2918 3638 1643 6 803
805 0 2922 3642 1639 2 804
806 0 2922 3642 1635 2 805
807 0 2890 3586 1655 10 802
808 0 2894 3566 1651 14 807
809 0 2902 3538 1659 9.31371 808
810 0 2910 3518 1659 6.94427 809
811 0 2930 3498 1667 9.31371 810
812 2 2939.69 3488.31 1676.69 13.0981 811
813 0 2938 3474 1651 14 812
814 0 2942 3458 1647 9.31371 813
815 0 2942 3438 1647 10 814
816 0 2934 3418 1631 6.94427 815
817 0 2930 3410 1619 6 816
818 0 2922 3402 1607 6 817
819 0 2914 3394 1599 9.31371 818
820 0 2922 3382 1583 6.94427 819
821 0 2926 3386 1563 6.94427 820
822 0 2922 3382 1547 6.94427 821
823 0 2922 3362 1531 6.94427 822
824 0 2930 3354 1527 10.6491 823
825 0 2890 3386 1599 9.31371 819
826 0 2870 3374 1603 6.94427 825
827 0 2862 3370 1611 6 826
828 0 2854 3370 1611 6 827
829 0 2970 3466 1731 9.31371 812
830 0 2978 3462 1751 9.31371 829
831 0 2990 3454 1775 9.31371 830
832 0 2994 3454 1799 9.31371 831
833 0 3010 3450 1827 6.94427 832
834 0 3014 3446 1843 9.31371 833
835 0 3022 3434 1863 9.31371 834
836 0 3022 3418 1879 10.6491 835
837 0 3034 3398 1895 9.31371 836
838 0 3042 3394 1903 6.94427 837
839 0 3054 3382 1927 10.6491 838
840 0 3066 3370 1947 10.6491 839
841 0 3078 3354 1963 9.31371 840
842 0 3098 3334 1983 12.4222 841
843 0 3114 3314 2007 10.6491 842
844 0 3122 3298 2023 9.31371 843
845 0 3130 3282 2035 10.6491 844
846 0 3134 3278 2047 10 845
847 0 3150 3250 2063 15.8885 846
848 2 3188.3 3207.99 2093.01 41.2044 847
849 0 3182 3222 2147 19.5407 848
850 0 3170 3214 2167 6.94427 849
851 0 3162 3214 2179 9.31371 850
852 0 3154 3214 2195 6 851
853 0 3146 3210 2203 6 852
854 0 3142 3210 2211 6 853
855 0 3138 3210 2219 3.65685 854
856 0 3134 3206 2223 6 855
857 0 3130 3202 2235 6 856
858 0 3126 3198 2251 6.94427 857
859 0 3130 3194 2267 6 858
860 0 3146 3194 2279 6 859
861 2 3191.33 3205.47 2095.27 42.0306 848
862 0 3174 3158 2067 12.4222 861
863 0 3174 3158 2051 6 862
864 0 3174 3162 2035 6 863
865 2 3215.67 3195.73 2100.13 29.4252 861
866 0 3186 3150 2119 19.5407 865
867 0 3178 3114 2143 10.6491 866
868 0 3170 3110 2163 9.31371 867
869 0 3162 3102 2179 6 868
870 0 3158 3098 2187 9.31371 869
871 0 3154 3094 2203 6 870
872 0 3150 3094 2219 6 871
873 0 3150 3094 2231 9.31371 872
874 0 3158 3094 2259 9.31371 873
875 0 3162 3098 2267 6 874
876 0 3162 3098 2275 6 875
877 0 3246 3174 2103 10 865
878 0 3266 3150 2099 14 877
879 0 3294 3130 2095 12.4222 878
880 0 3314 3114 2095 12.4222 879
881 0 3326 3094 2103 14 880
882 0 3338 3082 2115 6.94427 881
883 0 3346 3066 2115 6.94427 882
884 0 3362 3050 2119 10 883
885 0 3370 3042 2127 9.31371 884
886 0 3402 3022 2131 12.4222 885
887 0 3418 3010 2131 14.4924 886
888 0 3438 2990 2131 9.31371 887
889 0 3458 2978 2131 10.6491 888
890 0 3486 2966 2127 6.94427 889
891 0 3534.31 2937.54 2145.23 23.8312 890
892 0 3558 2958 2171 6.94427 891
893 0 3554 2958 2187 6 892
894 0 3542 2958 2199 6.94427 893
895 0 3538 2954 2207 6.94427 894
896 0 3530 2954 2219 10.6491 895
897 0 3522 2958 2243 6 896
898 0 3554 2902 2171 27.1204 891
899 0 3570 2866 2207 18.3961 898
900 0 3591.69 2844.31 2232.69 9.86619 899
901 0 3610 2830 2243 6 900
902 0 3622 2830 2255 9.31371 901
903 0 3630 2822 2263 6.94427 902
904 0 3638 2814 2263 3.65685 903
905 0 3642 2810 2263 3.65685 904
906 0 3650 2802 2263 6 905
907 0 3674 2782 2271 12.4222 906
908 0 3682 2766 2263 6.94427 907
909 0 3686 2758 2255 6.94427 908
910 0 3690 2742 2255 6 909
911 0 3702 2726 2267 6.94427 910
912 0 3710 2722 2271 6.94427 911
913 0 3718 2718 2275 3.65685 912
914 0 3722 2714 2279 6 913
915 0 3734 2702 2291 6.94427 914
916 0 3738 2690 2295 6 915
917 0 3738 2682 2295 6 916
918 0 3742 2678 2299 3.65685 917
919 0 3746 2674 2299 3.65685 918
920 0 3754 2666 2303 6.94427 919
921 0 3770 2654 2307 6.94427 920
922 2 3785.71 2638.43 2310.86 6.94427 921
923 0 3802 2646 2315 6 922
924 0 3818 2646 2319 6 923
925 0 3826 2654 2319 3.65685 924
926 0 3834 2658 2319 6.94427 925
927 0 3842 2662 2315 3.65685 926
928 0 3846 2666 2311 6 927
929 0 3854 2674 2311 3.65685 928
930 0 3862 2682 2311 6 929
931 0 3874 2686 2311 6 930
932 0 3882 2690 2307 6.94427 931
933 0 3894 2694 2303 12.4222 932
934 0 3918 2710 2287 9.31371 933
935 0 3934 2714 2275 3.65685 934
936 0 3938 2718 2271 6 935
937 0 3946 2718 2267 6 936
938 0 3958 2726 2263 6.94427 937
939 0 3966 2730 2259 9.31371 938
940 0 3978 2730 2259 6 939
941 0 3786 2630 2319 6.94427 922
942 0 3782 2622 2327 3.65685 941
943 0 3778 2618 2331 6 942
944 0 3774 2602 2347 6 943
945 0 3770 2586 2363 6 944
946 0 3770 2582 2371 6 945
947 0 3774 2574 2383 9.31371 946
948 0 3778 2570 2395 9.31371 947
949 0 3774 2562 2407 6 948
950 0 3782 2562 2423 6 949
951 0 3786 2558 2431 6 950
952 2 3782.94 2554.94 2443.23 9.5533 951
953 0 3794 2574 2447 9.31371 952
954 0 3798 2586 2443 6 953
955 0 3794 2602 2443 6 954
956 0 3798 2610 2443 6.94427 955
957 0 3806 2618 2439 3.65685 956
958 0 3810 2622 2435 2 957
959 0 3814 2626 2435 2 958
960 0 3818 2630 2435 2 959
961 0 3782 2554 2447 10.6491 952
962 0 3766 2546 2439 3.65685 961
963 0 3762 2542 2435 3.65685 962
964 0 3758 2538 2431 6 963
965 0 3754 2530 2431 6 964
966 0 3786 2546 2455 6 961
967 0 3790 2542 2459 6 966
968 0 3794 2538 2463 3.65685 967
969 0 3794 2534 2467 3.65685 968
970 0 3798 2530 2471 6 969
971 0 3806 2526 2479 6.94427 970
972 0 3798 2510 2499 9.31371 971
973 0 3578 2842 2247 6 900
974 0 3562 2842 2259 6 973
975 0 3554 2834 2267 6 974
976 0 3550 2830 2283 6 975
977 0 3542 2826 2291 6 976
978 0 3534 2822 2299 3.65685 977
979 0 3526 2814 2299 3.65685 978
980 0 3522 2810 2303 3.65685 979
981 0 3518 2806 2307 6 980
982 0 3510 2786 2319 6 981
983 0 3498 2786 2331 6 982
984 0 3486 2798 2347 10 983
985 0 3482 2806 2359 6 984
986 0 3474 2814 2367 6 985
987 0 3474 2814 2383 6 986
988 0 3466 2810 2395 6 987
989 0 3466 2810 2403 6 988
990 0 3458 2806 2415 6 989
991 0 3458 2806 2423 3.65685 990
992 0 3458 2806 2431 3.65685 991
993 0 3458 2806 2439 6 992
994 0 3458 2806 2447 6 993
995 0 3458 2806 2455 3.65685 994
996 0 3458 2806 2459 3.65685 995
997 0 3462 2814 2479 9.31371 996
998 0 3466 2814 2491 9.31371 997
999 0 3470 2806 2499 3.65685 998
1000 0 3474 2802 2499 2 999
1001 0 3486 2798 2507 6.94427 1000
1002 0 3482 2782 2519 6 1001
1003 0 3482 2782 2527 6 1002
1004 0 3478 2790 2535 6.94427 1003
1005 0 3466 2794 2535 6 1004
1006 0 3458 2790 2535 2 1005
1007 0 3454 2790 2535 2 1006
1008 0 3446 2790 2535 6 1007
1009 0 3434 2786 2535 2 1008
1010 0 3494 2806 2511 2 1001
1011 0 3498 2810 2511 2 1010
