# Generated by NeuTu (https://github.com/janelia-flyem/NeuTu)
1 0 3843 3777 2297 6 -1
2 0 3843 3781 2313 14 1
3 0 3831 3801 2321 6.94427 2
4 0 3823 3813 2321 6.94427 3
5 0 3823 3829 2321 10.6491 4
6 0 3823 3861 2337 9.31371 5
7 0 3819 3869 2345 6 6
8 0 3811 3865 2357 6 7
9 0 3811 3849 2369 6 8
10 0 3811 3841 2369 6 9
11 0 3807 3829 2373 9.31371 10
12 0 3803 3821 2381 6 11
13 0 3795 3805 2385 6 12
14 0 3795 3789 2401 6 13
15 0 3791 3777 2417 6 14
16 0 3787 3773 2421 6 15
17 0 3779 3769 2425 2 16
18 0 3775 3769 2429 2 17
19 0 3771 3769 2433 2 18
