# Generated by NeuTu (https://github.com/janelia-flyem/NeuTu)
1 0 3668 3526 1990 2 -1
2 0 3668 3526 1986 2 1
3 0 3668 3530 1982 3.65685 2
4 0 3672 3534 1970 10 3
5 0 3672 3542 1954 12.4222 4
6 0 3676 3542 1926 6.94427 5
7 0 3680 3542 1918 6 6
8 0 3680 3538 1910 3.65685 7
9 0 3680 3538 1902 6.94427 8
10 0 3684 3530 1894 3.65685 9
11 0 3684 3530 1878 6.94427 10
12 0 3680 3526 1862 6.94427 11
13 0 3676 3518 1850 6.94427 12
14 0 3672 3498 1834 9.31371 13
15 0 3668 3490 1826 9.31371 14
16 0 3664 3486 1818 3.65685 15
17 0 3664 3486 1810 3.65685 16
18 0 3664 3486 1802 3.65685 17
19 0 3664 3486 1798 3.65685 18
20 0 3660 3482 1794 3.65685 19
21 0 3656 3482 1786 6 20
22 0 3648 3486 1778 6 21
23 0 3648 3486 1770 6 22
24 0 3640 3490 1762 3.65685 23
25 0 3632 3494 1754 10 24
26 0 3612 3486 1746 6 25
27 0 3608 3482 1742 2 26
28 0 3604 3482 1738 2 27
