# Generated by NeuTu (https://github.com/janelia-flyem/NeuTu)
1 0 3732 4185 2482 6.94427 -1
2 0 3748 4185 2466 10.6491 1
3 0 3756 4185 2442 10 2
4 2 3764 4166.88 2421.53 13.5359 3
5 0 3768 4141 2418 19.5407 4
6 0 3796 4117 2430 6.94427 5
7 0 3800 4105 2442 10 6
8 0 3804 4086.33 2435.33 10.6953 7
9 0 3812 4073 2422 6 8
10 0 3828 4073 2422 10 9
11 0 3844 4069 2430 12.4222 10
12 0 3860 4069 2426 3.65685 11
13 0 3864 4065 2422 2 12
14 0 3804 4069 2454 6.94427 8
15 0 3804 4057 2450 6 14
16 0 3808 4045 2450 2 15
17 0 3756 4185 2410 9.31371 4
18 0 3764 4197 2398 6.94427 17
