# Generated by NeuTu (https://github.com/janelia-flyem/NeuTu)
1 0 2571 3912 2047 6 -1
2 0 2571 3904 2055 6 1
3 0 2571 3892 2055 9.31371 2
4 0 2563 3884 2051 6.94427 3
5 0 2567 3880 2043 6 4
6 0 2567 3880 2035 2 5
7 0 2571 3880 2027 6 6
8 2 2578.33 3887.33 2015.67 6 7
9 0 2583 3900 2011 6.94427 8
10 0 2587 3908 2007 9.31371 9
11 0 2603 3920 2003 6 10
12 0 2615 3928 2003 6 11
13 0 2631 3936 2011 6 12
14 0 2639 3940 2015 2 13
15 0 2643 3940 2015 2 14
16 0 2579 3868 1999 6 8
17 0 2579 3860 1999 6 16
18 0 2579 3848 1999 9.31371 17
19 0 2579 3836 2003 6 18
20 0 2579 3828 2007 6 19
