# Generated by NeuTu (https://github.com/janelia-flyem/NeuTu)
1 0 4360 2412 2248 6 -1
2 0 4356 2428 2260 6 1
3 0 4352 2444 2268 6 2
4 0 4352 2452 2272 6 3
5 0 4348 2460 2280 9.31371 4
6 0 4344 2464 2300 10 5
7 0 4344 2468 2316 6 6
8 0 4344 2468 2328 6 7
9 0 4344 2464 2344 6 8
10 0 4344 2464 2364 6 9
11 0 4344 2464 2380 6 10
12 0 4344 2464 2388 6.94427 11
13 0 4332 2452 2400 6.94427 12
14 0 4328 2444 2416 6.94427 13
15 0 4324 2444 2436 9.31371 14
16 0 4312 2436 2456 9.31371 15
17 0 4300 2428 2472 6.94427 16
18 0 4292 2420 2484 3.65685 17
19 0 4284 2416 2492 6.94427 18
20 0 4276 2412 2496 6 19
