# Generated by NeuTu (https://github.com/janelia-flyem/NeuTu)
1 0 4160 2269 2064 2 -1
2 0 4160 2269 2068 2 1
3 0 4160 2269 2072 2 2
4 0 4160 2269 2076 2 3
5 0 4160 2269 2080 2 4
6 0 4156 2273 2084 3.65685 5
7 0 4156 2273 2092 6 6
8 0 4152 2273 2100 6 7
9 0 4152 2277 2112 9.31371 8
10 0 4148 2281 2124 6 9
11 0 4144 2285 2136 6 10
12 0 4148 2289 2140 6 11
13 0 4144 2293 2156 6.94427 12
14 0 4144 2301 2168 6 13
15 0 4140 2301 2184 6.94427 14
16 0 4140 2305 2200 9.31371 15
17 0 4136 2313 2212 6 16
18 2 4132.18 2316.82 2223.45 9.16309 17
19 0 4116 2317 2264 6.94427 18
20 0 4104 2321 2284 6.94427 19
21 0 4100 2321 2300 6.94427 20
22 0 4100 2321 2316 6.94427 21
23 0 4096 2317 2332 6 22
24 0 4088 2317 2340 6 23
25 0 4084 2313 2356 6.94427 24
26 0 4076 2313 2364 9.31371 25
27 0 4072 2309 2372 3.65685 26
28 0 4068 2305 2376 2 27
29 0 4064 2305 2380 2 28
30 0 4144 2325 2224 3.65685 18
31 0 4152 2329 2224 3.65685 30
32 0 4160 2329 2224 6.94427 31
33 0 4168 2321 2220 6 32
34 0 4180 2317 2220 6 33
35 0 4192 2313 2224 6 34
36 0 4208 2309 2232 6 35
37 0 4212 2305 2236 6 36
