# Generated by NeuTu (https://github.com/janelia-flyem/NeuTu)
1 0 4358 2468 2251 6 -1
2 0 4362 2464 2235 6 1
3 0 4374 2460 2223 6 2
4 0 4390 2464 2207 6.94427 3
5 0 4402 2464 2191 6.94427 4
6 0 4410 2468 2183 10.6491 5
7 0 4418 2452 2167 6 6
8 0 4422 2436 2155 6 7
9 0 4422 2428 2151 2 8
10 0 4422 2424 2147 3.65685 9
11 0 4422 2420 2139 3.65685 10
12 0 4426 2416 2135 3.65685 11
13 0 4426 2416 2127 3.65685 12
14 0 4422 2416 2123 2 13
15 0 4418 2416 2111 6 14
16 0 4418 2416 2103 6 15
17 0 4410 2420 2091 6 16
