1 0 3145 3020 3363 6 -1
2 0 3145 3008 3367 6 1
3 0 3137 3000 3375 9.31371 2
4 0 3129 2988 3379 6 3
5 0 3121 2976 3383 6.94427 4
6 0 3117 2968 3387 6 5
7 0 3113 2964 3383 3.65685 6
8 0 3109 2960 3387 2 7
9 0 3105 2952 3391 6 8
10 0 3101 2948 3395 6 9
11 0 3097 2944 3399 3.65685 10
12 0 3089 2936 3407 6.94427 11
13 0 3081 2928 3407 3.65685 12
14 0 3081 2924 3411 3.65685 13
15 0 3081 2916 3411 6 14
16 0 3081 2904 3423 6 15
17 0 3077 2904 3439 6 16
18 0 3141 3036 3359 2 1
19 0 3141 3040 3359 2 18
20 0 3137 3048 3351 6 19
21 0 3137 3056 3347 6 20
22 0 3137 3064 3347 2 21
23 0 3137 3068 3343 2 22
24 0 3137 3072 3339 3.65685 23
25 0 3137 3084 3339 6 24
26 0 3149 3092 3343 9.31371 25
27 0 3157 3096 3347 6 26
28 0 3169 3104 3351 6 27
29 0 3185 3104 3359 6 28
30 0 3133 3084 3331 6 25
31 0 3129 3096 3315 6 30
32 0 3117 3108 3295 9.31371 31
33 0 3109 3104 3283 12.4222 32
34 0 3109 3124 3275 6.94427 33
35 0 3113 3140 3275 9.31371 34
36 0 3113 3148 3267 6.94427 35
37 0 3113 3164 3267 6 36
38 0 3113 3184 3255 6.94427 37
39 0 3117 3192 3251 9.31371 38
40 0 3121 3204 3235 3.65685 39
41 0 3121 3204 3231 3.65685 40
42 0 3121 3204 3227 2 41
43 0 3145 3152 3267 6 36
44 0 3157 3148 3267 6 43
45 0 3161 3144 3271 3.65685 44
46 0 3169 3136 3271 3.65685 45
47 0 3173 3132 3275 3.65685 46
48 0 3177 3132 3275 3.65685 47
49 0 3181 3128 3275 2 48
50 0 3101 3096 3275 6 33
51 0 3093 3084 3275 6 50
52 0 3097 3076 3271 6 51
53 0 3105 3072 3263 6 52
54 0 3109 3060 3255 6 53
55 0 3125 3044 3251 9.31371 54
56 0 3129 3032 3255 10.6491 55
57 0 3117 3028 3255 2 56
58 0 3113 3028 3259 2 57
59 0 3101 3032 3263 9.31371 58
60 0 3093 3020 3283 6 59
61 0 3133 3012 3267 10.6491 56
62 0 3133 3000 3267 9.31371 61
63 0 3137 2972 3267 18 62
64 2 3156.85 2950.09 3266.08 20.9008 63
65 0 3161 2960 3299 26 64
66 0 3177 2952 3323 9.31371 65
67 0 3181 2944 3339 6.94427 66
68 0 3198.87 2924.27 3368.33 17.4178 67
69 0 3198.94 2913.83 3389.29 22.5008 68
70 0 3193 2884 3411 12.4222 69
71 0 3181 2864 3431 9.31371 70
72 0 3169 2844 3439 6.94427 71
73 0 3153 2836 3451 9.31371 72
74 0 3141 2828 3467 6.94427 73
75 0 3129 2820 3479 6.94427 74
76 0 3117 2812 3495 9.31371 75
77 0 3105 2812 3507 14 76
78 0 3085 2804 3527 6.94427 77
79 0 3073 2800 3535 6.94427 78
80 0 3061 2796 3539 6.94427 79
81 0 3045 2792 3547 14 80
82 0 3021 2780 3559 9.31371 81
83 0 3013 2772 3559 9.31371 82
84 0 3013 2760 3563 6 83
85 0 3001 2740 3567 9.31371 84
86 0 2993 2720 3571 3.65685 85
87 0 2985 2712 3571 3.65685 86
88 0 2981 2704 3571 6 87
89 0 2977 2692 3579 6 88
90 2 2974 2678 3590 8.48528 89
91 0 2969 2652 3607 6 90
92 0 2969 2644 3615 3.65685 91
93 0 2965 2636 3623 9.31371 92
94 0 2957 2624 3627 10 93
95 0 2949 2604 3627 6 94
96 0 2981 2664 3571 6 90
97 0 2977 2648 3567 6 96
98 0 2977 2640 3567 6 97
99 0 2977 2628 3567 10 98
100 0 2973 2616 3559 6 99
101 0 3181 2932 3411 9.31371 69
102 0 3185 2944 3431 6.94427 101
103 0 3185 2944 3443 10 102
104 0 3193 2932 3459 3.65685 103
105 0 3197 2928 3463 3.65685 104
106 0 3201 2928 3471 6 105
107 0 3201 2920 3479 6 106
108 0 3205 2912 3483 2 107
109 0 3205 2908 3483 2 108
110 2 3208.1 2927.66 3381.72 18.2809 68
111 0 3225 2944 3391 12.4222 110
112 0 3233 2944 3403 6.94427 111
113 0 3241 2948 3423 6 112
114 0 3241 2948 3431 3.65685 113
115 0 3241 2952 3439 3.65685 114
116 0 3241 2956 3447 3.65685 115
117 0 3245 2964 3455 6 116
118 0 3245 2972 3463 6 117
119 0 3241 2972 3475 6 118
120 0 3237 2988 3491 6.94427 119
121 0 3229 2988 3499 3.65685 120
122 0 3225 2992 3499 2 121
123 0 3233 2916 3379 10 110
124 0 3245 2920 3383 6 123
125 0 3269 2920 3391 9.31371 124
126 0 3293 2912 3403 10.6491 125
127 0 3301 2904 3407 9.31371 126
128 0 3309 2908 3415 2 127
129 0 3313 2912 3419 2 128
130 2 3155.92 2944.65 3250.57 18.2156 64
131 0 3177 2936 3251 12.4222 130
132 0 3217 2916 3243 18.3961 131
133 0 3241 2900 3243 28.4631 132
134 2 3287.35 2854.59 3243 24.3729 133
135 2 3300.7 2832.61 3240.43 20.2672 134
136 2 3315.18 2761.82 3245.55 16.6632 135
137 0 3333 2748 3247 10.6491 136
138 0 3365 2732 3255 14 137
139 0 3381 2720 3267 18 138
140 0 3397 2704 3267 10 139
141 0 3409 2692 3271 9.31371 140
142 0 3433 2668 3275 14.4924 141
143 0 3453 2648 3271 9.31371 142
144 0 3465 2644 3275 9.31371 143
145 0 3509 2620 3287 29.241 144
146 2 3527.95 2604.84 3302.16 26.1706 145
147 0 3529 2604 3303 26 146
148 0 3561 2580 3299 14 147
149 0 3581 2572 3299 18 148
150 0 3617 2552 3303 14 149
151 0 3645 2540 3315 14 150
152 2 3663.42 2540.97 3327.97 14.8529 151
153 2 3693.71 2557.53 3344.53 11.339 152
154 0 3714.15 2564.38 3348.54 13.6154 153
155 0 3725 2568 3363 10 154
156 0 3745 2580 3387 14.4924 155
157 0 3761 2588 3395 19.5407 156
158 2 3787.52 2591.79 3410.15 16.0822 157
159 0 3842.98 2563.73 3460.13 19.9216 158
160 0 3865 2548 3479 21.3238 159
161 2 3904 2548 3484 23.8947 160
162 0 3941 2524 3515 10 161
163 0 3974.81 2524 3522.36 16.1026 162
164 0 4013 2504 3559 10.6491 163
165 0 4025 2496 3567 6 164
166 0 4033 2484 3575 12.4222 165
167 0 4037 2452 3583 9.31371 166
168 0 4037 2440 3583 6 167
169 0 4037 2424 3583 6 168
170 0 4041 2404 3583 9.31371 169
171 0 4061 2384 3591 12.4222 170
172 0 4087.75 2361.25 3603.92 11.0559 171
173 0 4097 2352 3607 12.4222 172
174 0 4097 2340 3611 6.94427 173
175 2 4104.81 2320.57 3607.19 9.85414 174
176 0 4109 2312 3599 6 175
177 0 4121 2296 3591 9.31371 176
178 0 4125 2288 3587 9.31371 177
179 2 4132.56 2280.44 3590.78 9.31371 178
180 0 4173 2268 3603 12.4222 179
181 0 4189 2248 3615 9.31371 180
182 0 4205 2232 3631 10.6491 181
183 0 4221 2220 3655 10 182
184 0 4241 2204 3679 14 183
185 0 4257 2188 3695 12.4222 184
186 0 4277 2152 3711 10.6491 185
187 0 4301 2116 3711 20.6274 186
188 0 4317 2100 3715 20.6274 187
189 0 4321 2080 3703 10 188
190 0 4325 2064 3691 6.94427 189
191 0 4329 2044 3691 18 190
192 0 4329 2024 3675 23.2982 191
193 0 4345 2000 3639 10 192
194 0 4349 1988 3631 9.31371 193
195 0 4349 1972 3631 6 194
196 0 4349 1964 3631 6 195
197 0 4349 1952 3627 9.31371 196
198 0 4349 1940 3627 6.94427 197
199 0 4349 1908 3623 14 198
200 0 4353 1880 3631 14.4924 199
201 0 4377 1832 3627 20.6274 200
202 0 4393 1812 3631 10.6491 201
203 0 4413 1792 3639 6.94427 202
204 0 4425 1788 3639 6.94427 203
205 0 4433 1780 3643 10 204
206 0 4445 1764 3651 10.6491 205
207 0 4469 1744 3667 10.6491 206
208 0 4493 1736 3679 6.94427 207
209 0 4505 1732 3691 9.31371 208
210 0 4521 1712 3699 9.31371 209
211 0 4533 1696 3699 6.94427 210
212 0 4541 1688 3695 6 211
213 0 4557 1684 3691 14.4924 212
214 0 4565 1672 3687 10.6491 213
215 0 4561 1660 3687 6.94427 214
216 0 4553 1648 3687 6 215
217 0 4557 1640 3691 3.65685 216
218 0 4557 1636 3695 2 217
219 0 4557 1636 3699 2 218
220 0 4569 1704 3683 6 213
221 0 4573 1712 3683 3.65685 220
222 0 4573 1720 3679 6.94427 221
223 0 4577 1728 3675 6.94427 222
224 0 4361 1912 3599 9.31371 199
225 0 4365 1920 3583 6 224
226 0 4365 1932 3571 6 225
227 0 4369 1936 3567 6 226
228 0 4113 2276 3607 9.31371 179
229 0 4101 2280 3607 6 228
230 0 4089 2284 3599 6 229
231 0 4117 2292 3567 10 178
232 0 4109 2296 3547 6.94427 231
233 0 4101 2296 3539 6 232
234 0 4097 2292 3527 9.31371 233
235 0 4093 2292 3515 6 234
236 0 4093 2284 3507 6 235
237 0 4093 2272 3503 12.4222 236
238 0 4105 2244 3511 10 237
239 0 4121 2332 3595 6.94427 175
240 0 4121 2348 3587 6 239
241 0 4109 2384 3591 10.6491 172
242 0 4121 2428 3591 14.4924 241
243 0 4117 2444 3575 10 242
244 0 4133 2464 3551 10 243
245 0 4153 2456 3527 10 244
246 0 4161 2456 3515 12.4222 245
247 0 4169 2444 3503 10.6491 246
248 0 4169 2432 3503 6 247
249 0 3969 2500 3523 6.94427 163
250 0 3965 2484 3519 6.94427 249
251 0 3961 2476 3511 6.94427 250
252 0 3881 2528 3491 15.8885 161
253 0 3881 2512 3499 6.94427 252
254 0 3889 2496 3499 6 253
255 0 3821 2560 3479 6 159
256 0 3813 2552 3491 6 255
257 0 3813 2548 3499 3.65685 256
258 0 3817 2544 3499 2 257
259 0 3761 2588 3415 18 158
260 0 3741 2604 3431 12.4222 259
261 0 3733 2616 3431 9.31371 260
262 0 3716.49 2642.77 3435 13.3122 261
263 0 3701 2664 3431 19.5407 262
264 0 3693 2696 3423 12.4222 263
265 0 3673 2728 3415 12.4222 264
266 0 3661 2752 3395 9.31371 265
267 0 3653 2776 3379 10 266
268 0 3653 2804 3367 10 267
269 0 3657 2820 3367 9.31371 268
270 0 3670.26 2857.26 3366.58 14.3751 269
271 0 3681 2868 3363 9.31371 270
272 0 3705.81 2898.04 3352.96 18.8438 271
273 2 3711.07 2911.19 3339.81 24.2899 272
274 0 3780.37 2953.84 3319.32 16.1587 273
275 0 3805 2948 3311 18 274
276 2 3798.56 2931.91 3304.56 11.0107 275
277 0 3797 2920 3287 9.31371 276
278 0 3781 2920 3271 9.31371 277
279 0 3769 2920 3267 6 278
280 0 3761 2920 3263 6.94427 279
281 0 3749 2912 3263 6 280
282 0 3725 2900 3263 10.6491 281
283 0 3713 2900 3267 12.4222 282
284 0 3701 2896 3275 9.31371 283
285 0 3697 2900 3283 2 284
286 0 3697 2904 3287 2 285
287 0 3821 2920 3307 6 276
288 0 3833 2912 3295 6 287
289 0 3825 2960 3287 6.94427 275
290 0 3841 2960 3271 12.4222 289
291 0 3857 2952 3251 9.31371 290
292 0 3861 2948 3239 3.65685 291
293 0 3865 2948 3235 2 292
294 0 3865 2948 3231 2 293
295 0 3797 2948 3343 12.4222 274
296 0 3801 2944 3359 12.4222 295
297 0 3785 2940 3391 10 296
298 0 3777 2936 3415 6.94427 297
299 0 3777 2928 3431 6.94427 298
300 0 3769 2920 3439 6 299
301 0 3825 2968 3355 14.9706 295
302 0 3833 2988 3355 18 301
303 0 3821 3004 3355 9.31371 302
304 0 3813 3000 3347 2 303
305 0 3809 3000 3347 2 304
306 0 3677 2900 3323 10 273
307 0 3669 2904 3315 6.94427 306
308 0 3665 2896 3307 6.94427 307
309 0 3661 2888 3299 3.65685 308
310 0 3657 2888 3295 2 309
311 0 3737 2920 3359 9.31371 273
312 0 3753 2932 3375 6 311
313 0 3765 2932 3379 2 312
314 0 3721 2904 3379 6.94427 272
315 0 3725 2904 3399 6.94427 314
316 0 3733 2908 3415 6.94427 315
317 0 3741 2912 3423 6.94427 316
318 0 3741 2912 3431 6 317
319 0 3749 2912 3439 3.65685 318
320 0 3749 2912 3443 3.65685 319
321 0 3753 2908 3447 2 320
322 0 3737 2920 3383 6.94427 314
323 0 3753 2928 3403 6.94427 322
324 0 3757 2928 3411 3.65685 323
325 0 3757 2924 3419 3.65685 324
326 0 3757 2924 3423 3.65685 325
327 0 3657 2872 3359 6 270
328 0 3653 2876 3355 6 327
329 0 3661 2880 3347 6.94427 328
330 0 3669 2884 3339 2 329
331 0 3673 2880 3335 2 330
332 0 3641 2808 3347 3.65685 268
333 0 3645 2812 3343 3.65685 332
334 0 3645 2812 3335 6 333
335 0 3645 2816 3327 6 334
336 0 3641 2812 3307 9.31371 335
337 0 3641 2800 3295 6 336
338 0 3637 2796 3291 3.65685 337
339 0 3637 2796 3287 3.65685 338
340 0 3633 2792 3283 2 339
341 0 3729 2652 3447 6 262
342 0 3733 2656 3455 3.65685 341
343 0 3733 2660 3459 3.65685 342
344 0 3733 2664 3467 6 343
345 0 3729 2660 3475 6 344
346 0 3725 2664 3483 6.94427 345
347 0 3717 2668 3483 3.65685 346
348 0 3713 2672 3479 2 347
349 0 3709 2672 3479 2 348
350 0 3745 2600 3447 6 260
351 0 3745 2604 3459 6 350
352 0 3745 2608 3475 6 351
353 0 3749 2608 3491 6 352
354 0 3749 2604 3499 6 353
355 0 3741 2596 3499 2 354
356 0 3741 2592 3499 2 355
357 0 3729 2548 3331 9.31371 154
358 0 3737 2532 3319 10 357
359 0 3737 2520 3311 9.31371 358
360 0 3741 2512 3307 6 359
361 0 3741 2504 3299 6.94427 360
362 0 3749 2500 3287 6.94427 361
363 0 3761 2492 3279 14 362
364 0 3757 2480 3271 6.94427 363
365 0 3757 2480 3263 6.94427 364
366 0 3761 2464 3247 6 365
367 0 3773 2452 3235 9.31371 366
368 0 3797 2444 3215 10 367
369 0 3817 2452 3211 10 368
370 0 3829 2452 3195 3.65685 369
371 0 3829 2452 3187 3.65685 370
372 0 3833 2452 3179 3.65685 371
373 0 3833 2452 3175 2 372
374 0 3837 2456 3171 3.65685 373
375 0 3845 2456 3159 14 374
376 0 3853 2456 3147 3.65685 375
377 0 3857 2452 3143 6 376
378 0 3877 2452 3135 9.31371 377
379 0 3889 2456 3131 2 378
380 0 3789 2488 3291 10 363
381 0 3801 2484 3291 9.31371 380
382 0 3809 2480 3283 6 381
383 0 3833 2480 3279 9.31371 382
384 0 3841 2476 3275 9.31371 383
385 0 3849 2468 3279 6.94427 384
386 0 3857 2456 3291 9.31371 385
387 0 3877 2448 3307 9.31371 386
388 0 3885 2444 3311 6 387
389 0 3897 2444 3319 9.31371 388
390 0 3917 2448 3327 6 389
391 0 3685 2540 3355 9.31371 153
392 0 3685 2536 3375 6 391
393 0 3685 2536 3383 6 392
394 0 3681 2532 3391 9.31371 393
395 0 3677 2524 3399 6.94427 394
396 0 3669 2516 3411 9.31371 395
397 0 3669 2512 3431 9.31371 396
398 0 3661 2504 3455 6.94427 397
399 0 3661 2496 3471 9.31371 398
400 2 3657.67 2481.33 3485.67 7.45356 399
401 0 3653 2468 3491 6 400
402 0 3649 2456 3499 6 401
403 0 3645 2448 3507 6 402
404 0 3637 2440 3511 9.31371 403
405 0 3625 2424 3519 9.31371 404
406 0 3613 2416 3531 6.94427 405
407 0 3605 2412 3539 6.94427 406
408 0 3589 2396 3543 6.94427 407
409 0 3577 2388 3531 6 408
410 0 3569 2384 3531 6.94427 409
411 0 3561 2376 3539 6 410
412 0 3549 2368 3551 6.94427 411
413 0 3541 2368 3559 6 412
414 0 3533 2360 3563 9.31371 413
415 0 3517 2356 3563 6 414
416 0 3505 2352 3563 6.94427 415
417 0 3501 2344 3563 6 416
418 0 3497 2336 3571 6 417
419 0 3493 2328 3571 3.65685 418
420 0 3485 2320 3571 6 419
421 0 3477 2312 3575 10 420
422 0 3465 2312 3575 6 421
423 0 3453 2308 3575 6.94427 422
424 0 3445 2308 3571 3.65685 423
425 0 3425 2308 3567 10 424
426 0 3417 2316 3563 6 425
427 0 3617 2412 3551 6 407
428 0 3625 2416 3563 10 427
429 0 3633 2428 3567 3.65685 428
430 0 3637 2432 3567 2 429
431 0 3673 2472 3491 6 400
432 0 3673 2456 3495 6 431
433 0 3665 2440 3495 6.94427 432
434 0 3653 2432 3495 6 433
435 0 3645 2432 3487 6.94427 434
436 0 3641 2440 3483 3.65685 435
437 0 3641 2444 3483 2 436
438 0 3645 2524 3339 6 152
439 0 3637 2508 3339 6.94427 438
440 0 3625 2500 3339 6.94427 439
441 0 3617 2492 3351 9.31371 440
442 0 3621 2484 3375 12.4222 441
443 0 3633 2484 3383 9.31371 442
444 0 3537 2604 3271 3.65685 147
445 0 3541 2600 3255 14 444
446 0 3533 2600 3239 3.65685 445
447 0 3537 2600 3231 6 446
448 0 3557 2604 3215 6.94427 447
449 0 3565 2612 3219 6.94427 448
450 0 3573 2616 3219 3.65685 449
451 0 3577 2620 3223 3.65685 450
452 0 3581 2620 3223 3.65685 451
453 0 3593 2624 3227 10 452
454 0 3613 2640 3235 6 453
455 0 3549 2636 3311 9.31371 146
456 0 3557 2644 3311 9.31371 455
457 0 3561 2672 3327 6.94427 456
458 0 3569 2684 3339 6 457
459 0 3569 2680 3355 9.31371 458
460 0 3569 2668 3363 6 459
461 0 3501 2600 3251 9.31371 145
462 0 3509 2596 3243 6 461
463 0 3517 2600 3227 6.94427 462
464 0 3517 2600 3219 6 463
465 0 3289 2748 3259 18 136
466 0 3281 2724 3279 6.94427 465
467 0 3277 2716 3303 10 466
468 0 3277 2712 3327 9.31371 467
469 0 3281 2696 3355 18 468
470 0 3306.1 2683.45 3389.74 20.4539 469
471 2 3312.6 2680.2 3406 15.2882 470
472 0 3313 2676 3423 6.94427 471
473 0 3313 2672 3439 6.94427 472
474 2 3321 2661 3460 10 473
475 0 3317 2644 3479 12.4222 474
476 0 3309 2624 3499 9.31371 475
477 0 3309 2604 3519 14 476
478 2 3325.39 2576.63 3550.37 18 477
479 0 3333 2548 3575 14 478
480 0 3337 2528 3579 18 479
481 0 3349 2508 3579 14.9706 480
482 0 3369 2476 3551 12.4222 481
483 0 3377 2464 3543 14 482
484 0 3405 2436 3551 9.31371 483
485 0 3429 2420 3547 10 484
486 0 3449 2416 3543 12.4222 485
487 0 3457 2424 3535 12.4222 486
488 0 3473 2440 3543 9.31371 487
489 0 3473 2452 3555 6 488
490 0 3477 2456 3571 6 489
491 0 3485 2456 3579 9.31371 490
492 0 3497 2456 3603 6.94427 491
493 0 3501 2448 3611 6 492
494 0 3365 2500 3599 6.94427 481
495 0 3369 2504 3619 6 494
496 0 3373 2508 3635 6.94427 495
497 2 3359.4 2508 3663.8 20.2554 496
498 2 3361.48 2504.64 3676.6 18.681 497
499 0 3373 2496 3691 6 498
500 0 3389 2500 3711 6 499
501 0 3389 2504 3719 6 500
502 0 3385 2512 3727 9.31371 501
503 0 3349 2476 3695 10.6491 498
504 0 3353 2480 3711 10.6491 503
505 0 3357 2492 3715 6 504
506 0 3361 2496 3719 2 505
507 0 3361 2496 3723 2 506
508 0 3369 2556 3667 9.31371 497
509 0 3385 2572 3667 9.31371 508
510 0 3397 2584 3679 3.65685 509
511 0 3401 2584 3679 2 510
512 0 3385 2532 3635 6.94427 496
513 0 3389 2540 3631 9.31371 512
514 0 3393 2552 3627 6.94427 513
515 0 3397 2560 3631 3.65685 514
516 0 3397 2564 3631 2 515
517 0 3317 2592 3571 6 478
518 0 3317 2608 3575 6.94427 517
519 0 3337 2628 3591 6.94427 518
520 0 3349 2644 3599 10 519
521 0 3341 2656 3591 6 520
522 0 3337 2656 3583 3.65685 521
523 0 3333 2660 3579 2 522
524 0 3341 2680 3471 9.31371 474
525 0 3353 2684 3475 9.31371 524
526 0 3361 2676 3479 6 525
527 0 3333 2704 3415 9.31371 471
528 0 3341 2720 3415 6 527
529 0 3345 2732 3415 6 528
530 0 3357 2756 3419 6.94427 529
531 0 3361 2772 3423 6 530
532 2 3334.76 2650.63 3372.62 21.1928 470
533 2 3325.24 2640.94 3371 18.1266 532
534 0 3301 2632 3375 10 533
535 0 3285 2632 3387 6 534
536 0 3281 2628 3391 3.65685 535
537 0 3273 2620 3399 9.31371 536
538 0 3273 2624 3411 6 537
539 0 3273 2636 3415 2 538
540 0 3337 2636 3399 6 533
541 0 3349 2636 3415 6 540
542 0 3353 2640 3431 6 541
543 0 3353 2636 3439 6 542
544 0 3357 2640 3443 6 543
545 0 3365 2644 3451 2 544
546 0 3365 2648 3451 2 545
547 0 3337 2676 3347 12.4222 532
548 0 3313 2692 3327 6 547
549 0 3313 2852 3263 6.94427 135
550 0 3310.78 2872.44 3283.44 7.84095 549
551 0 3305 2884 3299 3.65685 550
552 0 3309 2888 3303 6 551
553 0 3313 2888 3311 6 552
554 0 3321 2892 3319 3.65685 553
555 0 3333 2896 3335 6.94427 554
556 0 3341 2900 3343 9.31371 555
557 0 3349 2892 3347 6.94427 556
558 0 3365 2892 3351 9.31371 557
559 0 3381 2892 3351 9.31371 558
560 0 3389 2896 3355 6 559
561 0 3405 2896 3359 6 560
562 0 3421 2896 3359 6 561
563 0 3437 2896 3359 6.94427 562
564 0 3449 2904 3355 6 563
565 0 3465 2912 3355 6 564
566 0 3481 2916 3351 6 565
567 0 3497 2920 3351 6.94427 566
568 0 3505 2920 3355 3.65685 567
569 0 3513 2928 3355 6.94427 568
570 0 3521 2936 3363 6 569
571 0 3533 2944 3371 6 570
572 0 3541 2952 3379 6 571
573 0 3553 2956 3391 6.94427 572
574 0 3573 2964 3399 6.94427 573
575 0 3581 2968 3403 9.31371 574
576 0 3597 2980 3407 6.94427 575
577 0 3613 2992 3407 6.94427 576
578 0 3629 3004 3407 6.94427 577
579 0 3637 3020 3411 6.94427 578
580 0 3641 3032 3419 6 579
581 0 3649 3040 3419 3.65685 580
582 0 3653 3044 3423 6 581
583 0 3657 3060 3439 6 582
584 0 3657 3068 3447 10 583
585 0 3657 3076 3455 6 584
586 0 3321 2888 3279 6.94427 550
587 0 3333 2904 3279 3.65685 586
588 0 3337 2908 3279 3.65685 587
589 0 3337 2916 3279 6.94427 588
590 0 3337 2924 3275 3.65685 589
591 0 3341 2928 3271 2 590
592 0 3341 2932 3271 2 591
593 0 3277 2880 3219 19.5407 134
594 0 3285 2892 3203 6 593
595 0 3277 2916 3187 14.4924 594
596 0 3293 2940 3183 6.94427 595
597 0 3297 2952 3179 6 596
598 0 3305 2960 3167 6 597
599 0 3317 2964 3159 6 598
600 0 3329 2952 3163 6 599
601 0 3349 2936 3159 9.31371 600
602 0 3357 2920 3151 6.94427 601
603 0 3357 2904 3139 6 602
604 0 3357 2892 3135 9.31371 603
605 2 3349.92 2881.38 3135 6.38235 604
606 0 3349 2856 3151 6 605
607 0 3349 2840 3151 6 606
608 0 3345 2824 3155 6 607
609 0 3349 2808 3155 6 608
610 0 3353 2796 3159 6.94427 609
611 0 3361 2788 3163 6 610
612 0 3361 2780 3167 3.65685 611
613 0 3365 2776 3167 2 612
614 0 3365 2772 3167 2 613
615 0 3353 2888 3115 6 605
616 0 3353 2900 3103 6 615
617 0 3353 2908 3103 6 616
618 0 3353 2920 3099 10.6491 617
619 0 3349 2944 3103 6 618
620 0 3137 2956 3243 22 130
621 0 3105 2956 3219 18 620
622 2 3048.33 2981.07 3217.53 16.6627 621
623 0 3057 2996 3203 10 622
624 0 3077 3012 3199 6.94427 623
625 0 3085 3024 3211 6.94427 624
626 0 3077 3024 3223 9.31371 625
627 0 3077 3016 3235 9.31371 626
628 2 3027.35 2987.41 3219 14.6977 622
629 0 3029 2980 3243 6 628
630 0 3029 2980 3251 6.94427 629
631 0 3021 2988 3263 6.94427 630
632 0 3013 2992 3267 9.31371 631
633 0 2969 2992 3243 32.4093 628
634 2 2922.66 2987.06 3279.23 18.2733 633
635 0 2941 2992 3299 6.94427 634
636 0 2945 2984 3315 6 635
637 0 2945 2980 3323 6 636
638 0 2949 2972 3335 10.6491 637
639 0 2965 2988 3351 10 638
640 0 2977 2996 3355 6 639
641 0 2981 3008 3355 6.94427 640
642 0 2985 3020 3339 6 641
643 0 2997 3020 3327 6.94427 642
644 0 3005 3024 3319 6.94427 643
645 0 3013 3024 3311 10 644
646 0 3013 3016 3303 9.31371 645
647 0 3025 3004 3299 3.65685 646
648 0 3029 3000 3299 3.65685 647
649 0 3033 3000 3295 2 648
650 0 2933 2960 3335 2 638
651 0 2929 2960 3335 2 650
652 0 2925 2960 3335 2 651
653 0 2917 2964 3335 6 652
654 0 2909 2992 3343 9.31371 653
655 0 2913 3000 3347 6 654
656 0 2925 3020 3355 6.94427 655
657 0 2929 3028 3355 6.94427 656
658 0 2933 3036 3355 2 657
659 0 2933 3040 3355 2 658
660 0 2885.97 2992 3291.41 15.7931 634
661 0 2889 2972 3303 6 660
662 0 2889 2964 3303 6 661
663 0 2889 2944 3319 12.4222 662
664 0 2901 2936 3331 3.65685 663
665 0 2901 2928 3335 6 664
666 0 2901 2920 3339 2 665
667 0 2901 2916 3339 2 666
668 2 2897.37 2908.73 3342.63 5.63299 667
669 0 2901 2900 3351 6.94427 668
670 2 2907.31 2889.69 3361.31 6.67168 669
671 0 2913 2884 3367 6 670
672 0 2925 2876 3375 9.31371 671
673 2 2946.38 2869.08 3375 13.4577 672
674 0 2973 2880 3375 9.31371 673
675 0 2993 2892 3379 6.94427 674
676 0 3001 2896 3375 2 675
677 0 3009 2896 3371 6 676
678 0 3017 2896 3363 6 677
679 0 3025 2904 3355 2 678
680 0 2949 2848 3391 6.94427 673
681 0 2945 2844 3411 6.94427 680
682 0 2949 2844 3423 10.6491 681
683 0 2965 2840 3439 2 682
684 0 2969 2840 3439 2 683
685 0 2897 2884 3367 6 670
686 0 2893 2880 3371 3.65685 685
687 0 2889 2880 3375 3.65685 686
688 0 2885 2876 3379 6 687
689 0 2877 2880 3395 6.94427 688
690 0 2873 2888 3395 3.65685 689
691 0 2869 2892 3399 2 690
692 0 2901 2904 3331 3.65685 668
693 0 2905 2900 3327 3.65685 692
694 0 2909 2892 3319 6 693
695 0 2917 2900 3299 6.94427 694
696 0 2925 2892 3287 9.31371 695
697 0 2937 2900 3279 10 696
698 0 2961 2900 3267 9.31371 697
699 0 2969 2900 3259 10 698
700 0 2973 2912 3251 2 699
701 0 2973 2916 3251 2 700
702 0 2825 2992 3295 14 660
703 0 2797 2984 3307 14 702
704 0 2789 2980 3323 10 703
705 0 2773 2984 3343 10.6491 704
706 0 2761 2996 3351 18.3961 705
707 0 2745 3012 3347 12.4222 706
708 0 2733 3028 3347 14.9706 707
709 0 2709 3056 3331 10 708
710 0 2689 3072 3335 6 709
711 0 2681 3072 3347 6 710
712 0 2673 3076 3355 9.31371 711
713 0 2665 3068 3359 3.65685 712
714 0 2665 3064 3359 2 713
715 0 2705 3088 3275 14 709
716 0 2693 3100 3247 12.4222 715
717 2 2693 3107.6 3231.8 12.4222 716
718 0 2717 3116 3223 6 717
719 0 2725 3120 3215 6 718
720 0 2729 3112 3207 2 719
721 0 2729 3108 3199 6 720
722 0 2729 3104 3187 9.31371 721
723 0 2721 3100 3167 9.31371 722
724 0 2713 3100 3155 6 723
725 0 2717 3096 3147 3.65685 724
726 0 2717 3092 3147 2 725
727 0 2737 3080 3191 9.31371 722
728 0 2745 3072 3187 9.31371 727
729 0 2681 3120 3211 12.4222 717
730 2 2657.67 3143.33 3191.67 21.7529 729
731 0 2629 3140 3203 22.3311 730
732 0 2613 3124 3203 10 731
733 0 2601 3116 3207 6 732
734 0 2597 3112 3211 6 733
735 0 2597 3112 3227 6.94427 734
736 0 2589 3108 3243 6.94427 735
737 0 2581 3104 3259 6.94427 736
738 0 2569 3100 3275 6.94427 737
739 0 2565 3092 3283 10 738
740 0 2553 3092 3299 6.94427 739
741 0 2553 3092 3307 6.94427 740
742 0 2545 3084 3315 9.31371 741
743 0 2533 3084 3323 6 742
744 0 2517 3084 3331 6.94427 743
745 0 2497 3080 3351 6.94427 744
746 0 2493 3088 3363 10 745
747 0 2489 3096 3383 6.94427 746
748 0 2493 3100 3391 9.31371 747
749 0 2501 3104 3403 6.94427 748
750 0 2509 3108 3419 9.31371 749
751 2 2516.11 3111.56 3426.11 9.31371 750
752 0 2525 3116 3431 6.94427 751
753 0 2537 3124 3447 6.94427 752
754 0 2545 3128 3459 6.94427 753
755 0 2553 3136 3467 6.94427 754
756 0 2561 3136 3471 3.65685 755
757 0 2565 3132 3471 3.65685 756
758 0 2573 3132 3471 6 757
759 0 2581 3136 3463 6 758
760 0 2597 3144 3455 6.94427 759
761 0 2605 3148 3451 9.31371 760
762 0 2625 3164 3447 6.94427 761
763 0 2633 3168 3455 6 762
764 0 2641 3164 3459 3.65685 763
765 0 2645 3160 3463 6 764
766 0 2653 3140 3479 10 765
767 0 2661 3124 3483 10 766
768 0 2653 3116 3487 6 767
769 0 2521 3084 3443 6.94427 751
770 0 2537 3076 3455 6 769
771 0 2553 3068 3459 6.94427 770
772 0 2577 3056 3467 10.6491 771
773 0 2585 3056 3483 10 772
774 0 2581 3048 3491 3.65685 773
775 0 2577 3044 3495 2 774
776 0 2637 3168 3167 26.8444 730
777 0 2621 3184 3147 18 776
778 0 2593 3184 3099 19.5407 777
779 0 2573 3196 3071 10.6491 778
780 0 2569 3196 3059 12.4222 779
781 0 2561 3196 3031 9.31371 780
782 0 2547.73 3197.46 3012.65 12.5125 781
783 0 2581 3196 3003 6.94427 782
784 0 2597 3200 3003 6 783
785 0 2605 3200 3003 3.65685 784
786 0 2609 3204 3003 3.65685 785
787 0 2613 3204 3003 2 786
788 0 2545 3192 2999 9.31371 782
789 0 2529 3192 2983 10 788
790 0 2513 3196 2967 10.6491 789
791 0 2489 3208 2943 12.4222 790
792 0 2473 3212 2923 6.94427 791
793 0 2457 3224 2911 10.6491 792
794 0 2448.78 3236.22 2878.56 16.5527 793
795 0 2425 3248 2843 10 794
796 0 2425 3264 2827 10 795
797 0 2429 3276 2815 12.4222 796
798 0 2441 3272 2787 19.5407 797
799 0 2453 3272 2735 18 798
800 0 2457 3252 2707 15.8885 799
801 2 2457 3236.64 2695.48 14.0755 800
802 0 2449 3212 2679 20.6274 801
803 2 2445 3194.43 2661.69 19.4396 802
804 0 2445 3172 2643 18 803
805 0 2441 3176 2615 18.3961 804
806 2 2447.88 3195.6 2596.84 15.7233 805
807 2 2462.89 3214.84 2582.26 14.9706 806
808 0 2477 3224 2551 14 807
809 0 2489 3224 2539 10 808
810 0 2513 3228 2511 14.4924 809
811 2 2516.76 3228 2495.94 14.029 810
812 2 2517 3231.06 2482.76 10.4164 811
813 0 2517 3232 2467 10 812
814 0 2517 3224 2451 15.8885 813
815 0 2509 3216 2415 14 814
816 0 2517 3204 2371 14.9706 815
817 0 2541 3200 2327 18.3961 816
818 0 2573 3192 2255 35.7359 817
819 0 2569 3136 2187 23.6125 818
820 0 2537 3112 2151 14.4924 819
821 0 2517 3108 2111 15.8885 820
822 0 2505 3100 2071 9.31371 821
823 0 2501 3100 2051 6.94427 822
824 0 2493 3100 2039 14 823
825 0 2493 3104 2023 10 824
826 0 2489 3104 2003 10 825
827 0 2461 3104 1971 14.4924 826
828 0 2453 3104 1955 10.6491 827
829 0 2441 3096 1943 15.8885 828
830 0 2421 3088 1915 10.3246 829
831 0 2409 3072 1887 12.4222 830
832 0 2413 3080 1851 15.5108 831
833 0 2425 3080 1795 12.4222 832
834 0 2429 3080 1783 9.31371 833
835 0 2437 3084 1759 10.6491 834
836 0 2441 3092 1735 9.31371 835
837 0 2435.86 3098.57 1707.29 13.1198 836
838 0 2429 3104 1687 14.9706 837
839 0 2417 3116 1655 18 838
840 2 2391.33 3123.33 1636.67 29.2283 839
841 0 2329 3132 1627 38.1995 840
842 0 2305 3152 1603 18 841
843 0 2269 3168 1583 18.3961 842
844 0 2249 3168 1587 14 843
845 0 2241 3156 1587 6.94427 844
846 0 2237 3148 1587 6 845
847 0 2233 3140 1587 2 846
848 0 2233 3136 1587 2 847
849 0 2233 3132 1587 2 848
850 0 2289 3100 1631 12.4222 841
851 0 2273 3076 1631 9.31371 850
852 0 2269 3068 1635 9.31371 851
853 0 2265 3056 1643 2 852
854 0 2265 3052 1643 2 853
855 2 2397 3078 1635 15.365 840
856 2 2391.33 3060.67 1640.67 14.5508 855
857 0 2381 3032 1647 14 856
858 0 2385 3016 1651 10 857
859 0 2385 3000 1663 10 858
860 0 2393 2988 1671 6 859
861 0 2405 2984 1679 10 860
862 0 2417 2984 1679 6 861
863 0 2429 2980 1679 10 862
864 0 2449 2972 1671 3.65685 863
865 0 2453 2968 1671 2 864
866 0 2409 3048 1631 6.94427 856
867 0 2413 3032 1627 6 866
868 0 2413 3020 1639 6.94427 867
869 0 2413 3020 1647 6 868
870 0 2409 3016 1651 6 869
871 0 2421 3084 1619 9.31371 855
872 0 2430.78 3095.56 1607.44 8.59087 871
873 0 2453 3116 1603 9.31371 872
874 0 2461 3132 1599 6 873
875 0 2409 3096 1595 9.31371 872
876 0 2393 3080 1599 9.31371 875
877 0 2381 3076 1599 6 876
878 0 2449 3148 1639 21.3238 839
879 0 2489 3160 1639 18 878
880 0 2521 3180 1647 10.6491 879
881 0 2533 3184 1651 6.94427 880
882 0 2541 3192 1659 6.94427 881
883 0 2549 3196 1663 3.65685 882
884 0 2553 3196 1663 2 883
885 0 2557 3196 1663 2 884
886 0 2457 3104 1683 6.94427 838
887 0 2469 3092 1675 12.4222 886
888 0 2489 3080 1671 9.31371 887
889 0 2501 3064 1667 6.94427 888
890 0 2505 3052 1663 6 889
891 0 2501 3032 1663 9.31371 890
892 0 2497 3020 1659 12.4222 891
893 0 2485 3012 1647 2 892
894 0 2481 3012 1643 2 893
895 0 2477 3012 1639 2 894
896 0 2473 3008 1635 2 895
897 0 2421 3076 1695 6 837
898 0 2421 3060 1695 12.4222 897
899 0 2409 3036 1695 12.4222 898
900 0 2397 3016 1695 9.31371 899
901 0 2393 3004 1691 3.65685 900
902 0 2389 3004 1687 2 901
903 0 2385 3072 1847 10.6491 832
904 0 2365 3064 1847 12.4222 903
905 0 2349 3060 1859 6 904
906 0 2337 3052 1867 6 905
907 0 2333 3048 1871 3.65685 906
908 0 2329 3040 1879 6.94427 907
909 0 2317 3028 1883 6 908
910 0 2309 3020 1899 6 909
911 0 2301 3016 1911 6 910
912 0 2297 3008 1919 6 911
913 0 2289 3004 1927 6 912
914 0 2285 3000 1931 3.65685 913
915 0 2281 2996 1935 6 914
916 0 2277 2988 1943 6 915
917 0 2261 2968 1951 10 916
918 0 2253 2956 1951 10 917
919 0 2245 2948 1943 6.94427 918
920 0 2361 3048 1831 6 904
921 0 2357 3040 1823 6.94427 920
922 0 2433 3088 1895 6.94427 830
923 0 2433 3092 1879 6 922
924 0 2501 3084 2067 6.94427 822
925 0 2497 3072 2059 6 924
926 0 2501 3068 2055 3.65685 925
927 0 2501 3060 2055 6 926
928 0 2497 3052 2063 3.65685 927
929 0 2493 3056 2067 2 928
930 0 2537 3228 2479 9.31371 812
931 0 2545 3208 2471 9.31371 930
932 0 2541 3204 2491 10 811
933 0 2553 3196 2487 3.65685 932
934 0 2557 3196 2483 2 933
935 0 2501 3248 2543 6.94427 808
936 0 2509 3248 2535 6.94427 935
937 0 2489 3212 2595 6.94427 807
938 0 2493 3204 2599 6 937
939 0 2497 3196 2603 9.31371 938
940 0 2501 3176 2615 6 939
941 0 2497 3168 2631 6 940
942 0 2501 3168 2639 2 941
943 0 2501 3168 2643 2 942
944 0 2445 3192 2567 12.4222 806
945 0 2457 3188 2555 10 944
946 0 2473 3188 2551 2 945
947 0 2449 3208 2635 10 803
948 0 2449 3216 2627 6.94427 947
949 0 2453 3216 2619 6 948
950 0 2449 3220 2615 2 949
951 0 2445 3224 2611 2 950
952 0 2473 3220 2715 2 801
953 0 2473 3212 2719 6 952
954 0 2469 3196 2735 6.94427 953
955 0 2469 3184 2735 10 954
956 0 2461 3160 2739 6 955
957 0 2457 3148 2739 6 956
958 0 2445 3124 2739 10.6491 957
959 0 2441 3112 2739 12.4222 958
960 0 2433 3100 2739 6.94427 959
961 0 2429 3080 2743 6 960
962 0 2425 3076 2747 6 961
963 0 2425 3064 2747 6.94427 962
964 0 2429 3056 2751 6 963
965 0 2433 3044 2755 10 964
966 0 2449 3020 2755 6 965
967 0 2453 2996 2755 9.31371 966
968 0 2453 2980 2755 14.4924 967
969 0 2469 2956 2747 9.31371 968
970 0 2477 2940 2751 2 969
971 0 2477 2936 2751 2 970
972 0 2453 3264 2883 10 794
973 0 2453 3276 2887 6 972
974 0 2457 3280 2891 6 973
975 0 2457 3288 2887 3.65685 974
976 0 2457 3292 2883 3.65685 975
977 0 2457 3296 2883 2 976
978 2 2447.75 3235.74 2914.74 8.57503 793
979 0 2453 3260 2911 6 978
980 0 2453 3276 2927 6 979
981 0 2457 3284 2935 3.65685 980
982 0 2461 3284 2939 2 981
983 0 2445 3252 2935 6.94427 978
984 0 2433 3256 2955 21.3238 983
985 0 2401 3248 3007 26.2843 984
986 0 2373 3216 3047 9.31371 985
987 0 2373 3216 3059 10.6491 986
988 0 2373 3212 3071 6.94427 987
989 0 2353 3208 3099 18 988
990 0 2341 3188 3123 18 989
991 0 2345 3180 3147 14 990
992 0 2325 3192 3183 30.249 991
993 2 2295.63 3177.32 3185.1 25.2036 992
994 0 2269 3164 3187 20.6274 993
995 0 2237 3152 3191 6.94427 994
996 0 2217 3144 3191 6.94427 995
997 0 2201 3140 3191 6.94427 996
998 0 2181 3132 3191 6.94427 997
999 0 2169 3124 3195 14 998
1000 0 2165 3092 3199 6 999
1001 0 2161 3084 3195 6 1000
1002 0 2149 3084 3195 2 1001
1003 0 2141 3080 3195 6 1002
1004 0 2133 3080 3191 6 1003
1005 0 2121 3072 3207 6 1004
1006 0 2125 3076 3219 9.31371 1005
1007 0 2273 3136 3171 9.31371 994
1008 0 2265 3112 3167 6.94427 1007
1009 0 2257 3089.6 3156.87 10 1008
1010 0 2261 3068 3163 6.94427 1009
1011 0 2265 3052 3171 6 1010
1012 0 2269 3032 3179 9.31371 1011
1013 0 2265 3024 3187 6 1012
1014 0 2265 3016 3187 6 1013
1015 0 2245 3096 3139 6 1009
1016 0 2237 3096 3131 6.94427 1015
1017 0 2221 3092 3127 6 1016
1018 2 2271.55 3162.55 3219.36 16.9859 993
1019 0 2253 3152 3259 12.4222 1018
1020 0 2245 3152 3283 6.94427 1019
1021 0 2245 3152 3299 6 1020
1022 0 2249 3152 3307 6 1021
1023 0 2245 3148 3311 6 1022
1024 0 2241 3144 3315 3.65685 1023
1025 0 2241 3140 3319 3.65685 1024
1026 0 2241 3136 3319 2 1025
1027 0 2245 3148 3227 10 1018
1028 0 2229 3152 3227 6 1027
1029 0 2217 3152 3223 6.94427 1028
1030 0 2209 3156 3219 3.65685 1029
1031 0 2205 3160 3215 6 1030
1032 0 2197 3156 3215 2 1031
1033 0 2197 3152 3215 2 1032
1034 0 2325 3216 3203 30.9848 992
1035 0 2361 3252 3227 14 1034
1036 0 2381 3264 3247 12.4222 1035
1037 0 2389 3268 3259 6.94427 1036
1038 0 2397 3276 3275 6.94427 1037
1039 0 2401 3276 3287 9.31371 1038
1040 0 2425 3276 3303 9.31371 1039
1041 0 2437 3280 3307 10 1040
1042 0 2433 3276 3323 6.94427 1041
1043 0 2425 3276 3331 9.31371 1042
1044 0 2417 3276 3339 6.94427 1043
1045 0 2401 3268 3343 6.94427 1044
1046 0 2385 3268 3355 6.94427 1045
1047 0 2377 3268 3363 6.94427 1046
1048 0 2373 3276 3363 3.65685 1047
1049 0 2369 3280 3367 2 1048
1050 0 2369 3284 3367 2 1049
1051 0 2453 3292 3311 12.4222 1041
1052 0 2465 3296 3323 10 1051
1053 0 2481 3304 3331 14.4924 1052
1054 0 2509 3328 3331 14.4924 1053
1055 0 2529 3352 3339 12.4222 1054
1056 2 2555 3378 3347 22.783 1055
1057 0 2541 3372 3383 9.31371 1056
1058 0 2537 3364 3399 2 1057
1059 0 2533 3360 3403 6 1058
1060 0 2533 3348 3419 6 1059
1061 0 2533 3352 3431 6 1060
1062 0 2589 3400 3343 28.4631 1056
1063 0 2569 3428 3347 6 1062
1064 0 2561 3432 3347 6 1063
1065 0 2553 3436 3347 2 1064
1066 0 2549 3440 3347 3.65685 1065
1067 0 2545 3444 3351 3.65685 1066
1068 0 2537 3452 3355 6.94427 1067
1069 0 2521 3476 3351 9.31371 1068
1070 0 2509 3496 3351 10 1069
1071 0 2509 3516 3351 10 1070
1072 0 2497 3540 3355 9.31371 1071
1073 0 2493 3552 3359 6 1072
1074 0 2493 3560 3363 6 1073
1075 0 2489 3568 3371 9.31371 1074
1076 0 2489 3588 3391 10.6491 1075
1077 0 2493 3604 3415 6 1076
1078 0 2505 3612 3423 6.94427 1077
1079 0 2521 3616 3423 6 1078
1080 0 2525 3620 3427 6 1079
1081 2 2638.15 3409.88 3354.52 16.1212 1062
1082 0 2649 3412 3331 10 1081
1083 0 2641 3420 3323 9.31371 1082
1084 0 2633 3432 3327 12.4222 1083
1085 0 2625 3464 3347 6 1084
1086 0 2629 3472 3355 6.94427 1085
1087 0 2629 3480 3363 3.65685 1086
1088 0 2629 3480 3367 2 1087
1089 0 2629 3484 3371 3.65685 1088
1090 0 2617 3484 3387 9.31371 1089
1091 0 2613 3492 3399 9.31371 1090
1092 2 2617 3492 3413 8.9188 1091
1093 0 2613 3488 3431 6 1092
1094 0 2613 3488 3439 6 1093
1095 0 2605 3480 3459 6 1094
1096 0 2605 3476 3479 6.94427 1095
1097 0 2605 3472 3495 6 1096
1098 0 2609 3472 3511 6.94427 1097
1099 0 2613 3476 3523 9.31371 1098
1100 0 2621 3468 3527 6 1099
1101 0 2625 3452 3523 6 1100
1102 0 2629 3448 3519 6 1101
1103 0 2645 3428 3511 14 1102
1104 0 2645 3408 3515 2 1103
1105 0 2641 3500 3419 6.94427 1092
1106 0 2649 3504 3427 3.65685 1105
1107 0 2653 3508 3431 3.65685 1106
1108 0 2657 3512 3435 2 1107
1109 0 2649 3400 3319 6 1082
1110 0 2649 3396 3311 6.94427 1109
1111 0 2657 3396 3303 6 1110
1112 0 2665 3404 3295 2 1111
1113 0 2669 3404 3379 12.4222 1081
1114 0 2689 3380 3391 10.6491 1113
1115 0 2689 3360 3403 6 1114
1116 0 2681 3336 3403 6 1115
1117 0 2677 3332 3399 2 1116
1118 0 2669 3340 3391 6.94427 1117
1119 0 2653 3356 3391 6.94427 1118
1120 0 2649 3372 3403 6 1119
1121 0 2645 3372 3411 2 1120
1122 0 2645 3372 3415 2 1121
1123 0 2641 3372 3419 2 1122
1124 0 2701 3380 3391 6.94427 1114
1125 0 2713 3380 3391 6.94427 1124
1126 0 2725 3376 3399 12.4222 1125
1127 0 2758.33 3352 3389.67 14.5392 1126
1128 0 2745 3336 3383 6 1127
1129 0 2737 3332 3383 6 1128
1130 0 2717 3328 3371 10 1129
1131 0 2721 3320 3351 6 1130
1132 0 2713 3320 3335 6.94427 1131
1133 0 2705 3312 3327 10 1132
1134 0 2701 3304 3319 9.31371 1133
1135 0 2689 3268 3315 10 1134
1136 0 2681 3248 3315 6 1135
1137 0 2681 3232 3315 6.94427 1136
1138 0 2668.82 3211.45 3306.82 9.81818 1137
1139 0 2665 3200 3303 6 1138
1140 0 2661 3192 3295 6 1139
1141 0 2653 3184 3287 6.94427 1140
1142 0 2653 3172 3287 10 1141
1143 0 2673 3152 3279 14 1142
1144 0 2685 3132 3279 3.65685 1143
1145 0 2685 3128 3283 2 1144
1146 0 2685 3124 3283 2 1145
1147 0 2653 3208 3319 6 1138
1148 0 2665 3192 3335 14 1147
1149 0 2665 3176 3335 10 1148
1150 0 2713 3336 3327 10.6491 1132
1151 0 2705 3360 3311 10 1150
1152 0 2697 3372 3303 10 1151
1153 0 2689 3376 3295 6.94427 1152
1154 2 2817 3364 3367 18 1127
1155 0 2825 3384 3331 12.4222 1154
1156 0 2837 3388 3323 6 1155
1157 0 2857 3360 3371 10.6491 1154
1158 0 2873 3352 3375 18 1157
1159 0 2885 3336 3387 12.4222 1158
1160 0 2921.46 3324 3407.31 13.8462 1159
1161 0 2925 3312 3427 10.6491 1160
1162 0 2925 3320 3439 3.65685 1161
1163 0 2925 3324 3451 6 1162
1164 2 2925.36 3328.36 3464.09 9.43511 1163
1165 0 2929 3332 3475 10.6491 1164
1166 0 2929 3324 3495 6.94427 1165
1167 0 2925 3324 3503 6 1166
1168 0 2925 3332 3515 6 1167
1169 0 2921 3340 3527 6.94427 1168
1170 0 2921 3340 3543 6 1169
1171 0 2921 3344 3551 6 1170
1172 0 2941 3344 3459 6.94427 1164
1173 0 2949 3352 3455 10.6491 1172
1174 0 2957 3352 3447 9.31371 1173
1175 0 2969 3348 3439 2 1174
1176 0 2969 3344 3439 2 1175
1177 0 2933 3324 3415 10 1160
1178 0 2953 3328 3419 9.31371 1177
1179 0 2969 3328 3419 12.4222 1178
1180 0 2997 3328 3419 10 1179
1181 0 3009 3328 3419 6.94427 1180
1182 0 3033 3332 3415 12.4222 1181
1183 0 3065 3340 3391 22 1182
1184 0 3093 3340 3371 28.4631 1183
1185 0 3121 3308 3351 10 1184
1186 0 3151.59 3290.35 3339 13.4715 1185
1187 2 3157.14 3273.95 3356.67 9.92112 1186
1188 0 3149 3256 3371 6.94427 1187
1189 0 3149 3248 3379 9.31371 1188
1190 0 3141 3240 3383 10 1189
1191 0 3145 3224 3403 6 1190
1192 0 3141 3208 3419 6.94427 1191
1193 0 3129 3188 3431 10 1192
1194 0 3113 3164 3443 9.31371 1193
1195 0 3093 3144 3447 6.94427 1194
1196 0 3085 3136 3447 9.31371 1195
1197 0 3069 3120 3439 6 1196
1198 0 3173 3280 3371 9.31371 1187
1199 0 3189 3284 3387 6.94427 1198
1200 0 3189 3284 3403 6 1199
1201 0 3197 3284 3415 12.4222 1200
1202 0 3197 3272 3419 6.94427 1201
1203 0 3193 3264 3423 6 1202
1204 0 3189 3260 3427 2 1203
1205 0 3185 3260 3427 2 1204
1206 0 3161 3288 3339 14.9706 1186
1207 2 3150.81 3281.21 3315.22 11.3006 1206
1208 0 3121 3276 3311 18 1207
1209 0 3105 3260 3307 12.4222 1208
1210 0 3089 3224 3295 18 1209
1211 0 3089 3204 3295 9.31371 1210
1212 0 3089 3196 3303 6.94427 1211
1213 0 3077 3184 3319 9.31371 1212
1214 0 3061 3172 3335 2 1213
1215 0 3057 3172 3335 2 1214
1216 0 3165 3292 3299 6 1207
1217 0 3165 3296 3283 6 1216
1218 0 3177 3300 3267 9.31371 1217
1219 0 3181 3304 3255 6 1218
1220 0 3181 3312 3247 6 1219
1221 0 3181 3312 3239 6 1220
1222 0 3185 3316 3235 6 1221
1223 0 3201 3304 3339 23.2982 1206
1224 0 3245 3300 3323 18 1223
1225 0 3277 3292 3319 10 1224
1226 0 3309 3304 3319 9.31371 1225
1227 0 3325 3316 3315 12.4222 1226
1228 2 3335.21 3351.52 3315 16.7498 1227
1229 0 3349 3344 3331 6 1228
1230 0 3357 3352 3339 6.94427 1229
1231 0 3357 3356 3355 6.94427 1230
1232 0 3345 3356 3367 9.31371 1231
1233 0 3333 3352 3387 6 1232
1234 0 3325 3348 3403 6 1233
1235 0 3321 3336 3415 6 1234
1236 0 3321 3324 3427 6 1235
1237 0 3321 3316 3435 6 1236
1238 0 3317 3304 3435 2 1237
1239 0 3317 3300 3435 2 1238
1240 0 3317 3296 3435 2 1239
1241 2 3339.92 3367.69 3306.23 15.4368 1228
1242 0 3313 3376 3311 6 1241
1243 0 3301 3384 3311 6.94427 1242
1244 0 3278.33 3388 3307 8.6419 1243
1245 0 3261 3392 3311 6 1244
1246 0 3249 3396 3323 6 1245
1247 0 3237 3400 3335 6.94427 1246
1248 0 3229 3400 3335 6.94427 1247
1249 0 3221 3392 3339 2 1248
1250 0 3221 3388 3339 2 1249
1251 0 3273 3368 3315 6.94427 1244
1252 0 3265 3360 3311 6.94427 1251
1253 0 3261 3352 3311 3.65685 1252
1254 0 3257 3348 3307 6 1253
1255 0 3249 3336 3307 2 1254
1256 0 3249 3332 3307 2 1255
1257 0 3357 3388 3291 9.31371 1241
1258 0 3369 3412 3271 14.9706 1257
1259 0 3381 3428 3259 22 1258
1260 0 3469 3444 3251 26 1259
1261 0 3521 3464 3267 18 1260
1262 0 3541 3464 3271 10 1261
1263 2 3554.33 3470.67 3277.67 13.3333 1262
1264 0 3557 3484 3259 6 1263
1265 0 3553 3492 3247 6.94427 1264
1266 0 3553 3492 3239 6 1265
1267 0 3549 3500 3231 6 1266
1268 0 3545 3500 3219 6 1267
1269 0 3541 3504 3211 3.65685 1268
1270 0 3541 3508 3203 6 1269
1271 0 3541 3512 3191 6 1270
1272 0 3537 3520 3183 6 1271
1273 0 3537 3524 3175 6.94427 1272
1274 0 3537 3520 3167 6 1273
1275 0 3521 3512 3151 6 1274
1276 0 3517 3508 3147 6 1275
1277 0 3593 3472 3287 14 1263
1278 0 3605 3500 3303 9.31371 1277
1279 0 3617 3516 3315 10 1278
1280 2 3624.22 3527.22 3329.45 7.4035 1279
1281 0 3625 3544 3347 10.6491 1280
1282 0 3641 3576 3347 14.9706 1281
1283 0 3657 3604 3347 18 1282
1284 0 3665 3632 3347 26 1283
1285 0 3649 3676 3327 10.6491 1284
1286 0 3641 3684 3319 6.94427 1285
1287 0 3637 3700 3299 9.31371 1286
1288 0 3629 3720 3283 9.31371 1287
1289 0 3617 3740 3267 6 1288
1290 2 3613.22 3747.56 3259.44 9.12961 1289
1291 0 3591 3768 3243 10 1290
1292 0 3581 3768 3243 10 1291
1293 0 3557 3752 3235 10 1292
1294 0 3537 3760 3219 10.6491 1293
1295 0 3529 3772 3211 9.31371 1294
1296 0 3513 3784 3207 12.4222 1295
1297 0 3505 3796 3203 9.31371 1296
1298 0 3545 3748 3251 6 1293
1299 0 3537 3744 3251 6.94427 1298
1300 0 3533 3736 3255 6 1299
1301 0 3529 3732 3263 2 1300
1302 0 3525 3732 3267 2 1301
1303 0 3577 3788 3247 6.94427 1292
1304 0 3565 3804 3247 6 1303
1305 0 3557 3820 3247 9.31371 1304
1306 0 3553 3828 3251 9.31371 1305
1307 0 3541 3832 3255 6 1306
1308 0 3585 3776 3223 10 1291
1309 0 3581 3788 3203 10 1308
1310 0 3577 3804 3191 10 1309
1311 0 3577 3816 3187 10 1310
1312 0 3577 3828 3183 6 1311
1313 0 3577 3840 3179 6 1312
1314 0 3577 3848 3171 3.65685 1313
1315 0 3577 3852 3167 2 1314
1316 0 3613 3760 3279 6 1290
1317 0 3617 3764 3287 6.94427 1316
1318 0 3617 3764 3299 6.94427 1317
1319 0 3625 3760 3307 6.94427 1318
1320 0 3625 3760 3315 6 1319
1321 0 3653 3612 3371 18 1283
1322 0 3637 3612 3387 6 1321
1323 0 3637 3612 3403 6 1322
1324 0 3633 3616 3411 9.31371 1323
1325 0 3633 3616 3423 6 1324
1326 0 3637 3624 3431 9.31371 1325
1327 0 3649 3628 3443 9.31371 1326
1328 0 3645 3616 3459 6 1327
1329 0 3637 3608 3475 6 1328
1330 0 3633 3600 3483 3.65685 1329
1331 0 3625 3596 3491 6.94427 1330
1332 0 3625 3592 3499 6 1331
1333 0 3629 3596 3507 6 1332
1334 0 3621 3628 3447 10 1326
1335 0 3617 3640 3451 6 1334
1336 0 3625 3552 3367 9.31371 1281
1337 0 3641 3568 3383 6.94427 1336
1338 0 3661 3572 3399 10.6491 1337
1339 0 3677 3572 3419 6 1338
1340 0 3681 3568 3423 6 1339
1341 0 3685 3568 3435 6.94427 1340
1342 0 3681 3560 3451 6.94427 1341
1343 0 3681 3552 3459 6.94427 1342
1344 0 3609 3512 3347 6.94427 1280
1345 0 3609 3496 3367 6.94427 1344
1346 0 3613 3480 3375 9.31371 1345
1347 0 3625 3464 3387 6.94427 1346
1348 0 3629 3452 3399 6 1347
1349 0 3633 3436 3415 6.94427 1348
1350 0 3633 3420 3419 6 1349
1351 0 3633 3416 3427 3.65685 1350
1352 0 3637 3412 3431 6 1351
1353 0 3637 3404 3451 3.65685 1352
1354 0 3641 3412 3459 10 1353
1355 0 3649 3412 3467 3.65685 1354
1356 0 3653 3412 3475 6 1355
1357 0 3661 3412 3491 6.94427 1356
1358 0 3669 3412 3499 6 1357
1359 0 3609 3468 3283 14.9706 1277
1360 0 3621 3456 3275 9.31371 1359
1361 0 3633 3440 3271 9.31371 1360
1362 0 3654.33 3428 3263 11.2663 1361
1363 0 3657 3424 3243 6 1362
1364 0 3657 3424 3231 6 1363
1365 0 3657 3424 3223 6 1364
1366 0 3657 3428 3211 9.31371 1365
1367 0 3665 3436 3203 6 1366
1368 0 3669 3436 3195 3.65685 1367
1369 0 3673 3440 3191 6 1368
1370 0 3673 3440 3183 6 1369
1371 0 3677 3440 3171 10 1370
1372 0 3665 3436 3147 6.94427 1371
1373 0 3657 3440 3139 6 1372
1374 0 3669 3420 3259 6.94427 1362
1375 0 3685 3416 3259 6 1374
1376 0 3693 3416 3259 6 1375
1377 0 3705 3412 3263 12.4222 1376
1378 0 3725 3432 3251 9.31371 1377
1379 0 3733 3440 3247 6.94427 1378
1380 0 3753 3456 3231 12.4222 1379
1381 0 3769 3452 3211 9.31371 1380
1382 0 3777 3460 3207 6.94427 1381
1383 0 3721 3396 3275 12.4222 1377
1384 0 3733 3392 3275 9.31371 1383
1385 0 3753 3376 3279 10.6491 1384
1386 0 3773 3368 3291 10 1385
1387 0 3805 3368 3303 14 1386
1388 0 3833 3368 3319 9.31371 1387
1389 0 3841 3364 3323 6.94427 1388
1390 0 3862.14 3363.71 3339.57 13.6653 1389
1391 0 3861 3388 3343 6.94427 1390
1392 0 3861 3400 3343 6 1391
1393 0 3853 3412 3347 6 1392
1394 0 3877 3360 3347 9.31371 1390
1395 0 3901 3352 3351 12.4222 1394
1396 0 3909 3320 3371 12.4222 1395
1397 0 3921 3308 3375 3.65685 1396
1398 0 3925 3304 3379 2 1397
1399 0 3917 3352 3351 10.6491 1395
1400 0 3941 3352 3355 14 1399
1401 0 3973 3344 3359 10.6491 1400
1402 0 4009 3340 3359 6.94427 1401
1403 0 4053 3324 3367 26 1402
1404 2 4099.52 3331.7 3359.3 10.3328 1403
1405 0 4109 3308 3367 6.94427 1404
1406 0 4117 3300 3371 10 1405
1407 0 4113 3272 3387 6.94427 1406
1408 0 4145 3344 3355 9.31371 1404
1409 0 4173 3368 3355 18 1408
1410 0 4197 3388 3363 29.241 1409
1411 0 4225 3360 3367 12.4222 1410
1412 0 4237 3336 3379 10 1411
1413 0 4245 3316 3387 10.6491 1412
1414 0 4249 3296 3399 6.94427 1413
1415 0 4249 3288 3399 6 1414
1416 0 4249 3280 3403 2 1415
1417 0 4245 3276 3407 3.65685 1416
1418 0 4241 3272 3411 2 1417
1419 0 4233 3416 3383 10 1410
1420 0 4245 3424 3387 6.94427 1419
1421 0 4265 3452 3399 10.6491 1420
1422 0 4277 3464 3403 14.9706 1421
1423 0 4281 3480 3399 9.31371 1422
1424 0 4297 3504 3395 10.6491 1423
1425 2 4307.07 3522.43 3392.57 13.4611 1424
1426 0 4305 3548 3403 6.94427 1425
1427 0 4297 3560 3415 6 1426
1428 0 4281 3572 3419 6.94427 1427
1429 0 4273 3572 3415 2 1428
1430 0 4269 3572 3415 2 1429
1431 0 4333 3532 3383 10.6491 1425
1432 0 4357 3544 3383 9.31371 1431
1433 0 4381 3560 3383 9.31371 1432
1434 0 4401 3576 3399 6.94427 1433
1435 0 4417 3580 3399 10 1434
1436 0 4437 3560 3411 10.6491 1435
1437 0 4457 3552 3411 14 1436
1438 0 4473 3544 3411 9.31371 1437
1439 0 4489 3536 3411 10 1438
1440 0 4505 3528 3411 6.94427 1439
1441 0 4513 3524 3411 6 1440
1442 0 4529 3524 3411 9.31371 1441
1443 0 4553 3524 3403 14 1442
1444 0 4565 3516 3411 12.4222 1443
1445 0 4581 3516 3411 6 1444
1446 0 4589 3508 3415 6.94427 1445
1447 0 4601 3508 3427 6.94427 1446
1448 0 4629 3524 3447 26.2843 1447
1449 2 4625.66 3518.44 3463.68 26.2843 1448
1450 0 4605 3492 3531 28.4631 1449
1451 0 4577 3512 3571 9.31371 1450
1452 0 4561 3504 3591 6.94427 1451
1453 0 4557 3504 3607 6.94427 1452
1454 0 4545 3500 3619 6.94427 1453
1455 0 4541 3500 3627 6 1454
1456 0 4549 3496 3647 6 1455
1457 0 4553 3492 3659 6 1456
1458 0 4553 3484 3667 6 1457
1459 0 4557 3484 3675 2 1458
1460 0 4561 3484 3679 3.65685 1459
1461 0 4565 3484 3683 3.65685 1460
1462 0 4569 3480 3687 2 1461
1463 0 4649 3480 3551 9.31371 1450
1464 0 4669 3476 3551 3.65685 1463
1465 0 4677 3472 3551 6.94427 1464
1466 0 4685 3464 3543 6.94427 1465
1467 0 4677 3464 3535 3.65685 1466
1468 0 4677 3464 3531 3.65685 1467
1469 0 4673 3464 3527 2 1468
1470 0 4657 3536 3483 20.6274 1449
1471 0 4673 3552 3483 9.31371 1470
1472 0 4673 3532 3431 10.6491 1448
1473 0 4689 3524 3415 6.94427 1472
1474 0 4697 3520 3407 10 1473
1475 0 4693 3544 3395 9.31371 1474
1476 0 4681 3568 3387 6.94427 1475
1477 0 4673 3596 3375 10 1476
1478 0 4660.76 3624.35 3370.76 14.4315 1477
1479 0 4633 3644 3347 9.31371 1478
1480 0 4614.33 3652 3328.33 10.6953 1479
1481 0 4601 3656 3303 6.94427 1480
1482 0 4593 3660 3295 6 1481
1483 0 4589 3668 3287 9.31371 1482
1484 0 4581 3676 3279 6 1483
1485 0 4573 3684 3271 6.94427 1484
1486 0 4561 3692 3259 6.94427 1485
1487 0 4553 3700 3251 10 1486
1488 0 4549 3700 3239 9.31371 1487
1489 0 4533 3716 3231 9.31371 1488
1490 0 4525 3724 3223 9.31371 1489
1491 0 4517 3728 3215 3.65685 1490
1492 0 4513 3732 3211 2 1491
1493 0 4601 3636 3327 6.94427 1480
1494 0 4593 3620 3319 6.94427 1493
1495 0 4589 3616 3311 6.94427 1494
1496 0 4657 3628 3391 3.65685 1478
1497 0 4645 3640 3407 12.4222 1496
1498 0 4633 3644 3411 10.6491 1497
1499 0 4621 3640 3411 6.94427 1498
1500 0 4609 3640 3411 6.94427 1499
1501 0 4593 3636 3427 6.94427 1500
1502 0 4577 3644 3443 6 1501
1503 0 4573 3648 3447 2 1502
1504 0 4569 3648 3447 2 1503
1505 0 4645 3660 3427 6.94427 1498
1506 0 4645 3672 3439 6.94427 1505
1507 0 4649 3680 3439 6 1506
1508 0 4709 3500 3403 10.6491 1474
1509 0 4717 3480 3403 6 1508
1510 0 4725 3468 3403 6 1509
1511 0 4729 3456 3399 6.94427 1510
1512 0 4745 3436 3399 10.6491 1511
1513 0 4773 3408 3395 12.4222 1512
1514 0 4785 3400 3395 9.31371 1513
1515 0 4797 3388 3391 14 1514
1516 0 4825 3364 3399 14.4924 1515
1517 0 4853 3348 3403 9.31371 1516
1518 0 4861 3340 3403 9.31371 1517
1519 0 4877 3328 3403 14.4924 1518
1520 0 4901 3352 3399 9.31371 1519
1521 0 4925 3360 3403 10 1520
1522 0 4949 3372 3399 12.4222 1521
1523 0 4969 3388 3399 12.4222 1522
1524 0 4997 3396 3403 26.2843 1523
1525 2 5027.53 3403.16 3421.53 29.6678 1524
1526 0 5057 3436 3423 21.3238 1525
1527 0 5069 3380 3463 22 1525
1528 0 5081 3340 3487 14 1527
1529 0 5081 3324 3487 6.94427 1528
1530 0 5077 3308 3499 6 1529
1531 0 5077 3292 3499 6 1530
1532 0 5077 3276 3499 6 1531
1533 0 5077 3268 3499 6.94427 1532
1534 0 5061 3256 3499 6 1533
1535 0 5053 3256 3499 6 1534
1536 0 5045 3256 3499 2 1535
1537 0 5041 3256 3499 2 1536
