# Generated by NeuTu (https://github.com/janelia-flyem/NeuTu)
1 0 3809 2409 1360 14 -1
2 0 3793 2361 1376 22.3311 1
3 2 3841.72 2318.2 1373.04 31.92 2
4 2 3869.64 2310.42 1330.73 53.4824 3
5 2 3876.29 2319.84 1301.87 69.4445 4
6 0 3841 2401 1256 108.635 5
7 2 3831.26 2406.28 1256.81 101.873 6
8 2 3825.62 2409.33 1257.28 97.9588 7
9 2 3795.5 2425.65 1259.79 77.0521 8
10 2 3786.27 2430.64 1260.56 70.6466 9
11 2 3751.41 2449.53 1263.47 46.4482 10
12 0 3697 2481 1264 6.94427 11
13 0 3681 2489 1264 6.94427 12
14 0 3673 2493 1264 6 13
15 0 3653 2509 1264 10.6491 14
16 0 3641 2521 1260 14.4924 15
17 0 3609 2509 1272 10 16
18 0 3585 2501 1280 10 17
19 0 3565 2501 1288 10 18
20 0 3537 2505 1308 14 19
21 0 3509 2493 1328 9.31371 20
22 0 3485 2477 1352 14 21
23 0 3461 2453 1380 12.4222 22
24 0 3437 2425 1404 12.4222 23
25 0 3421 2409 1416 9.31371 24
26 0 3413 2401 1424 12.4222 25
27 0 3409 2389 1432 10 26
28 0 3401 2373 1440 12.4222 27
29 0 3393 2361 1452 9.31371 28
30 0 3365 2333 1480 12.4222 29
31 0 3345 2309 1500 12.4222 30
32 0 3333 2297 1524 12.4222 31
33 0 3317 2277 1544 10.6491 32
34 0 3313 2269 1556 9.31371 33
35 0 3297 2257 1580 14.9706 34
36 0 3289 2233 1616 12.4222 35
37 0 3289 2209 1636 9.31371 36
38 0 3289 2193 1652 10.6491 37
39 0 3293 2177 1676 10 38
40 0 3297 2165 1700 10.6491 39
41 0 3305 2153 1720 10 40
42 0 3313 2141 1748 14 41
43 0 3329 2133 1780 9.31371 42
44 0 3333 2129 1808 12.4222 43
45 0 3345 2121 1832 12.4222 44
46 0 3357 2113 1852 10 45
47 0 3357 2113 1884 9.31371 46
48 0 3361 2113 1908 9.31371 47
49 0 3361 2109 1936 6.94427 48
50 0 3361 2109 1952 6.94427 49
51 0 3365 2101 1972 9.31371 50
52 0 3365 2101 1996 6 51
53 0 3365 2101 2012 6 52
54 0 3365 2097 2032 9.31371 53
55 0 3365 2097 2044 6.94427 54
56 0 3361 2089 2076 9.31371 55
57 0 3357 2089 2096 10 56
58 0 3361 2085 2108 6.94427 57
59 0 3361 2085 2120 9.31371 58
60 0 3361 2085 2140 6.94427 59
61 0 3361 2085 2156 6.94427 60
62 0 3361 2085 2172 6.94427 61
63 0 3357 2089 2188 6.94427 62
64 0 3353 2089 2220 9.31371 63
65 0 3349 2089 2252 9.31371 64
66 0 3353 2085 2260 6 65
67 0 3353 2085 2276 6 66
68 0 3353 2085 2292 6.94427 67
69 0 3357 2081 2308 9.31371 68
70 0 3357 2073 2332 9.31371 69
71 0 3357 2065 2352 9.31371 70
72 0 3357 2057 2372 10 71
73 0 3357 2049 2392 10 72
74 0 3361 2037 2420 6.94427 73
75 0 3365 2033 2440 9.31371 74
76 0 3365 2033 2464 10 75
77 0 3377 2033 2496 10 76
78 0 3381 2037 2524 6.94427 77
79 0 3381 2037 2544 9.31371 78
80 0 3389 2041 2564 9.31371 79
81 0 3393 2037 2592 9.31371 80
82 0 3397 2033 2616 9.31371 81
83 0 3401 2025 2640 10 82
84 0 3405 2021 2664 10 83
85 0 3409 2013 2688 10 84
86 0 3417 2013 2712 10.6491 85
87 0 3421 2021 2736 6.94427 86
88 0 3421 2021 2748 6 87
89 0 3421 2029 2756 6 88
90 0 3417 2037 2764 9.31371 89
91 0 3425 2041 2788 10.6491 90
92 0 3433 2053 2812 12.4222 91
93 0 3437 2081 2836 9.31371 92
94 0 3437 2097 2848 10 93
95 0 3437 2109 2856 12.4222 94
96 0 3449 2121 2856 14.4924 95
97 0 3465 2145 2872 9.31371 96
98 0 3465 2157 2880 6 97
99 0 3465 2165 2884 6.94427 98
100 2 3470.33 2191.67 2897.33 17.2962 99
101 2 3483.09 2207.09 2906.73 13.3096 100
102 0 3505 2217 2924 12.4222 101
103 0 3521 2241 2936 10 102
104 0 3541 2261 2948 6.94427 103
105 0 3549 2269 2952 6.94427 104
106 0 3565 2269 2968 10 105
107 0 3584.1 2261 2985.24 14 106
108 0 3601 2261 2992 14 107
109 0 3633 2265 2992 6.94427 108
110 0 3641 2269 2996 6.94427 109
111 0 3653 2273 3004 12.4222 110
112 0 3673 2281 3012 14 111
113 0 3697 2301 3016 9.31371 112
114 0 3713 2317 3016 9.31371 113
115 0 3737 2333 3016 12.4222 114
116 0 3753 2345 3020 18 115
117 0 3769 2369 3020 9.31371 116
118 0 3789 2385 3008 6.94427 117
119 0 3809 2397 3008 9.31371 118
120 0 3837 2405 3004 14.4924 119
121 0 3857 2401 3004 18.3961 120
122 0 3897 2393 3016 10 121
123 0 3921 2393 3028 9.31371 122
124 0 3933 2389 3036 6.94427 123
125 0 3949 2385 3052 9.31371 124
126 0 3977 2373 3068 12.4222 125
127 0 4005 2357 3084 12.4222 126
128 0 4029 2341 3092 12.4222 127
129 0 4053 2321 3104 14.9706 128
130 0 4081 2301 3120 14 129
131 0 4097 2293 3124 12.4222 130
132 0 4105 2281 3136 9.31371 131
133 0 4117 2269 3144 14 132
134 0 4145 2257 3148 14.4924 133
135 0 4157 2253 3156 14 134
136 0 4195.46 2228.69 3164 10.7484 135
137 0 4229 2221 3164 12.4222 136
138 0 4253 2213 3168 10 137
139 0 4293 2213 3172 24.8328 138
140 0 4345 2209 3172 15.8885 139
141 0 4377 2189 3168 12.4222 140
142 2 4397.57 2175.29 3157.14 13.0137 141
143 0 4413 2161 3152 10.6491 142
144 0 4437 2137 3132 14 143
145 0 4449 2125 3124 18 144
146 0 4477 2117 3096 12.4222 145
147 0 4497 2101 3096 10.6491 146
148 0 4505 2093 3100 10.6491 147
149 0 4513 2085 3104 6.94427 148
150 0 4521 2077 3104 6.94427 149
151 0 4545 2057 3112 19.5407 150
152 0 4569 2029 3112 32.176 151
153 2 4594.52 2028.62 3137.9 22.2624 152
154 0 4609 2021 3168 10 153
155 0 4621 2009 3192 12.4222 154
156 0 4637 1993 3208 10.6491 155
157 0 4661 1973 3212 12.4222 156
158 0 4723.53 1922.47 3240.84 28.3634 157
159 0 4749 1893 3248 12.4222 158
160 2 4774.71 1883.17 3246.06 9.66666 159
161 0 4785 1877 3244 9.31371 160
162 0 4811.59 1863.7 3230.93 23.2963 161
163 2 4816.26 1861.37 3214.59 25.6296 162
164 0 4837 1837 3176 6 163
165 0 4845 1829 3168 6 164
166 0 4865 1809 3144 18.3961 165
167 2 4865 1806.66 3122.93 18.1642 166
168 2 4865 1805.71 3114.37 18.07 167
169 0 4873 1789 3080 20.6274 168
170 0 4893.8 1758.6 3080 13.2 169
171 0 4933 1737 3080 6 170
172 0 4941 1733 3076 2 171
173 0 4945 1733 3076 2 172
174 0 4873 1753 3088 10 170
175 0 4869 1753 3104 6 174
176 0 4873 1749 3108 6 175
177 0 4873 1749 3116 6 176
178 0 4881 1749 3124 6 177
179 0 4877 1813 3060 9.31371 169
180 0 4877 1813 3048 6 179
181 0 4877 1813 3040 6 180
182 0 4849 1829 3132 10 168
183 0 4829 1845 3144 10 182
184 0 4825 1849 3156 6.94427 183
185 0 4821 1857 3160 6 184
186 0 4841 1789 3120 6.94427 168
187 0 4833 1777 3120 12.4222 186
188 0 4829 1765 3116 9.31371 187
189 0 4869 1777 3140 14.4924 167
190 0 4877 1761 3140 9.31371 189
191 0 4845 1849 3236 6.94427 163
192 0 4857 1841 3236 6 191
193 0 4857 1825 3240 6.94427 192
194 0 4861 1805 3240 6 193
195 0 4861 1797 3240 6 194
196 0 4861 1785 3244 2 195
197 0 4861 1781 3244 2 196
198 0 4861 1777 3244 3.65685 197
199 0 4861 1773 3244 3.65685 198
200 0 4865 1769 3248 2 199
201 0 4865 1765 3248 2 200
202 0 4865 1761 3248 2 201
203 0 4841 1885 3232 12.4222 162
204 0 4845 1897 3232 6.94427 203
205 0 4849 1913 3232 6 204
206 0 4853 1917 3228 6 205
207 0 4853 1925 3228 6 206
208 0 4853 1941 3216 9.31371 207
209 0 4857 1961 3196 9.31371 208
210 0 4861 1973 3196 6 209
211 0 4861 1981 3196 6 210
212 0 4865 1989 3188 2 211
213 0 4865 1989 3184 2 212
214 0 4865 1993 3180 2 213
215 0 4765 1877 3268 6.94427 160
216 0 4757 1877 3276 9.31371 215
217 0 4753 1877 3288 6 216
218 0 4749 1873 3296 6.94427 217
219 0 4749 1873 3308 6 218
220 0 4757 1877 3316 6 219
221 0 4749 1869 3324 6 220
222 0 4733 1865 3340 6 221
223 0 4729 1861 3344 3.65685 222
224 0 4721 1857 3352 6.94427 223
225 0 4713 1849 3368 6 224
226 0 4709 1845 3372 6 225
227 0 4709 1845 3380 6 226
228 0 4705 1841 3388 9.31371 227
229 0 4701 1829 3400 2 228
230 0 4733 1869 3308 6.94427 219
231 0 4713 1865 3304 6.94427 230
232 0 4705 1861 3300 9.31371 231
233 0 4693 1857 3292 6 232
234 0 4681 1857 3284 6.94427 233
235 0 4661 1869 3284 6.94427 234
236 0 4657 1877 3276 6.94427 235
237 0 4737 1877 3248 3.65685 159
238 0 4729 1869 3248 3.65685 237
239 0 4721 1861 3248 3.65685 238
240 0 4713 1853 3248 3.65685 239
241 0 4709 1849 3248 3.65685 240
242 0 4705 1841 3248 6 241
243 0 4701 1837 3244 6 242
244 0 4697 1833 3240 3.65685 243
245 0 4689 1825 3232 3.65685 244
246 0 4685 1821 3228 3.65685 245
247 0 4681 1813 3220 6.94427 246
248 0 4677 1797 3212 6 247
249 0 4677 1793 3204 3.65685 248
250 0 4677 1789 3196 6 249
251 0 4685 1781 3188 6.94427 250
252 0 4693 1785 3176 6.94427 251
253 0 4697 1793 3168 6 252
254 0 4709 1797 3152 6 253
255 0 4725 1797 3140 6 254
256 0 4737 1801 3132 6 255
257 0 4745 1805 3124 6 256
258 0 4753 1805 3124 6 257
259 0 4753 1945 3268 6 158
260 0 4753 1961 3280 6 259
261 0 4749 1969 3280 3.65685 260
262 0 4745 1973 3276 2 261
263 0 4569 2053 3148 21.3238 153
264 0 4549 2081 3140 10 263
265 0 4557 1969 3096 10 152
266 0 4561 1925 3088 14.4924 265
267 0 4561 1909 3092 10.6491 266
268 0 4549 1897 3100 12.4222 267
269 0 4549 1885 3104 10 268
270 0 4557 1877 3108 3.65685 269
271 0 4557 1873 3108 2 270
272 0 4433 2097 3124 12.4222 145
273 0 4405 2089 3124 6.94427 272
274 0 4389 2081 3136 6 273
275 0 4385 2073 3136 3.65685 274
276 0 4377 2069 3136 6.94427 275
277 0 4369 2061 3132 2 276
278 0 4369 2057 3132 2 277
279 0 4369 2053 3136 2 278
280 0 4405 2193 3152 6.94427 142
281 0 4421 2205 3156 12.4222 280
282 0 4433 2201 3156 6.94427 281
283 0 4441 2201 3160 6 282
284 0 4449 2201 3168 2 283
285 0 4449 2201 3172 2 284
286 0 4449 2201 3176 2 285
287 0 4445 2205 3180 3.65685 286
288 0 4441 2201 3184 6 287
289 0 4433 2193 3184 6.94427 288
290 0 4445 2185 3192 2 289
291 0 4445 2189 3192 2 290
292 0 4445 2193 3196 2 291
293 0 4441 2201 3196 6 292
294 0 4437 2209 3200 2 293
295 0 4429 2217 3204 9.31371 294
296 0 4417 2229 3220 6 295
297 0 4413 2225 3224 3.65685 296
298 0 4405 2217 3224 3.65685 297
299 0 4401 2213 3224 2 298
300 0 4425 2221 3184 2 295
301 0 4421 2225 3180 2 300
302 0 4417 2225 3184 2 301
303 0 4193 2233 3180 6 136
304 0 4189 2237 3192 6 303
305 0 4197 2241 3196 9.31371 304
306 0 4213 2253 3192 3.65685 305
307 0 4217 2249 3192 2 306
308 0 4137 2245 3172 3.65685 135
309 0 4137 2245 3180 6 308
310 0 4149 2245 3196 6 309
311 0 3857 2405 2984 6.94427 121
312 0 3869 2413 2964 6 311
313 0 3869 2413 2956 6 312
314 0 3873 2417 2952 3.65685 313
315 0 3873 2417 2948 3.65685 314
316 0 3881 2417 2940 6 315
317 0 3881 2417 2932 6 316
318 0 3885 2417 2924 3.65685 317
319 0 3889 2413 2920 3.65685 318
320 0 3889 2413 2912 3.65685 319
321 0 3889 2413 2908 2 320
322 0 3889 2413 2904 3.65685 321
323 0 3889 2413 2900 3.65685 322
324 0 3889 2413 2892 6.94427 323
325 0 3897 2413 2876 6 324
326 0 3577 2245 2996 6 107
327 0 3573 2241 3000 6 326
328 0 3573 2233 3004 3.65685 327
329 0 3573 2229 3008 3.65685 328
330 0 3575.85 2209.56 3023.44 8.51518 329
331 0 3573 2201 3032 12.4222 330
332 0 3561 2189 3024 6 331
333 0 3557 2177 3012 6 332
334 0 3557 2169 3012 3.65685 333
335 0 3561 2165 3012 2 334
336 0 3593 2189 3020 9.31371 330
337 0 3593 2177 3020 10 336
338 0 3585 2165 3020 2 337
339 0 3585 2161 3020 2 338
340 0 3473 2233 2896 10 101
341 0 3469 2245 2896 6 340
342 0 3441 2193 2892 14 100
343 0 3421 2209 2900 6.94427 342
344 0 3401 2213 2912 6 343
345 0 3385 2209 2920 6 344
346 0 3373 2205 2932 6 345
347 0 3361 2201 2952 6 346
348 0 3357 2197 2956 6 347
349 0 3357 2197 2964 6 348
350 0 3645 2549 1240 10.6491 16
351 0 3653 2561 1236 6.94427 350
352 0 3669 2581 1220 9.31371 351
353 0 3677 2589 1212 10.6491 352
354 0 3685 2593 1200 6.94427 353
355 0 3741 2397 1296 30.249 11
356 0 3757 2365 1348 18 355
357 0 3769 2349 1348 12.4222 356
358 0 3765 2417 1136 48.5964 10
359 0 3765 2473 1136 14.4924 358
360 0 3749 2301 1204 23.2982 9
361 0 3757 2281 1220 14 360
362 0 3781 2277 1248 14.9706 8
363 0 3777 2261 1244 10.6491 362
364 0 3949 2413 1272 78.895 7
365 0 4029 2417 1284 10 364
366 0 3969 2425 1220 55.6888 6
367 0 4025 2417 1232 6 366
368 0 4029 2425 1240 2 367
369 0 4029 2429 1240 2 368
370 0 3849 2249 1276 26.8444 5
371 0 3825 2233 1276 22.3311 370
372 0 3805 2233 1260 14.4924 371
373 0 3793 2241 1252 14.4924 372
374 0 3805 2309 1352 21.3238 4
375 0 3789 2321 1344 14 374
376 0 3781 2321 1332 6 375
377 0 3861 2373 1376 21.3238 3
378 0 3849 2393 1376 12.4222 377
