# Generated by NeuTu (https://github.com/janelia-flyem/NeuTu)
1 0 4478 2497 2288 6 -1
2 0 4482 2501 2284 6 1
3 0 4490 2501 2276 3.65685 2
4 0 4498 2501 2276 6 3
5 0 4514 2513 2272 6.94427 4
6 0 4522 2521 2272 6 5
7 0 4530 2525 2280 3.65685 6
8 0 4534 2525 2280 3.65685 7
9 0 4538 2529 2284 6 8
10 0 4542 2533 2288 3.65685 9
11 0 4554 2541 2292 14 10
12 0 4566 2533 2284 6 11
13 0 4574 2533 2276 6 12
14 0 4578 2533 2264 3.65685 13
15 0 4578 2537 2260 2 14
16 0 4578 2537 2256 2 15
17 0 4582 2541 2252 6 16
18 0 4582 2545 2244 6.94427 17
19 0 4590 2549 2236 3.65685 18
20 0 4598 2557 2232 9.31371 19
21 0 4614 2569 2224 6 20
22 0 4622 2573 2224 3.65685 21
23 0 4630 2581 2220 6.94427 22
24 0 4638 2585 2216 6 23
25 0 4546 2549 2312 9.31371 11
26 0 4542 2545 2328 6 25
27 0 4542 2545 2336 6 26
