# Generated by NeuTu (https://github.com/janelia-flyem/NeuTu)
1 0 3164 2277 1774 6.94427 -1
2 0 3156 2285 1754 6 1
3 0 3160 2289 1742 10 2
4 0 3176 2293 1742 14 3
5 0 3200 2281 1754 10 4
6 0 3208 2285 1762 6.94427 5
7 0 3212 2297 1766 6 6
8 0 3216 2313 1766 6 7
9 0 3220 2329 1766 6 8
10 0 3228 2349 1766 6.94427 9
11 0 3236 2361 1774 9.31371 10
12 0 3244 2377 1778 10 11
13 0 3252 2389 1774 6.94427 12
14 0 3260 2401 1770 6.94427 13
15 0 3268 2409 1766 6 14
16 0 3288 2429 1766 12.4222 15
17 0 3284 2461 1766 6.94427 16
18 0 3272 2477 1758 6.94427 17
19 0 3268 2485 1754 6 18
