# Generated by NeuTu (https://github.com/janelia-flyem/NeuTu)
1 0 4406 3046 2382 2 -1
2 0 4410 3050 2382 3.65685 1
3 0 4418 3050 2378 6 2
4 0 4422 3054 2374 3.65685 3
5 0 4426 3054 2374 3.65685 4
6 0 4430 3058 2370 6 5
7 0 4442 3062 2362 6 6
8 0 4450 3066 2362 6 7
9 0 4462 3062 2362 6 8
10 2 4474.89 3062.44 2357.11 9.05044 9
11 0 4486 3070 2342 3.65685 10
12 0 4490 3074 2338 6 11
13 0 4494 3082 2330 6 12
14 0 4498 3098 2326 6 13
15 0 4490 3110 2314 6 14
16 0 4486 3122 2300 9.31371 15
17 0 4486 3122 2290 9.31371 16
18 0 4490 3118 2282 3.65685 17
19 0 4498 3118 2274 6 18
20 0 4502 3114 2262 6 19
21 0 4506 3114 2250 6 20
22 0 4506 3118 2242 6 21
23 0 4482 3138 2302 6 16
24 0 4474 3150 2310 6 23
25 0 4474 3158 2310 6.94427 24
26 0 4482 3162 2314 6 25
27 0 4498 3078 2346 6 12
28 0 4502 3082 2350 3.65685 27
29 0 4502 3082 2358 3.65685 28
30 0 4510 3090 2366 3.65685 29
31 0 4510 3094 2370 3.65685 30
32 0 4514 3098 2370 2 31
33 0 4494 3058 2382 6 10
34 0 4494 3058 2394 9.31371 33
35 0 4510 3058 2410 6 34
36 0 4514 3058 2418 6 35
