# Generated by NeuTu (https://github.com/janelia-flyem/NeuTu)
1 0 4362 3601 2183 6 -1
2 0 4362 3597 2171 9.31371 1
3 0 4354 3597 2163 3.65685 2
4 0 4350 3593 2159 3.65685 3
5 0 4342 3577 2147 10 4
6 0 4330 3565 2135 14 5
7 0 4318 3557 2127 6.94427 6
8 0 4310 3553 2123 6 7
9 0 4294 3553 2135 6 8
10 0 4290 3549 2139 6 9
11 0 4286 3553 2143 6 10
12 0 4286 3553 2159 6.94427 11
13 0 4286 3553 2175 6 12
14 0 4286 3553 2195 6 13
15 0 4286 3557 2207 3.65685 14
16 0 4294 3557 2215 6 15
17 0 4310 3557 2235 2 16
18 0 4310 3557 2239 2 17
19 0 4306 3565 2247 6 18
20 0 4302 3549 2099 6.94427 8
21 0 4298 3545 2091 6 20
22 0 4298 3545 2083 3.65685 21
23 0 4294 3545 2079 2 22
24 0 4294 3545 2075 2 23
