# Generated by NeuTu (https://github.com/janelia-flyem/NeuTu)
1 0 4302 3514 2249 2 -1
2 0 4302 3518 2253 3.65685 1
3 0 4306 3522 2257 6 2
4 0 4322 3534 2261 6 3
5 0 4342 3534 2269 12.4222 4
6 0 4362 3526 2273 21.3238 5
7 0 4386 3530 2277 6.94427 6
8 0 4402 3534 2277 3.65685 7
9 0 4410 3538 2277 6 8
10 0 4422 3546 2277 6.94427 9
11 0 4438 3562 2273 6 10
12 0 4442 3566 2269 6 11
13 0 4446 3570 2265 3.65685 12
14 0 4450 3574 2261 6 13
15 0 4458 3586 2253 6 14
16 0 4462 3598 2253 6 15
17 0 4470 3610 2253 2 16
18 0 4470 3618 2253 6 17
19 0 4474 3622 2249 3.65685 18
20 0 4478 3626 2245 3.65685 19
21 0 4486 3634 2245 3.65685 20
22 0 4490 3634 2237 3.65685 21
23 0 4494 3638 2233 3.65685 22
24 0 4494 3642 2225 3.65685 23
25 0 4498 3646 2221 3.65685 24
26 0 4502 3654 2213 6 25
27 0 4510 3662 2205 6 26
28 0 4514 3678 2205 6 27
29 0 4514 3686 2213 6 28
