# Generated by NeuTu (https://github.com/janelia-flyem/NeuTu)
1 0 4223 4111 2170 2 -1
2 0 4219 4107 2170 3.65685 1
3 0 4215 4103 2170 2 2
4 0 4215 4099 2170 3.65685 3
5 0 4211 4095 2170 2 4
6 0 4211 4091 2170 3.65685 5
7 0 4207 4087 2174 3.65685 6
8 0 4203 4087 2174 3.65685 7
9 0 4195 4079 2182 3.65685 8
10 0 4191 4075 2182 2 9
11 0 4191 4071 2182 3.65685 10
12 0 4183 4063 2190 3.65685 11
13 0 4179 4055 2194 6 12
14 0 4167 4043 2206 6.94427 13
15 0 4159 4039 2222 3.65685 14
16 0 4155 4039 2230 6 15
17 0 4143 4035 2242 6.94427 16
18 0 4135 4027 2250 9.31371 17
19 0 4131 4019 2258 6 18
20 0 4131 4011 2258 6 19
21 0 4127 3999 2270 6 20
22 0 4127 3999 2278 6 21
23 0 4123 3991 2290 6 22
24 0 4115 3987 2298 6 23
25 0 4107 3987 2314 6 24
26 0 4103 3987 2322 6 25
27 0 4107 3995 2338 6 26
28 0 4099 4011 2354 9.31371 27
29 0 4087 4015 2358 2 28
