# Generated by NeuTu (https://github.com/janelia-flyem/NeuTu)
1 0 4085 4051 2243 2 -1
2 0 4081 4055 2247 3.65685 1
3 0 4081 4059 2251 3.65685 2
4 0 4085 4063 2255 6 3
5 0 4089 4063 2263 3.65685 4
6 0 4089 4055 2271 6.94427 5
7 0 4077 4059 2287 6 6
8 0 4073 4063 2303 6 7
9 0 4073 4067 2311 6 8
10 0 4077 4067 2323 3.65685 9
11 0 4077 4067 2331 3.65685 10
12 0 4077 4067 2339 3.65685 11
13 0 4077 4067 2347 3.65685 12
14 0 4073 4067 2355 3.65685 13
15 0 4073 4067 2363 3.65685 14
16 0 4073 4067 2371 3.65685 15
17 0 4073 4067 2379 3.65685 16
18 0 4073 4067 2387 3.65685 17
19 0 4069 4067 2395 6 18
20 0 4069 4067 2403 6 19
21 0 4065 4059 2411 6.94427 20
22 0 4061 4047 2419 2 21
