# Generated by NeuTu (https://github.com/janelia-flyem/NeuTu)
1 0 4611 2242 2598 2 -1
2 0 4615 2242 2598 2 1
3 0 4623 2246 2598 6 2
4 0 4635 2254 2590 10 3
5 0 4639 2270 2574 9.31371 4
6 0 4635 2286 2546 12.4222 5
7 0 4643 2286 2530 15.8885 6
8 0 4655 2298 2502 6.94427 7
9 0 4659 2314 2490 10 8
10 0 4667 2338 2474 6.94427 9
11 0 4671 2354 2470 6 10
12 0 4675 2370 2474 6 11
13 0 4679 2386 2478 6 12
14 0 4679 2398 2490 6.94427 13
15 0 4675 2398 2506 6 14
16 0 4679 2402 2526 6.94427 15
17 0 4687 2410 2534 6 16
