# Generated by NeuTu (https://github.com/janelia-flyem/NeuTu)
1 0 4600 2536 2156 2 -1
2 0 4596 2536 2156 3.65685 1
3 0 4592 2532 2152 6 2
4 0 4584 2516 2148 6.94427 3
5 0 4576 2516 2140 6 4
6 0 4576 2524 2128 6 5
7 0 4576 2540 2112 6.94427 6
8 0 4584 2544 2104 10 7
9 0 4584 2544 2092 6 8
10 0 4588 2544 2076 6 9
11 0 4596 2544 2068 2 10
12 0 4596 2544 2064 2 11
13 0 4600 2544 2060 2 12
14 0 4604 2544 2056 2 13
15 0 4612 2544 2048 6 14
16 0 4612 2552 2036 6 15
17 0 4612 2552 2028 6 16
18 0 4620 2552 2020 9.31371 17
19 0 4612 2560 2000 3.65685 18
20 0 4608 2560 2000 2 19
