# Generated by NeuTu (https://github.com/janelia-flyem/NeuTu)
1 0 4606 2535 2189 6 -1
2 0 4594 2519 2185 9.31371 1
3 0 4590 2507 2185 6.94427 2
4 0 4582 2499 2181 9.31371 3
5 0 4574 2495 2177 6.94427 4
6 0 4566 2499 2173 9.31371 5
7 0 4550 2499 2165 6.94427 6
8 0 4534 2495 2153 6 7
9 0 4522 2491 2137 6 8
10 0 4522 2491 2129 6 9
11 0 4522 2499 2121 2 10
12 0 4522 2499 2117 2 11
13 0 4522 2499 2113 2 12
14 0 4522 2499 2109 2 13
15 0 4522 2499 2105 2 14
16 0 4522 2499 2101 3.65685 15
17 0 4522 2499 2097 3.65685 16
18 0 4522 2495 2093 2 17
19 0 4522 2495 2089 2 18
20 0 4522 2495 2085 2 19
21 0 4522 2495 2081 2 20
22 0 4522 2495 2077 3.65685 21
23 0 4522 2495 2073 3.65685 22
24 0 4518 2491 2069 2 23
25 0 4518 2487 2065 2 24
