# Generated by NeuTu (https://github.com/janelia-flyem/NeuTu)
1 0 4654 2269 2407 2 -1
2 0 4658 2269 2403 2 1
3 0 4662 2273 2399 6 2
4 0 4662 2277 2387 9.31371 3
5 0 4658 2277 2375 9.31371 4
6 0 4650 2285 2351 18 5
7 0 4650 2301 2339 14 6
8 2 4650 2325.59 2296.84 37.2914 7
9 0 4688.99 2373.24 2274.26 29.2499 8
10 0 4722 2429 2259 10 9
11 0 4742 2449 2259 10.6491 10
12 0 4766 2469 2263 12.4222 11
13 0 4786 2493 2283 10.6491 12
14 0 4802 2509 2299 9.31371 13
15 0 4814 2517 2319 9.31371 14
16 0 4814 2525 2343 9.31371 15
17 0 4810 2537 2355 6.94427 16
18 0 4810 2553 2375 10 17
19 2 4811.33 2562.33 2384.33 10.1082 18
20 0 4830 2577 2395 10.6491 19
21 0 4854 2593 2403 10.6491 20
22 0 4862 2601 2403 9.31371 21
23 0 4882 2621 2411 14 22
24 0 4870 2629 2411 6.94427 23
25 0 4862 2637 2403 6 24
26 0 4854 2637 2395 6 25
27 0 4810 2545 2399 6 19
28 0 4802 2545 2407 3.65685 27
29 0 4798 2545 2411 3.65685 28
30 0 4794 2549 2415 6 29
31 0 4782 2549 2423 6 30
32 0 4774 2549 2431 6 31
33 0 4766 2549 2431 2 32
34 0 4758 2553 2431 6 33
35 0 4746 2565 2431 6.94427 34
36 0 4730 2573 2427 6 35
37 0 4734 2345 2279 6.94427 9
38 0 4750 2341 2279 6.94427 37
39 0 4766 2341 2279 6 38
40 0 4774 2341 2279 6 39
41 0 4782 2337 2279 3.65685 40
42 0 4790 2337 2279 6 41
43 0 4798 2337 2271 6 42
44 0 4806 2333 2267 3.65685 43
45 0 4814 2333 2263 6 44
46 0 4826 2325 2259 6 45
47 0 4838 2325 2259 2 46
48 0 4842 2325 2259 2 47
49 0 4622 2293 2311 14 8
50 0 4622 2277 2335 9.31371 49
