# Generated by NeuTu (https://github.com/janelia-flyem/NeuTu)
1 0 4581 3045 2100 2 -1
2 0 4585 3045 2104 3.65685 1
3 0 4589 3045 2112 3.65685 2
4 0 4589 3045 2116 3.65685 3
5 0 4593 3049 2120 6 4
6 0 4609 3049 2136 6 5
7 0 4613 3045 2140 6 6
8 0 4625 3045 2144 6 7
9 0 4641 3045 2156 6.94427 8
10 0 4653 3045 2172 3.65685 9
11 0 4657 3045 2176 3.65685 10
12 0 4661 3049 2180 6 11
13 0 4673 3057 2196 6.94427 12
14 0 4681 3057 2204 9.31371 13
15 0 4685 3053 2212 6 14
16 0 4685 3053 2220 6 15
17 0 4669 3053 2240 6.94427 16
18 0 4661 3053 2256 6.94427 17
19 0 4653 3053 2276 6.94427 18
20 0 4649 3057 2292 6 19
21 0 4649 3061 2308 6 20
22 0 4641 3061 2328 6 21
23 0 4641 3061 2340 6 22
24 0 4641 3057 2356 6 23
25 0 4645 3053 2372 6 24
26 0 4645 3053 2380 6.94427 25
27 0 4641 3053 2396 6 26
28 0 4641 3065 2420 12.4222 27
29 0 4641 3081 2420 6 28
30 0 4645 3097 2420 6 29
31 0 4645 3113 2420 6 30
32 0 4653 3137 2416 10.6491 31
33 0 4657 3145 2408 6 32
34 0 4657 3041 2380 3.65685 26
35 0 4665 3037 2380 6 34
36 0 4673 3033 2376 3.65685 35
37 0 4681 3029 2376 6.94427 36
38 0 4689 3021 2368 9.31371 37
39 0 4693 3069 2196 6 14
40 0 4697 3081 2188 14 39
41 0 4701 3101 2168 6.94427 40
42 0 4705 3113 2164 6 41
43 0 4709 3125 2156 6 42
44 0 4709 3145 2144 6.94427 43
