# Generated by NeuTu (https://github.com/janelia-flyem/NeuTu)
1 0 4712 3038 2235 6 -1
2 0 4708 3034 2231 6 1
3 0 4692 3034 2231 6 2
4 0 4680 3042 2223 6.94427 3
5 0 4676 3058 2219 6 4
6 0 4676 3074 2203 6 5
7 0 4680 3078 2191 6 6
8 0 4684 3082 2183 2 7
9 0 4684 3082 2179 2 8
10 0 4684 3082 2175 2 9
11 0 4684 3082 2171 2 10
12 0 4684 3082 2167 2 11
13 0 4684 3086 2163 3.65685 12
14 0 4684 3090 2159 2 13
15 0 4684 3090 2155 2 14
16 0 4684 3090 2147 6 15
17 0 4696 3090 2127 6 16
18 0 4700 3086 2111 6 17
19 0 4708 3086 2103 6 18
20 0 4712 3086 2095 3.65685 19
21 0 4716 3086 2091 3.65685 20
22 0 4720 3082 2087 6 21
23 0 4736 3086 2075 6 22
24 0 4740 3090 2071 3.65685 23
25 0 4744 3090 2071 3.65685 24
26 0 4748 3094 2067 2 25
27 0 4752 3094 2067 3.65685 26
28 0 4760 3094 2059 6 27
29 0 4776 3094 2043 6 28
30 0 4784 3090 2035 6.94427 29
