# Generated by NeuTu (https://github.com/janelia-flyem/NeuTu)
1 0 4639 3268 2233 2 -1
2 0 4635 3268 2233 2 1
3 0 4631 3264 2237 3.65685 2
4 0 4623 3256 2237 3.65685 3
5 0 4615 3248 2229 3.65685 4
6 0 4615 3240 2225 3.65685 5
7 0 4615 3236 2213 6 6
8 0 4615 3236 2205 6 7
9 0 4607 3232 2197 6 8
10 0 4599 3224 2189 9.31371 9
11 0 4591 3220 2185 6.94427 10
12 0 4587 3212 2185 3.65685 11
13 0 4579 3204 2185 3.65685 12
14 0 4579 3200 2185 3.65685 13
15 0 4575 3196 2181 6 14
16 0 4571 3192 2177 3.65685 15
17 0 4563 3184 2169 3.65685 16
18 0 4559 3176 2169 6 17
19 0 4555 3172 2173 6 18
20 0 4555 3164 2169 6 19
21 0 4551 3156 2169 2 20
22 0 4547 3144 2169 10 21
23 0 4531 3136 2185 6 22
24 0 4527 3124 2201 6 23
25 0 4555 3136 2149 6 22
26 0 4559 3132 2141 6 25
27 0 4559 3132 2133 3.65685 26
28 0 4555 3128 2129 2 27
