# Generated by NeuTu (https://github.com/janelia-flyem/NeuTu)
1 0 4871 2773 2245 2 -1
2 0 4871 2773 2241 2 1
3 0 4871 2773 2237 2 2
4 0 4867 2773 2233 3.65685 3
5 0 4863 2785 2229 10 4
6 0 4847 2793 2217 9.31371 5
7 0 4831 2793 2205 6 6
8 0 4827 2797 2201 3.65685 7
9 0 4823 2801 2201 3.65685 8
10 0 4823 2809 2197 3.65685 9
11 0 4827 2813 2193 2 10
12 0 4827 2821 2189 6 11
13 0 4827 2829 2185 3.65685 12
14 0 4831 2837 2185 6 13
15 0 4827 2861 2173 10 14
16 0 4819 2865 2165 6 15
17 0 4811 2873 2157 6 16
18 0 4807 2881 2149 10 17
19 0 4799 2877 2141 6 18
