# Generated by NeuTu (https://github.com/janelia-flyem/NeuTu)
1 0 4582 2970 2338 6 -1
2 0 4590 2958 2338 10.6491 1
3 0 4582 2950 2334 6.94427 2
4 0 4566 2930 2334 6 3
5 0 4566 2922 2338 6.94427 4
6 0 4554 2894 2342 10 5
7 0 4550 2886 2350 9.31371 6
8 0 4550 2878 2362 3.65685 7
9 0 4550 2878 2370 6 8
10 0 4542 2866 2382 9.31371 9
11 0 4538 2854 2402 9.31371 10
12 0 4534 2846 2410 6 11
13 0 4534 2838 2418 6 12
14 0 4534 2838 2426 6 13
15 0 4530 2834 2438 9.31371 14
16 0 4534 2826 2458 6.94427 15
17 0 4538 2818 2466 6 16
