# Generated by NeuTu (https://github.com/janelia-flyem/NeuTu)
1 0 3082 2553 1883 2 -1
2 0 3078 2553 1887 3.65685 1
3 0 3058 2545 1887 10 2
4 0 3046 2537 1887 6.94427 3
5 0 3042 2525 1887 6 4
6 0 3046 2517 1883 6.94427 5
7 0 3054 2513 1871 6 6
8 0 3062 2505 1863 6 7
9 0 3070 2497 1855 6 8
10 0 3074 2493 1847 3.65685 9
11 0 3074 2489 1843 3.65685 10
12 0 3078 2485 1839 6 11
13 0 3086 2477 1831 6 12
14 0 3094 2469 1827 6 13
15 0 3110 2469 1815 6 14
16 0 3118 2469 1807 6 15
17 0 3118 2477 1799 3.65685 16
18 0 3118 2477 1791 6 17
19 0 3114 2477 1779 2 18
20 0 3114 2477 1775 3.65685 19
21 0 3110 2477 1771 3.65685 20
22 0 3102 2477 1763 6 21
23 0 3106 2481 1747 6 22
24 0 3106 2481 1739 6 23
25 0 3106 2485 1727 9.31371 24
26 0 3098 2485 1719 6 25
