# Generated by NeuTu (https://github.com/janelia-flyem/NeuTu)
1 0 3083 2469 1834 2 -1
2 0 3087 2465 1838 3.65685 1
3 0 3087 2457 1838 6.94427 2
4 0 3095 2445 1830 14 3
5 0 3111 2441 1826 6 4
6 0 3123 2441 1826 9.31371 5
7 0 3135 2425 1822 6.94427 6
8 0 3143 2417 1822 6 7
9 0 3147 2413 1826 3.65685 8
10 0 3147 2405 1834 6.94427 9
11 0 3147 2397 1838 6.94427 10
12 0 3151 2385 1838 12.4222 11
13 0 3167 2373 1826 10 12
14 0 3171 2365 1806 6 13
15 0 3171 2357 1798 3.65685 14
16 0 3179 2345 1790 6.94427 15
17 0 3183 2329 1778 6 16
18 0 3187 2309 1766 6.94427 17
19 0 3191 2293 1770 6 18
20 0 3195 2281 1770 9.31371 19
21 0 3203 2273 1774 6 20
22 0 3179 2313 1750 6.94427 18
23 0 3179 2325 1750 10 22
24 0 3187 2333 1750 6 23
