# Generated by NeuTu (https://github.com/janelia-flyem/NeuTu)
1 0 2559 3194 2500 6 -1
2 0 2551 3190 2512 6.94427 1
3 0 2543 3186 2524 6.94427 2
4 0 2531 3186 2540 6.94427 3
5 0 2518.26 3179.79 2554.21 11.8496 4
6 0 2507 3154 2568 6 5
7 0 2499 3138 2568 6 6
8 0 2495 3118 2572 9.31371 7
9 0 2487 3098 2576 6 8
10 0 2483 3082 2580 6 9
11 0 2479 3078 2584 2 10
12 0 2479 3074 2584 2 11
13 0 2515 3198 2568 6 5
14 0 2515 3210 2572 9.31371 13
15 0 2511 3222 2572 6 14
16 0 2511 3230 2572 6.94427 15
17 0 2507 3238 2564 6 16
