# Generated by NeuTu (https://github.com/janelia-flyem/NeuTu)
1 0 2961 3210 2820 6.94427 -1
2 0 2973 3218 2824 6.94427 1
3 0 2981 3218 2832 6.94427 2
4 0 2993 3222 2836 10 3
5 0 3017 3210 2848 6.94427 4
6 0 3033 3210 2852 9.31371 5
7 0 3041 3194 2864 3.65685 6
8 0 3045 3186 2864 6 7
9 0 3049 3170 2864 6 8
10 0 3045 3158 2872 6.94427 9
11 0 3033 3150 2876 6.94427 10
12 0 3025 3142 2884 6 11
13 0 3021 3134 2888 6.94427 12
14 0 3009 3126 2892 2 13
15 0 3045 3186 2852 2 8
16 0 3041 3190 2848 3.65685 15
17 0 3041 3194 2844 3.65685 16
18 0 3037 3198 2840 6 17
19 0 3037 3198 2828 6 18
20 0 3037 3202 2816 3.65685 19
21 0 3037 3202 2808 3.65685 20
22 0 3041 3202 2800 3.65685 21
23 0 3041 3198 2792 3.65685 22
24 0 3041 3198 2788 2 23
25 0 3041 3198 2784 3.65685 24
26 0 3041 3198 2780 2 25
27 0 3045 3198 2768 6 26
28 0 3045 3198 2760 3.65685 27
29 0 3049 3194 2756 2 28
