# Generated by NeuTu (https://github.com/janelia-flyem/NeuTu)
1 0 2586 2987 2997 2 -1
2 0 2582 2983 2997 3.65685 1
3 0 2578 2975 2993 6.94427 2
4 0 2562 2967 2985 3.65685 3
5 0 2558 2963 2981 6 4
6 0 2558 2955 2977 6 5
7 0 2562 2943 2969 9.31371 6
8 0 2570 2927 2961 6 7
9 0 2574 2919 2953 6 8
10 0 2578 2915 2949 3.65685 9
11 0 2578 2915 2945 3.65685 10
12 0 2582 2911 2941 3.65685 11
13 0 2582 2911 2933 3.65685 12
14 0 2578 2911 2929 2 13
15 0 2578 2911 2925 2 14
16 0 2578 2911 2921 3.65685 15
17 0 2574 2911 2913 3.65685 16
18 0 2574 2911 2905 3.65685 17
19 0 2574 2915 2897 6 18
20 0 2570 2919 2885 6 19
