# Generated by NeuTu (https://github.com/janelia-flyem/NeuTu)
1 0 2763 3270 2580 2 -1
2 0 2767 3270 2580 2 1
3 0 2775 3270 2584 6 2
4 0 2791 3266 2588 6.94427 3
5 0 2803 3262 2600 6 4
6 0 2811 3266 2608 6.94427 5
7 0 2819 3282 2612 3.65685 6
8 0 2819 3290 2612 6 7
9 0 2819 3310 2608 6.94427 8
10 0 2823 3318 2608 6 9
11 0 2823 3330 2608 9.31371 10
12 0 2823 3342 2604 9.31371 11
13 0 2823 3354 2604 6 12
14 0 2819 3358 2600 6 13
15 0 2819 3366 2604 6 14
16 0 2807 3382 2596 6 15
17 0 2795 3398 2592 9.31371 16
18 0 2783 3418 2592 6.94427 17
19 0 2779 3426 2592 6 18
20 0 2779 3434 2592 2 19
21 0 2779 3442 2592 6 20
22 0 2783 3446 2588 2 21
23 0 2787 3446 2588 2 22
