# Generated by NeuTu (https://github.com/janelia-flyem/NeuTu)
1 0 2915 3743 2679 2 -1
2 0 2915 3743 2675 2 1
3 0 2915 3743 2671 2 2
4 0 2915 3735 2663 6 3
5 0 2919 3731 2659 6 4
6 0 2919 3723 2659 6 5
7 0 2919 3707 2675 6 6
8 0 2915 3703 2679 6 7
9 0 2907 3703 2687 10.6491 8
10 0 2903 3715 2691 6.94427 9
11 0 2911 3727 2691 6.94427 10
12 0 2919 3735 2691 9.31371 11
13 0 2923 3743 2687 3.65685 12
14 0 2931 3751 2683 6.94427 13
15 0 2943 3771 2683 6.94427 14
16 0 2951 3779 2679 3.65685 15
17 0 2955 3787 2675 6.94427 16
18 0 2967 3807 2671 6.94427 17
19 0 2975 3815 2667 6 18
20 0 2915 3739 2711 6 12
21 0 2903 3739 2723 6 20
22 0 2899 3739 2731 6 21
23 0 2899 3743 2739 2 22
24 0 2899 3743 2743 2 23
