1 0 3670 3826 1616 2 -1
2 0 3670 3830 1616 3.65685 1
3 0 3666 3842 1620 12.4222 2
4 0 3662 3866 1628 6 3
5 0 3662 3882 1632 6 4
6 0 3674 3894 1640 6 5
7 0 3678 3898 1644 6 6
8 0 3690 3910 1660 12.4222 7
9 0 3694 3922 1672 9.31371 8
10 0 3694 3934 1684 10 9
11 0 3698 3934 1700 6 10
12 0 3710 3934 1708 10 11
13 0 3730 3946 1708 9.31371 12
14 0 3746 3962 1720 10 13
15 0 3758 3966 1728 9.31371 14
16 0 3766 3974 1732 3.65685 15
17 0 3770 3982 1736 6 16
18 0 3774 3990 1740 9.31371 17
19 0 3770 3998 1748 9.31371 18
20 0 3766 4002 1756 6 19
21 0 3766 4002 1764 6 20
22 0 3762 4002 1772 2 21
23 0 3762 4002 1776 3.65685 22
24 0 3762 4002 1784 3.65685 23
25 0 3758 4002 1792 3.65685 24
26 0 3758 4002 1796 3.65685 25
27 0 3754 3994 1804 6 26
28 0 3754 3986 1812 6 27
29 0 3750 3978 1820 3.65685 28
30 0 3746 3974 1828 6 29
31 0 3742 3969.11 1833.79 4.1808 30
32 0 3742 3966 1840 6 31
33 0 3738 3962 1844 3.65685 32
34 0 3738 3962 1852 6 33
35 0 3734 3962 1868 6 34
36 0 3734 3962 1876 6 35
37 0 3738 3966 1880 3.65685 36
38 0 3738 3966 1888 3.65685 37
39 0 3738 3966 1896 6 38
40 0 3738 3970 1908 3.65685 39
41 0 3738 3974 1916 3.65685 40
42 0 3738 3974 1924 6 41
43 0 3738 3970 1936 6 42
44 0 3738 3970 1948 9.31371 43
45 0 3738 3954 1968 6 44
46 0 3742 3950 1976 3.65685 45
47 0 3742 3942 1984 6 46
48 0 3738 3926 2000 10 47
49 0 3738 3914 2016 18 48
50 0 3722 3922 2028 6.94427 49
51 0 3710 3918 2040 14.4924 50
52 0 3698 3926 2052 9.31371 51
53 0 3686 3930 2068 9.31371 52
54 0 3678 3930 2096 9.31371 53
55 0 3674 3926 2108 6.94427 54
56 0 3666 3918 2116 3.65685 55
57 0 3662 3918 2120 3.65685 56
58 0 3654 3914 2128 6.94427 57
59 0 3646 3914 2144 6.94427 58
60 0 3642 3918 2160 6.94427 59
61 0 3638 3918 2176 9.31371 60
62 0 3626 3922 2200 6.94427 61
63 0 3618 3926 2216 6.94427 62
64 0 3614 3930 2228 6 63
65 0 3606 3934 2244 6.94427 64
66 0 3598 3934 2260 6.94427 65
67 0 3594 3930 2272 9.31371 66
68 0 3586 3930 2288 6.94427 67
69 0 3578 3926 2300 9.31371 68
70 0 3578 3926 2324 10 69
71 0 3558 3938 2360 12.4222 70
72 0 3534 3934 2388 9.31371 71
73 0 3514 3930 2396 9.31371 72
74 0 3498 3926 2412 10 73
75 0 3486 3926 2412 10 74
76 0 3474 3930 2420 6 75
77 0 3466 3934 2428 6 76
78 0 3462 3946 2440 6.94427 77
79 0 3454 3958 2448 6 78
80 0 3446 3970 2456 6.94427 79
81 0 3438 3978 2460 6 80
82 0 3426 3982 2472 6 81
83 0 3418 3986 2480 6 82
84 0 3410 3986 2484 6 83
85 0 3398 3982 2488 9.31371 84
86 0 3390 3978 2496 6.94427 85
87 0 3378 3978 2508 15.8885 86
88 0 3370 3990 2520 10 87
89 0 3350 4002 2532 14 88
90 0 3330 4014 2556 10 89
91 0 3318 4014 2576 10 90
92 0 3310 4010 2584 6.94427 91
93 0 3302 4006 2588 9.31371 92
94 0 3294 4006 2596 6 93
95 0 3286 4002 2612 6 94
96 0 3270 4014 2628 6.94427 95
97 0 3270 4018 2636 6.94427 96
98 0 3262 4014 2644 2 97
99 0 3262 4010 2656 6 98
100 0 3254 3998 2668 12.4222 99
101 0 3246 3986 2668 12.4222 100
102 0 3246 3970 2672 6 101
103 0 3246 3970 2680 6 102
104 0 3242 3974 2684 6 103
105 0 3766 3886 1996 18 49
106 0 3798 3866 1988 24.8328 105
107 2 3813.05 3847.19 1984.24 13.1609 106
108 0 3814 3822 1984 6 107
109 0 3810 3806 1980 6 108
110 0 3814 3798 1972 6 109
111 0 3818 3790 1964 6 110
112 0 3822 3786 1960 3.65685 111
113 0 3826 3782 1960 3.65685 112
114 0 3834 3782 1956 6.94427 113
115 0 3842 3774 1948 6.94427 114
116 0 3850 3766 1940 3.65685 115
117 0 3854 3762 1936 3.65685 116
118 0 3858 3758 1932 6 117
119 0 3866 3750 1924 6 118
120 0 3874 3746 1916 6 119
121 0 3886 3738 1908 6 120
122 0 3890 3734 1904 3.65685 121
123 0 3898 3726 1900 6 122
124 0 3906 3722 1892 6 123
125 0 3910 3718 1888 3.65685 124
126 0 3918 3710 1888 6 125
127 0 3918 3702 1884 6 126
128 0 3930 3694 1884 6 127
129 0 3942 3690 1884 6 128
130 0 3950 3686 1888 6.94427 129
131 0 3958 3674 1900 6 130
132 0 3962 3666 1908 6 131
133 0 3970 3658 1916 6 132
134 0 3978 3646 1920 6.94427 133
135 0 3990 3630 1924 6 134
136 2 3994 3620 1934 6 135
137 0 3994 3610 1944 3.65685 136
138 0 3994 3606 1952 6 137
139 0 3998 3602 1956 6 138
140 0 4002 3602 1964 3.65685 139
141 0 4006 3602 1972 3.65685 140
142 0 4010 3598 1976 6 141
143 0 4014 3598 1988 6 142
144 0 4018 3602 1996 6.94427 143
145 0 4018 3610 1996 2 144
146 0 4018 3614 1996 2 145
147 0 3998 3610 1920 6.94427 136
148 0 4010 3594 1912 6 147
149 0 4018 3582 1912 6.94427 148
150 0 4022 3566 1912 10.6491 149
151 0 4026 3558 1904 9.31371 150
152 0 3966 3690 1872 3.65685 130
153 0 3974 3690 1868 3.65685 152
154 0 3978 3690 1864 2 153
155 0 3982 3690 1860 3.65685 154
156 0 3982 3686 1852 6.94427 155
157 0 3986 3682 1840 6 156
158 0 3990 3678 1832 3.65685 157
159 0 3994 3678 1828 2 158
160 0 3998 3678 1828 2 159
161 0 4002 3678 1828 2 160
162 0 3806 3838 1964 9.31371 107
163 0 3798 3830 1948 6.94427 162
164 0 3798 3826 1932 6 163
165 0 3802 3826 1924 6 164
166 0 3802 3826 1916 3.65685 165
167 0 3802 3826 1908 3.65685 166
168 0 3806 3822 1900 6 167
169 0 3806 3826 1892 2 168
170 0 3806 3826 1888 2 169
171 0 3822 3902 1976 6.94427 106
172 0 3830 3910 1968 12.4222 171
173 0 3846 3930 1940 6.94427 172
174 0 3858 3938 1924 6 173
175 0 3854 3938 1912 6 174
176 0 3854 3938 1904 6 175
177 0 3858 3946 1896 6 176
178 0 3862 3954 1888 3.65685 177
179 0 3862 3954 1884 3.65685 178
180 0 3866 3958 1880 6 179
181 0 3874 3954 1872 6 180
182 0 3878 3950 1868 3.65685 181
183 0 3882 3950 1860 6 182
184 0 3886 3950 1848 3.65685 183
185 0 3890 3946 1844 3.65685 184
186 0 3890 3946 1836 3.65685 185
187 0 3894 3946 1828 6 186
188 0 3894 3946 1816 6 187
189 0 3898 3946 1808 6 188
190 0 3902 3954 1800 3.65685 189
191 0 3902 3958 1796 3.65685 190
192 0 3906 3962 1792 3.65685 191
193 0 3906 3966 1784 6 192
194 0 3906 3970 1776 3.65685 193
195 0 3906 3974 1772 3.65685 194
196 0 3906 3974 1764 6 195
197 0 3910 3974 1756 6 196
198 0 3918 3974 1748 9.31371 197
199 0 3938 3978 1740 6 198
200 0 3954 3978 1736 6 199
201 0 3962 3982 1744 6 200
202 0 3734 3954 1824 6 31
203 0 3726 3954 1812 6 202
204 0 3726 3950 1792 6 203
205 0 3730 3946 1788 3.65685 204
206 0 3734 3942 1788 3.65685 205
207 0 3738 3938 1788 2 206
208 0 3770 4026 1752 6.94427 20
209 0 3778 4030 1744 6 208
210 0 3794 4030 1744 6 209
211 0 3810 4030 1740 6 210
