# Generated by NeuTu (https://github.com/janelia-flyem/NeuTu)
1 0 2686 3878 2665 2 -1
2 0 2686 3874 2665 2 1
3 0 2690 3862 2661 9.31371 2
4 0 2698 3854 2653 3.65685 3
5 0 2698 3850 2653 3.65685 4
6 0 2702 3846 2649 6 5
7 0 2698 3834 2637 6.94427 6
8 0 2686 3814 2629 12.4222 7
9 0 2678 3790 2633 6.94427 8
10 0 2670 3778 2641 6.94427 9
11 0 2666 3770 2645 9.31371 10
12 0 2658 3758 2657 9.31371 11
13 0 2650 3746 2669 3.65685 12
14 0 2642 3742 2669 6 13
15 0 2630 3742 2681 6 14
16 0 2622 3738 2685 9.31371 15
17 0 2614 3730 2693 6.94427 16
18 0 2606 3722 2693 3.65685 17
19 0 2602 3718 2693 2 18
