# Generated by NeuTu (https://github.com/janelia-flyem/NeuTu)
1 0 2765 3846 2777 2 -1
2 0 2765 3846 2773 2 1
3 0 2761 3842 2769 3.65685 2
4 0 2753 3838 2761 6 3
5 0 2741 3834 2753 6.94427 4
6 0 2733 3826 2753 3.65685 5
7 0 2725 3822 2753 6 6
8 0 2717 3822 2753 6 7
9 0 2705 3822 2757 9.31371 8
10 0 2701 3830 2769 9.31371 9
11 0 2697 3834 2777 3.65685 10
12 0 2693 3838 2785 6 11
13 0 2693 3834 2801 6 12
14 0 2701 3826 2821 6 13
15 0 2705 3822 2833 10 14
16 0 2717 3830 2841 9.31371 15
17 0 2741 3830 2841 6 16
18 0 2753 3822 2841 6 17
19 0 2769 3818 2845 12.4222 18
20 0 2781 3806 2845 14.4924 19
21 0 2777 3778 2833 10 20
22 0 2777 3766 2833 10.6491 21
23 0 2769 3746 2829 6 22
24 2 2761.49 3727.48 2832.51 10.193 23
25 2 2757 3685.6 2839.8 10 24
26 0 2761 3662 2841 6 25
27 0 2765 3654 2845 9.31371 26
28 0 2773 3646 2849 6.94427 27
29 0 2783.73 3635.27 2854.82 10.3456 28
30 0 2793 3626 2861 9.31371 29
31 0 2793 3618 2869 6 30
32 0 2793 3618 2877 3.65685 31
33 0 2793 3614 2885 6 32
34 0 2793 3602 2893 6 33
35 0 2789.24 3586.24 2910.65 11.7508 34
36 0 2785 3570 2929 6 35
37 0 2789 3558 2945 6 36
38 0 2793 3550 2953 6 37
39 0 2801 3542 2961 6 38
40 0 2809 3538 2973 6 39
41 0 2817 3530 2985 6 40
42 0 2821 3530 2993 3.65685 41
43 0 2825 3526 2997 2 42
44 0 2793 3606 2921 10.6491 35
45 0 2773 3618 2921 6 44
46 0 2757 3634 2925 6.94427 45
47 0 2749 3638 2929 6 46
48 0 2797 3626 2841 6 29
49 0 2801 3622 2837 3.65685 48
50 0 2801 3622 2829 3.65685 49
51 0 2805 3618 2821 6 50
52 0 2813 3614 2813 6.94427 51
53 0 2805 3602 2801 9.31371 52
54 0 2789 3586 2793 6 53
55 0 2781 3570 2793 6 54
56 0 2769 3546 2797 10.6491 55
57 0 2745 3690 2841 2 25
58 0 2741 3690 2845 2 57
59 0 2733 3686 2845 6 58
60 0 2725 3674 2845 6.94427 59
61 0 2717 3658 2841 10 60
62 0 2713 3646 2833 3.65685 61
63 0 2713 3642 2833 2 62
64 0 2749 3722 2809 6.94427 24
65 0 2741 3714 2805 6.94427 64
66 0 2733 3706 2805 3.65685 65
67 0 2733 3702 2805 2 66
