# Generated by NeuTu (https://github.com/janelia-flyem/NeuTu)
1 0 2523 3514 2845 6 -1
2 0 2523 3522 2853 6 1
3 0 2523 3522 2861 6 2
4 0 2523 3522 2873 9.31371 3
5 0 2519 3518 2881 6.94427 4
6 0 2519 3518 2893 9.31371 5
7 0 2515 3514 2901 6 6
8 0 2511 3510 2905 6 7
9 0 2511 3510 2913 2 8
10 0 2511 3510 2917 3.65685 9
11 0 2511 3510 2921 3.65685 10
12 0 2511 3510 2929 6 11
13 0 2503 3514 2937 6 12
14 0 2491 3506 2949 6.94427 13
15 0 2487 3498 2957 9.31371 14
16 0 2483 3490 2961 6 15
17 0 2483 3482 2965 6 16
18 0 2483 3474 2965 3.65685 17
19 0 2479 3470 2969 2 18
20 0 2479 3466 2969 2 19
