# Generated by NeuTu (https://github.com/janelia-flyem/NeuTu)
1 0 2786 3571 2904 2 -1
2 0 2798 3571 2904 6.94427 1
3 0 2810 3571 2908 12.4222 2
4 0 2814 3559 2912 10 3
5 0 2806 3551 2912 6.94427 4
6 0 2798 3543 2912 6.94427 5
7 0 2786 3543 2928 3.65685 6
8 0 2782 3539 2932 3.65685 7
9 0 2782 3539 2940 6 8
10 0 2778 3535 2960 6.94427 9
11 0 2778 3531 2984 6.94427 10
12 0 2782 3527 3004 6.94427 11
13 0 2782 3527 3016 6 12
14 0 2782 3515 3032 6 13
15 0 2778 3507 3040 3.65685 14
16 0 2778 3499 3040 6 15
17 0 2778 3483 3040 6 16
18 0 2778 3467 3032 6 17
