# Generated by NeuTu (https://github.com/janelia-flyem/NeuTu)
1 0 2666 3850 2600 6 -1
2 0 2658 3858 2608 10 1
3 0 2638 3870 2612 9.31371 2
4 0 2630 3878 2604 6 3
5 0 2626 3894 2600 9.31371 4
6 0 2634 3902 2592 9.31371 5
7 0 2646 3902 2592 3.65685 6
8 0 2650 3906 2588 3.65685 7
9 0 2654 3910 2588 3.65685 8
10 0 2666 3922 2580 10 9
11 0 2678 3918 2572 3.65685 10
12 0 2678 3918 2568 3.65685 11
13 0 2682 3922 2564 6 12
14 0 2686 3926 2560 6 13
15 0 2690 3930 2552 9.31371 14
16 0 2698 3934 2544 9.31371 15
17 0 2706 3934 2536 6 16
18 0 2722 3930 2520 6 17
19 0 2738 3930 2516 6 18
20 0 2746 3930 2508 6 19
