# Generated by NeuTu (https://github.com/janelia-flyem/NeuTu)
1 0 2483 4060 2616 6 -1
2 0 2487 4056 2624 3.65685 1
3 0 2487 4052 2624 3.65685 2
4 0 2491 4048 2628 2 3
5 0 2491 4044 2632 3.65685 4
6 0 2491 4040 2636 3.65685 5
7 0 2495 4032 2644 9.31371 6
8 0 2507 4008 2660 6.94427 7
9 0 2519 4004 2664 6 8
10 0 2527 4000 2672 6 9
11 0 2531 3996 2676 6 10
12 0 2535 3992 2680 3.65685 11
13 0 2539 3992 2684 3.65685 12
14 2 2546.58 3988.21 2684 5.87631 13
15 0 2567 3992 2676 6 14
16 0 2575 4000 2672 3.65685 15
17 0 2579 4004 2672 3.65685 16
18 0 2587 4012 2668 6.94427 17
19 0 2603 4028 2660 6.94427 18
20 0 2615 4044 2660 6.94427 19
21 0 2627 4060 2660 6.94427 20
22 0 2639 4068 2656 6 21
23 0 2643 4072 2652 3.65685 22
24 0 2651 4072 2648 6.94427 23
25 0 2663 4076 2640 6 24
26 0 2663 4084 2632 6 25
27 0 2671 4084 2628 3.65685 26
28 0 2675 4088 2628 2 27
29 0 2539 3976 2684 6 14
30 0 2527 3972 2684 6.94427 29
31 0 2519 3968 2688 3.65685 30
32 0 2515 3968 2688 2 31
33 0 2503 3964 2688 9.31371 32
34 0 2491 3964 2692 6 33
