# Generated by NeuTu (https://github.com/janelia-flyem/NeuTu)
1 0 2893 4111 2999 2 -1
2 0 2893 4115 2999 2 1
3 0 2893 4119 2995 3.65685 2
4 0 2889 4123 2991 6 3
5 0 2885 4127 2987 3.65685 4
6 0 2885 4127 2979 6 5
7 0 2885 4135 2971 6 6
8 0 2889 4135 2959 6 7
9 0 2889 4147 2947 6.94427 8
10 0 2897 4155 2947 3.65685 9
11 0 2905 4163 2943 9.31371 10
12 0 2909 4179 2931 6 11
13 0 2917 4191 2923 6 12
14 0 2921 4195 2907 6 13
15 0 2917 4199 2895 6 14
16 0 2917 4207 2887 3.65685 15
17 0 2917 4211 2879 6.94427 16
18 0 2909 4223 2863 6.94427 17
19 0 2909 4239 2847 6 18
20 0 2901 4243 2839 2 19
21 0 2901 4243 2835 2 20
