# Generated by NeuTu (https://github.com/janelia-flyem/NeuTu)
1 0 2373 3347 6502 6 -1
2 0 2369 3343 6506 6 1
3 0 2369 3339 6518 6 2
4 0 2369 3335 6530 9.31371 3
5 0 2369 3327 6554 6.94427 4
6 0 2369 3327 6562 6 5
7 0 2365 3323 6566 2 6
8 0 2365 3323 6570 3.65685 7
9 0 2361 3323 6578 3.65685 8
10 0 2357 3327 6582 6 9
11 0 2353 3331 6586 6 10
12 0 2353 3331 6602 6 11
13 0 2353 3331 6618 6 12
14 0 2349 3331 6634 6 13
15 0 2353 3335 6638 3.65685 14
16 0 2353 3339 6650 9.31371 15
17 0 2357 3343 6658 9.31371 16
18 0 2361 3335 6670 6 17
19 0 2365 3335 6678 3.65685 18
20 0 2369 3339 6682 3.65685 19
21 0 2373 3343 6690 6 20
22 0 2373 3343 6698 6 21
23 0 2377 3355 6714 6 22
24 0 2377 3355 6730 6 23
25 0 2373 3355 6742 2 24
26 0 2373 3355 6746 3.65685 25
27 0 2369 3359 6750 3.65685 26
28 0 2365 3371 6766 10 27
29 0 2361 3387 6774 14 28
30 2 2340.44 3407.56 6827.82 25.8186 29
31 2 2333.04 3414.96 6832.2 30.4327 30
32 2 2317.72 3430.28 6825.24 43.2679 31
33 2 2314.92 3433.08 6823.96 45.6141 32
34 2 2300.91 3447.09 6817.6 57.3451 33
35 0 2293 3455 6814 63.9697 34
36 2 2251.7 3461.35 6779.05 38.7186 35
37 2 2236.2 3461.4 6762 29.8663 36
38 2 2218.89 3455.63 6733.14 21.5348 37
39 0 2193 3479 6694 12.4222 38
40 0 2157 3503 6670 18 39
41 0 2137 3535 6646 14 40
42 0 2133 3555 6630 24.8328 41
43 2 2143.32 3579.07 6605.93 26.7997 42
44 0 2154.24 3583 6566.54 16.2664 43
45 0 2157 3583 6550 12.4222 44
46 0 2169 3599.41 6514.65 18.966 45
47 0 2173.18 3609.09 6491.56 18.1527 46
48 0 2220.72 3618.72 6444.71 19.8586 47
49 0 2241 3635 6394 18 48
50 0 2249 3647 6362 14.4924 49
51 0 2249 3655 6326 18 50
52 0 2261 3655 6306 10.6491 51
53 0 2277 3643 6290 12.4222 52
54 0 2301 3647 6258 14 53
55 0 2325 3639 6238 14 54
56 2 2354.16 3628.42 6205.56 24.8819 55
57 0 2393.8 3627 6156.4 31.4635 56
58 0 2407.7 3628.35 6120.48 36.7858 57
59 0 2408.36 3627.91 6078.54 37.9147 58
60 0 2373 3623 5998 18 59
61 0 2353 3627 5958 20.6274 60
62 0 2349 3651 5906 15.8885 61
63 0 2345 3671 5866 15.8885 62
64 0 2345 3679 5822 14.9706 63
65 0 2353 3691 5778 14 64
66 0 2365 3703 5746 18 65
67 0 2385.47 3712.49 5679.09 35.1257 66
68 0 2393 3715 5654 37.3954 67
69 2 2397.71 3698.53 5637.53 25.9864 68
70 0 2401 3667 5606 14.4924 69
71 0 2421 3647 5578 18 70
72 0 2441 3643 5538 18.3961 71
73 0 2477 3643 5506 18 72
74 2 2493 3672.82 5455.89 34.0143 73
75 2 2482.13 3687.15 5421.55 32.6062 74
76 0 2477 3695 5378 20.6274 75
77 0 2481 3707 5334 18 76
78 0 2485 3739 5286 18 77
79 0 2481 3747 5258 22 78
80 0 2473 3731 5214 15.8885 79
81 0 2469 3687 5182 18 80
82 0 2445 3647 5138 32.176 81
83 0 2397 3615 5118 21.3238 82
84 0 2357 3607 5102 14.4924 83
85 0 2329 3611 5074 18 84
86 0 2317 3627 5054 10.6491 85
87 2 2323.18 3651.87 5022.07 27.6007 86
88 2 2344.26 3659.47 4987.21 32.4462 87
89 0 2397 3671 4958 18 88
90 0 2441 3687 4950 18 89
91 0 2473 3711 4946 18 90
92 0 2501 3735 4938 18 91
93 0 2521 3755 4914 14.4924 92
94 0 2545 3775 4874 12.4222 93
95 0 2541 3803 4822 18 94
96 0 2537 3811 4774 14.4924 95
97 0 2545 3811 4738 14 96
98 0 2557 3811 4706 14.4924 97
99 0 2565 3815 4674 15.8885 98
100 0 2577 3823 4598 28.4631 99
101 0 2597 3843 4538 24.8328 100
102 0 2629 3859 4494 14.4924 101
103 0 2641 3883 4462 14 102
104 0 2669 3891 4414 18 103
105 0 2697 3895 4394 14 104
106 0 2725 3891 4366 14.4924 105
107 0 2749 3891 4334 18 106
108 0 2781 3903 4294 18 107
109 0 2801 3911 4262 12.4222 108
110 0 2809 3923 4234 12.4222 109
111 0 2809 3931 4218 15.8885 110
112 0 2809 3935 4182 12.4222 111
113 0 2809 3939 4146 14 112
114 0 2825 3947 4094 21.3238 113
115 0 2825 3955 4066 28.4631 114
116 0 2809 3975 4026 10 115
117 0 2809 3983 4006 2 116
118 0 2809 3983 4002 2 117
119 0 2809 3995 3998 10 118
120 0 2817 4019 3974 14.9706 119
121 0 2825 4019 3954 18 120
122 0 2833 4023 3914 14.9706 121
123 0 2845 4027 3886 14.4924 122
124 0 2865 4035 3838 14.9706 123
125 0 2877 4047 3810 14.9706 124
126 0 2885 4051 3770 18 125
127 0 2889 4067 3726 15.8885 126
128 0 2885 4079 3694 14.9706 127
129 0 2881 4099 3658 14.4924 128
130 0 2869 4107 3630 9.31371 129
131 0 2869 4111 3618 6 130
132 0 2869 4111 3602 6 131
133 0 2869 4111 3594 3.65685 132
134 0 2865 4111 3586 3.65685 133
135 0 2865 4111 3582 2 134
136 0 2865 4111 3578 3.65685 135
137 0 2865 4111 3574 2 136
138 0 2865 4111 3570 2 137
139 0 2861 4115 3566 2 138
140 0 2865 4115 3558 2 139
141 0 2865 4115 3554 2 140
142 0 2865 4115 3550 2 141
143 0 2869 4111 3542 6 142
144 0 2873 4111 3526 6 143
145 0 2873 4111 3510 6 144
146 0 2873 4111 3502 6 145
147 0 2877 4131 3490 23.2982 146
148 0 2893 4159 3426 29.241 147
149 0 2913 4175 3370 18 148
150 0 2933 4179 3330 14.4924 149
151 0 2933 4183 3286 14.4924 150
152 0 2941 4171 3238 18 151
153 0 2949 4171 3194 18 152
154 0 2965 4179 3154 18 153
155 0 2973 4183 3118 18 154
156 0 2981 4195 3082 15.8885 155
157 0 2985 4203 3050 14.4924 156
158 0 2989 4215 3014 18 157
159 0 2997 4227 2966 15.8885 158
160 0 3009 4235 2938 9.31371 159
161 0 3013 4239 2930 6 160
162 0 3021 4239 2922 6 161
163 0 3025 4243 2918 2 162
164 0 3029 4243 2914 2 163
165 0 3033 4243 2910 2 164
166 0 3037 4243 2906 2 165
167 0 2317 3631 4994 26 88
168 0 2301 3607 4990 9.31371 167
169 0 2297 3599 4982 6.94427 168
170 0 2289 3587 4974 9.31371 169
171 0 2273 3591 4962 6.94427 170
172 0 2269 3603 4942 9.31371 171
173 0 2265 3619 4914 12.4222 172
174 0 2273 3631 4890 9.31371 173
175 0 2289 3643 4874 9.31371 174
176 0 2297 3647 4870 6 175
177 0 2305 3651 4870 6 176
178 0 2317 3655 4870 10.6491 177
179 0 2333 3635 4874 10 178
180 0 2345 3615 4874 6.94427 179
181 0 2353 3595 4870 6.94427 180
182 0 2357 3583 4878 14 181
183 0 2349 3567 4898 6 182
184 0 2289 3663 5026 14 87
185 2 2274.33 3670.33 5018.67 14.4514 184
186 0 2265 3675 5006 10.6491 185
187 0 2257 3667 4994 6 186
188 0 2253 3667 4982 6 187
189 0 2253 3663 4974 2 188
190 0 2253 3663 4970 3.65685 189
191 0 2253 3663 4966 3.65685 190
192 0 2261 3663 4958 6 191
193 0 2269 3687 4934 10 192
194 0 2269 3699 4926 12.4222 193
195 0 2273 3723 4902 6.94427 194
196 0 2281 3727 4882 6.94427 195
197 0 2281 3735 4866 6.94427 196
198 0 2253 3655 5030 12.4222 185
199 0 2225 3647 5026 6.94427 198
200 0 2205 3647 5026 6 199
201 0 2189 3647 5026 6 200
202 0 2177 3639 5022 6.94427 201
203 0 2161 3631 5022 6.94427 202
204 0 2145 3631 5022 6 203
205 0 2133 3631 5022 6.94427 204
206 0 2125 3635 5026 6 205
207 0 2445 3687 5458 23.2982 75
208 0 2421 3687 5462 12.4222 207
209 0 2389 3691 5462 9.31371 208
210 0 2377 3695 5466 12.4222 209
211 0 2361 3699 5474 10 210
212 0 2337 3699 5490 14 211
213 0 2321 3695 5494 6.94427 212
214 0 2289 3687 5498 12.4222 213
215 0 2269 3671 5506 12.4222 214
216 0 2249 3659 5510 12.4222 215
217 2 2221.8 3624.6 5514 24.3773 216
218 0 2225 3595 5518 14 217
219 0 2217 3555 5522 18 218
220 2 2201.84 3485.53 5539.95 44.256 219
221 0 2165 3439 5578 43.607 220
222 0 2137 3379 5610 27.1204 221
223 0 2137 3311 5622 18 222
224 0 2137 3295 5634 14.9706 223
225 0 2149 3263 5638 9.31371 224
226 0 2157 3243 5646 9.31371 225
227 0 2165 3223 5654 6.94427 226
228 0 2165 3215 5662 6 227
229 0 2169 3195 5682 14.4924 228
230 0 2177 3187 5694 9.31371 229
231 0 2193 3183 5698 6 230
232 0 2197 3179 5702 6 231
233 0 2213 3179 5694 6 232
234 0 2221 3179 5690 3.65685 233
235 0 2225 3175 5686 6 234
236 2 2244.91 3180.27 5674.09 13.4973 235
237 0 2253 3199 5658 10 236
238 0 2249 3211 5650 9.31371 237
239 0 2241 3215 5646 6 238
240 0 2225 3215 5634 6 239
241 0 2221 3211 5630 2 240
242 0 2217 3211 5630 2 241
243 0 2261 3155 5682 19.5407 236
244 0 2261 3151 5702 10.6491 243
245 0 2265 3163 5722 9.31371 244
246 0 2193 3175 5730 10.6491 232
247 0 2193 3183 5750 10 246
248 0 2193 3187 5762 10 247
249 0 2193 3187 5774 6 248
250 0 2193 3187 5790 6 249
251 0 2193 3187 5806 6 250
252 0 2197 3187 5814 6 251
253 0 2201 3187 5822 2 252
254 0 2205 3187 5826 2 253
255 0 2157 3359 5570 18 221
256 0 2149 3343 5574 3.65685 255
257 0 2149 3339 5574 2 256
258 0 2265 3511 5518 29.241 220
259 0 2281 3531 5478 14 258
260 0 2285 3515 5466 14.4924 259
261 0 2193 3635 5506 10 217
262 0 2169 3639 5506 6.94427 261
263 0 2161 3643 5498 10.6491 262
264 0 2141 3655 5494 10 263
265 0 2121 3655 5498 3.65685 264
266 0 2117 3659 5498 2 265
267 0 2541 3627 5498 21.3238 74
268 0 2569 3603 5494 26.8444 267
269 0 2585 3579 5478 14 268
270 0 2593 3539.64 5469.52 18.9941 269
271 2 2593 3519.48 5466.64 24.9588 270
272 0 2600.71 3485.57 5467.14 22.0217 271
273 0 2597 3467 5482 18 272
274 0 2597 3467 5502 14.9706 273
275 0 2621 3467 5526 29.241 274
276 0 2677 3479 5530 21.3238 275
277 0 2729 3463 5538 26 276
278 0 2781 3435 5538 51.8145 277
279 0 2817 3411 5570 37.3954 278
280 0 2817 3379 5590 9.31371 279
281 0 2817 3371 5598 6 280
282 0 2817 3363 5614 6.94427 281
283 0 2813 3367 5626 3.65685 282
284 0 2813 3363 5634 6 283
285 0 2813 3355 5654 6.94427 284
286 0 2817 3355 5674 6 285
287 0 2817 3355 5682 6 286
288 0 2817 3355 5690 3.65685 287
289 0 2817 3355 5698 6.94427 288
290 0 2813 3359 5714 6 289
291 0 2809 3363 5730 9.31371 290
292 0 2805 3359 5738 3.65685 291
293 0 2801 3355 5742 2 292
294 0 2825 3339 5618 6.94427 282
295 0 2829 3323 5618 6 294
296 0 2829 3315 5618 3.65685 295
297 0 2825 3311 5622 2 296
298 2 2826.35 3407.49 5580.52 30.703 279
299 0 2849 3399 5606 14.4924 298
300 0 2849 3387 5622 6.94427 299
301 0 2853 3383 5638 6 300
302 0 2853 3383 5646 6 301
303 0 2861 3383 5654 9.31371 302
304 0 2877 3403 5670 12.4222 303
305 0 2881 3415 5678 12.4222 304
306 0 2877 3427 5686 6.94427 305
307 0 2901 3435 5574 23.2982 298
308 0 2929 3471 5590 6.94427 307
309 0 2933 3479 5590 6 308
310 0 2929 3487 5586 6 309
311 0 2925 3491 5582 3.65685 310
312 0 2925 3491 5578 3.65685 311
313 0 2925 3487 5574 2 312
314 0 2821 3367 5562 12.4222 279
315 2 2815.4 3339.8 5566 11.4533 314
316 0 2829 3331 5554 15.8885 315
317 0 2837 3335 5538 9.31371 316
318 0 2801 3335 5582 12.4222 315
319 0 2781 3315 5578 6 318
320 0 2629 3475 5482 14 272
321 0 2653 3491 5494 6 320
322 0 2617 3515 5478 9.31371 271
323 0 2625 3511 5486 6.94427 322
324 0 2637 3507 5498 6.94427 323
325 0 2601 3523 5498 9.31371 270
326 0 2601 3507 5506 14 325
327 0 2433 3731 5646 20.6274 69
328 0 2453 3735 5634 10.6491 327
329 0 2473 3747 5618 14 328
330 0 2489 3755 5590 18 329
331 2 2480.43 3759.29 5569.14 12.2956 330
332 0 2473 3763 5558 10.6491 331
333 0 2477 3767 5542 10 332
334 0 2473 3775 5534 9.31371 333
335 2 2444.93 3802.09 5517.93 23.2671 334
336 2 2410.43 3868.66 5506.95 37.0093 335
337 0 2453 3907 5522 18 336
338 0 2457 3935 5522 12.4222 337
339 0 2461 3947 5510 6.94427 338
340 0 2461 3955 5510 2 339
341 0 2461 3959 5510 2 340
342 0 2421 3919 5486 21.3238 336
343 0 2437 3947 5502 3.65685 342
344 0 2437 3951 5502 2 343
345 0 2413 3783 5542 6.94427 335
346 0 2405 3779 5550 6 345
347 0 2405 3775 5558 3.65685 346
348 0 2401 3771 5562 2 347
349 0 2445 3771 5558 10.6491 332
350 0 2429 3779 5570 6 349
351 0 2477 3727 5546 12.4222 331
352 0 2453 3707 5534 14 351
353 0 2453 3691 5514 18 352
354 0 2517 3771 5594 10 330
355 0 2541 3775 5590 10 354
356 0 2557 3775 5574 10 355
357 0 2569 3779 5570 6 356
358 0 2577 3779 5570 6 357
359 0 2585 3783 5566 2 358
360 0 2589 3783 5566 2 359
361 2 2332.39 3733.87 5620.78 21.4465 68
362 0 2321 3739 5594 21.3238 361
363 0 2305 3748.87 5552.4 11.4766 362
364 0 2305 3763 5530 14 363
365 0 2313 3775 5526 9.31371 364
366 0 2325 3779 5526 3.65685 365
367 0 2329 3783 5530 2 366
368 0 2333 3783 5530 2 367
369 0 2329 3731 5542 14.4924 363
370 0 2357 3739 5594 9.31371 361
371 0 2365 3723 5570 14 370
372 0 2369 3711 5562 9.31371 371
373 0 2373 3703 5558 3.65685 372
374 0 2377 3699 5558 2 373
375 0 2329 3719 5674 31.9411 67
376 0 2281 3679 5710 19.5407 375
377 0 2249 3659 5726 9.31371 376
378 0 2237 3651 5726 6.94427 377
379 0 2208.15 3635.73 5745.27 15.8027 378
380 0 2193 3639 5766 9.31371 379
381 0 2161 3627 5782 10.6491 380
382 0 2141 3623 5794 9.31371 381
383 0 2129 3619 5794 6 382
384 0 2117 3611 5794 6 383
385 0 2109 3611 5794 3.65685 384
386 0 2101 3603 5798 6.94427 385
387 0 2093 3595 5810 6.94427 386
388 0 2093 3595 5826 6 387
389 0 2093 3599 5834 6 388
390 0 2185 3615 5730 19.5407 379
391 0 2181 3595 5718 10.6491 390
392 0 2189 3587 5714 6.94427 391
393 0 2205 3583 5714 6 392
394 0 2453 3663 6102 29.241 59
395 0 2481 3667 6122 14.9706 394
396 0 2497 3679 6146 10.6491 395
397 0 2497 3687 6170 6 396
398 0 2501 3691 6174 2 397
399 0 2505 3691 6178 2 398
400 0 2453 3639 6138 18 58
401 0 2469 3627 6150 10 400
402 0 2433 3635 6174 26.2843 57
403 0 2465 3603 6194 10.6491 402
404 0 2481 3587 6194 3.65685 403
405 0 2481 3583 6194 2 404
406 0 2377.94 3667 6233.76 9.11878 56
407 0 2393 3667 6230 6 406
408 0 2405 3663 6230 12.4222 407
409 0 2409 3639 6234 9.31371 408
410 0 2409 3627 6226 6 409
411 0 2409 3611 6214 9.31371 410
412 0 2389 3679 6250 6.94427 406
413 0 2393 3683 6270 9.31371 412
414 0 2393 3683 6282 9.31371 413
415 0 2401 3691 6294 2 414
416 0 2401 3691 6298 2 415
417 0 2401 3691 6302 2 416
418 0 2401 3691 6306 2 417
419 0 2241 3587 6466 6.94427 48
420 0 2245 3571 6466 3.65685 419
421 0 2241 3567 6466 2 420
422 0 2157 3587 6498 12.4222 47
423 0 2153 3567 6498 14 422
424 0 2169 3551 6502 6.94427 423
425 0 2181 3543 6510 6 424
426 0 2185 3539 6518 6 425
427 0 2177 3631 6542 18 46
428 0 2189 3635 6558 14.4924 427
429 0 2201 3639 6566 3.65685 428
430 0 2205 3639 6570 2 429
431 0 2137 3559 6562 14.4924 44
432 0 2137 3527 6578 6 431
433 0 2113 3551 6602 20.6274 43
434 0 2085 3567 6598 14.4924 433
435 0 2081 3595 6598 26.2843 434
436 0 2097 3615 6606 10 435
437 0 2097 3615 6622 2 436
438 0 2101 3519 6618 18 433
439 0 2101 3499 6618 10.6491 438
440 0 2097 3475 6626 9.31371 439
441 2 2087.24 3541.63 6672.54 41.7644 41
442 2 2084.78 3541.96 6673.85 43.1355 441
443 2 2081.91 3542.34 6675.38 44.7351 442
444 2 2078.13 3542.85 6677.4 46.8489 443
445 0 2059.22 3515.44 6725.56 34.4737 444
446 0 2043.67 3489.67 6751.33 27.5843 445
447 0 2028.28 3472.49 6767.79 31.5085 446
448 2 2008.53 3389.12 6794 27.9688 447
449 0 2005 3347 6794 21.3238 448
450 0 2029 3303 6766 24.8328 449
451 0 2061 3267 6766 19.5407 450
452 0 2089 3211 6770 24.8328 451
453 0 2093 3175 6770 34.8782 452
454 2 2091.77 3171.31 6774.92 33.3327 453
455 0 2077 3123 6830 18.3961 454
456 0 2081 3099 6846 24.8328 455
457 0 2073 3075 6854 14 456
458 0 2061 3067 6854 6 457
459 0 2117 3155 6806 21.3238 454
460 0 2129 3175 6810 10 459
461 0 2037 3163 6750 10 453
462 0 2017 3159 6754 6 461
463 0 2009 3367 6846 22 448
464 0 2017 3323 6866 10 463
465 0 2001 3291 6886 18 464
466 0 2001 3267 6914 6 465
467 0 2001 3259 6914 6 466
468 0 2005 3471 6814 34.8782 447
469 0 2009 3439 6834 22.3311 468
470 0 2029 3431 6846 9.31371 469
471 0 2041 3431 6846 6 470
472 0 2057 3431 6846 6 471
473 0 2069 3431 6850 9.31371 472
474 0 2061 3471 6774 10 446
475 0 2073 3459 6790 6.94427 474
476 0 2077 3447 6802 9.31371 475
477 0 2077 3443 6814 10.6491 476
478 0 2081 3439 6826 6 477
479 2 2053.22 3519.45 6763.58 29.6398 445
480 0 2049 3527 6798 26.2843 479
481 0 2061 3531 6822 12.4222 480
482 0 2069 3547 6842 9.31371 481
483 0 2081 3563 6842 3.65685 482
484 0 2085 3563 6842 2 483
485 0 2065 3567 6786 12.4222 479
486 2 2069.79 3620.49 6655.76 31.4823 444
487 0 2049 3631 6630 14.4924 486
488 0 2113 3639 6682 12.4222 486
489 0 2125 3651 6686 6 488
490 2 2133.74 3562.18 6701.49 31.2823 443
491 0 2137 3571 6726 40.5206 490
492 0 2141 3551 6762 15.8885 491
493 0 2125 3563 6774 21.3238 492
494 0 2137 3523 6746 14.4924 491
495 0 2117 3523 6770 10 494
496 0 2109 3519 6778 6 495
497 0 2161 3551 6682 14.4924 490
498 0 2165 3551 6666 6.94427 497
499 0 2041 3475 6698 19.5407 442
500 0 2045 3451 6722 3.65685 499
501 0 2045 3447 6726 2 500
502 0 2041 3571 6634 23.2982 441
503 0 2037 3591 6622 18 502
504 0 2249 3419 6754 20.6274 38
505 0 2245 3379 6750 6.94427 504
506 0 2241 3379 6742 3.65685 505
507 0 2237 3379 6738 3.65685 506
508 0 2233 3383 6734 2 507
509 0 2213 3451 6790 14.4924 37
510 0 2209 3435 6794 6 509
511 0 2221 3423 6794 9.31371 510
512 0 2261 3555 6746 34.8782 36
513 0 2225 3547 6742 15.8885 512
514 2 2312.41 3467.48 6814 56.9219 35
515 2 2346.57 3489.44 6814 44.5149 514
516 2 2354.05 3494.25 6814 41.7986 515
517 0 2425 3543 6802 19.5407 516
518 0 2441 3563 6790 9.31371 517
519 0 2449 3579 6774 10.6491 518
520 0 2453 3583 6758 6 519
521 0 2477 3599 6734 20.6274 520
522 0 2469 3595 6714 9.31371 521
523 0 2465 3587 6710 6 522
524 0 2469 3579 6706 2 523
525 0 2469 3575 6706 2 524
526 0 2369 3567 6866 14.4924 516
527 0 2377 3571 6878 6.94427 526
528 0 2389 3571 6894 6 527
529 0 2389 3575 6902 3.65685 528
530 0 2393 3579 6906 2 529
531 0 2393 3583 6906 2 530
532 2 2340.61 3555.15 6801.55 38.5165 515
533 2 2337.72 3587.11 6795.5 35.5987 532
534 0 2301 3607 6778 32.176 533
535 0 2273 3623 6778 6.94427 534
536 0 2269 3627 6786 6 535
537 0 2393 3587 6810 18 533
538 0 2269 3587 6814 18 532
539 0 2257 3599 6806 6.94427 538
540 0 2253 3599 6798 6 539
541 0 2333 3487 6874 26.8444 514
542 0 2345 3523 6890 22.3311 541
543 0 2365 3535 6894 10 542
544 0 2381 3555 6906 6.94427 543
545 0 2389 3567 6918 6 544
546 0 2325 3487 6742 30 35
547 0 2333 3499 6710 30.249 546
548 0 2341 3487 6682 18 547
549 0 2353 3503 6678 6.94427 548
550 0 2353 3515 6674 9.31371 549
551 0 2349 3519 6666 6 550
552 0 2321 3459 6886 23.6125 34
553 0 2321 3463 6922 14.4924 552
554 0 2341 3459 6958 14.4924 553
555 0 2353 3435 6990 14.4924 554
556 0 2357 3435 7026 9.31371 555
557 0 2349 3439 7034 3.65685 556
558 0 2345 3443 7034 2 557
559 0 2241 3399 6866 18 34
560 0 2213 3391 6870 26.8444 559
561 0 2197 3371 6890 26.2843 560
562 0 2185 3363 6914 14.4924 561
563 0 2181 3375 6926 6 562
564 0 2181 3383 6926 6 563
565 0 2181 3391 6926 3.65685 564
566 0 2181 3395 6930 2 565
567 0 2273 3387 6870 26.2843 33
568 0 2261 3363 6870 15.8885 567
569 0 2261 3355 6886 14 568
570 0 2277 3355 6918 9.31371 569
571 0 2277 3339 6922 2 570
572 0 2399 3441 6850 19.3532 32
573 0 2425 3483 6850 24.8328 572
574 0 2409 3419 6862 10 572
575 0 2401 3403 6878 6 574
576 0 2377 3387 6862 10 31
577 0 2389 3391 6866 2 576
578 0 2393 3391 6870 2 577
579 0 2393 3391 6874 2 578
580 0 2361 3371 6822 12.4222 30
581 0 2365 3363 6810 10 580
