# Generated by NeuTu (https://github.com/janelia-flyem/NeuTu)
1 0 3226 2768 2149 2 -1
2 0 3230 2772 2149 3.65685 1
3 0 3238 2780 2145 10 2
4 0 3242 2796 2129 10.6491 3
5 0 3246 2796 2117 9.31371 4
6 0 3250 2788 2109 6 5
7 0 3250 2784 2093 6 6
8 0 3246 2780 2085 6 7
9 0 3242 2776 2077 3.65685 8
10 0 3242 2772 2069 3.65685 9
11 0 3242 2768 2061 3.65685 10
12 0 3242 2768 2057 3.65685 11
13 0 3238 2764 2053 6 12
14 0 3242 2760 2037 6 13
15 0 3242 2764 2021 6 14
16 0 3246 2764 2013 3.65685 15
17 0 3250 2768 2005 6.94427 16
18 0 3254 2772 1989 6 17
