# Generated by NeuTu (https://github.com/janelia-flyem/NeuTu)
1 0 3183 2462 2906 6 -1
2 0 3175 2478 2906 6 1
3 0 3167 2490 2898 6 2
4 0 3155 2510 2894 6.94427 3
5 0 3147 2526 2886 6 4
6 0 3147 2542 2882 6 5
7 0 3139 2558 2874 6 6
8 0 3131 2566 2866 6.94427 7
9 0 3123 2574 2858 12.4222 8
10 0 3111 2574 2838 6.94427 9
11 0 3107 2570 2830 6 10
12 0 3091 2566 2826 6 11
13 0 3083 2562 2818 6 12
14 0 3067 2554 2810 6.94427 13
15 0 3051 2546 2806 6 14
16 0 3031 2546 2802 6.94427 15
17 0 3015 2554 2798 6 16
18 0 3007 2558 2790 6 17
19 0 2999 2558 2790 6 18
20 0 2991 2562 2782 2 19
21 0 2983 2562 2778 6 20
