# Generated by NeuTu (https://github.com/janelia-flyem/NeuTu)
1 0 3369 2381 2934 6 -1
2 0 3369 2373 2942 10.6491 1
3 0 3369 2369 2954 9.31371 2
4 0 3373 2365 2962 3.65685 3
5 0 3377 2365 2970 3.65685 4
6 0 3377 2361 2978 3.65685 5
7 0 3377 2361 2982 3.65685 6
8 0 3373 2357 2998 9.31371 7
9 0 3369 2361 3006 9.31371 8
10 0 3361 2369 3010 6.94427 9
11 0 3353 2385 3010 9.31371 10
12 0 3353 2397 3006 6 11
13 0 3353 2413 3002 6 12
14 0 3353 2429 2998 10 13
15 0 3361 2453 3002 6 14
16 0 3361 2461 3006 6 15
17 0 3361 2473 3010 10 16
18 0 3369 2481 3014 6.94427 17
19 0 3377 2481 3014 3.65685 18
20 0 3381 2485 3018 3.65685 19
21 0 3389 2485 3018 6 20
22 0 3373 2329 3042 6 9
23 0 3381 2317 3046 6.94427 22
24 0 3381 2301 3054 6.94427 23
25 0 3381 2285 3058 9.31371 24
26 0 3377 2277 3066 6.94427 25
27 0 3381 2265 3066 10 26
28 0 3385 2253 3070 6 27
29 0 3385 2245 3070 6 28
30 0 3393 2237 3074 3.65685 29
31 0 3397 2233 3074 2 30
