# Generated by NeuTu (https://github.com/janelia-flyem/NeuTu)
1 0 3479 2727 2698 2 -1
2 0 3479 2723 2698 2 1
3 0 3475 2719 2702 3.65685 2
4 0 3467 2711 2710 6.94427 3
5 0 3447 2715 2730 6 4
6 0 3443 2711 2734 3.65685 5
7 0 3439 2711 2742 6 6
8 0 3427 2711 2758 6 7
9 0 3423 2711 2766 6.94427 8
10 0 3415 2703 2774 6 9
11 0 3411 2699 2778 3.65685 10
12 0 3407 2695 2782 6 11
13 0 3391 2687 2798 6.94427 12
14 0 3379 2671 2814 6.94427 13
15 0 3375 2659 2830 6 14
16 0 3375 2651 2846 6 15
17 0 3363 2643 2862 6 16
18 0 3355 2635 2870 6.94427 17
19 0 3351 2627 2870 6 18
20 0 3347 2623 2874 3.65685 19
21 0 3347 2619 2878 3.65685 20
22 0 3343 2615 2882 6 21
23 0 3343 2615 2890 6 22
24 0 3339 2611 2894 6 23
25 0 3339 2603 2902 3.65685 24
26 0 3335 2599 2906 6 25
27 0 3331 2591 2918 6 26
28 0 3327 2583 2930 6 27
29 0 3331 2583 2938 6 28
30 0 3327 2579 2942 6 29
31 0 3327 2579 2958 6 30
32 0 3315 2571 2974 6.94427 31
33 0 3311 2559 2994 6 32
34 0 3315 2555 2998 2 33
35 0 3315 2551 2998 2 34
