# Generated by NeuTu (https://github.com/janelia-flyem/NeuTu)
1 0 3472 2520 2755 6 -1
2 0 3468 2496 2755 9.31371 1
3 0 3460 2484 2759 14 2
4 0 3448 2476 2755 6.94427 3
5 0 3428 2452 2763 10.6491 4
6 0 3428 2440 2767 6 5
7 0 3428 2432 2767 6 6
8 0 3424 2420 2775 6 7
9 0 3424 2404 2779 6.94427 8
10 2 3424 2392.92 2786.38 12.0008 9
11 0 3436 2372 2799 3.65685 10
12 0 3436 2364 2807 6 11
13 0 3448 2344 2815 6.94427 12
14 0 3456 2344 2815 6.94427 13
15 0 3464 2348 2815 3.65685 14
16 0 3468 2352 2819 3.65685 15
17 0 3472 2356 2819 3.65685 16
18 0 3476 2360 2823 2 17
19 0 3476 2364 2827 2 18
20 0 3428 2412 2799 3.65685 10
21 0 3436 2420 2807 9.31371 20
22 0 3440 2432 2807 12.4222 21
