# Generated by NeuTu (https://github.com/janelia-flyem/NeuTu)
1 0 3387 2242 2937 2 -1
2 0 3391 2242 2937 2 1
3 0 3395 2242 2937 2 2
4 0 3403 2246 2941 6 3
5 0 3419 2258 2937 6.94427 4
6 0 3435.33 2274.67 2937.33 6.86558 5
7 0 3443 2298 2953 6 6
8 0 3447 2302 2957 3.65685 7
9 0 3451 2314 2977 9.31371 8
10 0 3455 2322 2985 6 9
11 0 3459 2338 2985 6 10
12 0 3463 2346 2985 6 11
13 0 3467 2362 2989 10 12
14 0 3463 2382 2989 6 13
15 0 3455 2390 2985 2 14
16 0 3439 2278 2921 6 6
17 0 3439 2278 2913 6 16
18 0 3439 2274 2901 10 17
19 0 3439 2270 2889 10 18
