# Generated by NeuTu (https://github.com/janelia-flyem/NeuTu)
1 0 3452 2711 3003 2 -1
2 0 3456 2707 3003 2 1
3 0 3464 2703 3007 6 2
4 0 3472 2699 3011 3.65685 3
5 0 3476 2695 3015 6 4
6 0 3488 2683 3011 6.94427 5
7 0 3496 2675 3007 3.65685 6
8 0 3504 2667 3007 6 7
9 0 3512 2655 3011 6 8
10 2 3518.77 2644.84 3011 6.7995 9
11 0 3524 2619 3019 6.94427 10
12 0 3516 2611 3027 6 11
13 0 3508 2611 3047 6 12
14 0 3512 2623 3063 6.94427 13
15 0 3512 2631 3067 6 14
16 0 3516 2647 2995 6 10
17 0 3516 2647 2987 6 16
18 0 3504 2651 2975 6.94427 17
19 0 3500 2659 2959 6 18
20 0 3500 2659 2951 6 19
21 0 3496 2663 2947 3.65685 20
22 0 3496 2663 2943 3.65685 21
23 0 3496 2659 2939 2 22
