# Generated by NeuTu (https://github.com/janelia-flyem/NeuTu)
1 0 3381 3214 2773 6.94427 -1
2 0 3385 3214 2765 3.65685 1
3 0 3389 3210 2761 3.65685 2
4 0 3397 3206 2753 6.94427 3
5 0 3405 3190 2737 6 4
6 0 3413 3190 2733 3.65685 5
7 0 3417 3186 2729 3.65685 6
8 0 3425 3182 2721 6.94427 7
9 0 3449 3182 2713 10 8
10 0 3477 3190 2713 6 9
11 0 3489 3190 2717 6 10
12 0 3493 3186 2721 2 11
13 0 3497 3186 2725 2 12
14 0 3501 3186 2729 3.65685 13
15 0 3505 3186 2737 3.65685 14
16 0 3509 3182 2741 2 15
17 0 3517 3182 2749 6 16
18 0 3533 3178 2753 6 17
19 0 3553 3166 2753 10 18
20 0 3561 3150 2753 12.4222 19
21 0 3569 3118 2745 9.31371 20
22 0 3577 3110 2749 6 21
23 0 3585 3098 2749 6 22
24 2 3595.13 3094.62 2759.13 8.79718 23
25 0 3601 3086 2769 6 24
26 0 3601 3070 2781 6 25
27 0 3605 3062 2785 9.31371 26
28 0 3601 3046 2797 3.65685 27
29 0 3601 3042 2797 2 28
30 0 3601 3038 2797 3.65685 29
31 0 3601 3030 2805 9.31371 30
32 0 3585 3010 2809 6 31
33 0 3565 2990 2801 6 32
34 0 3553 2982 2797 6 33
35 0 3537 2978 2797 6 34
36 0 3517 2974 2785 6 35
37 0 3509 2974 2781 6 36
38 0 3501 2982 2781 6 37
39 0 3485 2982 2777 6 38
40 0 3477 2982 2769 6 39
41 0 3461 2982 2769 6 40
42 0 3441 2974 2753 9.31371 41
43 0 3449 2966 2745 3.65685 42
44 0 3445 2958 2725 9.31371 43
45 0 3581 3078 2761 6 24
46 0 3573 3062 2757 6 45
47 0 3569 3050 2757 2 46
