# Generated by NeuTu (https://github.com/janelia-flyem/NeuTu)
1 0 3123 2997 2968 2 -1
2 0 3127 2997 2968 3.65685 1
3 0 3135 2997 2976 6 2
4 0 3139 2985 2988 12.4222 3
5 0 3151 2981 2992 10 4
6 0 3167 2989 2984 9.31371 5
7 0 3175 2993 2976 6 6
8 0 3187 2997 2972 9.31371 7
9 0 3195 3001 2968 6 8
10 0 3203 3001 2960 6 9
11 0 3207 2997 2956 2 10
12 0 3207 2993 2952 2 11
13 0 3207 2985 2952 6 12
14 0 3207 2977 2952 6 13
15 0 3211 2969 2952 2 14
16 0 3211 2965 2952 3.65685 15
17 0 3215 2957 2944 6 16
18 0 3211 2953 2940 2 17
19 0 3207 2953 2940 2 18
20 0 3163 3017 2984 10 6
21 0 3155 3025 2980 6 20
22 0 3139 3033 2980 6 21
