# Generated by NeuTu (https://github.com/janelia-flyem/NeuTu)
1 0 3056 3089 2629 6 -1
2 0 3044 3073 2617 6 1
3 0 3040 3073 2601 6 2
4 0 3052 3117 2633 2 1
5 0 3056 3117 2633 2 4
6 0 3064 3125 2637 6.94427 5
7 0 3068 3133 2637 6.94427 6
8 0 3076 3141 2637 3.65685 7
9 0 3084 3149 2637 3.65685 8
10 0 3088 3153 2633 6 9
11 0 3096 3165 2629 6.94427 10
12 0 3104 3173 2621 6.94427 11
13 0 3108 3185 2621 9.31371 12
14 0 3108 3197 2617 6 13
15 0 3108 3213 2617 6 14
16 0 3108 3225 2629 6.94427 15
17 0 3116 3233 2637 3.65685 16
18 0 3116 3233 2641 3.65685 17
19 0 3120 3237 2645 3.65685 18
20 0 3124 3241 2649 2 19
21 0 3124 3241 2653 2 20
