# Generated by NeuTu (https://github.com/janelia-flyem/NeuTu)
1 0 3348 2838 2989 2 -1
2 0 3344 2838 2989 3.65685 1
3 0 3340 2834 2985 3.65685 2
4 0 3340 2826 2977 3.65685 3
5 0 3344 2826 2969 6 4
6 0 3344 2826 2961 6 5
7 0 3348 2830 2957 6 6
8 0 3352 2830 2937 6.94427 7
9 0 3360 2830 2921 6 8
10 0 3360 2834 2905 6 9
11 0 3360 2850 2889 6 10
12 0 3360 2858 2885 6 11
13 0 3356 2858 2877 6 12
14 0 3364 2862 2869 3.65685 13
15 0 3368 2862 2865 3.65685 14
16 0 3372 2866 2861 6 15
17 0 3380 2874 2853 6.94427 16
18 0 3384 2874 2837 6 17
19 0 3388 2870 2833 6 18
20 0 3412 2870 2837 6.94427 19
21 0 3428 2870 2841 6 20
22 0 3436 2870 2845 6 21
23 0 3448 2870 2845 9.31371 22
24 0 3460 2870 2845 2 23
25 0 3464 2870 2845 3.65685 24
26 0 3468 2870 2845 3.65685 25
27 0 3472 2874 2845 2 26
28 0 3476 2874 2845 2 27
29 0 3480 2874 2845 3.65685 28
30 0 3484 2878 2845 3.65685 29
31 0 3492 2882 2845 6 30
32 0 3504 2890 2837 6 31
33 0 3508 2894 2833 6 32
34 0 3512 2894 2817 6 33
35 0 3516 2894 2809 6 34
36 0 3524 2890 2809 3.65685 35
37 0 3536 2882 2805 10 36
38 0 3548 2874 2813 3.65685 37
39 0 3552 2870 2813 2 38
40 0 3552 2866 2813 2 39
41 0 3372 2878 2825 6 18
42 0 3355.45 2882 2804.45 7.42809 41
43 0 3336 2882 2797 6 42
44 0 3324 2882 2797 9.31371 43
45 2 3322.4 2880.93 2796.47 8.8709 44
46 0 3304 2866 2793 3.65685 45
47 0 3300 2866 2793 3.65685 46
48 0 3296 2862 2789 6 47
49 0 3280 2854 2785 6 48
50 0 3268 2854 2781 6 49
51 0 3260 2858 2773 6.94427 50
52 0 3328 2866 2805 6.94427 45
53 0 3340 2850 2813 10.6491 52
54 0 3352 2834 2813 6.94427 53
55 0 3352 2830 2805 6 54
56 0 3324 2902 2805 6 44
57 0 3328 2914 2809 6.94427 56
58 0 3336 2922 2813 3.65685 57
59 0 3340 2926 2813 2 58
60 0 3344 2930 2813 2 59
61 0 3344 2938 2813 6 60
62 0 3348 2946 2809 6 61
63 0 3368 2886 2789 6 42
64 0 3376 2890 2777 6.94427 63
65 0 3388 2906 2773 10 64
66 0 3372 2922 2773 6 65
67 0 3360 2922 2777 6 66
68 0 3348 2926 2789 6 67
