# Generated by NeuTu (https://github.com/janelia-flyem/NeuTu)
1 0 3101 3031 2779 2 -1
2 0 3105 3035 2775 3.65685 1
3 0 3113 3043 2775 6 2
4 0 3117 3047 2779 3.65685 3
5 0 3121 3051 2783 6 4
6 0 3129 3067 2787 6.94427 5
7 0 3145 3083 2791 6.94427 6
8 0 3153 3091 2799 6 7
9 0 3157 3095 2803 6 8
10 0 3169 3095 2815 12.4222 9
11 0 3169 3099 2831 12.4222 10
12 0 3173 3115 2847 6 11
13 0 3173 3127 2867 6 12
14 0 3165 3123 2875 9.31371 13
15 0 3165 3115 2883 6 14
16 0 3165 3087 2895 9.31371 15
17 0 3165 3079 2903 10.6491 16
18 0 3149 3059 2907 6.94427 17
19 0 3133 3043 2911 6 18
20 0 3117 3027 2907 6.94427 19
21 0 3109 3023 2907 6 20
22 0 3145 3143 2875 6 14
23 0 3141 3147 2859 6 22
24 0 3145 3151 2851 6.94427 23
25 0 3145 3163 2839 6 24
